  1.0000000e+000	
  6.4000000e+001	
  1.0000000e-004	
  1.0000000e+000	  9.9999900e+005	  9.9999900e+005	  9.9999900e+005	
  1.0000000e-004	  9.9999900e+005	  9.9999900e+005	  9.9999900e+005	
  1.0000000e+000	  3.0000000e+000	  1.0000000e+000	  3.0000000e+000	
  1.0000000e+000	  3.0000000e+000	  1.0000000e+000	  3.0000000e+000	
  0.0000000e+000	
  5.2690000e+003	
  1.0000000e+000	
  5.0000000e+000	
  8.3000000e+001	  9.7000000e+001	  1.0900000e+002	  1.1200000e+002	  1.0800000e+002	  1.0100000e+002	  3.2000000e+001	  7.6000000e+001	  9.7000000e+001	  1.0700000e+002	  1.0100000e+002	  3.2000000e+001	  5.6000000e+001	  3.2000000e+001	  8.2000000e+001	  1.0100000e+002	  1.1600000e+002	  1.0100000e+002	  1.1000000e+002	  1.1600000e+002	  9.7000000e+001	  1.1600000e+002	  1.0100000e+002	  4.6000000e+001	  1.0000000e+002	  9.7000000e+001	  1.1600000e+002	
  5.2690000e+003	
 -1.0000000e+000	
