   1.3371934e+00	  -4.6444341e+00	  -1.7743675e+00	             NaN	             NaN	             NaN	             NaN	             NaN	             NaN	             NaN	             NaN	             NaN	             NaN	             NaN	   0.0000000e+00	   0.0000000e+00	   0.0000000e+00	   0.0000000e+00	   0.0000000e+00	   0.0000000e+00	   0.0000000e+00	   0.0000000e+00	   0.0000000e+00	   0.0000000e+00	   0.0000000e+00	   0.0000000e+00	   0.0000000e+00	   0.0000000e+00	   0.0000000e+00	   0.0000000e+00	   0.0000000e+00	   0.0000000e+00	   0.0000000e+00	
  -1.8898672e+00	   3.3691977e-01	  -5.1642991e-01	             NaN	             NaN	             NaN	             NaN	             NaN	             NaN	             NaN	             NaN	             NaN	             NaN	             NaN	   0.0000000e+00	   0.0000000e+00	   0.0000000e+00	   0.0000000e+00	   0.0000000e+00	   0.0000000e+00	   0.0000000e+00	   0.0000000e+00	   0.0000000e+00	   0.0000000e+00	   0.0000000e+00	   0.0000000e+00	   0.0000000e+00	   0.0000000e+00	   0.0000000e+00	   0.0000000e+00	   0.0000000e+00	   0.0000000e+00	   0.0000000e+00	
  -1.4892935e+00	  -3.1623589e-01	   6.2411741e-01	             NaN	             NaN	             NaN	             NaN	             NaN	             NaN	             NaN	             NaN	             NaN	             NaN	             NaN	   0.0000000e+00	   0.0000000e+00	   0.0000000e+00	   0.0000000e+00	   0.0000000e+00	   0.0000000e+00	   0.0000000e+00	   0.0000000e+00	   0.0000000e+00	   0.0000000e+00	   0.0000000e+00	   0.0000000e+00	   0.0000000e+00	   0.0000000e+00	   0.0000000e+00	   0.0000000e+00	   0.0000000e+00	   0.0000000e+00	   0.0000000e+00	
   2.9240804e+00	   7.5953453e-01	   1.6999015e+00	   6.2626820e+00	             NaN	             NaN	             NaN	             NaN	             NaN	             NaN	             NaN	             NaN	             NaN	             NaN	             NaN	   0.0000000e+00	   0.0000000e+00	   0.0000000e+00	   0.0000000e+00	   0.0000000e+00	   0.0000000e+00	   0.0000000e+00	   0.0000000e+00	   0.0000000e+00	   0.0000000e+00	   0.0000000e+00	   0.0000000e+00	   0.0000000e+00	   0.0000000e+00	   0.0000000e+00	   0.0000000e+00	   0.0000000e+00	   0.0000000e+00	
   1.5267434e+00	   1.2323686e+00	   4.5965758e+00	   7.2825451e+00	             NaN	             NaN	             NaN	             NaN	             NaN	             NaN	             NaN	             NaN	             NaN	             NaN	             NaN	   0.0000000e+00	   0.0000000e+00	   0.0000000e+00	   0.0000000e+00	   0.0000000e+00	   0.0000000e+00	   0.0000000e+00	   0.0000000e+00	   0.0000000e+00	   0.0000000e+00	   0.0000000e+00	   0.0000000e+00	   0.0000000e+00	   0.0000000e+00	   0.0000000e+00	   0.0000000e+00	   0.0000000e+00	   0.0000000e+00	
   3.9104517e+00	   2.9869911e+00	   4.1493217e+00	   7.4370324e+00	   1.1498127e+01	             NaN	             NaN	             NaN	             NaN	             NaN	             NaN	             NaN	             NaN	             NaN	             NaN	             NaN	   0.0000000e+00	   0.0000000e+00	   0.0000000e+00	   0.0000000e+00	   0.0000000e+00	   0.0000000e+00	   0.0000000e+00	   0.0000000e+00	   0.0000000e+00	   0.0000000e+00	   0.0000000e+00	   0.0000000e+00	   0.0000000e+00	   0.0000000e+00	   0.0000000e+00	   0.0000000e+00	   0.0000000e+00	
   3.8302013e+00	   3.3679339e+00	   4.6261778e+00	   6.7208891e+00	   1.1264097e+01	             NaN	             NaN	             NaN	             NaN	             NaN	             NaN	             NaN	             NaN	             NaN	             NaN	             NaN	   0.0000000e+00	   0.0000000e+00	   0.0000000e+00	   0.0000000e+00	   0.0000000e+00	   0.0000000e+00	   0.0000000e+00	   0.0000000e+00	   0.0000000e+00	   0.0000000e+00	   0.0000000e+00	   0.0000000e+00	   0.0000000e+00	   0.0000000e+00	   0.0000000e+00	   0.0000000e+00	   0.0000000e+00	
   5.1241301e+00	   2.0058236e+00	   5.2566869e+00	   8.0560942e+00	   1.0826469e+01	             NaN	             NaN	             NaN	             NaN	             NaN	             NaN	             NaN	             NaN	             NaN	             NaN	             NaN	   0.0000000e+00	   0.0000000e+00	   0.0000000e+00	   0.0000000e+00	   0.0000000e+00	   0.0000000e+00	   0.0000000e+00	   0.0000000e+00	   0.0000000e+00	   0.0000000e+00	   0.0000000e+00	   0.0000000e+00	   0.0000000e+00	   0.0000000e+00	   0.0000000e+00	   0.0000000e+00	   0.0000000e+00	
   4.4598988e+00	   3.8890647e+00	   4.0662992e+00	   7.9805083e+00	   1.0040962e+01	   1.3603730e+01	             NaN	             NaN	             NaN	             NaN	             NaN	             NaN	             NaN	             NaN	             NaN	             NaN	             NaN	   0.0000000e+00	   0.0000000e+00	   0.0000000e+00	   0.0000000e+00	   0.0000000e+00	   0.0000000e+00	   0.0000000e+00	   0.0000000e+00	   0.0000000e+00	   0.0000000e+00	   0.0000000e+00	   0.0000000e+00	   0.0000000e+00	   0.0000000e+00	   0.0000000e+00	   0.0000000e+00	
   5.8122963e+00	   3.7953526e+00	   5.3729047e+00	   7.4383937e+00	   1.0406937e+01	   1.3121908e+01	             NaN	             NaN	             NaN	             NaN	             NaN	             NaN	             NaN	             NaN	             NaN	             NaN	             NaN	   0.0000000e+00	   0.0000000e+00	   0.0000000e+00	   0.0000000e+00	   0.0000000e+00	   0.0000000e+00	   0.0000000e+00	   0.0000000e+00	   0.0000000e+00	   0.0000000e+00	   0.0000000e+00	   0.0000000e+00	   0.0000000e+00	   0.0000000e+00	   0.0000000e+00	   0.0000000e+00	
   3.9932688e+00	   3.1466178e+00	   5.4349167e+00	   7.5929252e+00	   1.0141310e+01	   1.2659484e+01	   1.3949264e+01	             NaN	             NaN	             NaN	             NaN	             NaN	             NaN	             NaN	             NaN	             NaN	             NaN	             NaN	   0.0000000e+00	   0.0000000e+00	   0.0000000e+00	   0.0000000e+00	   0.0000000e+00	   0.0000000e+00	   0.0000000e+00	   0.0000000e+00	   0.0000000e+00	   0.0000000e+00	   0.0000000e+00	   0.0000000e+00	   0.0000000e+00	   0.0000000e+00	   0.0000000e+00	
   5.2687441e+00	   4.4186827e+00	   5.5247338e+00	   7.9596702e+00	   9.8109364e+00	   1.1631617e+01	   1.3109805e+01	             NaN	             NaN	             NaN	             NaN	             NaN	             NaN	             NaN	             NaN	             NaN	             NaN	             NaN	   0.0000000e+00	   0.0000000e+00	   0.0000000e+00	   0.0000000e+00	   0.0000000e+00	   0.0000000e+00	   0.0000000e+00	   0.0000000e+00	   0.0000000e+00	   0.0000000e+00	   0.0000000e+00	   0.0000000e+00	   0.0000000e+00	   0.0000000e+00	   0.0000000e+00	
   5.7412167e+00	   4.3492715e+00	   5.6284512e+00	   7.9836556e+00	   1.0068177e+01	   1.1659475e+01	   1.2814020e+01	             NaN	             NaN	             NaN	             NaN	             NaN	             NaN	             NaN	             NaN	             NaN	             NaN	             NaN	   0.0000000e+00	   0.0000000e+00	   0.0000000e+00	   0.0000000e+00	   0.0000000e+00	   0.0000000e+00	   0.0000000e+00	   0.0000000e+00	   0.0000000e+00	   0.0000000e+00	   0.0000000e+00	   0.0000000e+00	   0.0000000e+00	   0.0000000e+00	   0.0000000e+00	
   5.1949540e+00	   5.7794439e+00	   5.7696088e+00	   7.5187882e+00	   9.2586520e+00	   1.1169099e+01	   1.1916730e+01	   1.0929059e+01	             NaN	             NaN	             NaN	             NaN	             NaN	             NaN	             NaN	             NaN	             NaN	             NaN	             NaN	   0.0000000e+00	   0.0000000e+00	   0.0000000e+00	   0.0000000e+00	   0.0000000e+00	   0.0000000e+00	   0.0000000e+00	   0.0000000e+00	   0.0000000e+00	   0.0000000e+00	   0.0000000e+00	   0.0000000e+00	   0.0000000e+00	   0.0000000e+00	
   4.4604793e+00	   4.3503137e+00	   6.3058267e+00	   7.1895734e+00	   9.0226034e+00	   1.0338690e+01	   1.1069205e+01	   1.0258748e+01	             NaN	             NaN	             NaN	             NaN	             NaN	             NaN	             NaN	             NaN	             NaN	             NaN	             NaN	   0.0000000e+00	   0.0000000e+00	   0.0000000e+00	   0.0000000e+00	   0.0000000e+00	   0.0000000e+00	   0.0000000e+00	   0.0000000e+00	   0.0000000e+00	   0.0000000e+00	   0.0000000e+00	   0.0000000e+00	   0.0000000e+00	   0.0000000e+00	
   5.3903836e+00	   4.6286029e+00	   5.7430421e+00	   7.1999983e+00	   9.0137177e+00	   9.9002897e+00	   9.9787310e+00	   9.0466390e+00	   6.6278542e+00	             NaN	             NaN	             NaN	             NaN	             NaN	             NaN	             NaN	             NaN	             NaN	             NaN	             NaN	   0.0000000e+00	   0.0000000e+00	   0.0000000e+00	   0.0000000e+00	   0.0000000e+00	   0.0000000e+00	   0.0000000e+00	   0.0000000e+00	   0.0000000e+00	   0.0000000e+00	   0.0000000e+00	   0.0000000e+00	   0.0000000e+00	
   4.9554091e+00	   5.1403776e+00	   6.2789332e+00	   7.2548802e+00	   8.6192740e+00	   9.1261567e+00	   9.5769646e+00	   7.9141122e+00	   5.9195452e+00	             NaN	             NaN	             NaN	             NaN	             NaN	             NaN	             NaN	             NaN	             NaN	             NaN	             NaN	   0.0000000e+00	   0.0000000e+00	   0.0000000e+00	   0.0000000e+00	   0.0000000e+00	   0.0000000e+00	   0.0000000e+00	   0.0000000e+00	   0.0000000e+00	   0.0000000e+00	   0.0000000e+00	   0.0000000e+00	   0.0000000e+00	
   4.3777732e+00	   5.1620783e+00	   6.3798245e+00	   7.5443498e+00	   7.8718638e+00	   8.8427300e+00	   8.9133938e+00	   7.7583596e+00	   5.6321618e+00	             NaN	             NaN	             NaN	             NaN	             NaN	             NaN	             NaN	             NaN	             NaN	             NaN	             NaN	   0.0000000e+00	   0.0000000e+00	   0.0000000e+00	   0.0000000e+00	   0.0000000e+00	   0.0000000e+00	   0.0000000e+00	   0.0000000e+00	   0.0000000e+00	   0.0000000e+00	   0.0000000e+00	   0.0000000e+00	   0.0000000e+00	
   4.7603088e+00	   4.3384996e+00	   5.8558783e+00	   7.0533394e+00	   7.4848932e+00	   8.0436128e+00	   8.2645703e+00	   7.1373926e+00	   5.1430617e+00	   3.0207049e+00	             NaN	             NaN	             NaN	             NaN	             NaN	             NaN	             NaN	             NaN	             NaN	             NaN	             NaN	   0.0000000e+00	   0.0000000e+00	   0.0000000e+00	   0.0000000e+00	   0.0000000e+00	   0.0000000e+00	   0.0000000e+00	   0.0000000e+00	   0.0000000e+00	   0.0000000e+00	   0.0000000e+00	   0.0000000e+00	
   4.9908228e+00	   5.0202892e+00	   5.9783160e+00	   6.2901231e+00	   7.2765181e+00	   7.5784245e+00	   7.5558945e+00	   6.5453275e+00	   4.8451096e+00	   2.8778816e+00	             NaN	             NaN	             NaN	             NaN	             NaN	             NaN	             NaN	             NaN	             NaN	             NaN	             NaN	   0.0000000e+00	   0.0000000e+00	   0.0000000e+00	   0.0000000e+00	   0.0000000e+00	   0.0000000e+00	   0.0000000e+00	   0.0000000e+00	   0.0000000e+00	   0.0000000e+00	   0.0000000e+00	   0.0000000e+00	
   4.1940674e+00	   4.5768104e+00	   5.1183510e+00	   5.9365920e+00	   6.7261257e+00	   7.1298621e+00	   7.1767306e+00	   6.0294234e+00	   4.4367566e+00	   2.6564510e+00	   2.2862447e+00	             NaN	             NaN	             NaN	             NaN	             NaN	             NaN	             NaN	             NaN	             NaN	             NaN	             NaN	   0.0000000e+00	   0.0000000e+00	   0.0000000e+00	   0.0000000e+00	   0.0000000e+00	   0.0000000e+00	   0.0000000e+00	   0.0000000e+00	   0.0000000e+00	   0.0000000e+00	   0.0000000e+00	
   3.8252801e+00	   4.0346559e+00	   5.0368746e+00	   5.7383437e+00	   6.6056340e+00	   6.9527058e+00	   6.2436556e+00	   5.3242052e+00	   3.8726288e+00	   2.4599679e+00	   1.7940075e+00	             NaN	             NaN	             NaN	             NaN	             NaN	             NaN	             NaN	             NaN	             NaN	             NaN	             NaN	   0.0000000e+00	   0.0000000e+00	   0.0000000e+00	   0.0000000e+00	   0.0000000e+00	   0.0000000e+00	   0.0000000e+00	   0.0000000e+00	   0.0000000e+00	   0.0000000e+00	   0.0000000e+00	
   4.4569759e+00	   4.3627533e+00	   4.6127247e+00	   5.8165027e+00	   6.2251036e+00	   6.0042764e+00	   6.0093421e+00	   5.0418750e+00	   3.6086490e+00	   2.3484108e+00	   1.6971873e+00	             NaN	             NaN	             NaN	             NaN	             NaN	             NaN	             NaN	             NaN	             NaN	             NaN	             NaN	   0.0000000e+00	   0.0000000e+00	   0.0000000e+00	   0.0000000e+00	   0.0000000e+00	   0.0000000e+00	   0.0000000e+00	   0.0000000e+00	   0.0000000e+00	   0.0000000e+00	   0.0000000e+00	
   4.4883504e+00	   3.9971022e+00	   4.8180369e+00	   5.3571224e+00	   5.7500191e+00	   5.8106993e+00	   5.3695983e+00	   4.7345395e+00	   3.3634272e+00	   2.3415155e+00	   1.5100426e+00	   1.5809444e+00	             NaN	             NaN	             NaN	             NaN	             NaN	             NaN	             NaN	             NaN	             NaN	             NaN	             NaN	   0.0000000e+00	   0.0000000e+00	   0.0000000e+00	   0.0000000e+00	   0.0000000e+00	   0.0000000e+00	   0.0000000e+00	   0.0000000e+00	   0.0000000e+00	   0.0000000e+00	
   4.0462089e+00	   3.6308535e+00	   4.2738487e+00	   4.9872945e+00	   5.0877430e+00	   5.2116716e+00	   5.0020236e+00	   4.2059577e+00	   3.3268563e+00	   2.0844261e+00	   1.3740849e+00	   1.1991071e+00	             NaN	             NaN	             NaN	             NaN	             NaN	             NaN	             NaN	             NaN	             NaN	             NaN	             NaN	   0.0000000e+00	   0.0000000e+00	   0.0000000e+00	   0.0000000e+00	   0.0000000e+00	   0.0000000e+00	   0.0000000e+00	   0.0000000e+00	   0.0000000e+00	   0.0000000e+00	
   3.4660522e+00	   3.7380899e+00	   4.3572128e+00	   4.5858206e+00	   4.6285253e+00	   4.8272347e+00	   4.3663661e+00	   3.8999476e+00	   2.9551419e+00	   1.9652510e+00	   1.3540067e+00	   1.0776405e+00	   1.6309035e+00	             NaN	             NaN	             NaN	             NaN	             NaN	             NaN	             NaN	             NaN	             NaN	             NaN	             NaN	   0.0000000e+00	   0.0000000e+00	   0.0000000e+00	   0.0000000e+00	   0.0000000e+00	   0.0000000e+00	   0.0000000e+00	   0.0000000e+00	   0.0000000e+00	
   3.3889126e+00	   2.9494551e+00	   3.9649659e+00	   4.0346526e+00	   4.2643082e+00	   4.2004541e+00	   4.0948282e+00	   3.5079746e+00	   2.5746026e+00	   1.7959565e+00	   1.2482558e+00	   9.1280452e-01	   1.2188753e+00	             NaN	             NaN	             NaN	             NaN	             NaN	             NaN	             NaN	             NaN	             NaN	             NaN	             NaN	   0.0000000e+00	   0.0000000e+00	   0.0000000e+00	   0.0000000e+00	   0.0000000e+00	   0.0000000e+00	   0.0000000e+00	   0.0000000e+00	   0.0000000e+00	
   2.5192486e+00	   2.9779205e+00	   3.4266780e+00	   3.9414618e+00	   4.0421286e+00	   3.9555407e+00	   3.6376398e+00	   3.1142935e+00	   2.3349801e+00	   1.6479734e+00	   1.2202784e+00	   9.6545500e-01	   7.3967598e-01	             NaN	             NaN	             NaN	             NaN	             NaN	             NaN	             NaN	             NaN	             NaN	             NaN	             NaN	   0.0000000e+00	   0.0000000e+00	   0.0000000e+00	   0.0000000e+00	   0.0000000e+00	   0.0000000e+00	   0.0000000e+00	   0.0000000e+00	   0.0000000e+00	
   2.1601544e+00	   2.8941015e+00	   3.3214533e+00	   3.3759261e+00	   3.4377031e+00	   3.5622446e+00	   3.5921124e+00	   2.8306718e+00	   2.0728922e+00	   1.5448106e+00	   1.0822834e+00	   8.0772926e-01	   6.8297860e-01	   9.3105386e-01	             NaN	             NaN	             NaN	             NaN	             NaN	             NaN	             NaN	             NaN	             NaN	             NaN	             NaN	   0.0000000e+00	   0.0000000e+00	   0.0000000e+00	   0.0000000e+00	   0.0000000e+00	   0.0000000e+00	   0.0000000e+00	   0.0000000e+00	
   2.6930050e+00	   2.7520095e+00	   2.9596984e+00	   3.2384541e+00	   3.1743744e+00	   3.1067032e+00	   3.0164945e+00	   2.5115649e+00	   1.8615119e+00	   1.4300899e+00	   1.0382629e+00	   7.8778372e-01	   5.7705632e-01	   7.4157314e-01	             NaN	             NaN	             NaN	             NaN	             NaN	             NaN	             NaN	             NaN	             NaN	             NaN	             NaN	   0.0000000e+00	   0.0000000e+00	   0.0000000e+00	   0.0000000e+00	   0.0000000e+00	   0.0000000e+00	   0.0000000e+00	   0.0000000e+00	
   1.8424361e+00	   2.5423860e+00	   2.7522140e+00	   2.8340923e+00	   3.0758998e+00	   3.0714684e+00	   2.6041395e+00	   2.2331989e+00	   1.6908488e+00	   1.2862346e+00	   9.7187938e-01	   7.9344531e-01	   5.2049734e-01	   5.3782901e-01	   5.8714527e-01	             NaN	             NaN	             NaN	             NaN	             NaN	             NaN	             NaN	             NaN	             NaN	             NaN	             NaN	   0.0000000e+00	   0.0000000e+00	   0.0000000e+00	   0.0000000e+00	   0.0000000e+00	   0.0000000e+00	   0.0000000e+00	
   1.8195384e+00	   1.9620953e+00	   2.3709908e+00	   2.5845977e+00	   2.7600829e+00	   2.6627878e+00	   2.5029011e+00	   2.0950644e+00	   1.5943730e+00	   1.2509610e+00	   8.9484514e-01	   7.5651886e-01	   5.4591671e-01	   3.9215417e-01	   6.3430602e-01	             NaN	             NaN	             NaN	             NaN	             NaN	             NaN	             NaN	             NaN	             NaN	             NaN	             NaN	   0.0000000e+00	   0.0000000e+00	   0.0000000e+00	   0.0000000e+00	   0.0000000e+00	   0.0000000e+00	   0.0000000e+00	
   1.1650069e+00	   1.3793450e+00	   2.3095402e+00	   2.2959067e+00	   2.3927769e+00	   2.4532588e+00	   2.2601921e+00	   1.8460886e+00	   1.5266761e+00	   1.1024599e+00	   8.6168751e-01	   6.7831844e-01	   5.7206426e-01	   3.5752385e-01	   5.5077540e-01	             NaN	             NaN	             NaN	             NaN	             NaN	             NaN	             NaN	             NaN	             NaN	             NaN	             NaN	   0.0000000e+00	   0.0000000e+00	   0.0000000e+00	   0.0000000e+00	   0.0000000e+00	   0.0000000e+00	   0.0000000e+00	
   6.2069548e-01	   5.7192450e-01	   1.6306726e+00	   2.2444922e+00	   2.2418769e+00	   2.2225834e+00	   2.1461026e+00	   1.6303456e+00	   1.3763437e+00	   1.0695485e+00	   9.0799943e-01	   6.3660134e-01	   4.9264747e-01	   3.4891047e-01	   3.1255412e-01	   6.0681307e-01	             NaN	             NaN	             NaN	             NaN	             NaN	             NaN	             NaN	             NaN	             NaN	             NaN	             NaN	   0.0000000e+00	   0.0000000e+00	   0.0000000e+00	   0.0000000e+00	   0.0000000e+00	   0.0000000e+00	
   1.2423987e+00	   1.0025114e+00	   1.2996285e+00	   1.9000615e+00	   1.9877585e+00	   2.0484704e+00	   1.8816776e+00	   1.5145326e+00	   1.2982742e+00	   1.0164892e+00	   7.8554602e-01	   6.3773375e-01	   4.7929259e-01	   3.5053810e-01	   2.8265170e-01	   6.2957543e-01	             NaN	             NaN	             NaN	             NaN	             NaN	             NaN	             NaN	             NaN	             NaN	             NaN	             NaN	   0.0000000e+00	   0.0000000e+00	   0.0000000e+00	   0.0000000e+00	   0.0000000e+00	   0.0000000e+00	
  -1.0866191e-02	  -4.0221021e-01	   9.9935765e-01	   1.6310082e+00	   1.8479546e+00	   1.8207760e+00	   1.7794558e+00	   1.4338845e+00	   1.1257404e+00	   8.7371898e-01	   7.3210638e-01	   5.9895594e-01	   5.1458346e-01	   3.4809846e-01	   2.7716379e-01	   4.6847252e-01	   3.2165848e-01	             NaN	             NaN	             NaN	             NaN	             NaN	             NaN	             NaN	             NaN	             NaN	             NaN	             NaN	   0.0000000e+00	   0.0000000e+00	   0.0000000e+00	   0.0000000e+00	   0.0000000e+00	
  -1.3330225e+00	  -8.7582732e-01	   1.9212092e-01	   1.6502288e+00	   1.8412397e+00	   1.6300793e+00	   1.5520413e+00	   1.3236946e+00	   1.0168648e+00	   8.2811857e-01	   7.1045347e-01	   5.7266092e-01	   4.4843332e-01	   3.3391576e-01	   2.4978366e-01	   2.5387294e-01	   4.5191119e-01	             NaN	             NaN	             NaN	             NaN	             NaN	             NaN	             NaN	             NaN	             NaN	             NaN	             NaN	   0.0000000e+00	   0.0000000e+00	   0.0000000e+00	   0.0000000e+00	   0.0000000e+00	
  -5.8675186e-01	  -8.9862544e-01	   4.2102289e-01	   1.0870654e+00	   1.5693432e+00	   1.4772797e+00	   1.4121002e+00	   1.2596263e+00	   9.7828240e-01	   7.6720805e-01	   6.4042536e-01	   5.1263046e-01	   4.1424102e-01	   3.1661005e-01	   2.3626155e-01	   2.3208381e-01	   4.9106332e-01	             NaN	             NaN	             NaN	             NaN	             NaN	             NaN	             NaN	             NaN	             NaN	             NaN	             NaN	   0.0000000e+00	   0.0000000e+00	   0.0000000e+00	   0.0000000e+00	   0.0000000e+00	
  -2.8649612e-01	  -1.5361781e+00	  -4.0534697e-01	   9.9831595e-01	   1.2063583e+00	   1.3786810e+00	   1.2356184e+00	   1.0986339e+00	   9.3771464e-01	   7.3688167e-01	   6.0245871e-01	   5.4522044e-01	   4.2357017e-01	   3.1959256e-01	   2.6166667e-01	   2.3323031e-01	   3.3738335e-01	   2.1092772e-01	             NaN	             NaN	             NaN	             NaN	             NaN	             NaN	             NaN	             NaN	             NaN	             NaN	             NaN	   0.0000000e+00	   0.0000000e+00	   0.0000000e+00	   0.0000000e+00	
  -2.1572974e+00	  -1.5486975e+00	  -3.8075440e-01	   6.8496533e-01	   1.1224713e+00	   1.1396377e+00	   1.1480734e+00	   9.8176771e-01	   8.0239257e-01	   7.0994246e-01	   5.2935306e-01	   5.3454419e-01	   4.0919533e-01	   3.2703749e-01	   2.3213172e-01	   2.0563131e-01	   2.7578262e-01	   3.4335760e-01	             NaN	             NaN	             NaN	             NaN	             NaN	             NaN	             NaN	             NaN	             NaN	             NaN	             NaN	   0.0000000e+00	   0.0000000e+00	   0.0000000e+00	   0.0000000e+00	
  -1.5446267e+00	  -3.4462012e+00	  -1.0047559e+00	   4.1702888e-01	   7.9276063e-01	   1.0844149e+00	   1.0709630e+00	   9.9318685e-01	   8.2009137e-01	   6.8486452e-01	   5.1618589e-01	   4.8832488e-01	   4.0966768e-01	   3.0746655e-01	   2.3594237e-01	   1.9117465e-01	   1.5703983e-01	   5.2218041e-01	  -2.0678546e-01	             NaN	             NaN	             NaN	             NaN	             NaN	             NaN	             NaN	             NaN	             NaN	             NaN	             NaN	   0.0000000e+00	   0.0000000e+00	   0.0000000e+00	
  -1.9897795e+00	  -2.9453989e+00	  -1.0852792e+00	   1.8427847e-01	   9.3178903e-01	   9.7265208e-01	   8.9449210e-01	   8.7840308e-01	   7.4373983e-01	   6.6081965e-01	   5.4147659e-01	   4.8103444e-01	   3.6534095e-01	   3.2444475e-01	   2.1420172e-01	   1.5874392e-01	   1.4798233e-01	   3.9329336e-01	   1.3489537e-01	             NaN	             NaN	             NaN	             NaN	             NaN	             NaN	             NaN	             NaN	             NaN	             NaN	             NaN	   0.0000000e+00	   0.0000000e+00	   0.0000000e+00	
  -1.5229235e+00	  -2.5543036e+00	  -1.5046726e+00	  -2.9133814e-02	   7.6705700e-01	   8.7084576e-01	   8.7336470e-01	   8.1826930e-01	   6.9664434e-01	   6.0066874e-01	   5.4927666e-01	   4.5113642e-01	   3.8359304e-01	   2.8425160e-01	   2.3722859e-01	   1.8208595e-01	   1.5288402e-01	   2.0746952e-01	   2.5786121e-01	             NaN	             NaN	             NaN	             NaN	             NaN	             NaN	             NaN	             NaN	             NaN	             NaN	             NaN	   0.0000000e+00	   0.0000000e+00	   0.0000000e+00	
  -3.2035056e+00	  -2.6671810e+00	  -2.0219209e+00	  -5.1870036e-01	   6.6285338e-01	   8.4116830e-01	   7.7978868e-01	   7.1935159e-01	   6.1234133e-01	   5.5508823e-01	   4.8754359e-01	   4.3371445e-01	   3.4671609e-01	   2.6887802e-01	   2.2436287e-01	   1.9133442e-01	   1.2658925e-01	   1.9519109e-01	   4.6098141e-01	  -9.7531959e-02	             NaN	             NaN	             NaN	             NaN	             NaN	             NaN	             NaN	             NaN	             NaN	             NaN	             NaN	   0.0000000e+00	   0.0000000e+00	
  -3.1449232e+00	  -4.0423337e+00	  -2.0240813e+00	  -3.3522416e-01	   4.1839215e-01	   7.1569246e-01	   7.1649091e-01	   6.4515163e-01	   6.1915810e-01	   5.0174879e-01	   4.8868120e-01	   4.1254965e-01	   3.8754667e-01	   3.0786636e-01	   2.4332693e-01	   2.0048193e-01	   1.4522214e-01	   1.7150004e-01	   3.5549721e-01	  -9.5965574e-03	             NaN	             NaN	             NaN	             NaN	             NaN	             NaN	             NaN	             NaN	             NaN	             NaN	             NaN	   0.0000000e+00	   0.0000000e+00	
  -4.9788673e+00	  -4.3225811e+00	  -2.0430121e+00	  -5.9415917e-01	   3.4917230e-01	   6.3323944e-01	   6.9254665e-01	   6.7515313e-01	   5.8530243e-01	   5.2643731e-01	   4.5664655e-01	   4.3816042e-01	   3.6383891e-01	   2.8760158e-01	   2.4379908e-01	   2.1287418e-01	   1.4272423e-01	   1.7953707e-01	   2.9213618e-01	   3.1545158e-01	  -2.4232503e-01	             NaN	             NaN	             NaN	             NaN	             NaN	             NaN	             NaN	             NaN	             NaN	             NaN	             NaN	   0.0000000e+00	
  -4.5063736e+00	  -3.4591794e+00	  -2.6313442e+00	  -5.4084102e-01	   2.8325830e-03	   5.1864643e-01	   6.6495121e-01	   5.7543268e-01	   5.6331323e-01	   4.8722899e-01	   4.7152981e-01	   3.9639794e-01	   3.5326315e-01	   3.1090010e-01	   2.8041132e-01	   2.2282219e-01	   1.5182433e-01	   1.7859531e-01	   1.6946295e-01	   4.7293642e-01	  -2.9606615e-01	             NaN	             NaN	             NaN	             NaN	             NaN	             NaN	             NaN	             NaN	             NaN	             NaN	             NaN	   0.0000000e+00	
  -3.3985184e+00	  -3.9367522e+00	  -3.2310096e+00	  -6.0878361e-01	   2.3451294e-01	   5.5059404e-01	   6.0879254e-01	   6.0651537e-01	   5.0548743e-01	   5.1838162e-01	   4.1165533e-01	   4.1996805e-01	   3.9740140e-01	   2.9484846e-01	   2.7493180e-01	   2.1317352e-01	   1.8938692e-01	   1.4411697e-01	   1.3542021e-01	   4.1034481e-01	  -1.0012632e-01	             NaN	             NaN	             NaN	             NaN	             NaN	             NaN	             NaN	             NaN	             NaN	             NaN	             NaN	   0.0000000e+00	
  -4.7089102e+00	  -4.3638992e+00	  -3.3130352e+00	  -7.1246974e-01	   1.2417880e-02	   4.4241478e-01	   5.9364032e-01	   5.8645173e-01	   5.0666424e-01	   4.4929434e-01	   4.7080923e-01	   3.9742790e-01	   3.7093893e-01	   3.0164256e-01	   2.7206969e-01	   2.1516186e-01	   1.6172524e-01	   1.6919345e-01	   1.3691854e-01	   3.0780764e-01	   2.6422279e-01	  -3.1444630e-01	             NaN	             NaN	             NaN	             NaN	             NaN	             NaN	             NaN	             NaN	             NaN	             NaN	             NaN	
  -5.5200705e+00	  -5.3492345e+00	  -3.0783889e+00	  -1.5963312e+00	   1.3971690e-02	   3.9437032e-01	   4.2880046e-01	   5.0427896e-01	   5.2740609e-01	   4.8314062e-01	   4.2956608e-01	   4.2344315e-01	   3.9196721e-01	   3.1889469e-01	   2.6132967e-01	   2.2279456e-01	   1.7936682e-01	   1.4612053e-01	   1.4570446e-01	   1.7249139e-01	   3.1303138e-01	  -2.0016274e-01	             NaN	             NaN	             NaN	             NaN	             NaN	             NaN	             NaN	             NaN	             NaN	             NaN	             NaN	
  -3.8060514e+00	  -4.3561761e+00	  -3.0447164e+00	  -1.8425642e+00	   1.9602061e-02	   4.2030791e-01	   4.9356647e-01	   4.5565873e-01	   4.8320297e-01	   4.6033585e-01	   4.1568149e-01	   4.1499119e-01	   3.7353962e-01	   3.2989833e-01	   2.7523138e-01	   2.0801298e-01	   1.8269351e-01	   1.8345721e-01	   1.5286547e-01	   1.3324944e-01	   3.8084246e-01	  -5.4698849e-02	  -2.4571948e-01	             NaN	             NaN	             NaN	             NaN	             NaN	             NaN	             NaN	             NaN	             NaN	             NaN	
  -5.2833478e+00	  -4.8232844e+00	  -2.8078291e+00	  -1.1380937e+00	  -1.7696689e-01	   4.4740776e-01	   4.9978070e-01	   5.1275097e-01	   4.8112303e-01	   4.6778092e-01	   4.5603021e-01	   4.1345081e-01	   3.7486878e-01	   3.3751560e-01	   2.8863363e-01	   2.3149735e-01	   2.1140710e-01	   1.8998391e-01	   1.5992778e-01	   1.2840276e-01	   3.6172454e-01	   2.2086514e-01	  -2.6878418e-01	             NaN	             NaN	             NaN	             NaN	             NaN	             NaN	             NaN	             NaN	             NaN	             NaN	
  -3.4130361e+00	  -4.5820889e+00	  -3.4225552e+00	  -1.6063797e+00	  -3.6311071e-01	   4.9197544e-01	   4.0755490e-01	   4.8725730e-01	   4.8523735e-01	   4.3241178e-01	   4.0872264e-01	   4.0660003e-01	   3.8352031e-01	   3.4953722e-01	   3.1220655e-01	   2.6197632e-01	   2.0542993e-01	   1.8534117e-01	   1.4898936e-01	   1.1898442e-01	   2.1960856e-01	   3.1260146e-01	  -2.8111283e-01	             NaN	             NaN	             NaN	             NaN	             NaN	             NaN	             NaN	             NaN	             NaN	             NaN	
  -3.9429673e+00	  -4.1890730e+00	  -3.2538308e+00	  -1.2294380e+00	  -2.2746117e-01	   2.9610486e-01	   4.9275737e-01	   4.5232147e-01	   4.0668705e-01	   4.3984787e-01	   4.7055000e-01	   4.0043557e-01	   3.7943316e-01	   3.4894171e-01	   3.2550012e-01	   2.6179697e-01	   2.3873268e-01	   2.1781401e-01	   1.6740023e-01	   1.6033576e-01	   1.9111682e-01	   4.2960432e-01	  -5.6408300e-02	  -1.7540310e-01	             NaN	             NaN	             NaN	             NaN	             NaN	             NaN	             NaN	             NaN	             NaN	
  -3.9778953e+00	  -3.6077800e+00	  -2.7454284e+00	  -1.2742581e+00	  -1.7769681e-01	   2.6872794e-01	   5.2924707e-01	   4.9672471e-01	   5.0028820e-01	   4.5449134e-01	   4.1428318e-01	   4.4065472e-01	   3.9158822e-01	   3.3929712e-01	   3.3455022e-01	   2.6596471e-01	   2.3440738e-01	   2.1098762e-01	   1.9523014e-01	   1.7357923e-01	   1.7351366e-01	   3.3857157e-01	   1.3538808e-01	  -2.0200946e-01	             NaN	             NaN	             NaN	             NaN	             NaN	             NaN	             NaN	             NaN	             NaN	
  -4.5299292e+00	  -4.5102692e+00	  -2.6657927e+00	  -1.0172906e+00	   2.3719020e-02	   2.6072754e-01	   4.1124493e-01	   5.2844256e-01	   4.7505391e-01	   4.7866859e-01	   4.5052285e-01	   4.0614828e-01	   3.9719218e-01	   3.5479407e-01	   3.2078627e-01	   2.8247268e-01	   2.3549282e-01	   2.4729755e-01	   2.1123105e-01	   1.7333060e-01	   1.6387079e-01	   2.1930171e-01	   3.4836919e-01	  -2.1920089e-01	  -2.8335771e-02	             NaN	             NaN	             NaN	             NaN	             NaN	             NaN	             NaN	             NaN	
  -3.5567356e+00	  -4.1166691e+00	  -2.1132418e+00	  -1.0124708e+00	  -2.1137356e-01	   2.7223176e-01	   4.9044133e-01	   4.5243802e-01	   4.4109139e-01	   4.5906161e-01	   4.2990686e-01	   4.2827946e-01	   4.1292208e-01	   3.4842421e-01	   3.2243242e-01	   2.7582267e-01	   2.5660696e-01	   2.4757561e-01	   2.4111645e-01	   1.8539786e-01	   1.8413921e-01	   2.1607706e-01	   3.8569829e-01	  -9.1678890e-02	  -7.5890952e-02	             NaN	             NaN	             NaN	             NaN	             NaN	             NaN	             NaN	             NaN	
  -3.0683455e+00	  -4.4315231e+00	  -2.8817034e+00	  -1.3486649e+00	  -6.4369083e-02	   3.0979001e-01	   5.0597836e-01	   4.7708911e-01	   4.4503755e-01	   4.4696165e-01	   4.5410044e-01	   4.0630686e-01	   4.4160203e-01	   4.0411373e-01	   3.3066930e-01	   3.0736673e-01	   2.5973437e-01	   2.4729243e-01	   2.2631683e-01	   1.8768894e-01	   1.7918538e-01	   1.8034598e-01	   3.5722637e-01	   1.0341488e-01	  -9.9535157e-02	             NaN	             NaN	             NaN	             NaN	             NaN	             NaN	             NaN	             NaN	
  -2.7484362e+00	  -3.9617341e+00	  -2.8611659e+00	  -9.4434758e-01	  -2.7288360e-01	   2.3727927e-01	   4.1461194e-01	   4.9266078e-01	   5.1241648e-01	   4.4552551e-01	   4.3442734e-01	   4.0451705e-01	   4.0716074e-01	   3.6597862e-01	   3.1794077e-01	   3.1165030e-01	   2.7999036e-01	   2.7057907e-01	   2.3465047e-01	   2.0726126e-01	   1.9264887e-01	   1.5908376e-01	   3.2340537e-01	   3.0014540e-01	  -1.1969525e-01	   1.0361047e-02	             NaN	             NaN	             NaN	             NaN	             NaN	             NaN	             NaN	
  -2.7350598e+00	  -2.7597791e+00	  -2.1456470e+00	  -1.2348303e+00	  -4.7197438e-01	   2.1339543e-01	   4.3488466e-01	   4.9106897e-01	   4.0390089e-01	   4.6389290e-01	   4.3788470e-01	   4.2331498e-01	   3.7447934e-01	   3.6691209e-01	   3.4010655e-01	   3.2469220e-01	   3.0320078e-01	   2.9928486e-01	   2.5286864e-01	   2.1591070e-01	   1.9405999e-01	   1.8122479e-01	   2.0902067e-01	   3.4245952e-01	  -1.0224729e-01	  -6.6151639e-02	             NaN	             NaN	             NaN	             NaN	             NaN	             NaN	             NaN	
  -2.4405863e+00	  -3.4658879e+00	  -1.8655184e+00	  -1.0989982e+00	   1.0988533e-01	   3.2378013e-01	   4.2447700e-01	   4.2793327e-01	   4.9703630e-01	   4.5294897e-01	   4.1313103e-01	   4.0183678e-01	   3.9240958e-01	   3.6133117e-01	   3.5083202e-01	   3.1104764e-01	   2.9194752e-01	   2.8267698e-01	   2.4427709e-01	   2.0697232e-01	   2.0752687e-01	   1.6599399e-01	   1.6808380e-01	   2.9941588e-01	   4.4363814e-06	  -1.3825666e-01	   2.7660081e-02	             NaN	             NaN	             NaN	             NaN	             NaN	             NaN	
  -1.6853266e+00	  -2.1021174e+00	  -1.7068657e+00	  -8.0191156e-01	  -7.3558959e-02	   2.5816574e-01	   3.6677058e-01	   4.5149896e-01	   4.7264613e-01	   4.7611101e-01	   4.3280097e-01	   4.4082165e-01	   4.2681636e-01	   3.4373773e-01	   3.3916070e-01	   3.1670995e-01	   3.2793905e-01	   2.9095820e-01	   2.6192900e-01	   2.1648011e-01	   2.0535431e-01	   1.6868238e-01	   1.4828571e-01	   2.4768191e-01	   1.8825321e-01	  -1.1009575e-01	   7.1335954e-03	             NaN	             NaN	             NaN	             NaN	             NaN	             NaN	
  -1.3806450e+00	  -2.5203313e+00	  -2.1620057e+00	  -7.6685902e-01	   3.8103275e-02	   2.1274390e-01	   4.2960089e-01	   4.4440012e-01	   4.4694182e-01	   4.2380045e-01	   4.6315502e-01	   4.1595482e-01	   3.9603996e-01	   3.5419147e-01	   3.3489759e-01	   3.2562730e-01	   2.9565904e-01	   2.8880610e-01	   2.4921905e-01	   2.5051192e-01	   2.1861988e-01	   1.8065294e-01	   1.5915543e-01	   1.6989954e-01	   1.9666420e-01	  -1.2667289e-01	  -4.8728494e-02	             NaN	             NaN	             NaN	             NaN	             NaN	             NaN	
  -1.5709711e+00	  -1.8484528e+00	  -1.3360502e+00	  -8.9782862e-01	   1.8568319e-02	   3.1259832e-01	   4.5842951e-01	   4.9778792e-01	   4.3840012e-01	   4.3644674e-01	   4.2583913e-01	   4.2421639e-01	   4.1888214e-01	   4.0997798e-01	   3.1765794e-01	   3.1082278e-01	   2.9768781e-01	   3.0835024e-01	   2.8176214e-01	   2.4791458e-01	   1.9809515e-01	   1.8740809e-01	   1.4667108e-01	   1.3766885e-01	   2.5757579e-01	   3.3917406e-02	  -1.6447239e-01	   3.4043592e-02	             NaN	             NaN	             NaN	             NaN	             NaN	
  -1.8855221e+00	  -2.1910888e+00	  -1.4911082e+00	  -7.5031509e-01	  -3.3635238e-02	   3.9516880e-01	   3.9565877e-01	   4.1063761e-01	   4.4609403e-01	   4.3322722e-01	   4.2167807e-01	   3.8602541e-01	   3.9932321e-01	   3.5273636e-01	   3.5248798e-01	   3.3460950e-01	   3.1511684e-01	   3.2084689e-01	   2.8538787e-01	   2.3496279e-01	   2.1378332e-01	   1.9325777e-01	   1.5791741e-01	   1.2611623e-01	   2.2558605e-01	   1.2148206e-01	  -7.1011967e-02	   1.3596661e-02	             NaN	             NaN	             NaN	             NaN	             NaN	
  -1.4198728e+00	  -1.9187353e+00	  -1.4563333e+00	  -7.3181917e-01	  -5.8024122e-02	   3.6063077e-01	   4.5237112e-01	   4.4219896e-01	   4.5613864e-01	   4.2552316e-01	   3.9333879e-01	   4.2022054e-01	   4.0432950e-01	   3.7381124e-01	   3.4845565e-01	   3.4517451e-01	   3.1253177e-01	   3.2438068e-01	   2.7514772e-01	   2.6778472e-01	   2.1903210e-01	   1.9095858e-01	   1.4836654e-01	   1.3543600e-01	   1.6137498e-01	   1.5339888e-01	  -1.1675164e-01	  -2.3252154e-02	   3.7924934e-02	             NaN	             NaN	             NaN	             NaN	
  -9.2659748e-01	  -1.3436483e+00	  -1.1721788e+00	  -7.8452085e-01	  -1.5884296e-01	   2.6382668e-01	   3.6642742e-01	   3.7187060e-01	   4.8071770e-01	   4.3969988e-01	   4.1048264e-01	   4.0742136e-01	   4.0590787e-01	   3.7514582e-01	   3.5220106e-01	   3.4584818e-01	   3.0420131e-01	   3.0021685e-01	   2.9152807e-01	   2.5664062e-01	   2.3087886e-01	   1.8871498e-01	   1.5722942e-01	   1.3571103e-01	   1.3385433e-01	   2.3355437e-01	   2.4081095e-02	  -8.4572484e-02	   3.7752742e-02	             NaN	             NaN	             NaN	             NaN	
  -1.7936512e+00	  -1.4991903e+00	  -8.2656441e-01	  -5.2381783e-01	   1.1831314e-01	   4.0771416e-01	   3.5838687e-01	   4.6171282e-01	   4.2459609e-01	   4.3758849e-01	   4.1850762e-01	   4.2241336e-01	   4.1169078e-01	   3.8044382e-01	   3.6680186e-01	   3.4610397e-01	   3.3082170e-01	   3.2154981e-01	   2.9926487e-01	   2.6102027e-01	   2.3641091e-01	   1.9733032e-01	   1.7196425e-01	   1.2800102e-01	   1.2499376e-01	   2.2206779e-01	   1.4100901e-01	  -1.0348937e-01	   1.7915976e-02	             NaN	             NaN	             NaN	             NaN	
  -2.0813702e+00	  -1.8993764e+00	  -7.6169896e-01	  -3.5166309e-01	   2.3639727e-01	   3.3757926e-01	   3.7455396e-01	   4.5803334e-01	   4.0095314e-01	   4.3354030e-01	   3.6735612e-01	   4.2844386e-01	   4.0998347e-01	   3.7334517e-01	   3.2816124e-01	   3.4065990e-01	   3.4374393e-01	   3.2945284e-01	   2.9382979e-01	   2.5882180e-01	   2.4682273e-01	   2.1506756e-01	   1.5703341e-01	   1.3111395e-01	   1.0898255e-01	   1.4037752e-01	   2.2603972e-01	  -1.0358313e-01	   9.1056450e-03	   3.1341420e-02	             NaN	             NaN	             NaN	
  -1.4930052e+00	  -1.0784328e+00	  -1.0567667e+00	  -1.6755566e-01	   2.1076856e-01	   3.4543688e-01	   4.7193248e-01	   4.0883177e-01	   4.4258933e-01	   4.3532478e-01	   4.2788846e-01	   4.1104191e-01	   3.7120499e-01	   3.7086643e-01	   3.7860250e-01	   3.2985723e-01	   3.0060528e-01	   3.0789076e-01	   3.0668575e-01	   2.5957288e-01	   2.5902677e-01	   2.0251308e-01	   1.5416618e-01	   1.3767817e-01	   1.2226193e-01	   1.1727290e-01	   1.9022862e-01	  -7.8475098e-02	  -2.5746164e-02	   3.7621932e-02	             NaN	             NaN	             NaN	
  -7.4262978e-01	  -1.0064559e+00	  -7.2351576e-01	  -5.3644569e-02	   2.6946278e-01	   4.3683296e-01	   4.0143551e-01	   4.7141464e-01	   3.8245671e-01	   4.2098130e-01	   3.9037448e-01	   3.7288960e-01	   4.0077212e-01	   3.6665689e-01	   3.4637319e-01	   3.3811137e-01	   3.4639227e-01	   3.3689525e-01	   3.2447268e-01	   2.8049532e-01	   2.2839308e-01	   1.9841292e-01	   1.6269138e-01	   1.3740001e-01	   1.0873999e-01	   1.1724314e-01	   1.3515094e-01	   1.1199755e-02	  -8.0541308e-02	   1.3352461e-02	   3.1563941e-02	             NaN	             NaN	
   2.2679965e-01	  -6.9362910e-01	  -6.9232945e-01	  -2.2723428e-01	   6.9526269e-02	   2.8871681e-01	   3.4893919e-01	   3.8668750e-01	   4.2785540e-01	   4.0261573e-01	   4.0287733e-01	   3.9242585e-01	   3.7430831e-01	   3.5397917e-01	   3.5227116e-01	   3.3720632e-01	   3.5627486e-01	   3.1307689e-01	   2.9316454e-01	   2.8443328e-01	   2.4602509e-01	   2.0174098e-01	   1.7629686e-01	   1.4987986e-01	   1.2411090e-01	   1.0204364e-01	   1.6420501e-01	   9.7594253e-02	  -5.5002333e-02	   6.6790027e-03	   3.9747052e-02	             NaN	             NaN	
  -3.4912830e-01	  -9.4594840e-01	  -4.0726837e-01	  -2.4035007e-01	   2.0755056e-01	   3.3900735e-01	   3.6338063e-01	   3.9776612e-01	   4.3827394e-01	   3.4965982e-01	   3.5334246e-01	   3.7429739e-01	   3.7468114e-01	   3.3930822e-01	   3.5629506e-01	   3.2319265e-01	   3.3605992e-01	   3.1228356e-01	   3.1319734e-01	   2.9738770e-01	   2.5660976e-01	   1.9635584e-01	   1.6775796e-01	   1.3273550e-01	   1.1766948e-01	   9.3784499e-02	   1.3170357e-01	   1.8752323e-01	  -8.9090168e-03	  -4.9865380e-02	   2.2480703e-02	             NaN	             NaN	
  -3.8041169e-01	  -8.0228228e-01	  -2.7774543e-01	   1.0286283e-01	   1.6631428e-01	   4.5768681e-01	   3.9704690e-01	   4.4027077e-01	   3.9041982e-01	   4.2359876e-01	   3.9866015e-01	   4.1513255e-01	   3.6000500e-01	   3.5355233e-01	   3.3283612e-01	   3.3532520e-01	   3.5896249e-01	   3.3390813e-01	   3.2140772e-01	   2.9526954e-01	   2.5105706e-01	   2.1908475e-01	   1.7416062e-01	   1.4014935e-01	   1.2869966e-01	   9.0511445e-02	   1.0740058e-01	   1.9775166e-01	   2.3020410e-02	  -1.3479633e-01	   2.5822456e-02	   3.0347849e-02	             NaN	
   8.8289070e-02	  -2.5310606e-01	  -2.3847370e-01	  -5.0101847e-02	   2.2616294e-01	   3.2945419e-01	   4.0334048e-01	   3.9510920e-01	   4.0616614e-01	   3.5624377e-01	   3.4617598e-01	   3.8304966e-01	   3.5239731e-01	   3.5000974e-01	   3.2923596e-01	   3.5933694e-01	   3.2895885e-01	   3.2256807e-01	   3.0930343e-01	   2.8940625e-01	   2.3790248e-01	   2.1159872e-01	   1.6596100e-01	   1.4233762e-01	   1.2131698e-01	   1.0265225e-01	   8.0597298e-02	   1.1050489e-01	   8.2281689e-02	  -6.6824640e-02	   3.3860160e-03	   3.0880751e-02	             NaN	
  -1.0514837e-01	  -1.2547747e-01	  -8.3536373e-03	   3.0268102e-02	   2.5551930e-01	   4.1640838e-01	   4.4150510e-01	   3.7615708e-01	   4.0561694e-01	   4.0362070e-01	   3.8705849e-01	   3.4418490e-01	   3.2966679e-01	   3.3698589e-01	   3.5041783e-01	   3.2918451e-01	   3.5193385e-01	   3.3507582e-01	   2.9731384e-01	   2.7290798e-01	   2.5940193e-01	   2.1080492e-01	   1.8442782e-01	   1.5100397e-01	   1.1450885e-01	   1.0619745e-01	   9.5294195e-02	   1.3231815e-01	   1.5332602e-01	  -7.2714193e-02	  -3.1093253e-02	   3.0392154e-02	   3.0618539e-02	
  -4.1693318e-01	  -8.0900121e-01	   1.1198140e-01	   1.2494595e-01	   1.7951362e-01	   3.5572935e-01	   3.8311722e-01	   3.9353896e-01	   3.6919312e-01	   3.6961819e-01	   3.6836453e-01	   3.7742222e-01	   3.6490170e-01	   3.1284528e-01	   3.2435926e-01	   3.1378865e-01	   3.1066252e-01	   3.0438374e-01	   3.2763153e-01	   2.6180422e-01	   2.5913899e-01	   2.1525030e-01	   1.8260741e-01	   1.4537393e-01	   1.2264565e-01	   1.1339933e-01	   9.4244674e-02	   9.9031516e-02	   1.1409783e-01	  -8.4573587e-02	  -4.0230142e-02	   2.5474486e-02	   3.0867005e-02	
  -2.1590023e-01	  -5.5247610e-01	   5.8627374e-02	   7.6533397e-02	   2.7748073e-01	   4.3600644e-01	   4.2564565e-01	   3.4835163e-01	   3.8202885e-01	   3.2986762e-01	   3.3446786e-01	   3.4841003e-01	   3.4613748e-01	   3.6769455e-01	   3.3245142e-01	   3.2034395e-01	   3.2100458e-01	   3.3712101e-01	   2.8757709e-01	   3.0120992e-01	   2.5109369e-01	   2.1481792e-01	   1.7864124e-01	   1.4219871e-01	   1.2520618e-01	   1.1341709e-01	   8.8831390e-02	   9.4187315e-02	   1.6051895e-01	   6.3604990e-02	  -8.3930522e-02	   3.5068982e-03	   3.5042017e-02	
  -1.3698374e-01	  -6.5858149e-03	  -4.0357877e-02	   1.5866546e-01	   2.0686994e-01	   3.8552516e-01	   4.0170230e-01	   4.1332842e-01	   3.8652280e-01	   3.3371202e-01	   3.3688086e-01	   3.2274256e-01	   3.3702520e-01	   3.2858012e-01	   3.4566742e-01	   3.4038400e-01	   3.1595280e-01	   3.2801772e-01	   3.1435347e-01	   2.9130571e-01	   2.4221345e-01	   2.0946736e-01	   1.6365111e-01	   1.3974259e-01	   1.1578189e-01	   1.0522933e-01	   9.1416811e-02	   8.5231690e-02	   1.3240302e-01	   8.3936961e-02	  -4.6757440e-02	   2.3256599e-03	   3.6785969e-02	
   4.3192428e-01	  -1.7375087e-01	   1.4483583e-01	   1.9986060e-01	   3.6463772e-01	   4.1160542e-01	   3.6246881e-01	   4.0791450e-01	   3.5611517e-01	   3.5540570e-01	   3.7046769e-01	   3.1317139e-01	   3.3308607e-01	   3.1967421e-01	   3.0810511e-01	   3.2143458e-01	   3.4645019e-01	   2.9639435e-01	   3.2083322e-01	   2.8166254e-01	   2.5282442e-01	   2.1572420e-01	   1.8203965e-01	   1.4075452e-01	   1.2277473e-01	   9.9435431e-02	   9.8321553e-02	   7.9531029e-02	   9.1679791e-02	   1.4364184e-01	  -4.9845913e-02	  -3.8888674e-02	   2.5211065e-02	
  -2.9361540e-01	  -2.3249628e-01	   6.3682222e-02	   2.7722409e-01	   2.0670171e-01	   4.3448075e-01	   3.8102506e-01	   3.3617092e-01	   3.3666225e-01	   3.4845435e-01	   2.9911106e-01	   3.2715077e-01	   3.1341359e-01	   3.4544785e-01	   3.2575886e-01	   3.1899313e-01	   3.2521606e-01	   3.2958522e-01	   3.0211297e-01	   2.9110539e-01	   2.4805020e-01	   2.0774665e-01	   1.7721498e-01	   1.3863091e-01	   1.3280346e-01	   1.0018283e-01	   9.5417541e-02	   7.9841810e-02	   7.1049182e-02	   1.4597586e-01	   4.9805491e-02	  -6.1181283e-02	   2.6446077e-02	
             NaN	   3.3102486e-01	   2.8349022e-01	   2.9916557e-01	   3.7164541e-01	   4.0424627e-01	   4.0389652e-01	   3.7531194e-01	   3.3236595e-01	   3.1836255e-01	   3.2098251e-01	   3.1373765e-01	   3.0360382e-01	   3.0002642e-01	   3.2007531e-01	   3.0711260e-01	   3.4251455e-01	   3.2065429e-01	   2.9663846e-01	   2.7564101e-01	   2.5149509e-01	   2.0802068e-01	   1.9949391e-01	   1.5307058e-01	   1.2752836e-01	   1.1294372e-01	   1.0530965e-01	   8.4243739e-02	   8.3260376e-02	   1.2335680e-01	   1.6911887e-01	  -1.1343018e-01	  -3.2200058e-03	
             NaN	   2.7235840e-01	   3.8688911e-02	   1.8124601e-01	   2.3464581e-01	   3.5094262e-01	   3.6582528e-01	   3.6943454e-01	   2.9942037e-01	   3.0802268e-01	   2.8718990e-01	   2.9833483e-01	   3.0840352e-01	   2.8616736e-01	   2.9870221e-01	   3.0631723e-01	   3.2196475e-01	   3.2260306e-01	   2.9609679e-01	   2.8279121e-01	   2.4223576e-01	   2.1892423e-01	   1.7511601e-01	   1.4662928e-01	   1.3137556e-01	   1.0412076e-01	   9.6163834e-02	   9.1030006e-02	   8.2263121e-02	   1.0951143e-01	   1.8053118e-01	  -1.7061091e-02	  -4.0479698e-02	
             NaN	   5.7879116e-02	  -6.8543159e-02	   2.9580702e-01	   2.7186610e-01	   3.9372226e-01	   3.2864830e-01	   3.4586940e-01	   3.0684792e-01	   3.3662963e-01	   3.0391962e-01	   2.9239238e-01	   3.4493058e-01	   3.0959553e-01	   3.3640166e-01	   3.2102666e-01	   3.3056252e-01	   3.2535232e-01	   3.0511274e-01	   2.9333433e-01	   2.4006202e-01	   2.1804390e-01	   1.7367943e-01	   1.3940958e-01	   1.4454187e-01	   1.1009302e-01	   9.5071967e-02	   8.9920716e-02	   7.6235927e-02	   8.7644359e-02	   1.5024921e-01	  -2.1644348e-02	  -4.8616239e-02	
             NaN	   1.6244844e-03	   2.5514370e-01	   3.1756363e-01	   2.6865445e-01	   3.4312477e-01	   3.7706751e-01	   3.8085320e-01	   2.8493590e-01	   3.1156339e-01	   2.8657311e-01	   2.9091893e-01	   3.1764105e-01	   2.9234839e-01	   3.0298719e-01	   3.3410494e-01	   2.9676481e-01	   3.3459299e-01	   2.9520244e-01	   2.8537629e-01	   2.4752387e-01	   2.2294414e-01	   1.7827458e-01	   1.4975647e-01	   1.3883122e-01	   1.0942178e-01	   1.0447990e-01	   9.3216798e-02	   7.4827045e-02	   8.5982812e-02	   1.6584252e-01	   5.6475576e-02	  -5.3559479e-02	
             NaN	   5.8089522e-02	   1.7755604e-01	   4.5985833e-01	   3.3904390e-01	   3.7357630e-01	   3.9681334e-01	   3.4990744e-01	   3.1628903e-01	   3.0305791e-01	   3.0096477e-01	   2.9917756e-01	   3.0919331e-01	   3.0876255e-01	   3.1775175e-01	   3.0926171e-01	   3.2772134e-01	   3.1109830e-01	   2.9217635e-01	   2.7278605e-01	   2.2589189e-01	   2.1526615e-01	   1.9801192e-01	   1.5224454e-01	   1.3087302e-01	   1.1442438e-01	   1.0170228e-01	   8.4567178e-02	   8.5909529e-02	   7.9468705e-02	   1.2347121e-01	   1.3210707e-01	  -6.2877937e-03	
             NaN	   3.0847659e-01	   1.2328329e-01	   8.7600357e-02	   3.5575199e-01	   3.5321633e-01	   3.5761366e-01	   3.5147713e-01	   3.0951910e-01	   3.1501169e-01	   2.9849414e-01	   2.7033204e-01	   2.6706458e-01	   3.0647027e-01	   3.1419375e-01	   3.3824463e-01	   3.2228504e-01	   3.0675630e-01	   2.8344642e-01	   2.5746014e-01	   2.3504982e-01	   2.0722320e-01	   1.9023488e-01	   1.3602807e-01	   1.3293449e-01	   1.1565199e-01	   1.0054376e-01	   8.8909025e-02	   7.9345777e-02	   7.5618207e-02	   8.5506443e-02	   1.3658085e-01	   8.0097034e-03	
             NaN	             NaN	   3.4259829e-01	   1.7110525e-01	   2.7089410e-01	   3.0233384e-01	   3.6705374e-01	   3.2121323e-01	   3.1876814e-01	   2.7043114e-01	   2.6771866e-01	   2.8053737e-01	   2.7964447e-01	   3.0061418e-01	   2.8870343e-01	   2.9978580e-01	   2.9963243e-01	   3.1218239e-01	   2.8967433e-01	   2.8701113e-01	   2.2887930e-01	   1.9817930e-01	   1.8126870e-01	   1.4685377e-01	   1.3575240e-01	   1.1578829e-01	   1.0897583e-01	   9.0815180e-02	   7.9930911e-02	   8.4099675e-02	   7.7364046e-02	   1.2765714e-01	   8.1681718e-02	
             NaN	             NaN	   6.8250591e-02	   1.9772473e-01	   2.9912610e-01	   3.0096361e-01	   3.0026733e-01	   2.9305145e-01	   2.7097960e-01	   3.1071069e-01	   2.9622414e-01	   2.8167267e-01	   2.6661879e-01	   2.8970562e-01	   3.2026280e-01	   2.9968892e-01	   2.9772638e-01	   2.9836187e-01	   2.8807568e-01	   2.6359642e-01	   2.3759975e-01	   2.1308549e-01	   1.8746399e-01	   1.6093808e-01	   1.3531615e-01	   1.1758676e-01	   1.1411354e-01	   8.8149582e-02	   8.2092401e-02	   7.4157877e-02	   6.6388335e-02	   1.1778905e-01	   1.1251152e-01	
             NaN	             NaN	   1.9707152e-01	   2.5356809e-01	   3.3304807e-01	   3.4542932e-01	   3.1178829e-01	   3.5975357e-01	   2.9867717e-01	   2.9913103e-01	   2.4572945e-01	   2.5659734e-01	   2.4423909e-01	   2.8064534e-01	   2.8687736e-01	   3.0395749e-01	   3.0396403e-01	   3.0378755e-01	   2.8453123e-01	   2.5672298e-01	   2.4158854e-01	   2.0885261e-01	   1.8337604e-01	   1.5367722e-01	   1.3235102e-01	   1.1031480e-01	   1.0549751e-01	   1.0375807e-01	   8.9941801e-02	   8.2794790e-02	   8.1394972e-02	   7.8422138e-02	   1.4427029e-01	
             NaN	             NaN	   3.4487728e-01	   3.2161500e-01	   2.7756646e-01	   2.9828231e-01	   3.7406489e-01	   3.3140681e-01	   3.0726506e-01	   2.9356166e-01	   2.7904554e-01	   2.5372382e-01	   2.4903796e-01	   2.6079262e-01	   2.8469981e-01	   2.7838861e-01	   2.9930196e-01	   3.0189678e-01	   2.7928196e-01	   2.6615436e-01	   2.4003129e-01	   2.0960663e-01	   1.8227130e-01	   1.5113510e-01	   1.2698163e-01	   1.1198354e-01	   1.0435525e-01	   9.8509465e-02	   9.5063004e-02	   7.8225702e-02	   8.6984899e-02	   7.9918940e-02	   1.1981855e-01	
             NaN	             NaN	   1.4124260e-01	   2.8154947e-01	   3.4817433e-01	   3.2798094e-01	   2.7938529e-01	   3.2734973e-01	   2.9396113e-01	   2.3396346e-01	   2.6453578e-01	   2.5673921e-01	   2.4351626e-01	   2.6758768e-01	   2.9017876e-01	   2.8775740e-01	   2.8430009e-01	   2.7096056e-01	   2.8471514e-01	   2.5394862e-01	   2.2803546e-01	   1.8906302e-01	   1.8029261e-01	   1.3727691e-01	   1.1879864e-01	   1.2163492e-01	   1.0610605e-01	   9.7206284e-02	   7.9546860e-02	   8.0148580e-02	   7.7971570e-02	   7.0657364e-02	   1.2088996e-01	
             NaN	             NaN	             NaN	   3.8535162e-01	   2.8858333e-01	   2.4911376e-01	   3.1031480e-01	   2.6153136e-01	   3.0207316e-01	   2.5110344e-01	   2.6769299e-01	   2.6077281e-01	   2.5718387e-01	   2.4653025e-01	   2.8819904e-01	   2.9305577e-01	   2.6910005e-01	   2.7728207e-01	   2.9051812e-01	   2.5091218e-01	   2.1636141e-01	   2.0644938e-01	   1.7972526e-01	   1.3882501e-01	   1.2543428e-01	   1.1334790e-01	   1.1029076e-01	   9.7796239e-02	   9.2409057e-02	   8.4448185e-02	   7.7041909e-02	   7.5399858e-02	   8.1587348e-02	
             NaN	             NaN	             NaN	   2.6529275e-01	   3.7953715e-01	   3.2936901e-01	   2.5355847e-01	   2.7850867e-01	   2.9818008e-01	   2.5540980e-01	   2.7823718e-01	   2.5329250e-01	   2.2941457e-01	   2.6358283e-01	   2.5027736e-01	   2.7129219e-01	   2.9084786e-01	   2.7281345e-01	   2.8687846e-01	   2.4054022e-01	   2.0538733e-01	   1.9640575e-01	   1.5508801e-01	   1.4701273e-01	   1.2615729e-01	   1.1037149e-01	   1.0529123e-01	   9.2362526e-02	   9.3330848e-02	   8.3049006e-02	   7.5076339e-02	   6.6852837e-02	   6.7639666e-02	
             NaN	             NaN	             NaN	   1.8374716e-01	   3.4983341e-01	   2.6868820e-01	   3.0600918e-01	   2.9258376e-01	   2.9312932e-01	   2.5501631e-01	   2.5872307e-01	   2.3778364e-01	   2.3263672e-01	   2.4610038e-01	   2.8018504e-01	   2.6523857e-01	   2.6874194e-01	   2.6908130e-01	   2.5429962e-01	   2.5024997e-01	   2.4211201e-01	   1.9821447e-01	   1.6346352e-01	   1.3104777e-01	   1.2744213e-01	   1.1166210e-01	   1.0372332e-01	   1.0255413e-01	   7.9626178e-02	   9.0724685e-02	   7.6588094e-02	   7.4944979e-02	   8.1693574e-02	
             NaN	             NaN	             NaN	   4.0490294e-01	   2.6106783e-01	   3.0446757e-01	   3.2793987e-01	   2.7907639e-01	   2.6455552e-01	   2.1255563e-01	   2.1753935e-01	   2.3761411e-01	   2.2872485e-01	   2.6027558e-01	   2.6113516e-01	   2.7507995e-01	   2.7498585e-01	   2.7649189e-01	   2.5641950e-01	   2.4610284e-01	   1.9202265e-01	   1.9589599e-01	   1.6846471e-01	   1.4091490e-01	   1.0983177e-01	   1.0750563e-01	   9.9250153e-02	   9.5701197e-02	   9.4127469e-02	   8.8505493e-02	   7.7447042e-02	   7.6095496e-02	   6.5500649e-02	
             NaN	             NaN	             NaN	   1.3871112e-01	   2.7912798e-01	   2.7027224e-01	   3.0343465e-01	   2.2742156e-01	   2.0279906e-01	   2.0748588e-01	   2.2543412e-01	   2.2889411e-01	   2.4968210e-01	   2.3615798e-01	   2.5842553e-01	   2.5034336e-01	   2.8808854e-01	   2.5047458e-01	   2.4364447e-01	   2.5523508e-01	   2.3412144e-01	   1.8963895e-01	   1.6392960e-01	   1.2434249e-01	   1.1265440e-01	   1.1001945e-01	   9.4127937e-02	   9.4752387e-02	   8.5438212e-02	   8.3311267e-02	   7.5682344e-02	   6.6077599e-02	   8.2389492e-02	
             NaN	             NaN	             NaN	             NaN	   2.7659322e-01	   2.9374532e-01	   2.4164887e-01	   2.5290326e-01	   2.2964818e-01	   2.6228622e-01	   2.4260891e-01	   2.4175180e-01	   2.6528930e-01	   2.2393063e-01	   2.1849665e-01	   2.4926294e-01	   2.4527472e-01	   2.5056668e-01	   2.5766866e-01	   2.2092020e-01	   2.0614702e-01	   1.9124177e-01	   1.6072392e-01	   1.3463886e-01	   1.1387076e-01	   1.1566412e-01	   1.0471403e-01	   9.2697867e-02	   8.5304529e-02	   7.9081138e-02	   8.4946708e-02	   7.7810438e-02	   7.3371612e-02	
             NaN	             NaN	             NaN	             NaN	   2.8028145e-01	   2.7167287e-01	   2.1101793e-01	   2.5836597e-01	   2.3029402e-01	   2.2126878e-01	   2.2287104e-01	   2.3043271e-01	   2.1755629e-01	   2.4409237e-01	   2.3045009e-01	   2.7166176e-01	   2.5153579e-01	   2.6605112e-01	   2.3748655e-01	   2.1125525e-01	   2.1024709e-01	   1.5482096e-01	   1.4692206e-01	   1.3507963e-01	   1.2558264e-01	   1.2423716e-01	   1.1754581e-01	   8.2250750e-02	   9.5340706e-02	   8.5557518e-02	   8.4639801e-02	   7.9927507e-02	   7.8599616e-02	
             NaN	             NaN	             NaN	             NaN	   2.8835585e-01	   2.5820987e-01	   2.2038353e-01	   2.9572969e-01	   2.5083398e-01	   2.4550810e-01	   2.0839990e-01	   2.1423644e-01	   2.1868463e-01	   2.4315688e-01	   2.3422689e-01	   2.3193576e-01	   2.4960986e-01	   2.4608650e-01	   2.2383166e-01	   2.0889723e-01	   1.7748039e-01	   1.7704326e-01	   1.6050680e-01	   1.2610924e-01	   1.1991327e-01	   8.9058079e-02	   8.5480613e-02	   9.4737776e-02	   9.0069429e-02	   9.4331395e-02	   7.8585426e-02	   8.1523809e-02	   6.8009441e-02	
             NaN	             NaN	             NaN	             NaN	   3.3261742e-01	   3.3699507e-01	   2.4465915e-01	   2.3819323e-01	   1.9306524e-01	   1.8066036e-01	   2.1657121e-01	   1.9019385e-01	   2.0148914e-01	   2.3243530e-01	   2.1290698e-01	   2.3902627e-01	   2.4499774e-01	   2.3886901e-01	   2.3624129e-01	   2.1884790e-01	   1.8813285e-01	   1.5724404e-01	   1.5331093e-01	   1.2574883e-01	   1.0504119e-01	   9.0983258e-02	   1.0641188e-01	   9.6819512e-02	   9.7534380e-02	   8.5684281e-02	   8.1492754e-02	   7.8188687e-02	   6.8525252e-02	
             NaN	             NaN	             NaN	             NaN	   3.4623578e-01	   2.8729681e-01	   2.1698260e-01	   2.3020375e-01	   2.0318812e-01	   2.1025530e-01	   2.1324147e-01	   1.8894897e-01	   1.9689171e-01	   2.3235422e-01	   2.2455242e-01	   2.1526311e-01	   2.4314467e-01	   2.1142008e-01	   2.1461416e-01	   1.8730938e-01	   1.8315304e-01	   1.5245121e-01	   1.4496986e-01	   1.3218309e-01	   1.1492756e-01	   1.1542807e-01	   1.0848777e-01	   9.6464039e-02	   8.5562406e-02	   8.1271327e-02	   7.0298385e-02	   6.6918995e-02	   6.6715263e-02	
             NaN	             NaN	             NaN	             NaN	             NaN	   2.4838125e-01	   2.1014902e-01	   2.5586461e-01	   2.4562212e-01	   1.8763905e-01	   1.9259114e-01	   1.9174780e-01	   2.0451360e-01	   2.0615185e-01	   2.0367059e-01	   2.2345473e-01	   2.3093632e-01	   2.0989175e-01	   1.9058416e-01	   1.7944644e-01	   1.7991663e-01	   1.5119112e-01	   1.3178765e-01	   1.1418684e-01	   1.1160383e-01	   9.9173915e-02	   8.9901030e-02	   6.9893160e-02	   9.0546049e-02	   9.2787853e-02	   8.0433865e-02	   7.6712350e-02	   6.7313898e-02	
             NaN	             NaN	             NaN	             NaN	             NaN	   2.4069994e-01	   2.5311530e-01	   1.9979446e-01	   1.8077545e-01	   2.2308955e-01	   1.8898509e-01	   2.0967220e-01	   2.0671077e-01	   1.8476707e-01	   2.2245052e-01	   2.4929011e-01	   2.1214391e-01	   2.1133032e-01	   2.0675561e-01	   1.7836072e-01	   1.6432823e-01	   1.5389769e-01	   1.2999638e-01	   1.2766958e-01	   1.1857797e-01	   8.6783849e-02	   1.0162872e-01	   1.0498072e-01	   8.8878725e-02	   9.2876767e-02	   8.2745261e-02	   7.0824368e-02	   7.6794484e-02	
             NaN	             NaN	             NaN	             NaN	             NaN	   2.2270147e-01	   2.9273628e-01	   1.9417020e-01	   2.3607408e-01	   2.0371374e-01	   2.1588463e-01	   1.4399390e-01	   1.9236393e-01	   1.8670728e-01	   1.8840308e-01	   1.7967423e-01	   2.1762193e-01	   1.9677388e-01	   2.0004515e-01	   1.7573669e-01	   1.6007563e-01	   1.6004389e-01	   1.3083181e-01	   1.0587158e-01	   1.0157105e-01	   9.5718986e-02	   8.8033575e-02	   8.4739067e-02	   9.0784116e-02	   8.1087194e-02	   8.0720825e-02	   7.6530409e-02	   7.2789606e-02	
             NaN	             NaN	             NaN	             NaN	             NaN	   2.4262808e-01	   1.6561563e-01	   2.0324125e-01	   2.0513480e-01	   1.5441422e-01	   1.8555979e-01	   1.9369354e-01	   1.9829058e-01	   1.9334028e-01	   2.0359298e-01	   2.0874708e-01	   2.0095646e-01	   1.8646698e-01	   1.8597517e-01	   1.5881035e-01	   1.6424139e-01	   1.5376747e-01	   1.2760441e-01	   1.2377008e-01	   9.8291813e-02	   9.7597774e-02	   8.5798641e-02	   9.2972282e-02	   8.2368491e-02	   8.4088198e-02	   7.8074647e-02	   7.9184380e-02	   7.8505902e-02	
             NaN	             NaN	             NaN	             NaN	             NaN	   2.1824981e-01	   2.5512653e-01	   2.0591402e-01	   2.3810495e-01	   1.9748197e-01	   1.7820661e-01	   1.6516226e-01	   1.8410955e-01	   1.7077777e-01	   1.8774085e-01	   1.8716974e-01	   2.0237361e-01	   1.9982391e-01	   1.7317756e-01	   1.7443297e-01	   1.6577841e-01	   1.3780887e-01	   1.2585216e-01	   1.0520180e-01	   1.0100482e-01	   9.8341728e-02	   9.7404099e-02	   8.7463271e-02	   9.2644640e-02	   9.0811262e-02	   8.2486262e-02	   7.4217731e-02	   6.5754314e-02	
             NaN	             NaN	             NaN	             NaN	             NaN	             NaN	   2.3618863e-01	   1.4203730e-01	   1.6221391e-01	   1.8774903e-01	   1.7857483e-01	   1.6803443e-01	   1.5466633e-01	   1.7439593e-01	   1.7574279e-01	   1.9259469e-01	   1.8862604e-01	   1.9923594e-01	   1.8827930e-01	   1.9573949e-01	   1.5100958e-01	   1.4471326e-01	   1.2074779e-01	   1.2006015e-01	   9.4924438e-02	   7.2979590e-02	   8.1659958e-02	   8.8679379e-02	   7.1588840e-02	   7.5285349e-02	   8.0102368e-02	   6.9165993e-02	   7.1860052e-02	
             NaN	             NaN	             NaN	             NaN	             NaN	             NaN	   2.0759960e-01	   2.1312772e-01	   1.8446482e-01	   1.7187469e-01	   1.4611599e-01	   1.9414105e-01	   1.9643891e-01	   1.6539401e-01	   1.8239904e-01	   1.5972795e-01	   1.8275967e-01	   1.8863592e-01	   1.8449973e-01	   1.6054660e-01	   1.5163085e-01	   1.2429455e-01	   1.1069413e-01	   1.0118249e-01	   1.0578871e-01	   8.8792590e-02	   9.0504077e-02	   8.7007386e-02	   7.3773645e-02	   7.6942239e-02	   7.8662633e-02	   7.4747409e-02	   7.4749340e-02	
   0.0000000e+00	             NaN	             NaN	             NaN	             NaN	             NaN	   1.5900785e-01	   2.0125640e-01	   1.8566227e-01	   1.8266462e-01	   1.8012572e-01	   1.5139203e-01	   1.6619692e-01	   1.9382214e-01	   1.5481636e-01	   1.9797832e-01	   1.8187114e-01	   1.9368676e-01	   1.6665332e-01	   1.6804802e-01	   1.5956881e-01	   1.2824485e-01	   1.2155729e-01	   9.5223121e-02	   1.0315887e-01	   9.8882052e-02	   7.5512950e-02	   7.7439879e-02	   7.9864140e-02	   7.3065233e-02	   7.9492899e-02	   8.1026931e-02	   6.6872996e-02	
   0.0000000e+00	             NaN	             NaN	             NaN	             NaN	             NaN	   2.0016895e-01	   1.7166737e-01	   2.1898806e-01	   1.6853004e-01	   1.3029575e-01	   1.5792561e-01	   1.8206434e-01	   1.8444540e-01	   1.7849886e-01	   1.9692316e-01	   1.6826259e-01	   1.8883611e-01	   1.5987531e-01	   1.5201409e-01	   1.4639964e-01	   1.2740820e-01	   1.1151622e-01	   1.0767622e-01	   9.3365523e-02	   8.3327483e-02	   8.7150567e-02	   7.9191245e-02	   8.1821076e-02	   8.0164174e-02	   6.9875452e-02	   7.7016392e-02	   6.9871276e-02	
   0.0000000e+00	             NaN	             NaN	             NaN	             NaN	             NaN	   2.3139672e-01	   2.0152045e-01	   1.6229349e-01	   1.4617513e-01	   1.7100088e-01	   1.4337438e-01	   1.6909493e-01	   1.8027482e-01	   1.7529177e-01	   1.5481959e-01	   1.8385187e-01	   1.5538492e-01	   1.3241669e-01	   1.3318024e-01	   1.3888346e-01	   1.2058888e-01	   1.0549470e-01	   9.9212775e-02	   9.4456603e-02	   7.7638509e-02	   7.9138267e-02	   9.2593006e-02	   7.2974770e-02	   7.1580548e-02	   7.6997358e-02	   7.6137522e-02	   7.3320025e-02	
   0.0000000e+00	             NaN	             NaN	             NaN	             NaN	             NaN	             NaN	   2.2183582e-01	   1.7087400e-01	   1.3300017e-01	   1.6433292e-01	   1.3290692e-01	   1.5441615e-01	   1.6302407e-01	   1.7211507e-01	   1.7419286e-01	   1.5071564e-01	   1.4850291e-01	   1.3499368e-01	   1.4156111e-01	   1.4856808e-01	   1.3213982e-01	   1.0724423e-01	   1.0239736e-01	   9.4081440e-02	   8.2907369e-02	   8.4131739e-02	   7.6133692e-02	   8.4751721e-02	   7.7388446e-02	   8.5480193e-02	   6.7062510e-02	   6.6471104e-02	
   0.0000000e+00	             NaN	             NaN	             NaN	             NaN	             NaN	             NaN	   1.7934328e-01	   1.2053899e-01	   1.2911217e-01	   1.1362113e-01	   1.2191801e-01	   1.4119839e-01	   1.7185512e-01	   1.6116968e-01	   1.4353345e-01	   1.5719109e-01	   1.5186927e-01	   1.5386265e-01	   1.4460340e-01	   1.2512088e-01	   9.7541278e-02	   1.1821503e-01	   9.6256676e-02	   8.4947767e-02	   8.5997956e-02	   8.0087915e-02	   8.7815044e-02	   7.6636642e-02	   7.5865567e-02	   6.9938117e-02	   7.6598967e-02	   7.5417838e-02	
   0.0000000e+00	   0.0000000e+00	             NaN	             NaN	             NaN	             NaN	             NaN	   1.6424073e-01	   1.2171748e-01	   1.7979331e-01	   1.2408977e-01	   1.2830483e-01	   1.1840669e-01	   1.5786070e-01	   1.5419763e-01	   1.7886987e-01	   1.5879041e-01	   1.6737815e-01	   1.6895191e-01	   1.4999797e-01	   1.1531092e-01	   1.1507602e-01	   1.1516692e-01	   9.1058555e-02	   7.9314755e-02	   9.0992570e-02	   9.3331459e-02	   7.4142371e-02	   6.8569355e-02	   6.7945391e-02	   7.4091569e-02	   7.2021748e-02	   7.3222764e-02	
   0.0000000e+00	   0.0000000e+00	             NaN	             NaN	             NaN	             NaN	             NaN	   1.3121948e-01	   1.7937496e-01	   1.2147430e-01	   1.5229434e-01	   1.2853505e-01	   1.5626938e-01	   1.5163203e-01	   1.6338933e-01	   1.3399374e-01	   1.5427423e-01	   1.4365272e-01	   1.6053747e-01	   1.3319574e-01	   1.2050754e-01	   1.1554928e-01	   9.1219139e-02	   9.9570066e-02	   9.4618752e-02	   8.1664965e-02	   7.4105367e-02	   7.1343058e-02	   8.0043902e-02	   7.5185460e-02	   6.4279905e-02	   8.2587621e-02	   7.0362317e-02	
   0.0000000e+00	   0.0000000e+00	             NaN	             NaN	             NaN	             NaN	             NaN	   1.6964284e-01	   1.1973001e-01	   1.2841237e-01	   1.0677072e-01	   1.4113570e-01	   1.5038482e-01	   1.3123007e-01	   1.7168222e-01	   1.7223294e-01	   1.6912511e-01	   1.4175132e-01	   1.3839919e-01	   1.3261709e-01	   1.1921663e-01	   1.1601988e-01	   8.9076382e-02	   9.0107987e-02	   8.5660702e-02	   8.8371984e-02	   8.0398176e-02	   7.8227854e-02	   7.0084699e-02	   7.1524209e-02	   7.0959252e-02	   7.1350537e-02	   6.5053222e-02	
   0.0000000e+00	   0.0000000e+00	             NaN	             NaN	             NaN	             NaN	             NaN	             NaN	   1.3064003e-01	   1.0161500e-01	   1.3104960e-01	   1.1781627e-01	   1.5749425e-01	   1.4004661e-01	   1.5207882e-01	   1.3665867e-01	   1.4576520e-01	   1.5090957e-01	   1.3842917e-01	   9.8495170e-02	   9.9986066e-02	   1.2595695e-01	   1.0267366e-01	   7.2563228e-02	   7.5699300e-02	   8.3481996e-02	   6.8139502e-02	   6.1992787e-02	   7.9220821e-02	   7.0067055e-02	   7.5559317e-02	   7.1428869e-02	   7.5806256e-02	
   0.0000000e+00	   0.0000000e+00	             NaN	             NaN	             NaN	             NaN	             NaN	             NaN	   1.2124606e-01	   8.7907914e-02	   9.2225982e-02	   1.2921764e-01	   1.1908003e-01	   1.5052930e-01	   1.3684359e-01	   1.5150302e-01	   1.2867908e-01	   1.3705784e-01	   1.2897006e-01	   1.1057488e-01	   1.0205219e-01	   8.5888484e-02	   9.1930060e-02	   8.2947412e-02	   7.8372135e-02	   8.0689402e-02	   6.4972582e-02	   8.1780749e-02	   7.4420652e-02	   6.5255530e-02	   7.0201574e-02	   5.4411101e-02	   7.0189368e-02	
   0.0000000e+00	   0.0000000e+00	   0.0000000e+00	             NaN	             NaN	             NaN	             NaN	             NaN	   1.6190493e-01	   1.1897640e-01	   1.3134743e-01	   1.1769348e-01	   1.2689685e-01	   1.0530864e-01	   1.3464797e-01	   1.3249234e-01	   1.4471904e-01	   1.2922169e-01	   1.1789359e-01	   1.1359779e-01	   9.1202374e-02	   1.0016101e-01	   8.9727514e-02	   8.0718979e-02	   8.3814135e-02	   7.7908730e-02	   6.0896223e-02	   7.4089681e-02	   8.0592964e-02	   5.4194332e-02	   7.3883618e-02	   6.4851394e-02	   6.4186535e-02	
   0.0000000e+00	   0.0000000e+00	   0.0000000e+00	             NaN	             NaN	             NaN	             NaN	             NaN	   1.3254724e-01	   1.2723214e-01	   1.1429166e-01	   1.0961028e-01	   1.1814284e-01	   1.2865939e-01	   1.2231982e-01	   1.2838229e-01	   1.3124408e-01	   1.2112072e-01	   1.1887657e-01	   9.6420417e-02	   9.3235107e-02	   1.0629307e-01	   1.0021318e-01	   8.2464609e-02	   7.9201466e-02	   7.9271147e-02	   6.6123887e-02	   6.0302811e-02	   7.2552387e-02	   6.1507860e-02	   6.3760399e-02	   6.0106214e-02	   6.9603396e-02	
   0.0000000e+00	   0.0000000e+00	   0.0000000e+00	             NaN	             NaN	             NaN	             NaN	             NaN	   1.8438170e-01	   1.0727420e-01	   1.2885852e-01	   1.2392138e-01	   1.1785546e-01	   1.2900270e-01	   1.1361027e-01	   1.3327617e-01	   1.1290079e-01	   1.0310849e-01	   1.1742437e-01	   8.6899081e-02	   9.9987183e-02	   7.2932671e-02	   9.0477121e-02	   9.0426397e-02	   6.8310040e-02	   6.8185170e-02	   7.0281432e-02	   7.0108412e-02	   6.2419075e-02	   7.4689177e-02	   6.6242985e-02	   6.8051053e-02	   6.5975959e-02	
   0.0000000e+00	   0.0000000e+00	   0.0000000e+00	             NaN	             NaN	             NaN	             NaN	             NaN	   6.3307624e-02	   8.2849869e-02	   1.2019800e-01	   9.6703347e-02	   1.1565018e-01	   1.0311314e-01	   1.1518845e-01	   1.1331605e-01	   1.1787090e-01	   1.2389876e-01	   9.7486048e-02	   9.2051708e-02	   9.7573036e-02	   1.0014927e-01	   8.6102908e-02	   6.9493808e-02	   6.6809184e-02	   7.1629929e-02	   6.9656114e-02	   6.0385494e-02	   5.4601831e-02	   6.1943218e-02	   6.4324344e-02	   5.2032190e-02	   6.0518188e-02	
   0.0000000e+00	   0.0000000e+00	   0.0000000e+00	             NaN	             NaN	             NaN	             NaN	             NaN	             NaN	   1.2424104e-01	   8.2379811e-02	   1.2480441e-01	   8.5712755e-02	   8.9425907e-02	   1.4523670e-01	   1.2208112e-01	   1.1415686e-01	   1.0930929e-01	   1.1156715e-01	   1.1580584e-01	   8.5049527e-02	   9.3477658e-02	   7.2705573e-02	   5.9883868e-02	   6.6316206e-02	   6.3578071e-02	   6.7536303e-02	   6.3643038e-02	   5.9000177e-02	   6.7926352e-02	   6.7481542e-02	   5.7943641e-02	   5.3017105e-02	
   0.0000000e+00	   0.0000000e+00	   0.0000000e+00	   0.0000000e+00	             NaN	             NaN	             NaN	             NaN	             NaN	   6.2444409e-02	   7.5875141e-02	   7.6647655e-02	   1.0408827e-01	   1.0111135e-01	   1.2524344e-01	   1.0191945e-01	   1.2986496e-01	   1.0866133e-01	   9.6079486e-02	   1.1329765e-01	   9.9028058e-02	   7.8750213e-02	   7.6372780e-02	   7.1625586e-02	   7.1478871e-02	   6.7969029e-02	   5.0715580e-02	   6.0440533e-02	   6.5144156e-02	   5.5161718e-02	   6.4348257e-02	   6.0619620e-02	   6.9280639e-02	
   0.0000000e+00	   0.0000000e+00	   0.0000000e+00	   0.0000000e+00	             NaN	             NaN	             NaN	             NaN	             NaN	   1.3563409e-01	   1.0791834e-01	   8.5303760e-02	   1.1379122e-01	   1.2388747e-01	   1.2890951e-01	   9.5153892e-02	   1.1032236e-01	   1.0134914e-01	   1.0128189e-01	   9.2248336e-02	   8.7888811e-02	   6.3263945e-02	   7.6726158e-02	   6.4791839e-02	   6.7405987e-02	   5.0883799e-02	   7.0634005e-02	   7.7975194e-02	   6.2225286e-02	   6.6015499e-02	   6.4893080e-02	   6.0547430e-02	   5.8403273e-02	
   0.0000000e+00	   0.0000000e+00	   0.0000000e+00	   0.0000000e+00	             NaN	             NaN	             NaN	             NaN	             NaN	   6.5716207e-02	   1.1178449e-01	   1.1574328e-01	   9.4419903e-02	   9.9719825e-02	   1.1269271e-01	   9.4274073e-02	   9.8312729e-02	   8.2289989e-02	   7.7451353e-02	   7.8285165e-02	   1.0108341e-01	   8.3127590e-02	   7.6023482e-02	   7.1624163e-02	   5.2626817e-02	   3.8692875e-02	   6.3759399e-02	   4.5394598e-02	   5.9602059e-02	   5.9839220e-02	   5.7415477e-02	   6.0379497e-02	   5.4419013e-02	
   0.0000000e+00	   0.0000000e+00	   0.0000000e+00	   0.0000000e+00	             NaN	             NaN	             NaN	             NaN	             NaN	   1.1234247e-01	   1.0566075e-01	   1.0676090e-01	   7.5109849e-02	   7.1877112e-02	   1.1827979e-01	   9.1879242e-02	   8.9269624e-02	   9.7666570e-02	   1.0325354e-01	   8.4897245e-02	   6.9427197e-02	   6.6821851e-02	   8.1309726e-02	   6.5953030e-02	   4.4131078e-02	   5.8134209e-02	   4.7039592e-02	   4.9055050e-02	   5.2285850e-02	   5.9804990e-02	   5.3365532e-02	   6.2214897e-02	   5.4813913e-02	
   0.0000000e+00	   0.0000000e+00	   0.0000000e+00	   0.0000000e+00	             NaN	             NaN	             NaN	             NaN	             NaN	             NaN	   6.9539601e-02	   8.4925404e-02	   6.6215342e-02	   1.1856255e-01	   1.0323655e-01	   8.6566536e-02	   8.9604823e-02	   9.7023839e-02	   9.1839429e-02	   9.4706424e-02	   7.5073321e-02	   7.1898210e-02	   7.7353025e-02	   5.2812653e-02	   6.1265291e-02	   5.9082461e-02	   6.2340944e-02	   6.8469391e-02	   4.4683019e-02	   6.2135878e-02	   5.3656527e-02	   5.8078148e-02	   7.1835240e-02	
   0.0000000e+00	   0.0000000e+00	   0.0000000e+00	   0.0000000e+00	             NaN	             NaN	             NaN	             NaN	             NaN	             NaN	   1.1101391e-01	   1.2246038e-01	   1.0977948e-01	   1.2167729e-01	   1.0446036e-01	   1.1863597e-01	   1.0467822e-01	   7.7186547e-02	   9.1194725e-02	   7.9215645e-02	   8.1969572e-02	   5.8714216e-02	   7.4849757e-02	   5.9077272e-02	   5.9858896e-02	   6.5725616e-02	   5.3260920e-02	   5.5740205e-02	   5.4126746e-02	   4.6155327e-02	   5.8045397e-02	   5.6517240e-02	   3.9422941e-02	
   0.0000000e+00	   0.0000000e+00	   0.0000000e+00	   0.0000000e+00	   0.0000000e+00	             NaN	             NaN	             NaN	             NaN	             NaN	   1.1224338e-01	   8.0625415e-02	   6.6115765e-02	   8.7620114e-02	   1.1563884e-01	   7.0015034e-02	   1.0313302e-01	   6.9821439e-02	   8.7707957e-02	   8.1869361e-02	   8.8132059e-02	   7.4284464e-02	   7.1025627e-02	   6.3269368e-02	   6.2779893e-02	   6.2263657e-02	   5.2828221e-02	   5.4148133e-02	   5.5167546e-02	   5.3058344e-02	   4.5206837e-02	   6.0825283e-02	   5.1944194e-02	
   0.0000000e+00	   0.0000000e+00	   0.0000000e+00	   0.0000000e+00	   0.0000000e+00	             NaN	             NaN	             NaN	             NaN	             NaN	   8.4799411e-02	   6.5605441e-02	   7.5735092e-02	   8.3995668e-02	   7.8688772e-02	   9.0556913e-02	   6.5700231e-02	   1.0347760e-01	   8.0186929e-02	   6.6547656e-02	   7.3761838e-02	   8.6421296e-02	   6.2485333e-02	   6.9958768e-02	   5.9051881e-02	   4.6282927e-02	   4.9976060e-02	   5.3889042e-02	   4.7852455e-02	   4.0407902e-02	   5.7696975e-02	   4.6380229e-02	   4.9767253e-02	
   0.0000000e+00	   0.0000000e+00	   0.0000000e+00	   0.0000000e+00	   0.0000000e+00	             NaN	             NaN	             NaN	             NaN	             NaN	   8.6564216e-02	   5.7166593e-02	   9.3350561e-02	   5.9222037e-02	   7.2011136e-02	   8.6780688e-02	   9.3948573e-02	   7.9016128e-02	   7.4941228e-02	   6.7676067e-02	   6.0128458e-02	   6.4002292e-02	   7.4488549e-02	   5.7397737e-02	   4.7692714e-02	   4.5709670e-02	   4.5645253e-02	   3.5869763e-02	   4.5994827e-02	   5.1171449e-02	   6.2365070e-02	   5.2096269e-02	   5.1166961e-02	
   0.0000000e+00	   0.0000000e+00	   0.0000000e+00	   0.0000000e+00	   0.0000000e+00	             NaN	             NaN	             NaN	             NaN	             NaN	             NaN	   6.4522924e-02	   8.0899199e-02	   7.1053782e-02	   8.8379205e-02	   1.0245383e-01	   9.6397832e-02	   9.1056743e-02	   6.5741009e-02	   8.6445798e-02	   6.9679819e-02	   4.3645274e-02	   5.7491615e-02	   5.7812433e-02	   4.9284712e-02	   4.6845357e-02	   4.9381255e-02	   6.1222528e-02	   4.6956299e-02	   4.7756818e-02	   3.9720921e-02	   6.4550112e-02	   5.2586324e-02	
   0.0000000e+00	   0.0000000e+00	   0.0000000e+00	   0.0000000e+00	   0.0000000e+00	             NaN	             NaN	             NaN	             NaN	             NaN	             NaN	   5.8852535e-02	   7.1200720e-02	   1.0705573e-01	   7.2232774e-02	   7.7392522e-02	   8.3404624e-02	   8.2325253e-02	   7.5266683e-02	   6.2906191e-02	   6.7868259e-02	   6.6038023e-02	   5.2044059e-02	   4.1781094e-02	   4.4455522e-02	   4.9400215e-02	   5.2090101e-02	   5.4913356e-02	   4.7379281e-02	   5.2470773e-02	   4.3161450e-02	   4.4064590e-02	   5.6520136e-02	
   0.0000000e+00	   0.0000000e+00	   0.0000000e+00	   0.0000000e+00	   0.0000000e+00	   0.0000000e+00	             NaN	             NaN	             NaN	             NaN	             NaN	   8.2599864e-02	   8.2223143e-02	   9.0605138e-02	   8.0290326e-02	   8.9322417e-02	   1.0222368e-01	   7.3028445e-02	   6.4820147e-02	   5.6640450e-02	   5.4151600e-02	   5.7635584e-02	   5.6439587e-02	   3.6093410e-02	   5.3949475e-02	   4.7780222e-02	   4.1176201e-02	   4.7374393e-02	   4.5289036e-02	   4.7275699e-02	   3.9773423e-02	   3.7378599e-02	   5.3947986e-02	
   0.0000000e+00	   0.0000000e+00	   0.0000000e+00	   0.0000000e+00	   0.0000000e+00	   0.0000000e+00	             NaN	             NaN	             NaN	             NaN	             NaN	   5.9275975e-02	   5.6515274e-02	   7.3366586e-02	   6.7398849e-02	   6.5567335e-02	   6.7390246e-02	   7.5949712e-02	   5.4208366e-02	   7.0202051e-02	   6.4335815e-02	   5.4994791e-02	   6.3750156e-02	   4.7272800e-02	   4.6394399e-02	   4.4167402e-02	   4.8733595e-02	   5.0786390e-02	   5.1504674e-02	   5.0835515e-02	   4.1540431e-02	   3.3757200e-02	   4.0314130e-02	
   0.0000000e+00	   0.0000000e+00	   0.0000000e+00	   0.0000000e+00	   0.0000000e+00	   0.0000000e+00	             NaN	             NaN	             NaN	             NaN	             NaN	   8.5522542e-02	   5.9790401e-02	   6.0241153e-02	   5.2720575e-02	   8.9201024e-02	   8.0105439e-02	   6.4481638e-02	   5.9026831e-02	   5.6190786e-02	   6.6196717e-02	   6.7659063e-02	   6.5566543e-02	   3.8715788e-02	   5.1854085e-02	   4.7208924e-02	   4.4499158e-02	   4.6702170e-02	   3.9094633e-02	   5.5993168e-02	   5.0569640e-02	   3.5536799e-02	   3.8046271e-02	
   0.0000000e+00	   0.0000000e+00	   0.0000000e+00	   0.0000000e+00	   0.0000000e+00	   0.0000000e+00	             NaN	             NaN	             NaN	             NaN	             NaN	             NaN	   4.4436353e-02	   8.3427290e-02	   8.1445454e-02	   6.6689479e-02	   5.4829821e-02	   7.1432289e-02	   6.9973870e-02	   8.2352459e-02	   5.9667478e-02	   5.5739038e-02	   4.1168665e-02	   4.6553736e-02	   3.8235455e-02	   4.9242074e-02	   5.1178413e-02	   4.0204865e-02	   3.5497748e-02	   4.7734972e-02	   3.9290597e-02	   3.9921243e-02	   3.9948804e-02	
   0.0000000e+00	   0.0000000e+00	   0.0000000e+00	   0.0000000e+00	   0.0000000e+00	   0.0000000e+00	             NaN	             NaN	             NaN	             NaN	             NaN	             NaN	   9.5229732e-02	   4.6883924e-02	   9.5194447e-02	   5.3000670e-02	   6.8681059e-02	   5.7778694e-02	   4.3526193e-02	   5.3357814e-02	   6.2693107e-02	   4.4214696e-02	   5.0172483e-02	   4.2351912e-02	   4.2132676e-02	   4.1177516e-02	   5.4446205e-02	   3.8541721e-02	   5.0666609e-02	   3.9526933e-02	   4.4947645e-02	   2.9658644e-02	   4.4270013e-02	
   0.0000000e+00	   0.0000000e+00	   0.0000000e+00	   0.0000000e+00	   0.0000000e+00	   0.0000000e+00	   0.0000000e+00	             NaN	             NaN	             NaN	             NaN	             NaN	   4.4742036e-02	   5.5987030e-02	   5.7352583e-02	   5.7316846e-02	   5.9933072e-02	   6.9069751e-02	   6.1309785e-02	   6.6079828e-02	   2.4611124e-02	   5.4529880e-02	   5.2173689e-02	   4.5181174e-02	   4.0916633e-02	   4.2993205e-02	   4.6911434e-02	   4.2259423e-02	   4.5664234e-02	   4.3236925e-02	   3.1463183e-02	   4.6562486e-02	   4.4550033e-02	
   0.0000000e+00	   0.0000000e+00	   0.0000000e+00	   0.0000000e+00	   0.0000000e+00	   0.0000000e+00	   0.0000000e+00	             NaN	             NaN	             NaN	             NaN	             NaN	   6.2635502e-02	   5.8381669e-02	   6.3998900e-02	   3.8956523e-02	   6.5705851e-02	   6.4797713e-02	   4.4617429e-02	   6.8779594e-02	   4.3009538e-02	   4.0498554e-02	   5.2041618e-02	   5.2951233e-02	   4.1191954e-02	   4.4928396e-02	   4.9418240e-02	   3.9530783e-02	   4.2405259e-02	   3.4449084e-02	   3.0148605e-02	   3.5540227e-02	   3.5403249e-02	
   0.0000000e+00	   0.0000000e+00	   0.0000000e+00	   0.0000000e+00	   0.0000000e+00	   0.0000000e+00	   0.0000000e+00	             NaN	             NaN	             NaN	             NaN	             NaN	   7.2380361e-02	   6.0682913e-02	   4.8569241e-02	   9.3133936e-02	   7.1133909e-02	   5.1304324e-02	   4.3818340e-02	   4.0772117e-02	   6.5889598e-02	   4.7286186e-02	   5.3920178e-02	   4.2902669e-02	   4.7156575e-02	   2.8696882e-02	   3.2713362e-02	   4.0828547e-02	   4.2341498e-02	   3.2438359e-02	   3.8459401e-02	   3.5947988e-02	   1.6358998e-02	
   0.0000000e+00	   0.0000000e+00	   0.0000000e+00	   0.0000000e+00	   0.0000000e+00	   0.0000000e+00	   0.0000000e+00	             NaN	             NaN	             NaN	             NaN	             NaN	             NaN	   7.8149802e-02	   8.6997213e-02	   7.5900407e-02	   7.1549362e-02	   4.1183703e-02	   5.1439238e-02	   5.4304197e-02	   3.4363889e-02	   3.8134242e-02	   5.6988601e-02	   3.8631829e-02	   3.7358451e-02	   4.3010996e-02	   2.5116159e-02	   3.0137374e-02	   4.5811921e-02	   3.7442027e-02	   3.3591224e-02	   3.2092682e-02	   3.3441221e-02	
   0.0000000e+00	   0.0000000e+00	   0.0000000e+00	   0.0000000e+00	   0.0000000e+00	   0.0000000e+00	   0.0000000e+00	             NaN	             NaN	             NaN	             NaN	             NaN	             NaN	   6.8583437e-02	   6.8109443e-02	   6.3489521e-02	   7.6981924e-02	   4.2340705e-02	   4.9685623e-02	   5.1087766e-02	   4.4468380e-02	   2.6677756e-02	   3.8119802e-02	   3.2805180e-02	   2.8704369e-02	   3.9010661e-02	   3.5672450e-02	   3.4295192e-02	   3.3852653e-02	   3.1364397e-02	   4.6551081e-02	   2.4973007e-02	   2.8877743e-02	
   0.0000000e+00	   0.0000000e+00	   0.0000000e+00	   0.0000000e+00	   0.0000000e+00	   0.0000000e+00	   0.0000000e+00	   0.0000000e+00	             NaN	             NaN	             NaN	             NaN	             NaN	   1.0131209e-01	   6.2465569e-02	   5.1474038e-02	   6.0224762e-02	   5.6889858e-02	   1.4232580e-02	   7.4090134e-02	   4.4306794e-02	   4.0800132e-02	   4.1096260e-02	   4.1427158e-02	   3.1945986e-02	   4.4329986e-02	   4.2589573e-02	   2.5476675e-02	   3.0628965e-02	   3.6831564e-02	   4.6299844e-02	   3.6296729e-02	   3.2904268e-02	
   0.0000000e+00	   0.0000000e+00	   0.0000000e+00	   0.0000000e+00	   0.0000000e+00	   0.0000000e+00	   0.0000000e+00	   0.0000000e+00	             NaN	             NaN	             NaN	             NaN	             NaN	   5.0010472e-02	   6.2391440e-02	   5.9328934e-02	   5.3516219e-02	   3.2400369e-02	   5.1083423e-02	   4.9160090e-02	   3.1094026e-02	   2.5932185e-02	   5.5219668e-02	   5.3196296e-02	   2.9510911e-02	   3.4755331e-02	   4.1126930e-02	   4.5560739e-02	   3.5709032e-02	   3.9814740e-02	   2.9515247e-02	   4.0970740e-02	   2.7115625e-02	
   0.0000000e+00	   0.0000000e+00	   0.0000000e+00	   0.0000000e+00	   0.0000000e+00	   0.0000000e+00	   0.0000000e+00	   0.0000000e+00	             NaN	             NaN	             NaN	             NaN	             NaN	   4.7813394e-02	   4.9761504e-02	   7.1080629e-02	   3.7274993e-02	   6.6720721e-02	   3.5605500e-02	   6.0948231e-02	   5.8314485e-02	   3.6377425e-02	   4.1157788e-02	   3.9095043e-02	   3.8421714e-02	   3.5196933e-02	   3.0727806e-02	   3.7735572e-02	   3.8713438e-02	   3.9508952e-02	   3.2044568e-02	   4.5133306e-02	   2.9785845e-02	
   0.0000000e+00	   0.0000000e+00	   0.0000000e+00	   0.0000000e+00	   0.0000000e+00	   0.0000000e+00	   0.0000000e+00	   0.0000000e+00	             NaN	             NaN	             NaN	             NaN	             NaN	             NaN	   5.0514415e-02	   3.8740436e-02	   3.4571693e-02	   6.0399079e-02	   5.8788343e-02	   2.9967006e-02	   4.9203151e-02	   5.6150752e-02	   3.4438428e-02	   4.6536408e-02	   3.0443877e-02	   4.5596330e-02	   3.5458400e-02	   4.5803212e-02	   4.1053264e-02	   4.0676955e-02	   2.5077481e-02	   3.5817149e-02	   2.6364377e-02	
   0.0000000e+00	   0.0000000e+00	   0.0000000e+00	   0.0000000e+00	   0.0000000e+00	   0.0000000e+00	   0.0000000e+00	   0.0000000e+00	             NaN	             NaN	             NaN	             NaN	             NaN	             NaN	   4.8677714e-02	   4.9970866e-02	   6.0350586e-02	   5.7989126e-02	   3.5162047e-02	   4.4898091e-02	   3.5687346e-02	   4.9692182e-02	   4.2310336e-02	   4.3699901e-02	   2.8422547e-02	   3.5712079e-02	   3.9105152e-02	   3.0906917e-02	   2.8306226e-02	   2.7339832e-02	   4.2739047e-02	   4.4030641e-02	   3.4577034e-02	
   0.0000000e+00	   0.0000000e+00	   0.0000000e+00	   0.0000000e+00	   0.0000000e+00	   0.0000000e+00	   0.0000000e+00	   0.0000000e+00	   0.0000000e+00	             NaN	             NaN	             NaN	             NaN	             NaN	   7.8618370e-02	   3.9113853e-02	   4.8573818e-02	   4.8030714e-02	   3.9565926e-02	   4.8356648e-02	   4.0198330e-02	   2.8774713e-02	   3.8122070e-02	   4.4857339e-02	   3.1406561e-02	   4.4734199e-02	   3.4105116e-02	   2.9556188e-02	   3.1017354e-02	   3.8740799e-02	   2.6094359e-02	   4.5800765e-02	   3.3878324e-02	
   0.0000000e+00	   0.0000000e+00	   0.0000000e+00	   0.0000000e+00	   0.0000000e+00	   0.0000000e+00	   0.0000000e+00	   0.0000000e+00	   0.0000000e+00	             NaN	             NaN	             NaN	             NaN	             NaN	   4.8800572e-02	   5.9156603e-02	   3.8604102e-02	   3.1232994e-02	   3.6702884e-02	   4.2452309e-02	   3.3621669e-02	   4.2168774e-02	   3.5298696e-02	   4.4966575e-02	   1.9764885e-02	   2.8712380e-02	   4.4902497e-02	   2.2689149e-02	   3.3859426e-02	   2.2399732e-02	   3.4466550e-02	   2.4527775e-02	   2.4163412e-02	
   0.0000000e+00	   0.0000000e+00	   0.0000000e+00	   0.0000000e+00	   0.0000000e+00	   0.0000000e+00	   0.0000000e+00	   0.0000000e+00	   0.0000000e+00	             NaN	             NaN	             NaN	             NaN	             NaN	   2.7516014e-02	   4.0983210e-02	   4.1762343e-02	   5.6468364e-02	   5.5196443e-02	   3.3494528e-02	   2.9862935e-02	   4.3348514e-02	   3.6702744e-02	   6.3033934e-03	   3.2337634e-02	   2.2447551e-02	   3.1881727e-02	   3.4601216e-02	   2.9201953e-02	   2.1415438e-02	   2.7260500e-02	   3.3498898e-02	   2.7117313e-02	
   0.0000000e+00	   0.0000000e+00	   0.0000000e+00	   0.0000000e+00	   0.0000000e+00	   0.0000000e+00	   0.0000000e+00	   0.0000000e+00	   0.0000000e+00	             NaN	             NaN	             NaN	             NaN	             NaN	             NaN	   8.2193605e-02	   5.4889821e-02	   3.5779437e-02	   2.1705378e-02	   3.9321448e-02	   4.7103196e-02	   3.2638657e-02	   2.4422697e-02	   4.0176913e-02	   4.1878539e-02	   2.2703536e-02	   2.8716092e-02	   1.1334717e-02	   3.4841389e-02	   2.5938936e-02	   2.4838793e-02	   2.2076655e-02	   3.6716302e-02	
   0.0000000e+00	   0.0000000e+00	   0.0000000e+00	   0.0000000e+00	   0.0000000e+00	   0.0000000e+00	   0.0000000e+00	   0.0000000e+00	   0.0000000e+00	             NaN	             NaN	             NaN	             NaN	             NaN	             NaN	   3.7002867e-02	   4.6158608e-02	   5.4652900e-02	   4.3124209e-02	   4.4247847e-02	   2.4112130e-02	   3.6509684e-02	   4.4762320e-02	   3.0197714e-02	   3.6974459e-02	   3.8295087e-02	   2.9042510e-02	   1.4050490e-02	   3.2847260e-02	   4.5241419e-02	   1.9528718e-02	   3.4018070e-02	   3.3370943e-02	
   0.0000000e+00	   0.0000000e+00	   0.0000000e+00	   0.0000000e+00	   0.0000000e+00	   0.0000000e+00	   0.0000000e+00	   0.0000000e+00	   0.0000000e+00	   0.0000000e+00	             NaN	             NaN	             NaN	             NaN	             NaN	   6.2122362e-02	   4.9294487e-02	   1.3644271e-02	   3.4096745e-02	   3.1047491e-02	   3.5379919e-02	   3.1927660e-02	   3.6753984e-02	   4.3714969e-02	   3.2711374e-02	   1.9501394e-02	   4.2372909e-02	   3.7720080e-02	   1.8994846e-02	   2.1365295e-02	   1.2269112e-02	   2.2399529e-02	   1.8919831e-02	
