   1.8108921e+00	  -2.7399069e+00	  -4.6180011e-01	             NaN	             NaN	             NaN	             NaN	             NaN	             NaN	             NaN	             NaN	             NaN	             NaN	             NaN	   0.0000000e+00	   0.0000000e+00	   0.0000000e+00	   0.0000000e+00	   0.0000000e+00	   0.0000000e+00	   0.0000000e+00	   0.0000000e+00	   0.0000000e+00	   0.0000000e+00	   0.0000000e+00	   0.0000000e+00	   0.0000000e+00	   0.0000000e+00	   0.0000000e+00	   0.0000000e+00	   0.0000000e+00	   0.0000000e+00	   0.0000000e+00	
  -7.8982184e-01	   7.0419558e-01	  -1.2343968e-01	             NaN	             NaN	             NaN	             NaN	             NaN	             NaN	             NaN	             NaN	             NaN	             NaN	             NaN	   0.0000000e+00	   0.0000000e+00	   0.0000000e+00	   0.0000000e+00	   0.0000000e+00	   0.0000000e+00	   0.0000000e+00	   0.0000000e+00	   0.0000000e+00	   0.0000000e+00	   0.0000000e+00	   0.0000000e+00	   0.0000000e+00	   0.0000000e+00	   0.0000000e+00	   0.0000000e+00	   0.0000000e+00	   0.0000000e+00	   0.0000000e+00	
   1.8288133e+00	   1.0339978e+00	   1.1588236e+00	             NaN	             NaN	             NaN	             NaN	             NaN	             NaN	             NaN	             NaN	             NaN	             NaN	             NaN	   0.0000000e+00	   0.0000000e+00	   0.0000000e+00	   0.0000000e+00	   0.0000000e+00	   0.0000000e+00	   0.0000000e+00	   0.0000000e+00	   0.0000000e+00	   0.0000000e+00	   0.0000000e+00	   0.0000000e+00	   0.0000000e+00	   0.0000000e+00	   0.0000000e+00	   0.0000000e+00	   0.0000000e+00	   0.0000000e+00	   0.0000000e+00	
   4.9797094e+00	   1.0053463e+00	   2.1643034e+00	   6.4690491e+00	             NaN	             NaN	             NaN	             NaN	             NaN	             NaN	             NaN	             NaN	             NaN	             NaN	             NaN	   0.0000000e+00	   0.0000000e+00	   0.0000000e+00	   0.0000000e+00	   0.0000000e+00	   0.0000000e+00	   0.0000000e+00	   0.0000000e+00	   0.0000000e+00	   0.0000000e+00	   0.0000000e+00	   0.0000000e+00	   0.0000000e+00	   0.0000000e+00	   0.0000000e+00	   0.0000000e+00	   0.0000000e+00	   0.0000000e+00	
   3.4699802e+00	   1.5216482e+00	   4.2232214e+00	   6.1828960e+00	             NaN	             NaN	             NaN	             NaN	             NaN	             NaN	             NaN	             NaN	             NaN	             NaN	             NaN	   0.0000000e+00	   0.0000000e+00	   0.0000000e+00	   0.0000000e+00	   0.0000000e+00	   0.0000000e+00	   0.0000000e+00	   0.0000000e+00	   0.0000000e+00	   0.0000000e+00	   0.0000000e+00	   0.0000000e+00	   0.0000000e+00	   0.0000000e+00	   0.0000000e+00	   0.0000000e+00	   0.0000000e+00	   0.0000000e+00	
   4.8366227e+00	   2.8546903e+00	   3.4792676e+00	   6.6215564e+00	   1.0652998e+01	             NaN	             NaN	             NaN	             NaN	             NaN	             NaN	             NaN	             NaN	             NaN	             NaN	             NaN	   0.0000000e+00	   0.0000000e+00	   0.0000000e+00	   0.0000000e+00	   0.0000000e+00	   0.0000000e+00	   0.0000000e+00	   0.0000000e+00	   0.0000000e+00	   0.0000000e+00	   0.0000000e+00	   0.0000000e+00	   0.0000000e+00	   0.0000000e+00	   0.0000000e+00	   0.0000000e+00	   0.0000000e+00	
   3.0468505e+00	   3.1127444e+00	   4.5848357e+00	   7.8275143e+00	   1.0385174e+01	             NaN	             NaN	             NaN	             NaN	             NaN	             NaN	             NaN	             NaN	             NaN	             NaN	             NaN	   0.0000000e+00	   0.0000000e+00	   0.0000000e+00	   0.0000000e+00	   0.0000000e+00	   0.0000000e+00	   0.0000000e+00	   0.0000000e+00	   0.0000000e+00	   0.0000000e+00	   0.0000000e+00	   0.0000000e+00	   0.0000000e+00	   0.0000000e+00	   0.0000000e+00	   0.0000000e+00	   0.0000000e+00	
   5.9304043e+00	   4.7688404e+00	   5.2054003e+00	   6.8210714e+00	   1.0132301e+01	             NaN	             NaN	             NaN	             NaN	             NaN	             NaN	             NaN	             NaN	             NaN	             NaN	             NaN	   0.0000000e+00	   0.0000000e+00	   0.0000000e+00	   0.0000000e+00	   0.0000000e+00	   0.0000000e+00	   0.0000000e+00	   0.0000000e+00	   0.0000000e+00	   0.0000000e+00	   0.0000000e+00	   0.0000000e+00	   0.0000000e+00	   0.0000000e+00	   0.0000000e+00	   0.0000000e+00	   0.0000000e+00	
   5.6338500e+00	   4.5352939e+00	   4.6467005e+00	   7.0223216e+00	   1.0252462e+01	   1.3039528e+01	             NaN	             NaN	             NaN	             NaN	             NaN	             NaN	             NaN	             NaN	             NaN	             NaN	             NaN	   0.0000000e+00	   0.0000000e+00	   0.0000000e+00	   0.0000000e+00	   0.0000000e+00	   0.0000000e+00	   0.0000000e+00	   0.0000000e+00	   0.0000000e+00	   0.0000000e+00	   0.0000000e+00	   0.0000000e+00	   0.0000000e+00	   0.0000000e+00	   0.0000000e+00	   0.0000000e+00	
   5.6360698e+00	   3.9223605e+00	   5.2016540e+00	   7.1767866e+00	   9.7128997e+00	   1.2023994e+01	             NaN	             NaN	             NaN	             NaN	             NaN	             NaN	             NaN	             NaN	             NaN	             NaN	             NaN	   0.0000000e+00	   0.0000000e+00	   0.0000000e+00	   0.0000000e+00	   0.0000000e+00	   0.0000000e+00	   0.0000000e+00	   0.0000000e+00	   0.0000000e+00	   0.0000000e+00	   0.0000000e+00	   0.0000000e+00	   0.0000000e+00	   0.0000000e+00	   0.0000000e+00	   0.0000000e+00	
   4.7100732e+00	   3.8301442e+00	   5.1705607e+00	   7.0030565e+00	   9.4661619e+00	   1.1724783e+01	   1.3006651e+01	             NaN	             NaN	             NaN	             NaN	             NaN	             NaN	             NaN	             NaN	             NaN	             NaN	             NaN	   0.0000000e+00	   0.0000000e+00	   0.0000000e+00	   0.0000000e+00	   0.0000000e+00	   0.0000000e+00	   0.0000000e+00	   0.0000000e+00	   0.0000000e+00	   0.0000000e+00	   0.0000000e+00	   0.0000000e+00	   0.0000000e+00	   0.0000000e+00	   0.0000000e+00	
   3.9667606e+00	   4.3337092e+00	   4.7554668e+00	   7.0654101e+00	   9.5035879e+00	   1.1032909e+01	   1.2229477e+01	             NaN	             NaN	             NaN	             NaN	             NaN	             NaN	             NaN	             NaN	             NaN	             NaN	             NaN	   0.0000000e+00	   0.0000000e+00	   0.0000000e+00	   0.0000000e+00	   0.0000000e+00	   0.0000000e+00	   0.0000000e+00	   0.0000000e+00	   0.0000000e+00	   0.0000000e+00	   0.0000000e+00	   0.0000000e+00	   0.0000000e+00	   0.0000000e+00	   0.0000000e+00	
   4.7080589e+00	   5.6377452e+00	   5.1828504e+00	   6.9975584e+00	   9.3447152e+00	   1.0705310e+01	   1.1702112e+01	             NaN	             NaN	             NaN	             NaN	             NaN	             NaN	             NaN	             NaN	             NaN	             NaN	             NaN	   0.0000000e+00	   0.0000000e+00	   0.0000000e+00	   0.0000000e+00	   0.0000000e+00	   0.0000000e+00	   0.0000000e+00	   0.0000000e+00	   0.0000000e+00	   0.0000000e+00	   0.0000000e+00	   0.0000000e+00	   0.0000000e+00	   0.0000000e+00	   0.0000000e+00	
   6.2072513e+00	   4.2761637e+00	   5.6582298e+00	   7.5013691e+00	   8.7670022e+00	   1.0281315e+01	   1.0852204e+01	   1.0014595e+01	             NaN	             NaN	             NaN	             NaN	             NaN	             NaN	             NaN	             NaN	             NaN	             NaN	             NaN	   0.0000000e+00	   0.0000000e+00	   0.0000000e+00	   0.0000000e+00	   0.0000000e+00	   0.0000000e+00	   0.0000000e+00	   0.0000000e+00	   0.0000000e+00	   0.0000000e+00	   0.0000000e+00	   0.0000000e+00	   0.0000000e+00	   0.0000000e+00	
   5.1309037e+00	   4.7835027e+00	   5.8584855e+00	   6.7995693e+00	   8.8161857e+00	   9.4308270e+00	   9.9714857e+00	   9.2380941e+00	             NaN	             NaN	             NaN	             NaN	             NaN	             NaN	             NaN	             NaN	             NaN	             NaN	             NaN	   0.0000000e+00	   0.0000000e+00	   0.0000000e+00	   0.0000000e+00	   0.0000000e+00	   0.0000000e+00	   0.0000000e+00	   0.0000000e+00	   0.0000000e+00	   0.0000000e+00	   0.0000000e+00	   0.0000000e+00	   0.0000000e+00	   0.0000000e+00	
   5.2877788e+00	   4.8972965e+00	   5.2461768e+00	   6.4598561e+00	   8.2520168e+00	   8.9644487e+00	   9.6034310e+00	   8.3727119e+00	   6.1937452e+00	             NaN	             NaN	             NaN	             NaN	             NaN	             NaN	             NaN	             NaN	             NaN	             NaN	             NaN	   0.0000000e+00	   0.0000000e+00	   0.0000000e+00	   0.0000000e+00	   0.0000000e+00	   0.0000000e+00	   0.0000000e+00	   0.0000000e+00	   0.0000000e+00	   0.0000000e+00	   0.0000000e+00	   0.0000000e+00	   0.0000000e+00	
   5.2627771e+00	   4.3771767e+00	   5.6459706e+00	   6.4546064e+00	   7.3373916e+00	   8.3424766e+00	   8.7812160e+00	   7.7630680e+00	   5.6524008e+00	             NaN	             NaN	             NaN	             NaN	             NaN	             NaN	             NaN	             NaN	             NaN	             NaN	             NaN	   0.0000000e+00	   0.0000000e+00	   0.0000000e+00	   0.0000000e+00	   0.0000000e+00	   0.0000000e+00	   0.0000000e+00	   0.0000000e+00	   0.0000000e+00	   0.0000000e+00	   0.0000000e+00	   0.0000000e+00	   0.0000000e+00	
   4.1741552e+00	   4.9953912e+00	   5.3524082e+00	   6.4590912e+00	   6.7456932e+00	   7.7642931e+00	   8.2018304e+00	   7.0768584e+00	   5.3118083e+00	             NaN	             NaN	             NaN	             NaN	             NaN	             NaN	             NaN	             NaN	             NaN	             NaN	             NaN	   0.0000000e+00	   0.0000000e+00	   0.0000000e+00	   0.0000000e+00	   0.0000000e+00	   0.0000000e+00	   0.0000000e+00	   0.0000000e+00	   0.0000000e+00	   0.0000000e+00	   0.0000000e+00	   0.0000000e+00	   0.0000000e+00	
   4.2906472e+00	   4.2333964e+00	   5.0340577e+00	   5.6273103e+00	   6.6768620e+00	   7.4724384e+00	   7.4581992e+00	   6.7038456e+00	   4.7445514e+00	   3.0872177e+00	             NaN	             NaN	             NaN	             NaN	             NaN	             NaN	             NaN	             NaN	             NaN	             NaN	             NaN	   0.0000000e+00	   0.0000000e+00	   0.0000000e+00	   0.0000000e+00	   0.0000000e+00	   0.0000000e+00	   0.0000000e+00	   0.0000000e+00	   0.0000000e+00	   0.0000000e+00	   0.0000000e+00	   0.0000000e+00	
   4.8342879e+00	   3.9548236e+00	   4.9617865e+00	   5.5813189e+00	   6.4649092e+00	   7.0377040e+00	   6.9049538e+00	   5.9731323e+00	   4.4459752e+00	   2.8139084e+00	             NaN	             NaN	             NaN	             NaN	             NaN	             NaN	             NaN	             NaN	             NaN	             NaN	             NaN	   0.0000000e+00	   0.0000000e+00	   0.0000000e+00	   0.0000000e+00	   0.0000000e+00	   0.0000000e+00	   0.0000000e+00	   0.0000000e+00	   0.0000000e+00	   0.0000000e+00	   0.0000000e+00	   0.0000000e+00	
   3.7982566e+00	   4.1035350e+00	   4.4694750e+00	   4.7823840e+00	   6.0710672e+00	   6.1389161e+00	   6.1527446e+00	   5.4477369e+00	   4.1411593e+00	   2.4790258e+00	   2.2336085e+00	             NaN	             NaN	             NaN	             NaN	             NaN	             NaN	             NaN	             NaN	             NaN	             NaN	             NaN	   0.0000000e+00	   0.0000000e+00	   0.0000000e+00	   0.0000000e+00	   0.0000000e+00	   0.0000000e+00	   0.0000000e+00	   0.0000000e+00	   0.0000000e+00	   0.0000000e+00	   0.0000000e+00	
   4.4684059e+00	   4.1069795e+00	   4.4692999e+00	   5.3355114e+00	   5.6874452e+00	   5.8328669e+00	   5.6638173e+00	   5.2455872e+00	   3.8200550e+00	   2.4185199e+00	   1.8092726e+00	             NaN	             NaN	             NaN	             NaN	             NaN	             NaN	             NaN	             NaN	             NaN	             NaN	             NaN	   0.0000000e+00	   0.0000000e+00	   0.0000000e+00	   0.0000000e+00	   0.0000000e+00	   0.0000000e+00	   0.0000000e+00	   0.0000000e+00	   0.0000000e+00	   0.0000000e+00	   0.0000000e+00	
   4.4568281e+00	   3.8644982e+00	   4.0603428e+00	   4.8886631e+00	   5.1424244e+00	   5.3890032e+00	   5.7332959e+00	   4.7429089e+00	   3.5197108e+00	   2.3424234e+00	   1.5681111e+00	             NaN	             NaN	             NaN	             NaN	             NaN	             NaN	             NaN	             NaN	             NaN	             NaN	             NaN	   0.0000000e+00	   0.0000000e+00	   0.0000000e+00	   0.0000000e+00	   0.0000000e+00	   0.0000000e+00	   0.0000000e+00	   0.0000000e+00	   0.0000000e+00	   0.0000000e+00	   0.0000000e+00	
   3.9068152e+00	   3.8219996e+00	   4.1975711e+00	   4.5954476e+00	   4.9661564e+00	   5.0109644e+00	   4.9475827e+00	   4.3233932e+00	   3.1802215e+00	   2.1521088e+00	   1.4770000e+00	   1.5626602e+00	             NaN	             NaN	             NaN	             NaN	             NaN	             NaN	             NaN	             NaN	             NaN	             NaN	             NaN	   0.0000000e+00	   0.0000000e+00	   0.0000000e+00	   0.0000000e+00	   0.0000000e+00	   0.0000000e+00	   0.0000000e+00	   0.0000000e+00	   0.0000000e+00	   0.0000000e+00	
   4.2189578e+00	   3.2568588e+00	   3.9505209e+00	   4.4519219e+00	   4.3680570e+00	   4.5420098e+00	   4.4696253e+00	   3.7376329e+00	   2.9108992e+00	   1.9980130e+00	   1.4162493e+00	   1.1342071e+00	             NaN	             NaN	             NaN	             NaN	             NaN	             NaN	             NaN	             NaN	             NaN	             NaN	             NaN	   0.0000000e+00	   0.0000000e+00	   0.0000000e+00	   0.0000000e+00	   0.0000000e+00	   0.0000000e+00	   0.0000000e+00	   0.0000000e+00	   0.0000000e+00	   0.0000000e+00	
   3.1824821e+00	   3.2789708e+00	   3.5250664e+00	   3.8617597e+00	   4.0264643e+00	   4.3420660e+00	   4.0238354e+00	   3.5256814e+00	   2.7244595e+00	   1.9204060e+00	   1.3253893e+00	   9.8872844e-01	   1.4775536e+00	             NaN	             NaN	             NaN	             NaN	             NaN	             NaN	             NaN	             NaN	             NaN	             NaN	             NaN	   0.0000000e+00	   0.0000000e+00	   0.0000000e+00	   0.0000000e+00	   0.0000000e+00	   0.0000000e+00	   0.0000000e+00	   0.0000000e+00	   0.0000000e+00	
   3.3652915e+00	   3.2804991e+00	   3.2876544e+00	   3.2790514e+00	   3.8797037e+00	   3.7447185e+00	   3.6528405e+00	   3.2130678e+00	   2.5034051e+00	   1.7063799e+00	   1.2810511e+00	   8.9940740e-01	   1.0272071e+00	             NaN	             NaN	             NaN	             NaN	             NaN	             NaN	             NaN	             NaN	             NaN	             NaN	             NaN	   0.0000000e+00	   0.0000000e+00	   0.0000000e+00	   0.0000000e+00	   0.0000000e+00	   0.0000000e+00	   0.0000000e+00	   0.0000000e+00	   0.0000000e+00	
   2.4376947e+00	   3.0629328e+00	   2.9749472e+00	   3.3675285e+00	   3.2650475e+00	   3.5867002e+00	   3.2916343e+00	   2.8674592e+00	   2.3391752e+00	   1.4927527e+00	   1.1450722e+00	   8.7239715e-01	   7.6807370e-01	             NaN	             NaN	             NaN	             NaN	             NaN	             NaN	             NaN	             NaN	             NaN	             NaN	             NaN	   0.0000000e+00	   0.0000000e+00	   0.0000000e+00	   0.0000000e+00	   0.0000000e+00	   0.0000000e+00	   0.0000000e+00	   0.0000000e+00	   0.0000000e+00	
   2.9817168e+00	   2.2120706e+00	   2.6112662e+00	   2.8967272e+00	   3.1562973e+00	   3.2091503e+00	   2.9901461e+00	   2.5842580e+00	   2.0816602e+00	   1.3930328e+00	   1.1204881e+00	   8.3180092e-01	   7.2645275e-01	   6.6928613e-01	             NaN	             NaN	             NaN	             NaN	             NaN	             NaN	             NaN	             NaN	             NaN	             NaN	             NaN	   0.0000000e+00	   0.0000000e+00	   0.0000000e+00	   0.0000000e+00	   0.0000000e+00	   0.0000000e+00	   0.0000000e+00	   0.0000000e+00	
   2.4949847e+00	   2.5446751e+00	   2.2967400e+00	   2.6708636e+00	   2.8504490e+00	   2.9859404e+00	   2.6517184e+00	   2.3601778e+00	   1.7393840e+00	   1.3536123e+00	   1.0062797e+00	   8.4466302e-01	   6.1499256e-01	   5.7260723e-01	             NaN	             NaN	             NaN	             NaN	             NaN	             NaN	             NaN	             NaN	             NaN	             NaN	             NaN	   0.0000000e+00	   0.0000000e+00	   0.0000000e+00	   0.0000000e+00	   0.0000000e+00	   0.0000000e+00	   0.0000000e+00	   0.0000000e+00	
   1.7225116e+00	   1.7823867e+00	   1.9230430e+00	   2.5323913e+00	   2.8321313e+00	   2.5876100e+00	   2.3506938e+00	   2.1241721e+00	   1.6839802e+00	   1.1995194e+00	   9.4541968e-01	   7.7769020e-01	   5.3369375e-01	   5.4445338e-01	   4.9292428e-01	             NaN	             NaN	             NaN	             NaN	             NaN	             NaN	             NaN	             NaN	             NaN	             NaN	             NaN	   0.0000000e+00	   0.0000000e+00	   0.0000000e+00	   0.0000000e+00	   0.0000000e+00	   0.0000000e+00	   0.0000000e+00	
   1.4305669e+00	   1.7708474e+00	   2.0576527e+00	   2.3228350e+00	   2.3766324e+00	   2.3970087e+00	   2.3590636e+00	   1.9240324e+00	   1.5209017e+00	   1.1019341e+00	   9.1435686e-01	   7.1934845e-01	   5.1292212e-01	   4.2925118e-01	   6.0937077e-01	             NaN	             NaN	             NaN	             NaN	             NaN	             NaN	             NaN	             NaN	             NaN	             NaN	             NaN	   0.0000000e+00	   0.0000000e+00	   0.0000000e+00	   0.0000000e+00	   0.0000000e+00	   0.0000000e+00	   0.0000000e+00	
   1.2156197e+00	   1.6109627e+00	   1.7001706e+00	   2.3339936e+00	   2.1041947e+00	   2.2311350e+00	   2.1639530e+00	   1.8102120e+00	   1.4504362e+00	   1.0823069e+00	   8.8035170e-01	   6.9849943e-01	   5.2148272e-01	   3.5243199e-01	   5.8310139e-01	             NaN	             NaN	             NaN	             NaN	             NaN	             NaN	             NaN	             NaN	             NaN	             NaN	             NaN	   0.0000000e+00	   0.0000000e+00	   0.0000000e+00	   0.0000000e+00	   0.0000000e+00	   0.0000000e+00	   0.0000000e+00	
   3.4725761e-01	   5.0293230e-01	   1.4988977e+00	   1.9674515e+00	   1.8404195e+00	   1.9684344e+00	   1.8879035e+00	   1.5450459e+00	   1.1910229e+00	   9.6113227e-01	   8.2297895e-01	   6.3413834e-01	   5.0310901e-01	   3.4297684e-01	   3.3104356e-01	   5.1512200e-01	             NaN	             NaN	             NaN	             NaN	             NaN	             NaN	             NaN	             NaN	             NaN	             NaN	             NaN	   0.0000000e+00	   0.0000000e+00	   0.0000000e+00	   0.0000000e+00	   0.0000000e+00	   0.0000000e+00	
   2.6093581e-01	   1.7159522e+00	   1.2826345e+00	   1.7476315e+00	   1.8268072e+00	   1.8865133e+00	   1.7737075e+00	   1.4843668e+00	   1.1287040e+00	   9.6934723e-01	   7.4029652e-01	   5.8063099e-01	   4.7636753e-01	   3.8878933e-01	   2.9762938e-01	   7.4914847e-01	             NaN	             NaN	             NaN	             NaN	             NaN	             NaN	             NaN	             NaN	             NaN	             NaN	             NaN	   0.0000000e+00	   0.0000000e+00	   0.0000000e+00	   0.0000000e+00	   0.0000000e+00	   0.0000000e+00	
   2.9775527e-01	  -2.2408958e-01	   1.0509295e+00	   1.5099460e+00	   1.5688985e+00	   1.5244354e+00	   1.6344649e+00	   1.3105959e+00	   1.0384632e+00	   8.8596724e-01	   6.7829279e-01	   5.9603781e-01	   5.2272469e-01	   3.5322235e-01	   2.6924998e-01	   4.7523895e-01	   1.7266622e-01	             NaN	             NaN	             NaN	             NaN	             NaN	             NaN	             NaN	             NaN	             NaN	             NaN	             NaN	   0.0000000e+00	   0.0000000e+00	   0.0000000e+00	   0.0000000e+00	   0.0000000e+00	
  -3.0163554e-02	  -3.3085393e-01	   3.9552707e-01	   1.2806063e+00	   1.5310694e+00	   1.4778051e+00	   1.4352718e+00	   1.2953462e+00	   1.0934258e+00	   8.4811649e-01	   6.6874483e-01	   5.4359596e-01	   4.5271751e-01	   3.7513213e-01	   3.0827346e-01	   2.5673869e-01	   4.1909667e-01	             NaN	             NaN	             NaN	             NaN	             NaN	             NaN	             NaN	             NaN	             NaN	             NaN	             NaN	   0.0000000e+00	   0.0000000e+00	   0.0000000e+00	   0.0000000e+00	   0.0000000e+00	
   1.9835202e-01	  -1.5984180e-01	   4.7963897e-01	   8.6066131e-01	   1.3051756e+00	   1.3393661e+00	   1.4687067e+00	   1.1762336e+00	   9.6153184e-01	   7.8448942e-01	   6.3197396e-01	   5.8487528e-01	   4.3472645e-01	   3.2813897e-01	   2.6659372e-01	   2.1813748e-01	   4.5660634e-01	             NaN	             NaN	             NaN	             NaN	             NaN	             NaN	             NaN	             NaN	             NaN	             NaN	             NaN	   0.0000000e+00	   0.0000000e+00	   0.0000000e+00	   0.0000000e+00	   0.0000000e+00	
  -3.6932519e-01	  -7.5673339e-01	   4.2447829e-02	   1.1312475e+00	   1.2601236e+00	   1.2203635e+00	   1.1478025e+00	   9.8395682e-01	   8.6854921e-01	   7.2828698e-01	   6.1738023e-01	   5.5485757e-01	   4.2146847e-01	   3.2199487e-01	   2.6200339e-01	   1.9337171e-01	   3.2299122e-01	   1.1508656e-01	             NaN	             NaN	             NaN	             NaN	             NaN	             NaN	             NaN	             NaN	             NaN	             NaN	             NaN	   0.0000000e+00	   0.0000000e+00	   0.0000000e+00	   0.0000000e+00	
  -2.7771921e-01	  -1.0087323e+00	   2.2701662e-01	   7.0378800e-01	   1.0277846e+00	   1.1892703e+00	   1.0687257e+00	   9.6570941e-01	   8.2634138e-01	   6.2492951e-01	   5.5848469e-01	   4.6214059e-01	   3.9063657e-01	   3.0650958e-01	   2.3249298e-01	   1.9834640e-01	   3.3236754e-01	   2.3299954e-01	             NaN	             NaN	             NaN	             NaN	             NaN	             NaN	             NaN	             NaN	             NaN	             NaN	             NaN	   0.0000000e+00	   0.0000000e+00	   0.0000000e+00	   0.0000000e+00	
  -2.9679399e-01	  -2.3555484e+00	  -1.0577413e+00	   4.4331445e-01	   9.1089148e-01	   1.1462101e+00	   9.7776540e-01	   8.7916546e-01	   7.7307434e-01	   6.2798553e-01	   5.7724284e-01	   4.7446962e-01	   3.9375366e-01	   2.9852978e-01	   2.3315720e-01	   2.1434483e-01	   1.7112212e-01	   4.7129823e-01	  -2.0703182e-01	             NaN	             NaN	             NaN	             NaN	             NaN	             NaN	             NaN	             NaN	             NaN	             NaN	             NaN	   0.0000000e+00	   0.0000000e+00	   0.0000000e+00	
  -1.3176007e+00	  -1.4011327e+00	  -9.2379320e-01	   2.0848354e-01	   8.3350001e-01	   9.5825655e-01	   8.8572903e-01	   8.1541292e-01	   6.9302041e-01	   6.1516998e-01	   5.4185821e-01	   4.6854278e-01	   3.7770227e-01	   3.2356581e-01	   2.3980147e-01	   2.0771276e-01	   1.5309342e-01	   3.4453332e-01	   3.7237645e-02	             NaN	             NaN	             NaN	             NaN	             NaN	             NaN	             NaN	             NaN	             NaN	             NaN	             NaN	   0.0000000e+00	   0.0000000e+00	   0.0000000e+00	
  -1.1594986e+00	  -2.1739900e+00	  -1.1281996e+00	   4.3848633e-01	   6.9214714e-01	   8.9703593e-01	   7.9955020e-01	   7.2377347e-01	   6.2281845e-01	   5.6109730e-01	   5.2437449e-01	   4.5605664e-01	   4.2067008e-01	   3.1387617e-01	   2.2747704e-01	   2.0821986e-01	   1.5085646e-01	   2.7935144e-01	   3.5670176e-01	             NaN	             NaN	             NaN	             NaN	             NaN	             NaN	             NaN	             NaN	             NaN	             NaN	             NaN	   0.0000000e+00	   0.0000000e+00	   0.0000000e+00	
  -2.3607553e+00	  -2.1181707e+00	  -1.3570052e+00	  -1.9079948e-02	   5.5473242e-01	   8.1009086e-01	   7.2820006e-01	   6.6356110e-01	   5.9988825e-01	   5.8479962e-01	   5.1078931e-01	   4.2469281e-01	   3.8809472e-01	   3.0495355e-01	   2.4572834e-01	   1.9953088e-01	   1.5511891e-01	   1.8251937e-01	   4.4372180e-01	  -1.7186353e-01	             NaN	             NaN	             NaN	             NaN	             NaN	             NaN	             NaN	             NaN	             NaN	             NaN	             NaN	   0.0000000e+00	   0.0000000e+00	
  -1.8849795e+00	  -2.9253337e+00	  -1.2977518e+00	   4.3428833e-02	   5.3895035e-01	   6.8963186e-01	   6.9317996e-01	   6.6881566e-01	   5.7140107e-01	   5.4805653e-01	   4.7360433e-01	   4.4490566e-01	   3.8181309e-01	   3.2776987e-01	   2.3957793e-01	   2.3095233e-01	   1.6606621e-01	   1.7733657e-01	   3.6263004e-01	   5.6007511e-05	             NaN	             NaN	             NaN	             NaN	             NaN	             NaN	             NaN	             NaN	             NaN	             NaN	             NaN	   0.0000000e+00	   0.0000000e+00	
  -2.9439782e+00	  -3.0647069e+00	  -1.6279438e+00	  -4.3182196e-01	   5.9274769e-01	   6.6823130e-01	   6.4466343e-01	   6.4388260e-01	   5.8307975e-01	   4.8611434e-01	   4.6287197e-01	   4.3547186e-01	   3.6191572e-01	   3.2754482e-01	   2.6473419e-01	   2.2014694e-01	   1.6882161e-01	   1.7081892e-01	   2.7825605e-01	   2.8624544e-01	  -2.6836699e-01	             NaN	             NaN	             NaN	             NaN	             NaN	             NaN	             NaN	             NaN	             NaN	             NaN	             NaN	   0.0000000e+00	
  -1.9952858e+00	  -2.8435990e+00	  -1.8630120e+00	  -7.0164850e-01	   3.3805713e-01	   5.9622872e-01	   6.0940385e-01	   5.6488364e-01	   5.8557408e-01	   5.0664382e-01	   4.5961743e-01	   4.7832164e-01	   3.8824711e-01	   3.3844886e-01	   2.8273082e-01	   2.1402338e-01	   1.8604928e-01	   1.8388805e-01	   1.9408514e-01	   5.1473373e-01	  -3.9469276e-01	             NaN	             NaN	             NaN	             NaN	             NaN	             NaN	             NaN	             NaN	             NaN	             NaN	             NaN	   0.0000000e+00	
  -2.9765809e+00	  -2.1474908e+00	  -2.4245404e+00	  -2.9125794e-01	   2.6464740e-01	   5.2487481e-01	   6.2432030e-01	   5.4955923e-01	   5.6599083e-01	   4.6751288e-01	   4.7331183e-01	   4.5720583e-01	   4.1244406e-01	   3.1825686e-01	   2.9168671e-01	   2.2041717e-01	   1.9400349e-01	   1.6116228e-01	   1.5476013e-01	   4.8804191e-01	  -2.2532959e-02	             NaN	             NaN	             NaN	             NaN	             NaN	             NaN	             NaN	             NaN	             NaN	             NaN	             NaN	   0.0000000e+00	
  -3.2719713e+00	  -1.9591807e+00	  -2.0056961e+00	  -4.7339687e-01	   2.9849290e-01	   4.3301002e-01	   6.2521844e-01	   5.6580032e-01	   5.2122763e-01	   4.6122094e-01	   4.7098526e-01	   4.5061865e-01	   4.0442667e-01	   3.3840160e-01	   3.0168308e-01	   2.3650588e-01	   1.9440005e-01	   1.7531649e-01	   1.5596838e-01	   3.1022123e-01	   2.0277225e-01	  -3.4195313e-01	             NaN	             NaN	             NaN	             NaN	             NaN	             NaN	             NaN	             NaN	             NaN	             NaN	             NaN	
  -3.1074806e+00	  -3.9483614e+00	  -2.5873505e+00	  -1.2574819e+00	   7.7476188e-02	   4.0941624e-01	   4.4497145e-01	   4.9353148e-01	   4.9479043e-01	   4.6289340e-01	   4.5981361e-01	   4.3049388e-01	   4.3347172e-01	   3.5097821e-01	   3.0183228e-01	   2.4740917e-01	   2.0695855e-01	   1.7848185e-01	   1.4180008e-01	   1.9077396e-01	   3.5426416e-01	  -2.5224547e-01	             NaN	             NaN	             NaN	             NaN	             NaN	             NaN	             NaN	             NaN	             NaN	             NaN	             NaN	
  -1.6219310e+00	  -3.6702864e+00	  -2.6140596e+00	  -1.0434916e+00	  -1.7958357e-03	   4.3611240e-01	   4.4819416e-01	   4.8203244e-01	   5.0083334e-01	   4.7130120e-01	   4.5145804e-01	   4.1697587e-01	   4.0808321e-01	   3.3692164e-01	   2.9534483e-01	   2.3432272e-01	   2.4388658e-01	   1.9347050e-01	   1.5816910e-01	   1.6012772e-01	   3.0678667e-01	  -5.9244947e-02	  -1.7946069e-01	             NaN	             NaN	             NaN	             NaN	             NaN	             NaN	             NaN	             NaN	             NaN	             NaN	
  -2.2082280e+00	  -3.4765202e+00	  -2.2865578e+00	  -8.5697679e-01	   2.6361099e-02	   2.9593427e-01	   5.0160516e-01	   5.2729371e-01	   4.7941780e-01	   4.6963048e-01	   4.5839050e-01	   3.8628663e-01	   4.1216721e-01	   3.7385065e-01	   3.0221516e-01	   2.4791990e-01	   2.3815955e-01	   2.0447675e-01	   1.8216820e-01	   1.4061358e-01	   3.4781115e-01	   1.5398252e-01	  -2.0154072e-01	             NaN	             NaN	             NaN	             NaN	             NaN	             NaN	             NaN	             NaN	             NaN	             NaN	
  -1.2020651e+00	  -3.1354364e+00	  -2.9111943e+00	  -8.7358673e-01	  -1.3605575e-01	   3.9051324e-01	   4.3649512e-01	   4.8937875e-01	   4.9742529e-01	   4.9321903e-01	   4.5583177e-01	   4.4608421e-01	   4.3713476e-01	   3.5203582e-01	   2.9002729e-01	   2.9548531e-01	   2.3264451e-01	   2.1655063e-01	   1.8843137e-01	   1.2327646e-01	   2.0536945e-01	   3.1308872e-01	  -2.2604576e-01	             NaN	             NaN	             NaN	             NaN	             NaN	             NaN	             NaN	             NaN	             NaN	             NaN	
  -2.6334471e+00	  -2.5938747e+00	  -2.6928183e+00	  -9.8898551e-01	  -3.1657662e-02	   3.4844528e-01	   4.5183091e-01	   4.5364692e-01	   4.7889318e-01	   4.6710755e-01	   4.6406188e-01	   4.0461421e-01	   4.1127299e-01	   3.7506631e-01	   3.1546583e-01	   2.8735539e-01	   2.3855588e-01	   2.1433309e-01	   2.0100217e-01	   1.6778201e-01	   1.8280517e-01	   4.0097003e-01	  -6.6149794e-02	  -1.3792200e-01	             NaN	             NaN	             NaN	             NaN	             NaN	             NaN	             NaN	             NaN	             NaN	
  -3.0477138e+00	  -3.1933760e+00	  -1.6021001e+00	  -8.8039317e-01	   7.2823551e-02	   2.9788801e-01	   5.4760072e-01	   5.3877928e-01	   5.0502729e-01	   4.4663232e-01	   4.6020763e-01	   4.1809344e-01	   4.1420120e-01	   3.9860290e-01	   3.1678055e-01	   3.1090087e-01	   2.5714600e-01	   2.2931508e-01	   2.1145332e-01	   1.6806116e-01	   1.8446275e-01	   3.6216415e-01	   1.7352194e-01	  -1.7914880e-01	             NaN	             NaN	             NaN	             NaN	             NaN	             NaN	             NaN	             NaN	             NaN	
  -2.4153081e+00	  -2.8778249e+00	  -1.9072603e+00	  -1.0093899e+00	  -1.1634402e-02	   2.7930693e-01	   4.2356209e-01	   4.4936891e-01	   5.0810302e-01	   4.3137930e-01	   4.5910985e-01	   4.4935654e-01	   4.2401430e-01	   3.6546792e-01	   3.4959659e-01	   2.9095062e-01	   2.7887800e-01	   2.6349335e-01	   2.2855066e-01	   1.9208688e-01	   1.7342871e-01	   2.3518807e-01	   3.5516319e-01	  -2.6028122e-01	  -2.1037135e-02	             NaN	             NaN	             NaN	             NaN	             NaN	             NaN	             NaN	             NaN	
  -1.4349299e+00	  -3.2546767e+00	  -2.4674892e+00	  -6.5585011e-01	  -1.0636551e-01	   3.6061807e-01	   4.9151877e-01	   4.6155984e-01	   4.7023412e-01	   4.8046477e-01	   4.5900190e-01	   4.5655299e-01	   4.4898544e-01	   4.0961011e-01	   3.6468842e-01	   3.1774978e-01	   2.7811392e-01	   2.5176912e-01	   2.5259340e-01	   2.0418075e-01	   1.7990217e-01	   2.0590642e-01	   4.3967960e-01	  -1.3854705e-01	  -8.0599862e-02	             NaN	             NaN	             NaN	             NaN	             NaN	             NaN	             NaN	             NaN	
  -2.1746457e+00	  -2.6704324e+00	  -1.8329730e+00	  -9.3061665e-01	   1.3574297e-01	   2.6110414e-01	   4.3608481e-01	   4.9223029e-01	   4.7491129e-01	   5.3852411e-01	   4.8756755e-01	   4.5839683e-01	   4.3424822e-01	   4.0816045e-01	   3.8283552e-01	   2.9809738e-01	   3.0255811e-01	   2.6006781e-01	   2.4272373e-01	   2.1068420e-01	   1.9935792e-01	   1.7612785e-01	   3.4084914e-01	   1.7793446e-01	  -1.1859291e-01	             NaN	             NaN	             NaN	             NaN	             NaN	             NaN	             NaN	             NaN	
  -2.7017674e+00	  -2.8779641e+00	  -1.9758958e+00	  -5.4646806e-01	  -7.2230023e-02	   2.7031164e-01	   4.4390029e-01	   4.4863692e-01	   5.1464636e-01	   4.9817497e-01	   4.8520205e-01	   4.4426492e-01	   4.2249574e-01	   3.9749519e-01	   3.4645068e-01	   3.3943998e-01	   3.0553211e-01	   2.9432674e-01	   2.5314948e-01	   2.2297118e-01	   1.9471465e-01	   1.8146423e-01	   2.8823602e-01	   3.3086427e-01	  -1.6221946e-01	   3.5080920e-02	             NaN	             NaN	             NaN	             NaN	             NaN	             NaN	             NaN	
  -1.3195835e+00	  -1.5478947e+00	  -1.1245684e+00	  -7.4736080e-01	  -5.2941626e-02	   2.8661652e-01	   4.0182379e-01	   4.3486681e-01	   4.5629322e-01	   4.6343538e-01	   4.8283332e-01	   4.6060695e-01	   4.3930319e-01	   3.8960614e-01	   3.7344804e-01	   3.3867576e-01	   2.9281181e-01	   3.0952428e-01	   2.6004770e-01	   2.3970069e-01	   2.1002290e-01	   1.8574650e-01	   1.9435039e-01	   4.0338712e-01	  -5.4587473e-02	  -2.5697804e-02	             NaN	             NaN	             NaN	             NaN	             NaN	             NaN	             NaN	
  -1.3407538e+00	  -2.9202273e+00	  -1.1925393e+00	  -5.2952660e-01	   2.6279056e-02	   3.9762448e-01	   5.0613151e-01	   5.0428521e-01	   5.7353582e-01	   5.0678485e-01	   4.5105964e-01	   4.2612054e-01	   4.1210068e-01	   3.9223746e-01	   3.6439529e-01	   3.4295668e-01	   2.9800802e-01	   3.1276470e-01	   2.9803644e-01	   2.5308944e-01	   2.2305433e-01	   1.9413980e-01	   1.7097843e-01	   2.9189508e-01	   1.4445147e-01	  -5.5040959e-02	   3.3430776e-02	             NaN	             NaN	             NaN	             NaN	             NaN	             NaN	
  -9.2844774e-01	  -1.2026124e+00	  -1.4606737e+00	  -6.1095505e-01	   9.1642375e-03	   2.6735603e-01	   3.8567278e-01	   4.7172871e-01	   5.2323084e-01	   4.5395344e-01	   4.8494377e-01	   4.4481665e-01	   4.2509936e-01	   4.3135334e-01	   3.5729103e-01	   3.3866452e-01	   3.1733989e-01	   3.0593294e-01	   2.8830880e-01	   2.2955363e-01	   2.2471352e-01	   1.8903768e-01	   1.7003610e-01	   2.7809225e-01	   2.0903390e-01	  -1.2606793e-01	  -3.2646598e-03	             NaN	             NaN	             NaN	             NaN	             NaN	             NaN	
  -1.7738501e-01	  -1.9293432e+00	  -1.3086610e+00	  -6.0205567e-01	   2.2413930e-01	   3.8701131e-01	   4.2280609e-01	   4.8566615e-01	   4.6646720e-01	   4.7898449e-01	   4.6334343e-01	   4.4071109e-01	   4.3739299e-01	   3.9711522e-01	   3.7976669e-01	   3.4867968e-01	   3.0799229e-01	   2.9143546e-01	   2.9016506e-01	   2.6660374e-01	   2.2133542e-01	   2.0031543e-01	   1.7911304e-01	   1.8093476e-01	   2.4999542e-01	  -1.1615417e-01	  -4.1389088e-03	             NaN	             NaN	             NaN	             NaN	             NaN	             NaN	
  -1.2274824e+00	  -2.0153575e+00	  -9.9434492e-01	  -4.7907907e-01	   8.2297800e-02	   3.5452160e-01	   4.7811472e-01	   5.0007800e-01	   4.7265965e-01	   4.7397258e-01	   4.7862130e-01	   4.4407813e-01	   4.3579464e-01	   4.1586260e-01	   3.9232089e-01	   3.5404404e-01	   3.1300416e-01	   3.3995178e-01	   3.0248897e-01	   2.7971170e-01	   2.3267021e-01	   1.8044169e-01	   1.8078088e-01	   1.5887080e-01	   3.2727072e-01	   5.1949059e-02	  -7.3698780e-02	   5.4033148e-02	             NaN	             NaN	             NaN	             NaN	             NaN	
  -1.2098881e+00	  -1.6458198e+00	  -7.0692267e-01	  -5.8336249e-01	   4.7855798e-02	   3.4589464e-01	   4.7563488e-01	   4.0530291e-01	   4.7788722e-01	   4.5704455e-01	   4.3955510e-01	   4.5505468e-01	   4.3272294e-01	   3.9631907e-01	   3.6787073e-01	   3.5024638e-01	   3.2224193e-01	   3.1493539e-01	   3.1144721e-01	   2.5614941e-01	   2.3995461e-01	   2.0584103e-01	   1.7561732e-01	   1.5570397e-01	   2.4106165e-01	   1.7437514e-01	  -7.4682499e-02	   3.4304307e-02	             NaN	             NaN	             NaN	             NaN	             NaN	
  -4.5716372e-01	  -1.9797213e+00	  -7.9794911e-01	  -1.1335002e-01	   1.7183125e-01	   4.0933576e-01	   5.1279374e-01	   4.6418373e-01	   4.3430446e-01	   4.8302487e-01	   4.2728800e-01	   4.5974424e-01	   4.1169667e-01	   3.8511553e-01	   3.7259966e-01	   3.9551293e-01	   3.2286087e-01	   3.2470785e-01	   3.0672910e-01	   2.8211603e-01	   2.5647431e-01	   2.0553989e-01	   1.7891766e-01	   1.7213888e-01	   1.9441217e-01	   2.3938877e-01	  -7.7735040e-02	  -7.6237493e-03	   3.9399397e-02	             NaN	             NaN	             NaN	             NaN	
  -3.7537825e-01	  -8.3694618e-01	  -4.8257504e-01	  -4.6487195e-01	   1.4871294e-01	   4.0479563e-01	   3.8756724e-01	   4.5225810e-01	   4.6213254e-01	   4.5639996e-01	   4.3593339e-01	   4.5813383e-01	   3.9962796e-01	   3.9960437e-01	   3.8763426e-01	   3.4464889e-01	   3.5100486e-01	   3.2953829e-01	   2.8682192e-01	   2.7921474e-01	   2.3448040e-01	   2.3086217e-01	   1.7396026e-01	   1.3311292e-01	   1.5549532e-01	   2.1110691e-01	   3.1048283e-02	  -1.2549023e-02	   5.5580144e-02	             NaN	             NaN	             NaN	             NaN	
  -7.6798116e-01	  -9.9054222e-01	  -4.1331168e-01	  -2.1923716e-02	   2.8846067e-01	   4.0032878e-01	   4.8188509e-01	   4.5756833e-01	   4.5464039e-01	   4.2988828e-01	   4.5802306e-01	   4.2427726e-01	   4.0008119e-01	   4.2174552e-01	   3.6964434e-01	   3.4995425e-01	   3.4858634e-01	   3.3736875e-01	   3.2133108e-01	   2.9643930e-01	   2.4008276e-01	   2.0361083e-01	   1.9113667e-01	   1.5722881e-01	   1.3417751e-01	   1.8318767e-01	   1.2639120e-01	  -8.8567098e-02	   2.8731239e-02	             NaN	             NaN	             NaN	             NaN	
  -1.0616905e+00	  -1.0592808e+00	  -3.8027573e-01	  -3.0439982e-01	   3.4194106e-01	   4.1319663e-01	   4.4812358e-01	   4.4554247e-01	   4.3814603e-01	   4.2352894e-01	   4.1182782e-01	   4.5021310e-01	   4.2318951e-01	   3.9676329e-01	   3.6174752e-01	   3.4067899e-01	   3.4757614e-01	   3.8322169e-01	   3.2153161e-01	   2.9316390e-01	   2.7174943e-01	   2.3534767e-01	   1.9161899e-01	   1.5083486e-01	   1.2584319e-01	   1.6051051e-01	   1.7016739e-01	  -6.3833287e-02	   6.1426016e-03	   3.6084989e-02	             NaN	             NaN	             NaN	
  -8.0910887e-01	  -1.2965620e-01	  -1.8204787e-01	   7.8449471e-02	   2.9839365e-01	   4.1932426e-01	   3.6138993e-01	   4.9196827e-01	   4.6549606e-01	   4.3304631e-01	   4.3727487e-01	   4.3256502e-01	   3.9872675e-01	   3.9460071e-01	   3.9938780e-01	   3.6208524e-01	   3.5612504e-01	   3.5376396e-01	   3.2605858e-01	   3.0635387e-01	   2.6918551e-01	   2.0806398e-01	   1.9269901e-01	   1.5869752e-01	   1.4520453e-01	   1.4708731e-01	   2.0335357e-01	  -1.4554462e-03	  -2.1407970e-02	   4.1479816e-02	             NaN	             NaN	             NaN	
   2.6867901e-01	  -6.3726646e-01	  -3.1113936e-01	   2.1096948e-02	   3.3246516e-01	   4.0120857e-01	   4.2400739e-01	   4.7120009e-01	   4.2283210e-01	   4.1329008e-01	   4.1016520e-01	   3.8449371e-01	   4.1373971e-01	   3.8344004e-01	   3.7753680e-01	   3.6887274e-01	   3.6594410e-01	   3.4956566e-01	   3.3167717e-01	   3.0783256e-01	   2.7044404e-01	   2.3210390e-01	   1.9334716e-01	   1.5784223e-01	   1.3709135e-01	   1.2915166e-01	   1.3892986e-01	   2.1623723e-02	  -6.5879052e-02	   3.3930041e-02	   3.7767922e-02	             NaN	             NaN	
   1.7892298e-01	  -1.2000985e-01	  -3.6131832e-01	   8.6046832e-02	   1.1424557e-01	   3.9462732e-01	   4.6799833e-01	   4.5622423e-01	   4.2643379e-01	   4.2818327e-01	   4.4863649e-01	   3.8701621e-01	   3.8490194e-01	   4.0237762e-01	   3.8022558e-01	   3.6656839e-01	   3.4589902e-01	   3.4766464e-01	   3.0410182e-01	   3.1122398e-01	   2.8674399e-01	   2.3653876e-01	   2.0805169e-01	   1.6070433e-01	   1.4634992e-01	   1.3088278e-01	   1.8610482e-01	   9.7045792e-02	  -6.2605883e-02	   1.6062062e-02	   4.3194358e-02	             NaN	             NaN	
   4.8290121e-01	  -7.4428981e-01	  -7.1477651e-02	   2.5147532e-01	   3.2640039e-01	   4.1583554e-01	   3.8274902e-01	   4.6468249e-01	   4.2322445e-01	   4.1869860e-01	   3.9138002e-01	   4.1163247e-01	   4.2520179e-01	   3.7236261e-01	   3.8932335e-01	   3.4911256e-01	   3.5214766e-01	   3.5388482e-01	   3.1556057e-01	   3.0174181e-01	   2.9782650e-01	   2.2846930e-01	   1.8455020e-01	   1.4828867e-01	   1.5161943e-01	   1.1950867e-01	   1.4583015e-01	   1.6006086e-01	  -2.2590878e-02	  -3.9794002e-02	   4.4755944e-02	             NaN	             NaN	
  -1.0600418e-01	  -4.6017375e-01	  -1.9689780e-01	   2.1277601e-01	   2.6357741e-01	   3.7102146e-01	   4.0635693e-01	   4.6308392e-01	   4.3430479e-01	   4.0785782e-01	   3.9976373e-01	   3.9360441e-01	   3.9089827e-01	   3.9518524e-01	   3.4005945e-01	   3.7974907e-01	   3.5571559e-01	   3.3856455e-01	   3.2659523e-01	   2.8977572e-01	   2.9748111e-01	   2.4603422e-01	   2.0095747e-01	   1.7672490e-01	   1.4207564e-01	   1.2396462e-01	   1.1483538e-01	   2.2590257e-01	   2.1665454e-02	  -1.1369689e-01	   3.5858284e-02	   3.8047984e-02	             NaN	
   1.1586445e-01	  -9.5135830e-02	  -1.6129213e-01	   2.4360104e-01	   2.6664751e-01	   3.8024411e-01	   4.6690877e-01	   4.8919158e-01	   4.1467552e-01	   3.9773966e-01	   3.8103470e-01	   4.0369062e-01	   4.1235939e-01	   3.6511538e-01	   3.5157522e-01	   3.5995804e-01	   3.5248586e-01	   3.3250690e-01	   3.3328496e-01	   3.1902057e-01	   2.7290736e-01	   2.4870482e-01	   2.0143892e-01	   1.5921242e-01	   1.4757830e-01	   1.2619707e-01	   1.1247857e-01	   1.5100239e-01	   2.6337236e-02	  -5.2465388e-02	   1.4728439e-02	   4.3020817e-02	             NaN	
   3.0077682e-02	  -7.9958626e-02	   4.2681669e-02	   6.9871858e-02	   3.8965878e-01	   3.4725076e-01	   4.5318502e-01	   4.1477771e-01	   4.0123551e-01	   3.6785355e-01	   4.0950227e-01	   4.0444333e-01	   3.7284763e-01	   3.6369912e-01	   3.3131320e-01	   3.4616917e-01	   3.4754335e-01	   3.3794563e-01	   3.2443031e-01	   3.0876557e-01	   2.8788613e-01	   2.3660126e-01	   2.0289546e-01	   1.7449020e-01	   1.4515889e-01	   1.1621798e-01	   1.1011973e-01	   1.3349366e-01	   1.7964387e-01	  -3.3095322e-02	  -3.6740690e-03	   3.9054380e-02	   4.1056759e-02	
  -4.9253357e-01	  -4.2566447e-01	   2.8822115e-01	   2.6750620e-01	   2.7637145e-01	   3.3298049e-01	   4.4734054e-01	   3.9900883e-01	   3.9693424e-01	   3.8122556e-01	   3.8467269e-01	   3.5192451e-01	   3.5598302e-01	   3.4770594e-01	   3.4024355e-01	   3.7692307e-01	   3.2062788e-01	   3.4740346e-01	   3.2271679e-01	   2.8907905e-01	   2.8051600e-01	   2.3170880e-01	   1.9479470e-01	   1.6874576e-01	   1.3240789e-01	   1.1600356e-01	   1.1291940e-01	   9.1776653e-02	   9.9073704e-02	  -2.7563816e-02	  -5.2865816e-02	   4.0134360e-02	   3.3153861e-02	
   3.7010013e-01	  -5.4174146e-03	   2.7579690e-01	   1.3949424e-02	   3.3377556e-01	   4.3322803e-01	   4.7065631e-01	   4.3583187e-01	   3.8261339e-01	   3.6914172e-01	   4.0250589e-01	   3.6458995e-01	   3.6005166e-01	   3.7169680e-01	   3.6717873e-01	   3.3622856e-01	   3.3713994e-01	   3.2467659e-01	   3.3138699e-01	   3.1440500e-01	   2.7437667e-01	   2.3282183e-01	   2.0224503e-01	   1.7597343e-01	   1.4368606e-01	   1.2691456e-01	   1.1676691e-01	   1.0282563e-01	   1.8984768e-01	   3.2078200e-02	  -5.2262454e-02	   1.7865484e-02	   4.7832603e-02	
   2.9479417e-01	   7.4877163e-02	   8.9505010e-02	   2.5265499e-01	   3.6440193e-01	   4.6954669e-01	   4.8657536e-01	   3.9700043e-01	   4.1080600e-01	   3.7882653e-01	   3.4039499e-01	   3.3680119e-01	   3.5503069e-01	   3.7519785e-01	   3.6874925e-01	   3.6019587e-01	   3.4194736e-01	   3.2069916e-01	   3.2831549e-01	   2.9157478e-01	   2.6064998e-01	   2.2048338e-01	   1.9345257e-01	   1.7430697e-01	   1.5498146e-01	   1.2454077e-01	   1.0424191e-01	   1.0912723e-01	   1.3502468e-01	   1.7446603e-01	  -5.8130035e-02	   1.1352931e-02	   4.9464373e-02	
   3.0719275e-01	   2.5452173e-01	   6.4662301e-01	   2.6824908e-01	   3.6655635e-01	   4.0986697e-01	   3.8851525e-01	   4.1935970e-01	   4.1149168e-01	   3.6293208e-01	   3.5291009e-01	   3.5490165e-01	   3.7269794e-01	   3.3354864e-01	   3.5569510e-01	   3.4828093e-01	   3.1480910e-01	   3.4216600e-01	   3.3283040e-01	   2.8687004e-01	   2.5142874e-01	   2.3819586e-01	   2.0994243e-01	   1.7637565e-01	   1.5498049e-01	   1.2810491e-01	   1.0522091e-01	   9.4439403e-02	   9.6165467e-02	   1.9656364e-01	  -1.0024677e-02	  -2.9306697e-02	   4.1221718e-02	
   2.2246702e-01	   3.5499669e-01	   1.4395666e-01	   4.1045303e-01	   3.6927420e-01	   4.5818456e-01	   3.7423405e-01	   3.7487883e-01	   3.8050985e-01	   3.5029211e-01	   3.7156074e-01	   3.4791877e-01	   3.6602107e-01	   3.4037800e-01	   3.3263861e-01	   3.3739742e-01	   3.3481447e-01	   3.4509445e-01	   3.0852054e-01	   2.9303955e-01	   2.6770480e-01	   2.2613921e-01	   2.0931048e-01	   1.8349572e-01	   1.5112003e-01	   1.3716705e-01	   1.1162565e-01	   9.5062102e-02	   9.8215866e-02	   1.8067425e-01	   7.5622848e-02	  -3.7689994e-02	   4.5144389e-02	
             NaN	   5.6648737e-01	   3.0106853e-01	   2.2305403e-01	   4.1681787e-01	   3.7385857e-01	   4.2169507e-01	   4.1891554e-01	   3.7270722e-01	   3.7114493e-01	   3.4770978e-01	   3.4290816e-01	   2.8826554e-01	   3.5375999e-01	   3.4441706e-01	   3.3370372e-01	   3.3121879e-01	   3.4961331e-01	   3.1165765e-01	   2.9142810e-01	   2.8865280e-01	   2.3818658e-01	   2.0023132e-01	   1.8026392e-01	   1.4770053e-01	   1.3571554e-01	   1.1766588e-01	   1.0814285e-01	   9.9840951e-02	   1.4522536e-01	   1.1386270e-01	  -5.1912718e-02	   7.0745606e-03	
             NaN	  -2.5166556e-02	   2.0312312e-01	   2.9919271e-01	   4.2156484e-01	   4.9141953e-01	   4.1613153e-01	   3.7359542e-01	   3.4741776e-01	   3.2486549e-01	   3.1573601e-01	   3.1479537e-01	   3.1519281e-01	   3.4418116e-01	   3.5800285e-01	   3.0844550e-01	   3.4631954e-01	   3.4082166e-01	   3.1041267e-01	   2.9209130e-01	   2.8339473e-01	   2.3444263e-01	   2.0252905e-01	   1.8213785e-01	   1.5840772e-01	   1.3612253e-01	   1.1270154e-01	   1.0909876e-01	   8.4435088e-02	   1.0993289e-01	   1.6294465e-01	  -1.0465080e-03	  -2.1712802e-02	
             NaN	   2.0003050e-01	   3.5194011e-01	   3.3401859e-01	   3.2740484e-01	   3.8258890e-01	   4.1299494e-01	   3.7971474e-01	   3.3373250e-01	   3.7642004e-01	   3.3154916e-01	   3.1264085e-01	   3.4430226e-01	   3.3689371e-01	   3.3389298e-01	   3.4038312e-01	   3.3505507e-01	   3.2647195e-01	   3.0511521e-01	   3.1120228e-01	   2.6840881e-01	   2.3384748e-01	   2.0191017e-01	   1.7842116e-01	   1.5895588e-01	   1.2372469e-01	   1.1822631e-01	   1.1143065e-01	   9.7342872e-02	   9.9981100e-02	   1.3741103e-01	   3.5210003e-03	  -4.0522001e-02	
             NaN	   1.9304315e-01	   3.5964575e-01	   3.2079945e-01	   3.5087985e-01	   4.4192569e-01	   3.5347639e-01	   3.7775011e-01	   2.9424194e-01	   3.3799914e-01	   3.0449050e-01	   3.0402332e-01	   3.4037150e-01	   3.3099300e-01	   3.2677491e-01	   3.4319653e-01	   3.3036387e-01	   3.3267223e-01	   3.2738156e-01	   3.2122006e-01	   2.4897565e-01	   2.4300497e-01	   1.9830455e-01	   1.7499568e-01	   1.6115834e-01	   1.3538253e-01	   1.1667727e-01	   1.1470409e-01	   1.0201921e-01	   9.5596507e-02	   1.8102866e-01	   6.8454096e-02	  -4.2899883e-02	
             NaN	   1.2317686e-01	   2.4568671e-01	   3.3350046e-01	   3.1723974e-01	   3.8189997e-01	   3.7893897e-01	   3.7522022e-01	   3.0641668e-01	   2.9050132e-01	   3.0881154e-01	   3.2746052e-01	   2.9447038e-01	   3.3060305e-01	   3.2648650e-01	   3.4775939e-01	   3.2106261e-01	   3.2831330e-01	   2.9505800e-01	   2.8635593e-01	   2.5087690e-01	   2.3051410e-01	   2.0997178e-01	   1.6951577e-01	   1.6764682e-01	   1.3232286e-01	   1.2243213e-01	   1.1249729e-01	   9.8909927e-02	   9.7000689e-02	   1.1015747e-01	   1.3028121e-01	  -1.0213889e-02	
             NaN	   1.7855347e-01	   1.1345813e-01	   3.3297521e-01	   3.5141595e-01	   4.6127132e-01	   3.6592725e-01	   3.4993673e-01	   3.3627320e-01	   3.0903855e-01	   3.2051252e-01	   2.8589379e-01	   2.8574217e-01	   3.3693551e-01	   3.3429323e-01	   3.2675464e-01	   3.1670379e-01	   3.2271076e-01	   3.0078162e-01	   2.8671039e-01	   2.6507039e-01	   2.3612395e-01	   2.0860810e-01	   1.5675739e-01	   1.4833215e-01	   1.3978834e-01	   1.2274814e-01	   1.2182802e-01	   1.0006746e-01	   9.3443840e-02	   1.1697430e-01	   1.3080919e-01	   1.8950211e-02	
             NaN	             NaN	   3.2702763e-01	   3.1317416e-01	   3.4709033e-01	   3.2362626e-01	   3.8736914e-01	   3.5417792e-01	   3.1487039e-01	   3.1922146e-01	   2.8105309e-01	   3.2602972e-01	   3.0648247e-01	   2.8769703e-01	   3.3458893e-01	   3.1397224e-01	   3.0549685e-01	   3.2199640e-01	   3.0734818e-01	   2.7974081e-01	   2.6730047e-01	   2.3647357e-01	   2.0849130e-01	   1.6898003e-01	   1.5291979e-01	   1.3831066e-01	   1.2478472e-01	   1.1121296e-01	   1.1124697e-01	   9.4641697e-02	   9.0951476e-02	   1.3191663e-01	   1.0068449e-01	
             NaN	             NaN	   1.1830171e-01	   3.3114135e-01	   4.7106431e-01	   3.7815278e-01	   3.9964869e-01	   3.3269902e-01	   2.9132329e-01	   2.9107880e-01	   2.7733164e-01	   2.8285148e-01	   3.0749533e-01	   3.1950296e-01	   3.1881261e-01	   3.2724478e-01	   3.2242720e-01	   3.1200640e-01	   3.1415613e-01	   2.7875870e-01	   2.6832075e-01	   2.3527016e-01	   1.8032581e-01	   1.6361309e-01	   1.5673602e-01	   1.3168544e-01	   1.2293817e-01	   1.1624062e-01	   1.1055238e-01	   9.7190885e-02	   9.6201407e-02	   9.6551680e-02	   1.1450796e-01	
             NaN	             NaN	   4.6021120e-01	   4.0753893e-01	   3.1704267e-01	   3.6336857e-01	   3.4125755e-01	   2.9642882e-01	   2.8538980e-01	   2.7375390e-01	   3.0718053e-01	   3.0335958e-01	   3.0313966e-01	   3.0277634e-01	   3.2313250e-01	   3.3225519e-01	   3.1563569e-01	   3.1739074e-01	   2.9531590e-01	   2.6070183e-01	   2.5225988e-01	   2.3222793e-01	   2.1050210e-01	   1.4761671e-01	   1.5856805e-01	   1.4875214e-01	   1.3087242e-01	   1.2314526e-01	   1.1048205e-01	   9.9280518e-02	   9.6388454e-02	   9.7740991e-02	   1.7140133e-01	
             NaN	             NaN	   3.9037084e-01	   4.2835657e-01	   3.5283997e-01	   3.7625661e-01	   3.4872856e-01	   3.6742673e-01	   2.7064716e-01	   2.8120675e-01	   2.9688099e-01	   3.0446151e-01	   2.8960136e-01	   2.8988992e-01	   2.9454025e-01	   3.3940390e-01	   2.9383713e-01	   2.9527835e-01	   3.0107431e-01	   2.8393188e-01	   2.6044576e-01	   2.4608174e-01	   2.0230905e-01	   1.9002731e-01	   1.5646163e-01	   1.4305464e-01	   1.2454499e-01	   1.2622417e-01	   1.1445665e-01	   9.6670289e-02	   9.5685384e-02	   9.8304958e-02	   1.5586688e-01	
             NaN	             NaN	   6.8659020e-02	   3.0483383e-01	   3.8969783e-01	   3.4746743e-01	   4.0490918e-01	   3.8506845e-01	   3.2863930e-01	   2.6866283e-01	   2.6361598e-01	   2.9169733e-01	   2.8205387e-01	   2.6699342e-01	   3.0546446e-01	   2.9068995e-01	   3.1329522e-01	   3.2165678e-01	   2.9012227e-01	   2.7532604e-01	   2.4880922e-01	   2.3632781e-01	   2.0530027e-01	   1.5103559e-01	   1.5826876e-01	   1.3724786e-01	   1.2526627e-01	   1.1255683e-01	   9.4900656e-02	   1.0569265e-01	   8.4268910e-02	   1.0339721e-01	   1.2728268e-01	
             NaN	             NaN	             NaN	   4.3005872e-01	   3.7783489e-01	   3.2374874e-01	   3.2028495e-01	   3.3052697e-01	   3.1248715e-01	   2.8717878e-01	   2.7955089e-01	   2.8662121e-01	   2.9459939e-01	   2.8944294e-01	   3.1016682e-01	   3.0100168e-01	   3.0945394e-01	   3.0067592e-01	   2.8911107e-01	   2.3345255e-01	   2.4806257e-01	   2.0841098e-01	   1.9475069e-01	   1.6747307e-01	   1.4161377e-01	   1.3237144e-01	   1.3888710e-01	   1.2379307e-01	   1.1466738e-01	   9.1666141e-02	   9.6280859e-02	   9.0712159e-02	   9.9357964e-02	
             NaN	             NaN	             NaN	   2.9494456e-01	   3.6670134e-01	   4.4369669e-01	   3.3430103e-01	   3.5776097e-01	   3.2858638e-01	   2.5560885e-01	   2.7649186e-01	   2.9293710e-01	   2.8114175e-01	   3.2087332e-01	   2.9335155e-01	   3.2526957e-01	   3.1880908e-01	   3.1385668e-01	   3.0305746e-01	   2.4303672e-01	   2.3595701e-01	   2.1376342e-01	   1.9133831e-01	   1.6087179e-01	   1.4823027e-01	   1.3461278e-01	   1.2284310e-01	   1.1774577e-01	   1.0249705e-01	   9.1189809e-02	   1.0750751e-01	   8.3414789e-02	   8.5867444e-02	
             NaN	             NaN	             NaN	   3.4998179e-01	   3.9056103e-01	   3.3144047e-01	   3.6968488e-01	   2.7362257e-01	   2.7181082e-01	   2.5352855e-01	   2.8167162e-01	   2.9834166e-01	   2.7236514e-01	   2.7431515e-01	   2.8638916e-01	   2.8494103e-01	   2.9562569e-01	   2.9652327e-01	   2.8627026e-01	   2.7063845e-01	   2.3855639e-01	   2.1420311e-01	   1.8499916e-01	   1.6763694e-01	   1.5531893e-01	   1.2837153e-01	   1.2373503e-01	   1.2251259e-01	   1.0444043e-01	   1.1229459e-01	   9.6024868e-02	   9.0743796e-02	   8.5425948e-02	
             NaN	             NaN	             NaN	   3.0554524e-01	   2.3899294e-01	   3.2557494e-01	   2.8709210e-01	   2.8121660e-01	   2.8619962e-01	   2.3786186e-01	   2.5376603e-01	   2.6377578e-01	   2.3532064e-01	   2.8936857e-01	   2.8336183e-01	   2.9634124e-01	   2.8439967e-01	   2.7149333e-01	   3.0285115e-01	   2.3040776e-01	   2.4266463e-01	   1.9421263e-01	   1.7814012e-01	   1.7481135e-01	   1.3731652e-01	   1.2431915e-01	   1.2757139e-01	   1.1525145e-01	   1.1342550e-01	   9.8465432e-02	   1.0552108e-01	   8.9586979e-02	   8.3977739e-02	
             NaN	             NaN	             NaN	   1.9378124e-01	   3.2323479e-01	   3.2447296e-01	   3.9121862e-01	   2.6656219e-01	   2.3253501e-01	   2.5852595e-01	   2.4738676e-01	   2.4198668e-01	   2.4457007e-01	   2.7887950e-01	   2.8118290e-01	   2.8983928e-01	   2.9303090e-01	   2.6477043e-01	   2.5244631e-01	   2.6376798e-01	   2.4154786e-01	   1.9366412e-01	   1.7303178e-01	   1.5590902e-01	   1.4074815e-01	   1.3999596e-01	   1.3738243e-01	   1.1032398e-01	   1.2241651e-01	   1.0491698e-01	   9.9228419e-02	   9.3343125e-02	   8.6994368e-02	
             NaN	             NaN	             NaN	             NaN	   3.3816484e-01	   3.4852255e-01	   3.4386024e-01	   2.7848404e-01	   2.6512610e-01	   2.5338511e-01	   2.6403431e-01	   2.4386272e-01	   2.5250269e-01	   2.4427980e-01	   2.6122104e-01	   2.7321658e-01	   2.7114928e-01	   2.7341160e-01	   2.6611797e-01	   2.3471739e-01	   2.2052881e-01	   2.2244595e-01	   1.6179533e-01	   1.6699839e-01	   1.3931101e-01	   1.3158281e-01	   1.2522787e-01	   1.1462255e-01	   1.1678192e-01	   1.0573763e-01	   1.0172870e-01	   8.8594289e-02	   9.0886582e-02	
             NaN	             NaN	             NaN	             NaN	   2.8894669e-01	   3.0402291e-01	   2.6484047e-01	   2.8372826e-01	   2.8622235e-01	   2.2973280e-01	   2.6493737e-01	   2.0155650e-01	   2.5923096e-01	   2.7458242e-01	   2.7177046e-01	   2.7227481e-01	   2.6202156e-01	   2.7038396e-01	   2.4720798e-01	   2.3504873e-01	   2.3654546e-01	   1.9136404e-01	   1.7638750e-01	   1.5367274e-01	   1.4691696e-01	   1.3851178e-01	   1.2511916e-01	   1.1310807e-01	   1.2507929e-01	   1.1079060e-01	   1.0043535e-01	   1.0096665e-01	   8.6529833e-02	
             NaN	             NaN	             NaN	             NaN	   3.0840044e-01	   3.5369382e-01	   2.8067220e-01	   2.9998014e-01	   2.9696677e-01	   2.4411937e-01	   2.1673519e-01	   2.3095941e-01	   2.3590604e-01	   2.4216435e-01	   2.7237810e-01	   2.7873003e-01	   2.7156066e-01	   2.6108429e-01	   2.4782890e-01	   2.2883587e-01	   2.0236485e-01	   1.9717245e-01	   1.8009626e-01	   1.4443129e-01	   1.3840699e-01	   1.2177553e-01	   1.0920095e-01	   1.1568643e-01	   1.1372344e-01	   1.0615435e-01	   9.6802096e-02	   1.0660631e-01	   8.9231514e-02	
             NaN	             NaN	             NaN	             NaN	   3.0338753e-01	   3.3933956e-01	   2.8217597e-01	   2.1666243e-01	   2.3176524e-01	   2.5362985e-01	   2.0458727e-01	   2.3948295e-01	   2.4308828e-01	   2.6608812e-01	   2.3945954e-01	   2.5756890e-01	   2.5083666e-01	   2.5432661e-01	   2.4285856e-01	   2.1669947e-01	   1.9886318e-01	   1.9726768e-01	   1.6148852e-01	   1.6331670e-01	   1.2876760e-01	   1.2613775e-01	   1.1828552e-01	   1.0857411e-01	   1.1278721e-01	   1.1134275e-01	   9.7737761e-02	   9.3067941e-02	   8.7608375e-02	
             NaN	             NaN	             NaN	             NaN	   3.3432389e-01	   3.3854371e-01	   2.4038494e-01	   2.5595352e-01	   2.6290248e-01	   2.4482341e-01	   2.0884247e-01	   2.4832228e-01	   2.5566337e-01	   2.6140047e-01	   2.4208828e-01	   2.5174406e-01	   2.5674774e-01	   2.4181349e-01	   2.4095803e-01	   2.0737202e-01	   1.8594254e-01	   1.7024961e-01	   1.5778464e-01	   1.3946201e-01	   1.5827495e-01	   1.3802256e-01	   1.2063192e-01	   1.1077966e-01	   1.0332239e-01	   1.0056641e-01	   1.0087811e-01	   9.1629558e-02	   9.2944668e-02	
             NaN	             NaN	             NaN	             NaN	             NaN	   2.9557164e-01	   2.5583992e-01	   2.4476824e-01	   2.7495201e-01	   2.3167908e-01	   2.4014828e-01	   2.0924891e-01	   2.1272696e-01	   2.1580776e-01	   2.2888565e-01	   2.6553032e-01	   2.4134811e-01	   2.3224199e-01	   2.1630583e-01	   2.1754499e-01	   1.9552623e-01	   1.7847220e-01	   1.5589757e-01	   1.4357192e-01	   1.3330435e-01	   1.1810200e-01	   1.2010676e-01	   1.0748331e-01	   1.0970039e-01	   9.7403614e-02	   9.0192819e-02	   9.6791383e-02	   8.3773013e-02	
             NaN	             NaN	             NaN	             NaN	             NaN	   2.3758302e-01	   2.7030483e-01	   2.0708244e-01	   2.3776631e-01	   2.3342926e-01	   2.3582062e-01	   2.0488480e-01	   1.9405893e-01	   2.0925228e-01	   2.2251584e-01	   2.4274894e-01	   2.1830310e-01	   2.3855591e-01	   2.2837611e-01	   2.2436881e-01	   1.8054720e-01	   1.7081319e-01	   1.5252179e-01	   1.2505674e-01	   1.3510007e-01	   1.3193169e-01	   1.1500288e-01	   1.1503892e-01	   1.1061478e-01	   1.0053328e-01	   9.6063926e-02	   8.9068482e-02	   8.6083710e-02	
             NaN	             NaN	             NaN	             NaN	             NaN	   2.4614761e-01	   2.2607927e-01	   2.2977057e-01	   2.3533940e-01	   2.2011036e-01	   2.1936600e-01	   1.8879478e-01	   2.1448075e-01	   2.0197530e-01	   2.3587043e-01	   2.2163516e-01	   2.2527949e-01	   2.2249812e-01	   2.2359656e-01	   1.9198912e-01	   1.8407560e-01	   1.7762075e-01	   1.4344382e-01	   1.3490657e-01	   1.1664595e-01	   1.2319468e-01	   1.2000568e-01	   1.0021325e-01	   1.0141132e-01	   9.6935953e-02	   1.0393457e-01	   9.0478011e-02	   9.5061763e-02	
             NaN	             NaN	             NaN	             NaN	             NaN	   2.0079732e-01	   1.8713006e-01	   2.3492657e-01	   2.1969280e-01	   1.9570503e-01	   2.3029828e-01	   2.1533831e-01	   2.2728200e-01	   2.1279926e-01	   2.2522219e-01	   2.2654725e-01	   2.1116035e-01	   2.0264704e-01	   1.8948342e-01	   1.9683571e-01	   1.6515419e-01	   1.5398082e-01	   1.4417521e-01	   1.3113675e-01	   1.3306208e-01	   1.1059738e-01	   1.0914330e-01	   1.1160601e-01	   1.0289012e-01	   9.0723120e-02	   9.3843395e-02	   1.0443248e-01	   1.0017628e-01	
             NaN	             NaN	             NaN	             NaN	             NaN	   2.6875039e-01	   3.0151080e-01	   2.2703814e-01	   2.1542739e-01	   2.1422343e-01	   1.8791859e-01	   2.0550069e-01	   2.1710133e-01	   2.0290716e-01	   2.1907442e-01	   2.0804934e-01	   2.2218634e-01	   2.3854386e-01	   2.1367236e-01	   1.8816542e-01	   1.7584649e-01	   1.6291801e-01	   1.5635897e-01	   1.3022203e-01	   1.1656426e-01	   1.1906084e-01	   1.1680612e-01	   1.1113445e-01	   1.0153994e-01	   9.2985990e-02	   8.8698526e-02	   9.5577454e-02	   8.9707915e-02	
             NaN	             NaN	             NaN	             NaN	             NaN	             NaN	   2.9442888e-01	   2.3100766e-01	   2.3478881e-01	   2.0986524e-01	   1.9539606e-01	   1.7237861e-01	   1.7211700e-01	   2.1315387e-01	   2.1944119e-01	   2.3705415e-01	   2.1507406e-01	   2.2584026e-01	   1.9539651e-01	   1.7946160e-01	   1.5657237e-01	   1.4917455e-01	   1.4354562e-01	   1.3005611e-01	   1.2399423e-01	   1.1087749e-01	   1.1593140e-01	   1.0138997e-01	   1.0172479e-01	   1.0116445e-01	   9.9646928e-02	   8.1821528e-02	   8.9018130e-02	
             NaN	             NaN	             NaN	             NaN	             NaN	             NaN	   2.2410105e-01	   2.6374133e-01	   1.8508564e-01	   1.4960019e-01	   1.8672712e-01	   1.9983843e-01	   2.0647950e-01	   1.8653318e-01	   2.0483480e-01	   2.2259341e-01	   1.9477912e-01	   1.8935796e-01	   1.9106564e-01	   1.5750073e-01	   1.6813426e-01	   1.5119092e-01	   1.4242316e-01	   1.1786565e-01	   1.2396954e-01	   1.2031631e-01	   1.0479173e-01	   9.5289430e-02	   9.7092408e-02	   1.0354957e-01	   8.6303245e-02	   9.2032874e-02	   9.5118614e-02	
   0.0000000e+00	             NaN	             NaN	             NaN	             NaN	             NaN	   2.0136748e-01	   2.0482899e-01	   1.8866692e-01	   2.1142999e-01	   2.1015915e-01	   1.8582592e-01	   1.6287679e-01	   1.6743486e-01	   2.0621285e-01	   1.9953488e-01	   2.0097350e-01	   1.9995095e-01	   1.8582025e-01	   1.7551028e-01	   1.7774543e-01	   1.5488636e-01	   1.3351752e-01	   1.1593419e-01	   1.1694863e-01	   1.1134366e-01	   1.0804361e-01	   8.7597854e-02	   9.4556485e-02	   9.0299589e-02	   9.6488743e-02	   8.8353097e-02	   8.1702396e-02	
   0.0000000e+00	             NaN	             NaN	             NaN	             NaN	             NaN	   2.2933983e-01	   1.3313851e-01	   1.8355088e-01	   1.8278920e-01	   2.0519386e-01	   1.6573267e-01	   1.8591845e-01	   1.9980788e-01	   1.7792570e-01	   2.0405456e-01	   1.8676728e-01	   1.9507884e-01	   1.8912856e-01	   1.7250091e-01	   1.5460128e-01	   1.4772839e-01	   1.3430722e-01	   1.1444843e-01	   1.1147367e-01	   1.0604758e-01	   1.0898079e-01	   1.0295521e-01	   9.4933926e-02	   1.0075489e-01	   8.0699561e-02	   8.3542489e-02	   9.2839694e-02	
   0.0000000e+00	             NaN	             NaN	             NaN	             NaN	             NaN	   2.3715412e-01	   1.8881056e-01	   1.8900476e-01	   1.5203062e-01	   1.4934340e-01	   1.6605763e-01	   1.8000816e-01	   1.9682696e-01	   2.0976082e-01	   1.8743543e-01	   1.9915015e-01	   2.0050199e-01	   1.7980532e-01	   1.5545271e-01	   1.5156235e-01	   1.4063843e-01	   1.1539442e-01	   1.2052147e-01	   1.0557755e-01	   1.0505048e-01	   1.0206919e-01	   8.6151204e-02	   8.8727757e-02	   9.4667653e-02	   9.5116700e-02	   9.0655165e-02	   9.1028563e-02	
   0.0000000e+00	             NaN	             NaN	             NaN	             NaN	             NaN	             NaN	   1.9616027e-01	   1.6667290e-01	   1.4846557e-01	   1.5997745e-01	   1.6261826e-01	   1.9125621e-01	   1.7840406e-01	   1.7953151e-01	   1.6755293e-01	   1.9160615e-01	   1.5155190e-01	   1.6481470e-01	   1.6962417e-01	   1.4671057e-01	   1.3173169e-01	   1.2903107e-01	   1.0493091e-01	   1.0035437e-01	   1.0328181e-01	   1.0794633e-01	   1.1086455e-01	   9.6848380e-02	   9.0143931e-02	   9.2067787e-02	   9.2387207e-02	   8.7889786e-02	
   0.0000000e+00	             NaN	             NaN	             NaN	             NaN	             NaN	             NaN	   2.1342353e-01	   1.9199732e-01	   1.4987696e-01	   1.2298042e-01	   1.6438824e-01	   1.9727530e-01	   1.8554079e-01	   1.5819264e-01	   1.9160843e-01	   1.6832105e-01	   1.7725966e-01	   1.8002541e-01	   1.4516020e-01	   1.6855317e-01	   1.2688076e-01	   1.1795270e-01	   1.1331572e-01	   1.0278767e-01	   1.0166011e-01	   1.0203735e-01	   9.3724166e-02	   8.2870762e-02	   8.9774167e-02	   9.6221459e-02	   9.2836066e-02	   8.6777944e-02	
   0.0000000e+00	   0.0000000e+00	             NaN	             NaN	             NaN	             NaN	             NaN	   1.7557502e-01	   1.9288019e-01	   1.8202878e-01	   1.7032163e-01	   1.3902261e-01	   1.7150813e-01	   1.6411131e-01	   1.5252043e-01	   1.7149307e-01	   1.5229571e-01	   1.6797644e-01	   1.7876096e-01	   1.4904936e-01	   1.3223932e-01	   1.2630323e-01	   1.3145270e-01	   1.0207845e-01	   9.7627781e-02	   1.0271983e-01	   9.3426741e-02	   9.9356729e-02	   8.8448191e-02	   9.1867880e-02	   9.1573122e-02	   8.3450965e-02	   7.4652283e-02	
   0.0000000e+00	   0.0000000e+00	             NaN	             NaN	             NaN	             NaN	             NaN	   1.8280915e-01	   1.8112618e-01	   1.3993673e-01	   1.6973674e-01	   1.7151355e-01	   1.5691012e-01	   1.9005854e-01	   1.6923068e-01	   1.7168355e-01	   1.7488398e-01	   1.6267056e-01	   1.5174340e-01	   1.4439470e-01	   1.4298781e-01	   1.3629693e-01	   1.1677696e-01	   1.0734709e-01	   8.9455887e-02	   9.1016309e-02	   9.9597008e-02	   1.0254095e-01	   8.9595010e-02	   9.2239882e-02	   9.1528999e-02	   9.2085503e-02	   7.8826666e-02	
   0.0000000e+00	   0.0000000e+00	             NaN	             NaN	             NaN	             NaN	             NaN	   9.7199978e-02	   1.3152679e-01	   1.5573685e-01	   1.4711046e-01	   1.2976044e-01	   1.5044718e-01	   1.5806449e-01	   1.7770693e-01	   1.6940779e-01	   1.6293864e-01	   1.5153199e-01	   1.5553360e-01	   1.4912459e-01	   1.2353627e-01	   1.1872219e-01	   9.8577719e-02	   1.1703621e-01	   9.7818269e-02	   1.0405963e-01	   9.9761410e-02	   8.8497231e-02	   8.9425909e-02	   9.8093009e-02	   9.0109804e-02	   8.0047699e-02	   8.8433669e-02	
   0.0000000e+00	   0.0000000e+00	             NaN	             NaN	             NaN	             NaN	             NaN	             NaN	   1.3630761e-01	   1.2936353e-01	   1.2641179e-01	   1.4761397e-01	   1.7448958e-01	   1.4466791e-01	   1.2380039e-01	   1.6495608e-01	   1.5840186e-01	   1.5371466e-01	   1.3774696e-01	   1.2382000e-01	   1.1821059e-01	   1.2845240e-01	   1.1276341e-01	   8.7643046e-02	   8.4868293e-02	   8.7845680e-02	   8.9923685e-02	   9.0514953e-02	   8.5490914e-02	   8.0841406e-02	   9.4534666e-02	   8.9099341e-02	   9.0377288e-02	
   0.0000000e+00	   0.0000000e+00	             NaN	             NaN	             NaN	             NaN	             NaN	             NaN	   1.5021070e-01	   1.5602180e-01	   1.5366457e-01	   1.3455168e-01	   1.6505472e-01	   1.5176316e-01	   1.6751365e-01	   1.6068265e-01	   1.5277347e-01	   1.4083266e-01	   1.5208189e-01	   1.2896929e-01	   1.1662240e-01	   1.1364070e-01	   1.0946732e-01	   8.5941625e-02	   1.0075787e-01	   8.7392805e-02	   9.5328650e-02	   9.7508998e-02	   9.0251753e-02	   7.4485805e-02	   9.1554290e-02	   8.0488023e-02	   7.7443973e-02	
   0.0000000e+00	   0.0000000e+00	   0.0000000e+00	             NaN	             NaN	             NaN	             NaN	             NaN	   1.6784628e-01	   1.4316518e-01	   1.5809180e-01	   1.4536878e-01	   1.2987350e-01	   1.2765335e-01	   1.4574471e-01	   1.5167517e-01	   1.5982438e-01	   1.3925496e-01	   1.2155798e-01	   1.3744999e-01	   1.1395751e-01	   1.2718854e-01	   8.5651558e-02	   9.7280538e-02	   9.3214757e-02	   9.2204278e-02	   9.3931288e-02	   9.4441534e-02	   8.6416506e-02	   8.3770179e-02	   7.8154127e-02	   7.3153627e-02	   8.6660609e-02	
   0.0000000e+00	   0.0000000e+00	   0.0000000e+00	             NaN	             NaN	             NaN	             NaN	             NaN	   1.2772735e-01	   1.7449094e-01	   1.0671982e-01	   9.7895575e-02	   1.3580057e-01	   1.3712125e-01	   1.4309287e-01	   1.3610883e-01	   1.5159421e-01	   1.3406922e-01	   1.3237327e-01	   1.3043181e-01	   1.1594608e-01	   1.0929935e-01	   1.0212762e-01	   8.8030188e-02	   8.4602503e-02	   8.2088334e-02	   8.2215849e-02	   8.2429764e-02	   8.6967615e-02	   9.6041693e-02	   7.4967243e-02	   7.9759792e-02	   7.2019824e-02	
   0.0000000e+00	   0.0000000e+00	   0.0000000e+00	             NaN	             NaN	             NaN	             NaN	             NaN	   1.5973254e-01	   1.0399249e-01	   1.3753343e-01	   1.0549346e-01	   1.1841533e-01	   1.2470297e-01	   1.4745759e-01	   1.5438751e-01	   1.3758600e-01	   1.3331719e-01	   1.2814585e-01	   1.5189057e-01	   1.1960128e-01	   1.2016244e-01	   9.2630412e-02	   1.0339744e-01	   9.1764595e-02	   7.6578708e-02	   8.8693721e-02	   6.8887287e-02	   7.8447299e-02	   9.2852085e-02	   6.5365532e-02	   7.8906376e-02	   7.9993754e-02	
   0.0000000e+00	   0.0000000e+00	   0.0000000e+00	             NaN	             NaN	             NaN	             NaN	             NaN	   9.4025559e-02	   1.4190189e-01	   1.2033837e-01	   1.3052491e-01	   1.1042006e-01	   1.4574009e-01	   1.4086364e-01	   1.3428383e-01	   1.3886349e-01	   1.4458446e-01	   1.3142187e-01	   1.2622656e-01	   1.0488085e-01	   1.0711431e-01	   1.0799312e-01	   9.5129747e-02	   7.4333162e-02	   8.3291098e-02	   7.8454091e-02	   8.0163337e-02	   5.8373343e-02	   8.6820261e-02	   7.0285323e-02	   6.8872208e-02	   8.1442744e-02	
   0.0000000e+00	   0.0000000e+00	   0.0000000e+00	             NaN	             NaN	             NaN	             NaN	             NaN	             NaN	   1.7105549e-01	   1.2184594e-01	   1.4328673e-01	   1.5053074e-01	   1.5978909e-01	   1.2874018e-01	   1.2582744e-01	   1.1798970e-01	   1.2873607e-01	   1.2315437e-01	   1.1345758e-01	   1.0895766e-01	   9.0355456e-02	   9.2960673e-02	   7.6338286e-02	   8.2061993e-02	   8.2476857e-02	   7.1151703e-02	   7.0559918e-02	   8.1785735e-02	   7.0494132e-02	   8.8413415e-02	   7.0694116e-02	   6.8604847e-02	
   0.0000000e+00	   0.0000000e+00	   0.0000000e+00	   0.0000000e+00	             NaN	             NaN	             NaN	             NaN	             NaN	   9.3360619e-02	   1.4434168e-01	   1.5297078e-01	   1.4617360e-01	   1.1683898e-01	   1.3473161e-01	   1.1332726e-01	   1.3433789e-01	   1.3471173e-01	   1.1611273e-01	   1.0980956e-01	   9.1268827e-02	   9.5017239e-02	   8.2866657e-02	   7.4977181e-02	   8.0683452e-02	   8.7877472e-02	   7.8238285e-02	   7.2485016e-02	   8.3072475e-02	   8.5229667e-02	   6.8947830e-02	   7.1548161e-02	   6.3441423e-02	
   0.0000000e+00	   0.0000000e+00	   0.0000000e+00	   0.0000000e+00	             NaN	             NaN	             NaN	             NaN	             NaN	   1.5348335e-01	   1.0852206e-01	   1.3677574e-01	   1.1815757e-01	   1.7482279e-01	   1.2157280e-01	   1.1882372e-01	   1.3581326e-01	   1.2891922e-01	   1.3049578e-01	   1.1623219e-01	   9.2963501e-02	   1.0056948e-01	   7.2043765e-02	   9.3026158e-02	   7.6850358e-02	   7.8917660e-02	   8.2687081e-02	   7.7047319e-02	   8.0458208e-02	   7.6685722e-02	   7.0302728e-02	   6.2663070e-02	   7.1838505e-02	
   0.0000000e+00	   0.0000000e+00	   0.0000000e+00	   0.0000000e+00	             NaN	             NaN	             NaN	             NaN	             NaN	   1.1729770e-01	   1.3467116e-01	   1.1688412e-01	   1.0616973e-01	   1.0904138e-01	   1.3545944e-01	   1.2310102e-01	   1.0696795e-01	   1.2690631e-01	   1.0163048e-01	   1.1192134e-01	   8.8259343e-02	   9.5468506e-02	   8.3900046e-02	   8.7994919e-02	   8.3870781e-02	   7.5267866e-02	   7.4173531e-02	   6.3969580e-02	   7.5639628e-02	   8.0380351e-02	   7.8396271e-02	   7.2291149e-02	   6.5765519e-02	
   0.0000000e+00	   0.0000000e+00	   0.0000000e+00	   0.0000000e+00	             NaN	             NaN	             NaN	             NaN	             NaN	   1.1039584e-01	   1.0926013e-01	   1.0214544e-01	   1.1931230e-01	   1.2540269e-01	   1.2514068e-01	   1.3499797e-01	   1.2717298e-01	   1.2919591e-01	   1.1013043e-01	   1.0399834e-01	   9.0940365e-02	   9.0426029e-02	   9.1987174e-02	   7.7100933e-02	   6.8259582e-02	   8.7814656e-02	   6.3235031e-02	   6.3124904e-02	   7.2097335e-02	   6.7792189e-02	   6.2974730e-02	   7.9329669e-02	   7.0105387e-02	
   0.0000000e+00	   0.0000000e+00	   0.0000000e+00	   0.0000000e+00	             NaN	             NaN	             NaN	             NaN	             NaN	             NaN	   1.0909437e-01	   1.2372070e-01	   6.4485926e-02	   1.1963212e-01	   1.1246414e-01	   9.6526852e-02	   1.1045170e-01	   1.3101239e-01	   8.2193520e-02	   1.0463414e-01	   1.0646504e-01	   8.2855764e-02	   7.9865731e-02	   8.2690590e-02	   7.9699862e-02	   7.6733848e-02	   7.1466914e-02	   6.3880114e-02	   8.0272806e-02	   6.2197696e-02	   6.6350485e-02	   7.3995960e-02	   7.6021922e-02	
   0.0000000e+00	   0.0000000e+00	   0.0000000e+00	   0.0000000e+00	             NaN	             NaN	             NaN	             NaN	             NaN	             NaN	   1.2994484e-01	   1.1158170e-01	   1.3152439e-01	   1.1578690e-01	   1.1515447e-01	   1.0680588e-01	   9.1556104e-02	   1.1261517e-01	   1.0763478e-01	   1.1647385e-01	   8.8086345e-02	   8.7302697e-02	   9.3492689e-02	   9.1551200e-02	   7.8930084e-02	   7.4412988e-02	   5.8678699e-02	   6.5863795e-02	   6.9924241e-02	   5.8577986e-02	   7.4451711e-02	   6.4052369e-02	   6.6081759e-02	
   0.0000000e+00	   0.0000000e+00	   0.0000000e+00	   0.0000000e+00	   0.0000000e+00	             NaN	             NaN	             NaN	             NaN	             NaN	   1.0969052e-01	   1.1710409e-01	   1.0267353e-01	   1.2105153e-01	   1.0320890e-01	   1.2613998e-01	   1.1197861e-01	   1.1071427e-01	   1.1127874e-01	   7.8440435e-02	   1.0133376e-01	   6.5615133e-02	   7.2693696e-02	   7.3087182e-02	   6.6046403e-02	   7.8583153e-02	   6.7002463e-02	   7.1891937e-02	   6.6972094e-02	   5.8045445e-02	   5.3809720e-02	   6.3764591e-02	   5.6966352e-02	
   0.0000000e+00	   0.0000000e+00	   0.0000000e+00	   0.0000000e+00	   0.0000000e+00	             NaN	             NaN	             NaN	             NaN	             NaN	   8.3094938e-02	   1.0230156e-01	   1.0350223e-01	   8.9663354e-02	   1.0321420e-01	   1.0378333e-01	   1.0223690e-01	   1.1437825e-01	   1.0739261e-01	   7.9207533e-02	   7.7216965e-02	   8.6968127e-02	   6.3012824e-02	   5.7302772e-02	   6.1555404e-02	   7.8954336e-02	   6.1573086e-02	   6.9238159e-02	   5.6653800e-02	   4.5774742e-02	   5.2316184e-02	   6.4489962e-02	   6.2252781e-02	
   0.0000000e+00	   0.0000000e+00	   0.0000000e+00	   0.0000000e+00	   0.0000000e+00	             NaN	             NaN	             NaN	             NaN	             NaN	   9.4062549e-02	   1.1360106e-01	   8.4303143e-02	   8.1254493e-02	   1.0212541e-01	   9.1102690e-02	   9.0782790e-02	   8.2912249e-02	   8.8818855e-02	   1.0160210e-01	   5.6617178e-02	   5.5905488e-02	   5.4362606e-02	   6.2319651e-02	   6.3329430e-02	   5.3481139e-02	   7.0526379e-02	   5.6114092e-02	   6.0495082e-02	   6.2110251e-02	   5.9739696e-02	   6.5289688e-02	   6.6667365e-02	
   0.0000000e+00	   0.0000000e+00	   0.0000000e+00	   0.0000000e+00	   0.0000000e+00	             NaN	             NaN	             NaN	             NaN	             NaN	             NaN	   7.6890539e-02	   1.0811490e-01	   8.9616482e-02	   8.1273257e-02	   1.0686126e-01	   8.7675501e-02	   9.6180476e-02	   9.8240569e-02	   7.2719146e-02	   8.6832695e-02	   5.9736774e-02	   6.3453044e-02	   8.6030171e-02	   4.8409138e-02	   6.9992223e-02	   6.8319168e-02	   6.6803872e-02	   5.6557053e-02	   4.8105159e-02	   4.9271631e-02	   5.9274798e-02	   6.0836159e-02	
   0.0000000e+00	   0.0000000e+00	   0.0000000e+00	   0.0000000e+00	   0.0000000e+00	             NaN	             NaN	             NaN	             NaN	             NaN	             NaN	   1.0957392e-01	   1.0247723e-01	   1.0980338e-01	   7.7699388e-02	   1.1169376e-01	   1.0189875e-01	   9.4047009e-02	   7.4826522e-02	   7.2470658e-02	   6.9987094e-02	   7.8617171e-02	   6.8434063e-02	   5.5136752e-02	   6.1933215e-02	   6.1730070e-02	   6.8794775e-02	   5.6160097e-02	   5.7440626e-02	   5.7356308e-02	   6.4739281e-02	   5.5760896e-02	   6.7562810e-02	
   0.0000000e+00	   0.0000000e+00	   0.0000000e+00	   0.0000000e+00	   0.0000000e+00	   0.0000000e+00	             NaN	             NaN	             NaN	             NaN	             NaN	   7.5352636e-02	   1.0038811e-01	   9.0493343e-02	   8.1050591e-02	   9.7925782e-02	   9.0534660e-02	   1.0370544e-01	   8.6256869e-02	   7.6177095e-02	   7.0803302e-02	   7.4101453e-02	   5.4146479e-02	   6.4921338e-02	   5.6614157e-02	   5.9367122e-02	   4.6766153e-02	   5.4747559e-02	   5.3436316e-02	   5.7660474e-02	   4.2414124e-02	   4.5703047e-02	   5.9614528e-02	
   0.0000000e+00	   0.0000000e+00	   0.0000000e+00	   0.0000000e+00	   0.0000000e+00	   0.0000000e+00	             NaN	             NaN	             NaN	             NaN	             NaN	   3.6872071e-02	   6.0814111e-02	   9.2620602e-02	   9.5749664e-02	   8.5459322e-02	   7.5117876e-02	   9.9762711e-02	   7.5125119e-02	   7.9706058e-02	   7.0555092e-02	   7.3359832e-02	   5.3066127e-02	   4.7341150e-02	   7.0862368e-02	   5.6743556e-02	   7.4791979e-02	   6.2041328e-02	   6.2314780e-02	   5.3986815e-02	   5.3595695e-02	   5.8045317e-02	   5.0519322e-02	
   0.0000000e+00	   0.0000000e+00	   0.0000000e+00	   0.0000000e+00	   0.0000000e+00	   0.0000000e+00	             NaN	             NaN	             NaN	             NaN	             NaN	   4.6759791e-02	   9.0398148e-02	   1.1739843e-01	   4.7414136e-02	   8.8369233e-02	   1.1030585e-01	   5.5809103e-02	   5.7242948e-02	   8.4452587e-02	   6.0115999e-02	   6.7709385e-02	   6.5971889e-02	   5.9209844e-02	   5.4127819e-02	   5.1050437e-02	   6.2256012e-02	   6.0481670e-02	   5.7628456e-02	   6.3508699e-02	   6.2450816e-02	   5.2244254e-02	   4.7330260e-02	
   0.0000000e+00	   0.0000000e+00	   0.0000000e+00	   0.0000000e+00	   0.0000000e+00	   0.0000000e+00	             NaN	             NaN	             NaN	             NaN	             NaN	             NaN	   4.6795293e-02	   9.1150552e-02	   8.2967598e-02	   9.7158153e-02	   8.3553397e-02	   7.4845669e-02	   7.1416577e-02	   6.1940349e-02	   8.2260878e-02	   6.1881668e-02	   5.6376905e-02	   4.9072823e-02	   4.5214372e-02	   5.7617571e-02	   5.4648829e-02	   4.7138681e-02	   3.8860693e-02	   4.5330113e-02	   4.2435440e-02	   6.0285060e-02	   4.6369744e-02	
   0.0000000e+00	   0.0000000e+00	   0.0000000e+00	   0.0000000e+00	   0.0000000e+00	   0.0000000e+00	             NaN	             NaN	             NaN	             NaN	             NaN	             NaN	   9.9620898e-02	   9.5362606e-02	   1.1551074e-01	   6.0699713e-02	   1.0365676e-01	   5.8608832e-02	   8.2834449e-02	   5.5179508e-02	   6.5747786e-02	   4.6807304e-02	   7.3028748e-02	   4.7283901e-02	   4.5574993e-02	   4.7713602e-02	   5.3309239e-02	   5.4731366e-02	   4.8421850e-02	   5.0321722e-02	   5.4812553e-02	   5.6570280e-02	   5.0365647e-02	
   0.0000000e+00	   0.0000000e+00	   0.0000000e+00	   0.0000000e+00	   0.0000000e+00	   0.0000000e+00	   0.0000000e+00	             NaN	             NaN	             NaN	             NaN	             NaN	   7.5148864e-02	   7.9418051e-02	   7.7395448e-02	   8.2727795e-02	   6.5306617e-02	   7.4224011e-02	   4.1322961e-02	   7.7421585e-02	   6.0610097e-02	   4.5153620e-02	   6.8888363e-02	   6.0789335e-02	   5.9867477e-02	   4.3995676e-02	   3.8681110e-02	   6.6148313e-02	   4.7089083e-02	   5.4217619e-02	   4.4053779e-02	   4.6983994e-02	   4.7606918e-02	
   0.0000000e+00	   0.0000000e+00	   0.0000000e+00	   0.0000000e+00	   0.0000000e+00	   0.0000000e+00	   0.0000000e+00	             NaN	             NaN	             NaN	             NaN	             NaN	   5.0666261e-02	   7.1528559e-02	   8.6847511e-02	   7.0068868e-02	   8.6132753e-02	   7.8808204e-02	   4.7477470e-02	   5.8481375e-02	   6.8351755e-02	   5.2950279e-02	   4.7180146e-02	   4.0377664e-02	   5.5130953e-02	   4.8724574e-02	   5.3651403e-02	   3.4954913e-02	   5.2560464e-02	   5.7234454e-02	   5.0872722e-02	   4.3732309e-02	   5.5295211e-02	
   0.0000000e+00	   0.0000000e+00	   0.0000000e+00	   0.0000000e+00	   0.0000000e+00	   0.0000000e+00	   0.0000000e+00	             NaN	             NaN	             NaN	             NaN	             NaN	   9.9865942e-02	   7.6508723e-02	   8.7576677e-02	   9.8344868e-02	   7.2879630e-02	   5.1311341e-02	   6.5237995e-02	   6.8050391e-02	   5.4197279e-02	   5.0647951e-02	   5.6249894e-02	   5.6145008e-02	   5.5926860e-02	   4.1198144e-02	   3.1940698e-02	   5.1542730e-02	   5.3110511e-02	   4.3841606e-02	   6.2490115e-02	   4.4850331e-02	   3.2659454e-02	
   0.0000000e+00	   0.0000000e+00	   0.0000000e+00	   0.0000000e+00	   0.0000000e+00	   0.0000000e+00	   0.0000000e+00	             NaN	             NaN	             NaN	             NaN	             NaN	             NaN	   5.0990780e-02	   9.5336751e-02	   7.6022857e-02	   8.0414311e-02	   7.0739183e-02	   7.3219945e-02	   5.6302579e-02	   7.7608060e-02	   4.1143985e-02	   4.7409696e-02	   3.9028985e-02	   3.8224844e-02	   3.7146226e-02	   5.1009340e-02	   3.6293661e-02	   4.8148534e-02	   5.1806829e-02	   3.4740551e-02	   4.1964202e-02	   3.5330165e-02	
   0.0000000e+00	   0.0000000e+00	   0.0000000e+00	   0.0000000e+00	   0.0000000e+00	   0.0000000e+00	   0.0000000e+00	             NaN	             NaN	             NaN	             NaN	             NaN	             NaN	   9.7165363e-02	   7.9984574e-02	   6.7283291e-02	   6.0876231e-02	   5.7938621e-02	   7.4297334e-02	   7.7098887e-02	   5.7240804e-02	   4.9579231e-02	   3.5897311e-02	   4.1531271e-02	   5.1428347e-02	   4.4086259e-02	   3.6166697e-02	   4.9238859e-02	   4.7375984e-02	   4.9680308e-02	   4.1601947e-02	   3.6185766e-02	   3.5588362e-02	
   0.0000000e+00	   0.0000000e+00	   0.0000000e+00	   0.0000000e+00	   0.0000000e+00	   0.0000000e+00	   0.0000000e+00	   0.0000000e+00	             NaN	             NaN	             NaN	             NaN	             NaN	   6.4413576e-02	   7.5791498e-02	   7.6979985e-02	   6.2799648e-02	   5.7075285e-02	   5.8373183e-02	   8.6012739e-02	   7.5611114e-02	   5.1106579e-02	   4.1895304e-02	   3.7715715e-02	   4.4945637e-02	   5.3183372e-02	   3.6684401e-02	   4.3163793e-02	   5.3466740e-02	   4.3789877e-02	   4.4547697e-02	   4.2233558e-02	   3.8131115e-02	
   0.0000000e+00	   0.0000000e+00	   0.0000000e+00	   0.0000000e+00	   0.0000000e+00	   0.0000000e+00	   0.0000000e+00	   0.0000000e+00	             NaN	             NaN	             NaN	             NaN	             NaN	   5.5906888e-02	   9.4275492e-02	   9.8898013e-02	   5.5887730e-02	   6.3602314e-02	   6.1420616e-02	   5.8306208e-02	   4.0460548e-02	   4.9643229e-02	   4.1580929e-02	   6.2317597e-02	   4.5412608e-02	   4.7577241e-02	   3.8564403e-02	   5.9174871e-02	   5.0361514e-02	   2.9764895e-02	   4.0491506e-02	   4.9205868e-02	   3.7700227e-02	
   0.0000000e+00	   0.0000000e+00	   0.0000000e+00	   0.0000000e+00	   0.0000000e+00	   0.0000000e+00	   0.0000000e+00	   0.0000000e+00	             NaN	             NaN	             NaN	             NaN	             NaN	   6.1360110e-02	   6.8121974e-02	   8.5409664e-02	   6.2698193e-02	   9.1103786e-02	   6.1662566e-02	   4.9364021e-02	   6.3725736e-02	   3.3872852e-02	   4.6532549e-02	   5.8100442e-02	   4.7982300e-02	   2.8734885e-02	   4.4855981e-02	   4.0343530e-02	   4.0288056e-02	   4.3288973e-02	   3.2955404e-02	   4.5501375e-02	   3.2021515e-02	
   0.0000000e+00	   0.0000000e+00	   0.0000000e+00	   0.0000000e+00	   0.0000000e+00	   0.0000000e+00	   0.0000000e+00	   0.0000000e+00	             NaN	             NaN	             NaN	             NaN	             NaN	             NaN	   6.5231008e-02	   3.8191936e-02	   7.2897037e-02	   6.3951959e-02	   5.1023127e-02	   4.9732110e-02	   6.4990583e-02	   6.1137765e-02	   4.5701856e-02	   4.0644159e-02	   4.1410265e-02	   4.4531898e-02	   4.3010666e-02	   4.3715066e-02	   3.8979819e-02	   3.9175386e-02	   4.4453758e-02	   3.6235923e-02	   5.1832208e-02	
   0.0000000e+00	   0.0000000e+00	   0.0000000e+00	   0.0000000e+00	   0.0000000e+00	   0.0000000e+00	   0.0000000e+00	   0.0000000e+00	             NaN	             NaN	             NaN	             NaN	             NaN	             NaN	   6.3914010e-02	   6.0764526e-02	   6.8404900e-02	   7.2313407e-02	   4.5363630e-02	   4.8724411e-02	   4.8314873e-02	   3.6991189e-02	   4.6678836e-02	   5.7552074e-02	   4.0544750e-02	   5.9906650e-02	   3.6475774e-02	   3.0476900e-02	   4.3750478e-02	   4.2953103e-02	   3.6514548e-02	   4.1749585e-02	   4.3891788e-02	
   0.0000000e+00	   0.0000000e+00	   0.0000000e+00	   0.0000000e+00	   0.0000000e+00	   0.0000000e+00	   0.0000000e+00	   0.0000000e+00	   0.0000000e+00	             NaN	             NaN	             NaN	             NaN	             NaN	   7.5438531e-02	   4.2936037e-02	   6.9103569e-02	   6.1032368e-02	   5.9697363e-02	   6.2126741e-02	   5.0946532e-02	   4.3604982e-02	   3.5616753e-02	   3.7004919e-02	   3.4328032e-02	   3.6084229e-02	   4.4593760e-02	   5.3316240e-02	   3.8894924e-02	   5.2605890e-02	   3.7812462e-02	   2.8560472e-02	   3.3397405e-02	
   0.0000000e+00	   0.0000000e+00	   0.0000000e+00	   0.0000000e+00	   0.0000000e+00	   0.0000000e+00	   0.0000000e+00	   0.0000000e+00	   0.0000000e+00	             NaN	             NaN	             NaN	             NaN	             NaN	   3.8917387e-02	   6.8536305e-02	   4.2634716e-02	   6.9807316e-02	   6.2262154e-02	   3.5435440e-02	   4.0813251e-02	   5.1058157e-02	   3.9325250e-02	   3.7027059e-02	   4.2754700e-02	   3.6497107e-02	   3.8244309e-02	   4.0876589e-02	   4.0386038e-02	   2.7578971e-02	   3.2009229e-02	   3.5438088e-02	   2.7559114e-02	
   0.0000000e+00	   0.0000000e+00	   0.0000000e+00	   0.0000000e+00	   0.0000000e+00	   0.0000000e+00	   0.0000000e+00	   0.0000000e+00	   0.0000000e+00	             NaN	             NaN	             NaN	             NaN	             NaN	   7.0058230e-02	   6.2047127e-02	   4.9508065e-02	   5.0184226e-02	   3.5855455e-02	   4.0641502e-02	   5.0022435e-02	   4.9588387e-02	   4.2050437e-02	   3.7935421e-02	   4.7656632e-02	   1.7211919e-02	   3.0868920e-02	   3.8599711e-02	   3.4160540e-02	   3.7910993e-02	   3.3350839e-02	   4.7575879e-02	   2.7646693e-02	
   0.0000000e+00	   0.0000000e+00	   0.0000000e+00	   0.0000000e+00	   0.0000000e+00	   0.0000000e+00	   0.0000000e+00	   0.0000000e+00	   0.0000000e+00	             NaN	             NaN	             NaN	             NaN	             NaN	             NaN	   5.4897546e-02	   6.1870152e-02	   5.5941346e-02	   6.4547048e-02	   3.2124380e-02	   4.4960468e-02	   4.6378114e-02	   3.2473179e-02	   3.6922465e-02	   4.0628378e-02	   2.1529418e-02	   3.4616549e-02	   2.4495997e-02	   4.2631889e-02	   3.6886817e-02	   3.1526934e-02	   2.5106870e-02	   4.2663811e-02	
   0.0000000e+00	   0.0000000e+00	   0.0000000e+00	   0.0000000e+00	   0.0000000e+00	   0.0000000e+00	   0.0000000e+00	   0.0000000e+00	   0.0000000e+00	             NaN	             NaN	             NaN	             NaN	             NaN	             NaN	   6.9670577e-02	   5.5497917e-02	   5.8533384e-02	   6.9477508e-02	   4.4346644e-02	   6.7528727e-02	   4.8259045e-02	   5.1647337e-02	   2.6336153e-02	   4.5347959e-02	   4.6343823e-02	   3.8736488e-02	   3.2247924e-02	   3.3484136e-02	   3.4201041e-02	   3.3801277e-02	   3.9060214e-02	   3.3373300e-02	
   0.0000000e+00	   0.0000000e+00	   0.0000000e+00	   0.0000000e+00	   0.0000000e+00	   0.0000000e+00	   0.0000000e+00	   0.0000000e+00	   0.0000000e+00	   0.0000000e+00	             NaN	             NaN	             NaN	             NaN	             NaN	   7.9796224e-02	   5.0356265e-02	   6.1196466e-02	   5.8218193e-02	   3.7807591e-02	   3.1484507e-02	   4.1490149e-02	   3.8822513e-02	   4.5914682e-02	   3.8634757e-02	   3.0392162e-02	   4.3681416e-02	   3.6547862e-02	   2.3579605e-02	   2.2496435e-02	   2.6401119e-02	   3.5301092e-02	   2.9472761e-02	
