  -2.2101356e+00	  -4.6147283e+00	  -2.4742953e+00	             NaN	             NaN	             NaN	             NaN	             NaN	             NaN	             NaN	             NaN	             NaN	             NaN	             NaN	   0.0000000e+00	   0.0000000e+00	   0.0000000e+00	   0.0000000e+00	   0.0000000e+00	   0.0000000e+00	   0.0000000e+00	   0.0000000e+00	   0.0000000e+00	   0.0000000e+00	   0.0000000e+00	   0.0000000e+00	   0.0000000e+00	   0.0000000e+00	   0.0000000e+00	   0.0000000e+00	   0.0000000e+00	   0.0000000e+00	   0.0000000e+00	
  -1.8896140e+00	  -1.3091371e+00	  -2.1867056e+00	             NaN	             NaN	             NaN	             NaN	             NaN	             NaN	             NaN	             NaN	             NaN	             NaN	             NaN	   0.0000000e+00	   0.0000000e+00	   0.0000000e+00	   0.0000000e+00	   0.0000000e+00	   0.0000000e+00	   0.0000000e+00	   0.0000000e+00	   0.0000000e+00	   0.0000000e+00	   0.0000000e+00	   0.0000000e+00	   0.0000000e+00	   0.0000000e+00	   0.0000000e+00	   0.0000000e+00	   0.0000000e+00	   0.0000000e+00	   0.0000000e+00	
   1.6785826e+00	   1.9808117e-01	   8.5047576e-01	             NaN	             NaN	             NaN	             NaN	             NaN	             NaN	             NaN	             NaN	             NaN	             NaN	             NaN	   0.0000000e+00	   0.0000000e+00	   0.0000000e+00	   0.0000000e+00	   0.0000000e+00	   0.0000000e+00	   0.0000000e+00	   0.0000000e+00	   0.0000000e+00	   0.0000000e+00	   0.0000000e+00	   0.0000000e+00	   0.0000000e+00	   0.0000000e+00	   0.0000000e+00	   0.0000000e+00	   0.0000000e+00	   0.0000000e+00	   0.0000000e+00	
   8.2259536e-01	  -1.5590474e+00	   1.1008401e+00	   4.9879898e+00	             NaN	             NaN	             NaN	             NaN	             NaN	             NaN	             NaN	             NaN	             NaN	             NaN	             NaN	   0.0000000e+00	   0.0000000e+00	   0.0000000e+00	   0.0000000e+00	   0.0000000e+00	   0.0000000e+00	   0.0000000e+00	   0.0000000e+00	   0.0000000e+00	   0.0000000e+00	   0.0000000e+00	   0.0000000e+00	   0.0000000e+00	   0.0000000e+00	   0.0000000e+00	   0.0000000e+00	   0.0000000e+00	   0.0000000e+00	
   5.3516868e-01	   7.4285088e-01	   2.9873635e+00	   6.2709210e+00	             NaN	             NaN	             NaN	             NaN	             NaN	             NaN	             NaN	             NaN	             NaN	             NaN	             NaN	   0.0000000e+00	   0.0000000e+00	   0.0000000e+00	   0.0000000e+00	   0.0000000e+00	   0.0000000e+00	   0.0000000e+00	   0.0000000e+00	   0.0000000e+00	   0.0000000e+00	   0.0000000e+00	   0.0000000e+00	   0.0000000e+00	   0.0000000e+00	   0.0000000e+00	   0.0000000e+00	   0.0000000e+00	   0.0000000e+00	
   3.1358869e+00	   2.9440505e+00	   3.4445482e+00	   6.1377018e+00	   1.0449449e+01	             NaN	             NaN	             NaN	             NaN	             NaN	             NaN	             NaN	             NaN	             NaN	             NaN	             NaN	   0.0000000e+00	   0.0000000e+00	   0.0000000e+00	   0.0000000e+00	   0.0000000e+00	   0.0000000e+00	   0.0000000e+00	   0.0000000e+00	   0.0000000e+00	   0.0000000e+00	   0.0000000e+00	   0.0000000e+00	   0.0000000e+00	   0.0000000e+00	   0.0000000e+00	   0.0000000e+00	   0.0000000e+00	
   2.5200330e+00	   3.1733423e+00	   4.0158321e+00	   6.0742519e+00	   1.0007126e+01	             NaN	             NaN	             NaN	             NaN	             NaN	             NaN	             NaN	             NaN	             NaN	             NaN	             NaN	   0.0000000e+00	   0.0000000e+00	   0.0000000e+00	   0.0000000e+00	   0.0000000e+00	   0.0000000e+00	   0.0000000e+00	   0.0000000e+00	   0.0000000e+00	   0.0000000e+00	   0.0000000e+00	   0.0000000e+00	   0.0000000e+00	   0.0000000e+00	   0.0000000e+00	   0.0000000e+00	   0.0000000e+00	
   4.5145262e+00	   2.6032862e+00	   3.9497823e+00	   6.8834196e+00	   1.0307360e+01	             NaN	             NaN	             NaN	             NaN	             NaN	             NaN	             NaN	             NaN	             NaN	             NaN	             NaN	   0.0000000e+00	   0.0000000e+00	   0.0000000e+00	   0.0000000e+00	   0.0000000e+00	   0.0000000e+00	   0.0000000e+00	   0.0000000e+00	   0.0000000e+00	   0.0000000e+00	   0.0000000e+00	   0.0000000e+00	   0.0000000e+00	   0.0000000e+00	   0.0000000e+00	   0.0000000e+00	   0.0000000e+00	
   4.3290873e+00	   4.0531848e+00	   4.5406243e+00	   7.2902763e+00	   9.9579402e+00	   1.2690305e+01	             NaN	             NaN	             NaN	             NaN	             NaN	             NaN	             NaN	             NaN	             NaN	             NaN	             NaN	   0.0000000e+00	   0.0000000e+00	   0.0000000e+00	   0.0000000e+00	   0.0000000e+00	   0.0000000e+00	   0.0000000e+00	   0.0000000e+00	   0.0000000e+00	   0.0000000e+00	   0.0000000e+00	   0.0000000e+00	   0.0000000e+00	   0.0000000e+00	   0.0000000e+00	   0.0000000e+00	
   5.2718168e+00	   3.5895677e+00	   4.3069167e+00	   7.3438748e+00	   9.4372763e+00	   1.2202233e+01	             NaN	             NaN	             NaN	             NaN	             NaN	             NaN	             NaN	             NaN	             NaN	             NaN	             NaN	   0.0000000e+00	   0.0000000e+00	   0.0000000e+00	   0.0000000e+00	   0.0000000e+00	   0.0000000e+00	   0.0000000e+00	   0.0000000e+00	   0.0000000e+00	   0.0000000e+00	   0.0000000e+00	   0.0000000e+00	   0.0000000e+00	   0.0000000e+00	   0.0000000e+00	   0.0000000e+00	
   2.7395907e+00	   3.1814310e+00	   5.0250090e+00	   6.7088724e+00	   9.1902395e+00	   1.1436535e+01	   1.2467367e+01	             NaN	             NaN	             NaN	             NaN	             NaN	             NaN	             NaN	             NaN	             NaN	             NaN	             NaN	   0.0000000e+00	   0.0000000e+00	   0.0000000e+00	   0.0000000e+00	   0.0000000e+00	   0.0000000e+00	   0.0000000e+00	   0.0000000e+00	   0.0000000e+00	   0.0000000e+00	   0.0000000e+00	   0.0000000e+00	   0.0000000e+00	   0.0000000e+00	   0.0000000e+00	
   4.7885620e+00	   4.0007521e+00	   5.0941108e+00	   7.6055180e+00	   8.6772621e+00	   1.1148714e+01	   1.1931049e+01	             NaN	             NaN	             NaN	             NaN	             NaN	             NaN	             NaN	             NaN	             NaN	             NaN	             NaN	   0.0000000e+00	   0.0000000e+00	   0.0000000e+00	   0.0000000e+00	   0.0000000e+00	   0.0000000e+00	   0.0000000e+00	   0.0000000e+00	   0.0000000e+00	   0.0000000e+00	   0.0000000e+00	   0.0000000e+00	   0.0000000e+00	   0.0000000e+00	   0.0000000e+00	
   4.2627252e+00	   4.1874857e+00	   5.5015218e+00	   6.9682162e+00	   9.2354346e+00	   1.0719504e+01	   1.1317718e+01	             NaN	             NaN	             NaN	             NaN	             NaN	             NaN	             NaN	             NaN	             NaN	             NaN	             NaN	   0.0000000e+00	   0.0000000e+00	   0.0000000e+00	   0.0000000e+00	   0.0000000e+00	   0.0000000e+00	   0.0000000e+00	   0.0000000e+00	   0.0000000e+00	   0.0000000e+00	   0.0000000e+00	   0.0000000e+00	   0.0000000e+00	   0.0000000e+00	   0.0000000e+00	
   4.7684540e+00	   4.3023750e+00	   5.8032799e+00	   7.2978768e+00	   8.5813772e+00	   9.7982933e+00	   1.1072910e+01	   9.5993271e+00	             NaN	             NaN	             NaN	             NaN	             NaN	             NaN	             NaN	             NaN	             NaN	             NaN	             NaN	   0.0000000e+00	   0.0000000e+00	   0.0000000e+00	   0.0000000e+00	   0.0000000e+00	   0.0000000e+00	   0.0000000e+00	   0.0000000e+00	   0.0000000e+00	   0.0000000e+00	   0.0000000e+00	   0.0000000e+00	   0.0000000e+00	   0.0000000e+00	
   4.6518257e+00	   3.9333654e+00	   5.3318677e+00	   6.8061463e+00	   8.3140723e+00	   9.5647429e+00	   1.0241866e+01	   8.8579016e+00	             NaN	             NaN	             NaN	             NaN	             NaN	             NaN	             NaN	             NaN	             NaN	             NaN	             NaN	   0.0000000e+00	   0.0000000e+00	   0.0000000e+00	   0.0000000e+00	   0.0000000e+00	   0.0000000e+00	   0.0000000e+00	   0.0000000e+00	   0.0000000e+00	   0.0000000e+00	   0.0000000e+00	   0.0000000e+00	   0.0000000e+00	   0.0000000e+00	
   5.1507300e+00	   4.2993236e+00	   5.1601028e+00	   6.9924408e+00	   8.1013582e+00	   8.6121911e+00	   9.2789648e+00	   8.2417904e+00	   5.7460308e+00	             NaN	             NaN	             NaN	             NaN	             NaN	             NaN	             NaN	             NaN	             NaN	             NaN	             NaN	   0.0000000e+00	   0.0000000e+00	   0.0000000e+00	   0.0000000e+00	   0.0000000e+00	   0.0000000e+00	   0.0000000e+00	   0.0000000e+00	   0.0000000e+00	   0.0000000e+00	   0.0000000e+00	   0.0000000e+00	   0.0000000e+00	
   4.6442026e+00	   4.7833156e+00	   6.0803149e+00	   7.1094270e+00	   7.7787276e+00	   8.3505174e+00	   8.5854721e+00	   7.4223789e+00	   5.3605811e+00	             NaN	             NaN	             NaN	             NaN	             NaN	             NaN	             NaN	             NaN	             NaN	             NaN	             NaN	   0.0000000e+00	   0.0000000e+00	   0.0000000e+00	   0.0000000e+00	   0.0000000e+00	   0.0000000e+00	   0.0000000e+00	   0.0000000e+00	   0.0000000e+00	   0.0000000e+00	   0.0000000e+00	   0.0000000e+00	   0.0000000e+00	
   4.8038950e+00	   5.1884046e+00	   5.6744934e+00	   6.5927582e+00	   7.4750415e+00	   8.1130466e+00	   8.0940116e+00	   6.9111696e+00	   4.9420624e+00	             NaN	             NaN	             NaN	             NaN	             NaN	             NaN	             NaN	             NaN	             NaN	             NaN	             NaN	   0.0000000e+00	   0.0000000e+00	   0.0000000e+00	   0.0000000e+00	   0.0000000e+00	   0.0000000e+00	   0.0000000e+00	   0.0000000e+00	   0.0000000e+00	   0.0000000e+00	   0.0000000e+00	   0.0000000e+00	   0.0000000e+00	
   4.4075176e+00	   4.8950115e+00	   5.2181227e+00	   6.0600039e+00	   7.1720421e+00	   7.4650438e+00	   7.4081951e+00	   6.7090547e+00	   4.6784171e+00	   2.7612964e+00	             NaN	             NaN	             NaN	             NaN	             NaN	             NaN	             NaN	             NaN	             NaN	             NaN	             NaN	   0.0000000e+00	   0.0000000e+00	   0.0000000e+00	   0.0000000e+00	   0.0000000e+00	   0.0000000e+00	   0.0000000e+00	   0.0000000e+00	   0.0000000e+00	   0.0000000e+00	   0.0000000e+00	   0.0000000e+00	
   4.2102725e+00	   4.6063612e+00	   5.1746782e+00	   5.9682329e+00	   6.8162946e+00	   6.8870218e+00	   6.8864600e+00	   5.9551651e+00	   4.3384960e+00	   2.4261211e+00	             NaN	             NaN	             NaN	             NaN	             NaN	             NaN	             NaN	             NaN	             NaN	             NaN	             NaN	   0.0000000e+00	   0.0000000e+00	   0.0000000e+00	   0.0000000e+00	   0.0000000e+00	   0.0000000e+00	   0.0000000e+00	   0.0000000e+00	   0.0000000e+00	   0.0000000e+00	   0.0000000e+00	   0.0000000e+00	
   3.4272812e+00	   4.3087148e+00	   4.7847196e+00	   6.0083960e+00	   6.4765633e+00	   6.7445135e+00	   6.6327163e+00	   5.5857246e+00	   3.8721832e+00	   2.2251738e+00	   2.0895550e+00	             NaN	             NaN	             NaN	             NaN	             NaN	             NaN	             NaN	             NaN	             NaN	             NaN	             NaN	   0.0000000e+00	   0.0000000e+00	   0.0000000e+00	   0.0000000e+00	   0.0000000e+00	   0.0000000e+00	   0.0000000e+00	   0.0000000e+00	   0.0000000e+00	   0.0000000e+00	   0.0000000e+00	
   3.9350339e+00	   3.8494282e+00	   4.7055163e+00	   5.2437538e+00	   5.9391240e+00	   6.2833510e+00	   5.8565960e+00	   5.0307137e+00	   3.4502447e+00	   2.2562362e+00	   1.5947776e+00	             NaN	             NaN	             NaN	             NaN	             NaN	             NaN	             NaN	             NaN	             NaN	             NaN	             NaN	   0.0000000e+00	   0.0000000e+00	   0.0000000e+00	   0.0000000e+00	   0.0000000e+00	   0.0000000e+00	   0.0000000e+00	   0.0000000e+00	   0.0000000e+00	   0.0000000e+00	   0.0000000e+00	
   3.4737537e+00	   4.0154231e+00	   4.5980331e+00	   5.1583207e+00	   5.6871073e+00	   5.6282852e+00	   5.4098778e+00	   4.5224721e+00	   3.2758671e+00	   2.1105853e+00	   1.4043758e+00	             NaN	             NaN	             NaN	             NaN	             NaN	             NaN	             NaN	             NaN	             NaN	             NaN	             NaN	   0.0000000e+00	   0.0000000e+00	   0.0000000e+00	   0.0000000e+00	   0.0000000e+00	   0.0000000e+00	   0.0000000e+00	   0.0000000e+00	   0.0000000e+00	   0.0000000e+00	   0.0000000e+00	
   3.3326865e+00	   3.5076400e+00	   4.1836242e+00	   5.1579841e+00	   5.4550748e+00	   5.2560340e+00	   5.0038294e+00	   3.9520812e+00	   3.0413093e+00	   1.8779110e+00	   1.3194731e+00	   1.3386634e+00	             NaN	             NaN	             NaN	             NaN	             NaN	             NaN	             NaN	             NaN	             NaN	             NaN	             NaN	   0.0000000e+00	   0.0000000e+00	   0.0000000e+00	   0.0000000e+00	   0.0000000e+00	   0.0000000e+00	   0.0000000e+00	   0.0000000e+00	   0.0000000e+00	   0.0000000e+00	
   3.3194238e+00	   3.1130556e+00	   4.2255629e+00	   4.8462556e+00	   4.6418306e+00	   4.8630709e+00	   4.6209581e+00	   3.7072346e+00	   2.8316354e+00	   1.8153688e+00	   1.2797362e+00	   1.2050617e+00	             NaN	             NaN	             NaN	             NaN	             NaN	             NaN	             NaN	             NaN	             NaN	             NaN	             NaN	   0.0000000e+00	   0.0000000e+00	   0.0000000e+00	   0.0000000e+00	   0.0000000e+00	   0.0000000e+00	   0.0000000e+00	   0.0000000e+00	   0.0000000e+00	   0.0000000e+00	
   3.5088090e+00	   3.6521047e+00	   3.5779683e+00	   4.0444330e+00	   4.4605797e+00	   4.4294801e+00	   4.1177602e+00	   3.4215839e+00	   2.5756653e+00	   1.6696098e+00	   1.1300904e+00	   9.0528502e-01	   1.5922378e+00	             NaN	             NaN	             NaN	             NaN	             NaN	             NaN	             NaN	             NaN	             NaN	             NaN	             NaN	   0.0000000e+00	   0.0000000e+00	   0.0000000e+00	   0.0000000e+00	   0.0000000e+00	   0.0000000e+00	   0.0000000e+00	   0.0000000e+00	   0.0000000e+00	
   3.4652674e+00	   2.6690500e+00	   3.7046314e+00	   3.7727251e+00	   4.3598895e+00	   4.0801950e+00	   3.9077738e+00	   3.1577977e+00	   2.4090849e+00	   1.6386966e+00	   1.1521517e+00	   8.1007556e-01	   1.1205390e+00	             NaN	             NaN	             NaN	             NaN	             NaN	             NaN	             NaN	             NaN	             NaN	             NaN	             NaN	   0.0000000e+00	   0.0000000e+00	   0.0000000e+00	   0.0000000e+00	   0.0000000e+00	   0.0000000e+00	   0.0000000e+00	   0.0000000e+00	   0.0000000e+00	
   2.4880163e+00	   3.1617954e+00	   3.2440119e+00	   3.7097434e+00	   3.9756515e+00	   3.9940290e+00	   3.5118235e+00	   2.7995559e+00	   2.1437103e+00	   1.4384935e+00	   1.0658321e+00	   7.7294378e-01	   7.6877511e-01	             NaN	             NaN	             NaN	             NaN	             NaN	             NaN	             NaN	             NaN	             NaN	             NaN	             NaN	   0.0000000e+00	   0.0000000e+00	   0.0000000e+00	   0.0000000e+00	   0.0000000e+00	   0.0000000e+00	   0.0000000e+00	   0.0000000e+00	   0.0000000e+00	
   1.8983688e+00	   2.5614698e+00	   2.8144134e+00	   3.0047339e+00	   3.4861698e+00	   3.4236241e+00	   3.2250512e+00	   2.6138913e+00	   1.9822164e+00	   1.3785967e+00	   1.0228335e+00	   7.7886012e-01	   6.0238728e-01	   1.0966961e+00	             NaN	             NaN	             NaN	             NaN	             NaN	             NaN	             NaN	             NaN	             NaN	             NaN	             NaN	   0.0000000e+00	   0.0000000e+00	   0.0000000e+00	   0.0000000e+00	   0.0000000e+00	   0.0000000e+00	   0.0000000e+00	   0.0000000e+00	
   2.7178124e+00	   2.4053718e+00	   2.6571415e+00	   3.1241746e+00	   3.2202366e+00	   2.8875085e+00	   2.9540563e+00	   2.4438664e+00	   1.7279867e+00	   1.1697073e+00	   8.9435755e-01	   6.8589442e-01	   5.3406716e-01	   7.6298917e-01	             NaN	             NaN	             NaN	             NaN	             NaN	             NaN	             NaN	             NaN	             NaN	             NaN	             NaN	   0.0000000e+00	   0.0000000e+00	   0.0000000e+00	   0.0000000e+00	   0.0000000e+00	   0.0000000e+00	   0.0000000e+00	   0.0000000e+00	
   1.7488011e+00	   2.0480299e+00	   2.2320224e+00	   2.7150443e+00	   2.7097159e+00	   2.8172154e+00	   2.5775902e+00	   2.1631218e+00	   1.5509267e+00	   1.1316439e+00	   8.0248845e-01	   6.6208850e-01	   4.9263194e-01	   5.1213794e-01	   6.8157840e-01	             NaN	             NaN	             NaN	             NaN	             NaN	             NaN	             NaN	             NaN	             NaN	             NaN	             NaN	   0.0000000e+00	   0.0000000e+00	   0.0000000e+00	   0.0000000e+00	   0.0000000e+00	   0.0000000e+00	   0.0000000e+00	
   1.8412512e+00	   1.4807197e+00	   2.1458902e+00	   2.5645940e+00	   2.6716138e+00	   2.5452431e+00	   2.3539022e+00	   2.0014160e+00	   1.4604118e+00	   1.0487294e+00	   7.9850309e-01	   6.9355429e-01	   4.9122855e-01	   3.9483239e-01	   6.6083285e-01	             NaN	             NaN	             NaN	             NaN	             NaN	             NaN	             NaN	             NaN	             NaN	             NaN	             NaN	   0.0000000e+00	   0.0000000e+00	   0.0000000e+00	   0.0000000e+00	   0.0000000e+00	   0.0000000e+00	   0.0000000e+00	
   1.1128752e+00	   1.2891869e+00	   1.8422813e+00	   2.2755806e+00	   2.3873562e+00	   2.3189479e+00	   2.1972462e+00	   1.8638413e+00	   1.4232555e+00	   9.7238026e-01	   7.0725109e-01	   6.2952386e-01	   4.6847008e-01	   3.0807622e-01	   5.0008707e-01	             NaN	             NaN	             NaN	             NaN	             NaN	             NaN	             NaN	             NaN	             NaN	             NaN	             NaN	   0.0000000e+00	   0.0000000e+00	   0.0000000e+00	   0.0000000e+00	   0.0000000e+00	   0.0000000e+00	   0.0000000e+00	
   2.5978557e-01	   6.0415385e-01	   1.4845592e+00	   2.0821264e+00	   2.2193542e+00	   2.1103148e+00	   1.9678899e+00	   1.5677500e+00	   1.1756471e+00	   9.2917495e-01	   7.2826286e-01	   6.4253515e-01	   4.5747431e-01	   3.3285280e-01	   3.8948664e-01	   5.1900556e-01	             NaN	             NaN	             NaN	             NaN	             NaN	             NaN	             NaN	             NaN	             NaN	             NaN	             NaN	   0.0000000e+00	   0.0000000e+00	   0.0000000e+00	   0.0000000e+00	   0.0000000e+00	   0.0000000e+00	
   2.9531773e-01	   9.8046445e-01	   8.6862905e-01	   1.6620456e+00	   1.6970629e+00	   1.9099812e+00	   1.7260033e+00	   1.4039801e+00	   1.1362365e+00	   8.7728919e-01	   7.2115095e-01	   5.6281108e-01	   4.2927324e-01	   3.2903288e-01	   2.5006801e-01	   6.7648793e-01	             NaN	             NaN	             NaN	             NaN	             NaN	             NaN	             NaN	             NaN	             NaN	             NaN	             NaN	   0.0000000e+00	   0.0000000e+00	   0.0000000e+00	   0.0000000e+00	   0.0000000e+00	   0.0000000e+00	
  -7.6657812e-02	  -7.7422253e-02	   7.1798811e-01	   1.5381198e+00	   1.6911048e+00	   1.6357241e+00	   1.5265995e+00	   1.2401292e+00	   1.0113309e+00	   7.9289830e-01	   6.7569996e-01	   5.3736357e-01	   4.5548971e-01	   3.1351797e-01	   2.6061783e-01	   4.7808698e-01	   1.5544131e-01	             NaN	             NaN	             NaN	             NaN	             NaN	             NaN	             NaN	             NaN	             NaN	             NaN	             NaN	   0.0000000e+00	   0.0000000e+00	   0.0000000e+00	   0.0000000e+00	   0.0000000e+00	
  -1.0112025e-01	  -8.8985942e-01	   1.5616284e-01	   1.4668670e+00	   1.7062454e+00	   1.6014116e+00	   1.5221532e+00	   1.2708890e+00	   9.3422355e-01	   7.5144931e-01	   6.0234030e-01	   4.7946213e-01	   3.8348236e-01	   2.8577809e-01	   2.5889580e-01	   2.7335668e-01	   4.7200066e-01	             NaN	             NaN	             NaN	             NaN	             NaN	             NaN	             NaN	             NaN	             NaN	             NaN	             NaN	   0.0000000e+00	   0.0000000e+00	   0.0000000e+00	   0.0000000e+00	   0.0000000e+00	
  -7.1580196e-01	  -4.8081761e-01	   2.3678191e-01	   1.1519763e+00	   1.3998896e+00	   1.4235632e+00	   1.3577436e+00	   1.1353887e+00	   8.8182361e-01	   7.0631597e-01	   5.4235755e-01	   4.9066754e-01	   3.9475373e-01	   2.9741327e-01	   2.3397913e-01	   1.8567979e-01	   5.2189293e-01	             NaN	             NaN	             NaN	             NaN	             NaN	             NaN	             NaN	             NaN	             NaN	             NaN	             NaN	   0.0000000e+00	   0.0000000e+00	   0.0000000e+00	   0.0000000e+00	   0.0000000e+00	
  -1.9139175e-01	  -1.2963978e+00	  -6.1929786e-01	   8.9400143e-01	   1.3393225e+00	   1.2956616e+00	   1.2776861e+00	   9.4487930e-01	   8.1410156e-01	   6.5306964e-01	   5.4752353e-01	   4.5679276e-01	   3.8748101e-01	   3.0906967e-01	   2.4221963e-01	   1.6953781e-01	   3.4489085e-01	   1.1094985e-01	             NaN	             NaN	             NaN	             NaN	             NaN	             NaN	             NaN	             NaN	             NaN	             NaN	             NaN	   0.0000000e+00	   0.0000000e+00	   0.0000000e+00	   0.0000000e+00	
  -2.8225832e+00	  -2.2153755e+00	  -5.3000119e-01	   6.6439415e-01	   1.0086460e+00	   1.2242609e+00	   1.1269257e+00	   9.9624263e-01	   7.0053051e-01	   6.4245390e-01	   5.0433349e-01	   4.2705820e-01	   3.4932229e-01	   2.6101386e-01	   2.1403484e-01	   2.0026017e-01	   3.4454724e-01	   2.3898336e-01	             NaN	             NaN	             NaN	             NaN	             NaN	             NaN	             NaN	             NaN	             NaN	             NaN	             NaN	   0.0000000e+00	   0.0000000e+00	   0.0000000e+00	   0.0000000e+00	
  -1.8628821e+00	  -2.7774143e+00	  -1.1901144e+00	   5.2724899e-01	   9.2986715e-01	   1.0545147e+00	   9.5060148e-01	   8.9939671e-01	   6.2787760e-01	   5.4081249e-01	   4.4433233e-01	   4.6276778e-01	   3.4674431e-01	   2.9716783e-01	   2.1205910e-01	   1.8270047e-01	   1.4917644e-01	   5.6460411e-01	  -2.2000603e-01	             NaN	             NaN	             NaN	             NaN	             NaN	             NaN	             NaN	             NaN	             NaN	             NaN	             NaN	   0.0000000e+00	   0.0000000e+00	   0.0000000e+00	
  -3.0767946e+00	  -2.7479991e+00	  -1.5878566e+00	   2.9139893e-01	   7.6880093e-01	   1.0254620e+00	   8.5252555e-01	   7.7790285e-01	   6.6686800e-01	   5.2940539e-01	   4.5867388e-01	   3.7210387e-01	   3.5563354e-01	   2.7268188e-01	   2.2692984e-01	   1.7326619e-01	   1.6147991e-01	   3.8374108e-01	   7.1859800e-02	             NaN	             NaN	             NaN	             NaN	             NaN	             NaN	             NaN	             NaN	             NaN	             NaN	             NaN	   0.0000000e+00	   0.0000000e+00	   0.0000000e+00	
  -1.5931367e+00	  -2.7496682e+00	  -1.4485939e+00	  -6.7816470e-02	   6.7217982e-01	   7.5693612e-01	   7.9303151e-01	   7.0613945e-01	   5.8384565e-01	   5.1871249e-01	   4.5394824e-01	   3.8531545e-01	   3.4339141e-01	   2.8943745e-01	   2.1368439e-01	   1.7940095e-01	   1.2160618e-01	   2.7646720e-01	   3.8647679e-01	             NaN	             NaN	             NaN	             NaN	             NaN	             NaN	             NaN	             NaN	             NaN	             NaN	             NaN	   0.0000000e+00	   0.0000000e+00	   0.0000000e+00	
  -4.3148295e+00	  -2.2849864e+00	  -1.9617238e+00	  -2.2497527e-01	   5.8618308e-01	   8.0669481e-01	   7.6264414e-01	   6.9694336e-01	   6.2886998e-01	   4.9587352e-01	   3.9955736e-01	   4.0160902e-01	   3.4581781e-01	   2.9531823e-01	   2.0460820e-01	   1.8271798e-01	   1.5446695e-01	   1.9581435e-01	   4.7742641e-01	  -1.9023970e-01	             NaN	             NaN	             NaN	             NaN	             NaN	             NaN	             NaN	             NaN	             NaN	             NaN	             NaN	   0.0000000e+00	   0.0000000e+00	
  -3.7558461e+00	  -3.1920469e+00	  -1.8902528e+00	  -3.0894424e-01	   4.1194999e-01	   7.3825430e-01	   7.0646497e-01	   6.1273630e-01	   5.3086914e-01	   4.5525683e-01	   3.9704540e-01	   3.9040352e-01	   3.3925306e-01	   2.8292786e-01	   2.1883169e-01	   1.9355684e-01	   1.3705990e-01	   1.7802966e-01	   3.6151049e-01	   6.6687147e-03	             NaN	             NaN	             NaN	             NaN	             NaN	             NaN	             NaN	             NaN	             NaN	             NaN	             NaN	   0.0000000e+00	   0.0000000e+00	
  -4.3852093e+00	  -4.0825621e+00	  -2.5191286e+00	  -7.0423444e-01	   2.9780983e-01	   6.1217122e-01	   6.2477933e-01	   5.6266732e-01	   5.2928359e-01	   4.5017864e-01	   4.1075476e-01	   3.8337460e-01	   3.5419808e-01	   2.7981507e-01	   2.3699625e-01	   1.7173356e-01	   1.4849414e-01	   1.2529828e-01	   3.0084618e-01	   3.2787895e-01	  -2.5259573e-01	             NaN	             NaN	             NaN	             NaN	             NaN	             NaN	             NaN	             NaN	             NaN	             NaN	             NaN	   0.0000000e+00	
  -4.1089911e+00	  -3.7995319e+00	  -2.2487976e+00	  -9.0235465e-01	   3.3161577e-01	   5.5380547e-01	   5.8729078e-01	   5.1283732e-01	   4.8362531e-01	   4.5173263e-01	   3.9388592e-01	   3.6157918e-01	   3.1021345e-01	   2.9875562e-01	   2.3223428e-01	   1.7215528e-01	   1.7109302e-01	   1.4838336e-01	   1.9741013e-01	   3.6494672e-01	  -3.1013045e-01	             NaN	             NaN	             NaN	             NaN	             NaN	             NaN	             NaN	             NaN	             NaN	             NaN	             NaN	   0.0000000e+00	
  -4.9794844e+00	  -3.7347797e+00	  -3.5106960e+00	  -8.4916052e-01	   2.1962942e-01	   5.2682645e-01	   5.7640096e-01	   5.0957562e-01	   4.9562385e-01	   4.3694639e-01	   3.8932637e-01	   3.6800706e-01	   3.6647798e-01	   2.9794104e-01	   2.3678869e-01	   1.8059720e-01	   1.7915205e-01	   1.5218107e-01	   1.5042944e-01	   4.5109398e-01	  -3.4082866e-02	             NaN	             NaN	             NaN	             NaN	             NaN	             NaN	             NaN	             NaN	             NaN	             NaN	             NaN	   0.0000000e+00	
  -5.5425646e+00	  -4.4087200e+00	  -3.0777020e+00	  -6.1093535e-01	  -1.0500879e-01	   4.8272160e-01	   5.1479971e-01	   4.6893846e-01	   4.7316155e-01	   4.0612140e-01	   4.2699218e-01	   3.7965915e-01	   3.3692476e-01	   2.8840119e-01	   2.6016662e-01	   1.9855254e-01	   1.6825536e-01	   1.5801450e-01	   1.4310770e-01	   3.1165057e-01	   2.2240008e-01	  -3.2781386e-01	             NaN	             NaN	             NaN	             NaN	             NaN	             NaN	             NaN	             NaN	             NaN	             NaN	             NaN	
  -5.0412484e+00	  -4.8279498e+00	  -3.7844627e+00	  -1.3811518e+00	   2.4803985e-02	   3.8872030e-01	   5.0409566e-01	   5.0415862e-01	   4.7783126e-01	   4.2017795e-01	   4.0661888e-01	   3.6772038e-01	   3.6603410e-01	   3.1886503e-01	   2.5635144e-01	   2.2414035e-01	   1.7607126e-01	   1.6918664e-01	   1.1969304e-01	   1.8274953e-01	   3.4235004e-01	  -1.8902051e-01	             NaN	             NaN	             NaN	             NaN	             NaN	             NaN	             NaN	             NaN	             NaN	             NaN	             NaN	
  -3.7203931e+00	  -4.6324710e+00	  -3.3135694e+00	  -1.3312893e+00	  -2.9820071e-02	   3.9427964e-01	   4.4449617e-01	   4.3029032e-01	   4.3378630e-01	   3.9340245e-01	   3.7934502e-01	   3.9891915e-01	   3.6377441e-01	   3.1160426e-01	   2.5976155e-01	   2.0392011e-01	   1.8452901e-01	   1.6927007e-01	   1.3547407e-01	   1.3612718e-01	   3.2885538e-01	  -4.7676647e-02	  -2.8783218e-01	             NaN	             NaN	             NaN	             NaN	             NaN	             NaN	             NaN	             NaN	             NaN	             NaN	
  -3.7428375e+00	  -4.6465315e+00	  -3.0356844e+00	  -1.6104509e+00	  -2.9541877e-01	   3.0003779e-01	   3.5904120e-01	   4.5601743e-01	   4.0969531e-01	   4.4356985e-01	   4.1633130e-01	   3.6644086e-01	   3.4546579e-01	   3.0471544e-01	   2.6219240e-01	   2.1985065e-01	   1.9469437e-01	   1.9176384e-01	   1.5577923e-01	   1.4960660e-01	   3.5117683e-01	   1.7550921e-01	  -2.9650529e-01	             NaN	             NaN	             NaN	             NaN	             NaN	             NaN	             NaN	             NaN	             NaN	             NaN	
  -2.8640036e+00	  -4.3987510e+00	  -3.4479711e+00	  -1.1578122e+00	  -3.7726906e-01	   3.3870313e-01	   3.8205394e-01	   4.2837790e-01	   4.5048603e-01	   4.2447085e-01	   3.8694325e-01	   3.6540049e-01	   3.6507081e-01	   3.0847800e-01	   2.9128037e-01	   2.4196972e-01	   2.0491033e-01	   1.8712099e-01	   1.5852662e-01	   1.3118898e-01	   2.0935584e-01	   3.7061268e-01	  -2.9096111e-01	             NaN	             NaN	             NaN	             NaN	             NaN	             NaN	             NaN	             NaN	             NaN	             NaN	
  -2.6376000e+00	  -3.6516707e+00	  -3.2122248e+00	  -1.4402361e+00	  -3.0686302e-01	   3.0671252e-01	   4.3746753e-01	   4.4144917e-01	   4.1287515e-01	   4.1887856e-01	   4.1279263e-01	   4.0620707e-01	   3.5237239e-01	   3.5075816e-01	   2.8843181e-01	   2.5565705e-01	   2.1724427e-01	   2.2233110e-01	   1.6592428e-01	   1.6079019e-01	   1.8132274e-01	   4.5999995e-01	  -3.9615364e-02	  -1.8566638e-01	             NaN	             NaN	             NaN	             NaN	             NaN	             NaN	             NaN	             NaN	             NaN	
  -3.8172412e+00	  -3.8101978e+00	  -2.9332926e+00	  -1.1714061e+00	  -3.6388157e-01	   2.6604203e-01	   4.2482233e-01	   4.7294341e-01	   4.7213506e-01	   4.0587166e-01	   3.9703636e-01	   3.8210631e-01	   3.7818887e-01	   3.1522599e-01	   3.1446680e-01	   2.4176126e-01	   2.0739300e-01	   2.0299403e-01	   2.1111980e-01	   1.5414444e-01	   1.5897972e-01	   3.0438355e-01	   1.4207292e-01	  -2.2548430e-01	             NaN	             NaN	             NaN	             NaN	             NaN	             NaN	             NaN	             NaN	             NaN	
  -4.2220263e+00	  -4.4053091e+00	  -2.7298212e+00	  -1.6945444e+00	  -3.6282369e-01	   2.7158692e-01	   3.8019388e-01	   4.5096578e-01	   3.9640420e-01	   4.2520753e-01	   3.8479227e-01	   4.0290091e-01	   3.6181104e-01	   3.3840755e-01	   3.1003438e-01	   2.5450517e-01	   2.3077126e-01	   2.2391599e-01	   2.0395131e-01	   1.6187997e-01	   1.5863330e-01	   2.3859144e-01	   3.8303374e-01	  -2.7752616e-01	  -2.7956696e-02	             NaN	             NaN	             NaN	             NaN	             NaN	             NaN	             NaN	             NaN	
  -4.0628834e+00	  -3.9999480e+00	  -2.9747090e+00	  -1.1392737e+00	  -2.4026026e-01	   2.8054033e-01	   4.4310789e-01	   4.2568039e-01	   4.1686055e-01	   4.1277533e-01	   3.9168423e-01	   3.5946945e-01	   3.6431264e-01	   3.6523824e-01	   3.2413551e-01	   2.6426193e-01	   2.5468634e-01	   2.4524717e-01	   2.1580028e-01	   1.8895829e-01	   1.7552398e-01	   1.9440090e-01	   4.0332235e-01	  -1.1747990e-01	  -5.1729217e-02	             NaN	             NaN	             NaN	             NaN	             NaN	             NaN	             NaN	             NaN	
  -3.5094665e+00	  -3.6822826e+00	  -2.5980664e+00	  -1.1437262e+00	  -1.1040591e-01	   2.4545415e-01	   3.8197531e-01	   4.2018515e-01	   4.4944055e-01	   3.9857477e-01	   4.0423504e-01	   3.7533825e-01	   3.8187983e-01	   3.7498077e-01	   3.2221097e-01	   3.0678516e-01	   2.5412420e-01	   2.6064605e-01	   1.9241385e-01	   2.0184653e-01	   1.7610263e-01	   1.8187744e-01	   3.9753810e-01	   1.1645318e-01	  -1.1098691e-01	             NaN	             NaN	             NaN	             NaN	             NaN	             NaN	             NaN	             NaN	
  -4.1218057e+00	  -4.2799689e+00	  -2.5426655e+00	  -1.0534616e+00	  -2.6893847e-01	   2.7265091e-01	   3.8682055e-01	   4.3665943e-01	   4.5338995e-01	   4.1910655e-01	   4.3223027e-01	   3.8258298e-01	   3.6801634e-01	   3.4504204e-01	   3.0909545e-01	   2.9835950e-01	   2.7129295e-01	   2.6444275e-01	   2.2851349e-01	   2.2274054e-01	   1.9394948e-01	   1.5305275e-01	   3.0820935e-01	   2.7827919e-01	  -1.1061403e-01	   1.2869424e-03	             NaN	             NaN	             NaN	             NaN	             NaN	             NaN	             NaN	
  -2.3457427e+00	  -3.0340645e+00	  -2.0431634e+00	  -1.2842168e+00	  -2.9670930e-01	   2.2133775e-01	   3.9089920e-01	   4.2462903e-01	   4.4359351e-01	   3.9507323e-01	   4.3051697e-01	   3.8500368e-01	   3.5815836e-01	   3.7547579e-01	   3.2539640e-01	   3.0017542e-01	   2.9329263e-01	   2.7174305e-01	   2.4934638e-01	   2.1637541e-01	   1.8582300e-01	   1.5531909e-01	   2.1809403e-01	   3.9208455e-01	  -9.6540545e-02	  -6.2949730e-02	             NaN	             NaN	             NaN	             NaN	             NaN	             NaN	             NaN	
  -2.2747757e+00	  -3.8638797e+00	  -1.6332077e+00	  -9.7810900e-01	  -7.4986420e-02	   2.9845273e-01	   4.0139012e-01	   3.7563874e-01	   4.3676509e-01	   4.2477211e-01	   3.9630209e-01	   4.1819272e-01	   3.9328084e-01	   3.6184758e-01	   3.6536362e-01	   2.9807810e-01	   2.8059021e-01	   2.9719458e-01	   2.7216078e-01	   2.0401962e-01	   1.9662726e-01	   1.5920570e-01	   1.7488193e-01	   3.4535960e-01	  -6.5653706e-02	  -1.3865083e-01	   3.3859552e-02	             NaN	             NaN	             NaN	             NaN	             NaN	             NaN	
  -1.4911076e+00	  -1.5584249e+00	  -1.6960857e+00	  -7.9073206e-01	   5.4051723e-02	   2.3355312e-01	   3.4234046e-01	   4.0546915e-01	   4.2740341e-01	   4.0920743e-01	   4.2028632e-01	   4.1400638e-01	   3.6501331e-01	   3.7364757e-01	   3.3741924e-01	   3.0710201e-01	   3.0070127e-01	   2.8804506e-01	   2.7672392e-01	   2.1949221e-01	   2.0820659e-01	   1.8213578e-01	   1.5771997e-01	   2.5117197e-01	   1.6207242e-01	  -9.3147757e-02	  -1.2406857e-02	             NaN	             NaN	             NaN	             NaN	             NaN	             NaN	
  -1.6998409e+00	  -2.3054952e+00	  -1.9484459e+00	  -1.0900247e+00	   4.2899856e-02	   2.7632677e-01	   2.8858236e-01	   4.3745560e-01	   4.1557220e-01	   3.9382351e-01	   4.1054164e-01	   3.8471148e-01	   3.8799751e-01	   3.3832069e-01	   3.1856607e-01	   3.3187493e-01	   3.0327853e-01	   2.7719811e-01	   2.8150375e-01	   2.4410465e-01	   2.1641150e-01	   1.7940125e-01	   1.5902646e-01	   2.1127379e-01	   2.9411735e-01	  -1.1405704e-01	  -2.9291841e-02	             NaN	             NaN	             NaN	             NaN	             NaN	             NaN	
  -1.9752060e+00	  -2.4272258e+00	  -1.5112027e+00	  -8.0865035e-01	   1.7178302e-02	   3.0111689e-01	   4.1274795e-01	   4.1362471e-01	   3.7057996e-01	   3.8384620e-01	   4.0371464e-01	   4.1692400e-01	   3.6935685e-01	   3.7403029e-01	   3.3820579e-01	   3.2106821e-01	   3.0265394e-01	   3.2040721e-01	   2.8736053e-01	   2.4590220e-01	   2.1069391e-01	   1.9534691e-01	   1.5851363e-01	   1.3707969e-01	   3.1214279e-01	  -3.1168227e-02	  -1.5259521e-01	   5.1774567e-02	             NaN	             NaN	             NaN	             NaN	             NaN	
  -1.4070035e+00	  -1.8744232e+00	  -1.5461704e+00	  -4.5385127e-01	  -1.6495328e-01	   2.4537769e-01	   3.6611129e-01	   3.4923397e-01	   3.8572514e-01	   4.4060737e-01	   3.6515782e-01	   3.8828674e-01	   3.8835944e-01	   3.5148082e-01	   3.5290074e-01	   3.2754161e-01	   3.1511658e-01	   2.9259276e-01	   2.8197904e-01	   2.6935019e-01	   2.2740797e-01	   1.9046148e-01	   1.6754362e-01	   1.4100037e-01	   2.3770066e-01	   1.5528630e-01	  -6.1176220e-02	   1.2469402e-02	             NaN	             NaN	             NaN	             NaN	             NaN	
  -8.5500932e-01	  -2.7515253e+00	  -1.5169342e+00	  -7.8973804e-01	  -4.5512818e-02	   2.8657055e-01	   4.0819677e-01	   3.9020760e-01	   4.1001029e-01	   3.9204379e-01	   3.9235387e-01	   3.8788771e-01	   3.9837970e-01	   3.4256656e-01	   3.2981195e-01	   3.2791435e-01	   3.0522073e-01	   3.0497758e-01	   2.9442317e-01	   2.5209598e-01	   2.3790013e-01	   2.0146086e-01	   1.6228535e-01	   1.4048442e-01	   1.6362991e-01	   2.0139913e-01	  -1.7248796e-01	  -2.7925917e-02	   4.7498778e-02	             NaN	             NaN	             NaN	             NaN	
  -1.5289234e+00	  -2.1045179e+00	  -1.1573449e+00	  -4.6814847e-01	  -8.5000272e-02	   2.3097943e-01	   3.4476353e-01	   4.1638529e-01	   4.4614461e-01	   4.1360632e-01	   3.8158341e-01	   3.9107946e-01	   3.8859258e-01	   3.7770255e-01	   3.5011691e-01	   3.2661388e-01	   3.2171447e-01	   3.0058568e-01	   2.6423971e-01	   2.7305712e-01	   2.2389211e-01	   1.9916887e-01	   1.5498038e-01	   1.3696878e-01	   1.3248915e-01	   2.1973919e-01	   1.1990334e-02	  -6.8384102e-02	   4.3681977e-02	             NaN	             NaN	             NaN	             NaN	
  -1.4828492e+00	  -1.6714808e+00	  -1.1706356e+00	  -3.2919620e-01	   6.9635863e-02	   3.5708185e-01	   3.9538526e-01	   4.6125658e-01	   4.0620215e-01	   3.7144137e-01	   3.5935535e-01	   3.5994400e-01	   3.8110047e-01	   3.8350899e-01	   3.3352095e-01	   3.5296612e-01	   3.1769053e-01	   3.2070730e-01	   3.0517419e-01	   2.7569432e-01	   2.2802603e-01	   2.1174033e-01	   1.6042646e-01	   1.2746478e-01	   1.3451614e-01	   1.8890441e-01	   1.9277476e-01	  -8.0821208e-02	   2.4290447e-03	             NaN	             NaN	             NaN	             NaN	
  -1.6970126e+00	  -1.8552855e+00	  -4.7094029e-01	  -3.1789576e-01	   1.3569525e-01	   3.4539090e-01	   3.3783419e-01	   3.4869319e-01	   3.8353879e-01	   4.0448503e-01	   3.9570132e-01	   3.7816686e-01	   3.7771311e-01	   3.3486091e-01	   3.8620265e-01	   3.1804690e-01	   3.3267194e-01	   3.1184686e-01	   2.8863220e-01	   2.9247165e-01	   2.2116434e-01	   1.9695118e-01	   1.6318996e-01	   1.3981564e-01	   1.1668307e-01	   1.4683825e-01	   2.2859124e-01	  -1.1024271e-01	  -1.5167046e-02	   3.5359638e-02	             NaN	             NaN	             NaN	
  -1.4302329e+00	  -9.0741668e-01	  -8.8156745e-01	   2.0762057e-02	   5.6674299e-02	   2.8983488e-01	   3.6421192e-01	   4.1179128e-01	   3.6824708e-01	   3.5861860e-01	   3.7400404e-01	   3.6758877e-01	   3.4674739e-01	   3.5971583e-01	   3.3274352e-01	   3.2392555e-01	   3.3538633e-01	   3.0447413e-01	   3.0706128e-01	   2.7978655e-01	   2.4572341e-01	   2.0012302e-01	   1.7500177e-01	   1.2856348e-01	   1.1437916e-01	   1.2144773e-01	   2.3969662e-01	  -4.2611796e-02	  -4.9463509e-02	   3.9941134e-02	             NaN	             NaN	             NaN	
  -3.7572373e-01	  -8.2069797e-01	  -7.9687145e-01	  -3.0364562e-01	   2.1190584e-01	   4.1492893e-01	   4.1959174e-01	   4.7583313e-01	   4.3588117e-01	   3.8794601e-01	   3.9282850e-01	   3.5610530e-01	   3.5985533e-01	   3.2881015e-01	   3.1233794e-01	   3.4408599e-01	   3.2511485e-01	   3.3797874e-01	   3.0671003e-01	   2.8438613e-01	   2.5369952e-01	   2.0786318e-01	   1.7338752e-01	   1.4449710e-01	   1.1076665e-01	   1.2184614e-01	   1.2241131e-01	   7.1706720e-02	  -1.0300766e-01	   2.5784056e-02	   2.9443336e-02	             NaN	             NaN	
   1.4785892e-01	  -9.6497219e-01	  -9.8311175e-01	  -3.3099108e-01	   3.9332479e-02	   3.4443896e-01	   3.5064597e-01	   4.1599402e-01	   3.9149895e-01	   3.9210441e-01	   3.8635671e-01	   3.4324731e-01	   3.6248362e-01	   3.2980894e-01	   3.3688118e-01	   3.2336877e-01	   3.3178450e-01	   3.3179632e-01	   2.9382361e-01	   2.8477113e-01	   2.5835219e-01	   2.1806114e-01	   1.6870541e-01	   1.4935034e-01	   1.1750651e-01	   1.1137324e-01	   1.4276146e-01	   9.6227942e-02	  -1.0660396e-01	   5.3355602e-03	   3.1463256e-02	             NaN	             NaN	
  -1.9057861e-01	  -1.5069290e+00	  -4.8377461e-01	  -1.8307329e-01	   2.4279782e-01	   3.3881098e-01	   4.0292293e-01	   3.9696779e-01	   3.6522277e-01	   3.7045361e-01	   3.7757497e-01	   3.2316841e-01	   3.3519708e-01	   3.3421403e-01	   3.6599175e-01	   3.4362103e-01	   3.3136109e-01	   3.0771240e-01	   3.1241215e-01	   3.0498002e-01	   2.4221841e-01	   2.0529852e-01	   1.7304757e-01	   1.4265581e-01	   1.2812946e-01	   9.8449959e-02	   1.4495376e-01	   1.8116765e-01	  -7.2914170e-02	  -3.1270912e-02	   2.8811854e-02	             NaN	             NaN	
  -4.8105075e-01	  -8.2766070e-01	  -5.0383992e-01	   5.1324531e-03	   3.5061717e-01	   2.7687737e-01	   4.1603286e-01	   4.0827672e-01	   3.8137981e-01	   3.5118023e-01	   3.3293652e-01	   3.2888350e-01	   3.4447086e-01	   3.3429953e-01	   3.1555617e-01	   3.0403412e-01	   3.4343719e-01	   3.2632579e-01	   3.1117295e-01	   2.7772631e-01	   2.5069641e-01	   2.2772123e-01	   1.7776950e-01	   1.3523062e-01	   1.2690107e-01	   1.1223244e-01	   1.0597338e-01	   1.5940991e-01	   3.5291678e-02	  -7.8346907e-02	   2.7449580e-02	   3.3163248e-02	             NaN	
  -2.2390894e-01	  -6.7677590e-01	   4.7065148e-02	   5.0767621e-02	   1.7464140e-01	   3.8144297e-01	   3.5659727e-01	   3.7713342e-01	   3.5761887e-01	   3.6429920e-01	   3.3408455e-01	   3.4641423e-01	   3.3719139e-01	   3.5454338e-01	   3.1388157e-01	   3.3719100e-01	   3.2299176e-01	   3.2352826e-01	   2.9339162e-01	   2.8015970e-01	   2.3727309e-01	   2.1635900e-01	   1.6384441e-01	   1.4607670e-01	   1.3465979e-01	   1.1490924e-01	   1.0113651e-01	   1.2571999e-01	   7.2372653e-02	  -9.3873257e-02	   1.5770319e-03	   3.6680814e-02	             NaN	
  -9.0093125e-02	   7.1322057e-02	  -1.3607584e-01	   2.0123317e-01	   3.8547647e-01	   3.2963811e-01	   3.8422544e-01	   3.1625676e-01	   3.2291020e-01	   3.2253966e-01	   3.6648505e-01	   3.4600403e-01	   3.2538056e-01	   3.1341096e-01	   3.5009388e-01	   3.1694437e-01	   3.3600376e-01	   3.2665938e-01	   3.0642527e-01	   2.9680854e-01	   2.6163007e-01	   2.1806723e-01	   1.8670540e-01	   1.5601583e-01	   1.1920897e-01	   1.1182953e-01	   9.5566183e-02	   1.1977564e-01	   1.7271299e-01	  -2.4286054e-02	  -2.0691465e-02	   3.6525455e-02	   3.7166404e-02	
  -5.9407663e-01	  -8.0834526e-01	   1.4964250e-01	   9.2305231e-02	   2.3731001e-01	   3.6115511e-01	   3.6880447e-01	   3.4073538e-01	   3.4599797e-01	   3.2559527e-01	   3.0673864e-01	   3.2678556e-01	   3.0606517e-01	   2.9521227e-01	   3.1156155e-01	   3.3769233e-01	   3.2549133e-01	   3.0003488e-01	   3.0644446e-01	   2.7406525e-01	   2.4336194e-01	   2.1255945e-01	   1.8870270e-01	   1.4155724e-01	   1.3133751e-01	   1.1098545e-01	   1.0164679e-01	   9.3015481e-02	   1.3933237e-01	  -6.9310178e-03	  -2.8943619e-02	   3.3151463e-02	   4.7856045e-02	
   6.9427089e-02	  -4.9980694e-01	   3.6669541e-02	   9.5471837e-02	   1.7366406e-01	   3.6501921e-01	   3.9527583e-01	   3.6882321e-01	   3.5667563e-01	   3.4951508e-01	   3.2271862e-01	   3.3136215e-01	   3.2426686e-01	   3.3765222e-01	   3.0725110e-01	   3.0887508e-01	   3.2529172e-01	   3.3868717e-01	   3.2293987e-01	   2.8813051e-01	   2.5832950e-01	   2.1747092e-01	   1.7714824e-01	   1.4585580e-01	   1.2673976e-01	   1.0974405e-01	   1.0099236e-01	   8.4512531e-02	   1.6175360e-01	   5.5610769e-02	  -7.3562834e-02	   8.7600516e-03	   3.9652413e-02	
   1.0364245e-01	   4.3367873e-02	  -2.1810857e-01	   3.0898771e-01	   2.3940918e-01	   3.3597705e-01	   3.6638570e-01	   3.9823691e-01	   3.0770443e-01	   3.4709231e-01	   2.9105131e-01	   2.9275603e-01	   3.2176905e-01	   3.2154722e-01	   3.2922942e-01	   3.2048673e-01	   3.3807324e-01	   3.2767749e-01	   2.9954073e-01	   2.9153150e-01	   2.4406168e-01	   2.1739790e-01	   1.8004232e-01	   1.5134651e-01	   1.1838339e-01	   1.1461108e-01	   9.1382275e-02	   8.9788307e-02	   1.4069793e-01	   1.5921402e-01	  -8.0642235e-02	  -2.4358287e-03	   4.6978624e-02	
   4.1327371e-01	   3.0515237e-02	   2.9453759e-01	   6.1607831e-02	   2.7177184e-01	   3.0115505e-01	   3.7055105e-01	   3.4650203e-01	   3.3070480e-01	   3.3153028e-01	   2.8890528e-01	   3.0301854e-01	   3.1075112e-01	   3.0272254e-01	   2.9713211e-01	   3.0142854e-01	   3.3189343e-01	   3.3612493e-01	   3.0411241e-01	   2.8201272e-01	   2.5346282e-01	   2.2536038e-01	   1.8550532e-01	   1.4463486e-01	   1.2839387e-01	   1.1241150e-01	   1.0110340e-01	   6.9697571e-02	   1.0364184e-01	   1.6698273e-01	  -7.7136261e-03	  -3.7081841e-02	   4.7955358e-02	
  -3.8787390e-01	  -1.2177881e-01	   2.4811535e-01	   2.8701310e-01	   2.5061676e-01	   3.8892290e-01	   3.4651624e-01	   3.8368005e-01	   2.9026356e-01	   2.9492580e-01	   3.0669555e-01	   2.9607313e-01	   2.9127248e-01	   2.9231825e-01	   3.2857576e-01	   3.1309745e-01	   3.1400855e-01	   3.2520159e-01	   3.1408398e-01	   2.7549643e-01	   2.5925123e-01	   2.0829242e-01	   1.8622825e-01	   1.4009549e-01	   1.3607610e-01	   1.1093215e-01	   9.9314922e-02	   8.8599976e-02	   1.0421958e-01	   1.5486857e-01	   5.7464914e-02	  -6.0104976e-02	   3.7573291e-02	
             NaN	   3.9787231e-01	   2.3447022e-01	   2.9075295e-01	   2.6437755e-01	   2.8430844e-01	   3.1639243e-01	   2.8617299e-01	   3.3142136e-01	   3.5387874e-01	   3.3017130e-01	   2.7196221e-01	   2.8596873e-01	   2.8747990e-01	   2.9581320e-01	   3.0549582e-01	   3.1667421e-01	   3.2630835e-01	   3.0080096e-01	   2.7064090e-01	   2.6319099e-01	   2.1513098e-01	   2.0800882e-01	   1.5067334e-01	   1.3849236e-01	   1.2324102e-01	   1.0893224e-01	   9.1700172e-02	   8.9009849e-02	   1.2163430e-01	   1.2625508e-01	  -7.8398120e-02	   2.0384026e-02	
             NaN	  -1.0268490e-02	   2.7502402e-01	   2.7545228e-01	   2.4362835e-01	   3.5740510e-01	   3.4278211e-01	   2.9606555e-01	   2.8918540e-01	   2.9224867e-01	   2.9202849e-01	   2.9422456e-01	   2.9827029e-01	   3.2257761e-01	   2.8855529e-01	   3.0473339e-01	   3.1369964e-01	   3.3159348e-01	   3.2065507e-01	   2.7607785e-01	   2.4837840e-01	   2.3308828e-01	   1.8115633e-01	   1.6253146e-01	   1.4147777e-01	   1.2094483e-01	   1.0451010e-01	   9.4141674e-02	   8.3522713e-02	   1.2637726e-01	   1.8611043e-01	   3.7808832e-03	  -4.6954479e-03	
             NaN	  -2.6765315e-02	   2.6947295e-01	   1.8630176e-01	   1.7493471e-01	   3.3634723e-01	   3.1232380e-01	   2.8060474e-01	   2.8711442e-01	   3.0212842e-01	   2.6508123e-01	   2.5012416e-01	   2.7948293e-01	   2.9441224e-01	   2.9794093e-01	   3.0678817e-01	   3.3225022e-01	   3.2079429e-01	   3.0585641e-01	   2.8555838e-01	   2.2756156e-01	   2.2790266e-01	   1.8707442e-01	   1.5330837e-01	   1.2804662e-01	   1.2268870e-01	   9.7687976e-02	   9.5116436e-02	   7.8185422e-02	   7.8967927e-02	   1.7218436e-01	   2.9215292e-02	  -5.5468643e-02	
             NaN	  -4.0830567e-02	  -4.4516505e-02	   2.6628678e-01	   1.9488668e-01	   3.7142311e-01	   3.1358188e-01	   3.1272963e-01	   3.0988158e-01	   3.2819936e-01	   2.6903488e-01	   2.7182024e-01	   3.2616435e-01	   2.6095393e-01	   2.9996440e-01	   3.1083980e-01	   3.1694825e-01	   3.0421653e-01	   2.9852013e-01	   2.6741146e-01	   2.4880959e-01	   2.1068496e-01	   1.9916683e-01	   1.5795201e-01	   1.4600184e-01	   1.2369869e-01	   1.0062719e-01	   8.3057538e-02	   8.6534214e-02	   8.3124865e-02	   1.5362965e-01	   5.2161018e-02	  -2.9629454e-02	
             NaN	   8.1058301e-02	   1.7090057e-01	   2.0417723e-01	   2.8517855e-01	   3.1592006e-01	   3.2568958e-01	   2.9703408e-01	   2.9013791e-01	   2.7265547e-01	   2.3837181e-01	   2.5118729e-01	   2.7126175e-01	   2.9280007e-01	   3.1133857e-01	   3.0213850e-01	   3.0318855e-01	   3.0679579e-01	   2.7604914e-01	   2.8652369e-01	   2.4329662e-01	   2.0894418e-01	   1.9234418e-01	   1.5431238e-01	   1.3329200e-01	   1.2159145e-01	   9.9614242e-02	   9.8184055e-02	   8.6102892e-02	   8.1980612e-02	   1.2061016e-01	   1.5081729e-01	  -2.1306544e-02	
             NaN	  -2.0923539e-01	   1.9219543e-01	   2.1307134e-01	   2.3801900e-01	   3.6254323e-01	   3.0649383e-01	   2.7470521e-01	   2.8597001e-01	   2.8019033e-01	   2.3256846e-01	   2.6582015e-01	   2.6872150e-01	   2.8499677e-01	   2.8202287e-01	   2.7440043e-01	   3.0709458e-01	   3.0383229e-01	   2.9854830e-01	   2.7131213e-01	   2.4561654e-01	   2.1194284e-01	   1.8239650e-01	   1.5114712e-01	   1.3758944e-01	   1.2294966e-01	   1.1288320e-01	   9.8410125e-02	   7.8826023e-02	   8.3757779e-02	   9.1960101e-02	   1.4469389e-01	   3.7559997e-02	
             NaN	             NaN	   1.8020042e-01	   2.3527040e-01	   2.2302541e-01	   3.1928860e-01	   3.3773225e-01	   3.2387700e-01	   2.7368437e-01	   2.7995045e-01	   2.7775713e-01	   2.6431568e-01	   2.4750267e-01	   2.7485725e-01	   2.8362271e-01	   2.9514090e-01	   2.7480828e-01	   2.7794404e-01	   2.9183984e-01	   2.5677248e-01	   2.6209019e-01	   2.1107528e-01	   1.8059106e-01	   1.6352161e-01	   1.3606451e-01	   1.2359974e-01	   1.0607785e-01	   1.0082821e-01	   8.7622206e-02	   9.6681491e-02	   7.7438389e-02	   1.3417571e-01	   1.0900645e-01	
             NaN	             NaN	   1.7558204e-01	   3.0780585e-01	   3.2977703e-01	   2.4165663e-01	   3.1405825e-01	   2.7937010e-01	   2.7168915e-01	   2.6000539e-01	   2.7303104e-01	   2.5027575e-01	   2.6182345e-01	   2.6503865e-01	   2.7834974e-01	   2.7975262e-01	   3.1227994e-01	   2.9220355e-01	   2.9770206e-01	   2.7102511e-01	   2.4301697e-01	   2.1416677e-01	   1.7476244e-01	   1.3839264e-01	   1.2881661e-01	   1.1097012e-01	   1.0958440e-01	   1.1003549e-01	   9.8062588e-02	   8.2274831e-02	   7.1134483e-02	   8.7092272e-02	   1.1903851e-01	
             NaN	             NaN	   3.3997604e-01	   2.6302009e-01	   3.2775109e-01	   2.5825262e-01	   3.0130479e-01	   3.3099809e-01	   2.3551624e-01	   2.6198783e-01	   2.6115936e-01	   2.4502045e-01	   2.6419426e-01	   2.6781532e-01	   2.6121054e-01	   2.9496030e-01	   2.7588616e-01	   2.6348490e-01	   2.8180210e-01	   2.8657078e-01	   2.2439813e-01	   2.0880450e-01	   1.8529291e-01	   1.5258889e-01	   1.4156146e-01	   1.1320992e-01	   1.1483813e-01	   1.0422565e-01	   8.6994066e-02	   8.6856565e-02	   8.6444735e-02	   8.9646604e-02	   1.7624753e-01	
             NaN	             NaN	   1.8752011e-01	   2.0308733e-01	   2.5108030e-01	   2.5085638e-01	   2.7779467e-01	   3.1189038e-01	   2.7646817e-01	   2.8224638e-01	   2.5846228e-01	   2.6842969e-01	   2.4536496e-01	   2.5784689e-01	   2.5728719e-01	   2.9919442e-01	   2.9816064e-01	   3.0339405e-01	   2.8475520e-01	   2.6501848e-01	   2.3946119e-01	   1.9798504e-01	   1.8219980e-01	   1.4492565e-01	   1.3446211e-01	   1.1408436e-01	   9.2416143e-02	   1.1199951e-01	   8.6648411e-02	   9.1354030e-02	   7.9495019e-02	   9.9252699e-02	   1.5530186e-01	
             NaN	             NaN	   3.3435346e-01	   1.5471518e-01	   3.2523639e-01	   3.1684061e-01	   2.9134063e-01	   2.7841830e-01	   2.7967422e-01	   2.1893110e-01	   2.4814098e-01	   2.7000421e-01	   2.1995477e-01	   2.6961649e-01	   2.7769826e-01	   2.7947882e-01	   2.7165835e-01	   2.8798908e-01	   2.7849691e-01	   2.6168616e-01	   2.4633542e-01	   2.0071120e-01	   1.7727185e-01	   1.3460696e-01	   1.2956713e-01	   1.0711313e-01	   1.0063360e-01	   9.8845992e-02	   9.3092723e-02	   8.4079483e-02	   7.8834972e-02	   7.9707093e-02	   1.2124560e-01	
             NaN	             NaN	             NaN	   2.7051252e-01	   3.0672512e-01	   2.4664011e-01	   2.7151135e-01	   2.8469798e-01	   2.4575354e-01	   2.3869243e-01	   2.4738973e-01	   2.1669692e-01	   2.4269027e-01	   2.2980125e-01	   2.7461341e-01	   2.7361228e-01	   2.8234745e-01	   2.7872335e-01	   2.7244934e-01	   2.4109303e-01	   2.4862011e-01	   2.1018150e-01	   1.6224083e-01	   1.3319025e-01	   1.3541763e-01	   1.1784697e-01	   1.1267952e-01	   1.0389707e-01	   9.5032962e-02	   8.1142710e-02	   8.3863881e-02	   8.4239792e-02	   9.6851934e-02	
             NaN	             NaN	             NaN	   2.2483325e-01	   2.9289834e-01	   3.3211223e-01	   2.1538521e-01	   2.4422812e-01	   2.5645899e-01	   1.9829832e-01	   2.4813975e-01	   2.5596515e-01	   2.2975956e-01	   2.3923589e-01	   2.7067423e-01	   2.7725577e-01	   2.9248627e-01	   2.7992361e-01	   2.7100895e-01	   2.5491371e-01	   2.2144941e-01	   1.9346376e-01	   1.5763512e-01	   1.4259459e-01	   1.2656549e-01	   1.0539036e-01	   1.1016755e-01	   1.0392314e-01	   1.0347548e-01	   8.8763849e-02	   9.3646014e-02	   7.5863229e-02	   8.6533114e-02	
             NaN	             NaN	             NaN	   1.7260444e-01	   2.2243744e-01	   2.8954778e-01	   2.1377098e-01	   2.7370595e-01	   2.2173971e-01	   2.2483536e-01	   2.1628200e-01	   2.4311684e-01	   2.3062208e-01	   2.2611099e-01	   2.6020105e-01	   2.5481528e-01	   2.6876743e-01	   2.6645900e-01	   2.5492028e-01	   2.4020965e-01	   2.0573034e-01	   1.9819734e-01	   1.8021737e-01	   1.3521782e-01	   1.2366084e-01	   1.2544976e-01	   1.1510445e-01	   9.8752595e-02	   9.7613377e-02	   9.3580361e-02	   8.4218005e-02	   9.2630673e-02	   8.8182675e-02	
             NaN	             NaN	             NaN	   2.1005120e-01	   1.8772184e-01	   2.3357507e-01	   2.4758139e-01	   2.5568615e-01	   2.2711152e-01	   2.3298713e-01	   2.2935156e-01	   2.1425903e-01	   2.3353814e-01	   2.3677148e-01	   2.6822311e-01	   2.7679648e-01	   2.7391822e-01	   2.6034910e-01	   2.4811658e-01	   2.2443009e-01	   2.0926569e-01	   1.8703673e-01	   1.6784914e-01	   1.3915608e-01	   1.0704529e-01	   1.1140558e-01	   1.0993190e-01	   9.0961783e-02	   9.6159946e-02	   9.6149759e-02	   9.0145353e-02	   8.1083664e-02	   8.2459050e-02	
             NaN	             NaN	             NaN	   1.8080063e-01	   3.0366102e-01	   2.3273568e-01	   2.6770266e-01	   2.3925388e-01	   2.3492943e-01	   1.6878263e-01	   1.8136849e-01	   1.9913006e-01	   1.8639412e-01	   2.2373496e-01	   2.3863514e-01	   2.7540403e-01	   2.5940010e-01	   2.6514619e-01	   2.5048388e-01	   2.4827471e-01	   2.3134617e-01	   1.8641452e-01	   1.6974702e-01	   1.4885815e-01	   1.2338598e-01	   1.1149650e-01	   9.9965816e-02	   9.6566772e-02	   9.5268525e-02	   8.6665881e-02	   7.8551112e-02	   7.8570684e-02	   7.9869458e-02	
             NaN	             NaN	             NaN	             NaN	   1.8814225e-01	   2.5913749e-01	   2.2828993e-01	   2.1254709e-01	   2.4324385e-01	   1.9560267e-01	   2.0493651e-01	   2.0351698e-01	   2.0248936e-01	   2.2110439e-01	   2.2235899e-01	   2.7090083e-01	   2.2022279e-01	   2.3888785e-01	   2.4203735e-01	   2.1946418e-01	   2.0512830e-01	   1.7794737e-01	   1.5256309e-01	   1.3211172e-01	   1.1486590e-01	   1.1045939e-01	   1.0410359e-01	   9.7850562e-02	   1.0274857e-01	   9.2114212e-02	   8.3518517e-02	   7.7551158e-02	   7.3897162e-02	
             NaN	             NaN	             NaN	             NaN	   1.7993372e-01	   2.1335252e-01	   2.1823530e-01	   2.2468233e-01	   2.1368659e-01	   2.3280132e-01	   2.0956977e-01	   2.0980884e-01	   1.8324779e-01	   2.1986688e-01	   2.4021895e-01	   2.5803955e-01	   2.5172613e-01	   2.5036181e-01	   2.2831343e-01	   2.1901156e-01	   2.1135629e-01	   1.7455148e-01	   1.6927207e-01	   1.3734646e-01	   1.3352466e-01	   1.1392853e-01	   1.0769932e-01	   8.0668107e-02	   1.0403473e-01	   1.0391860e-01	   9.7690707e-02	   8.5054007e-02	   7.4831840e-02	
             NaN	             NaN	             NaN	             NaN	   2.2454774e-01	   2.9045794e-01	   2.6512504e-01	   2.3970018e-01	   2.2233103e-01	   2.2480574e-01	   1.9396950e-01	   1.7838980e-01	   2.1808526e-01	   2.3129093e-01	   2.4622871e-01	   2.4092963e-01	   2.5103902e-01	   2.2319847e-01	   2.0751855e-01	   2.1090887e-01	   1.8911748e-01	   1.8356699e-01	   1.5313952e-01	   1.2949552e-01	   1.2851846e-01	   1.1187651e-01	   1.0186177e-01	   1.0444147e-01	   9.1988327e-02	   8.5821927e-02	   8.3286196e-02	   7.5632703e-02	   7.5730632e-02	
             NaN	             NaN	             NaN	             NaN	   2.1230715e-01	   2.3389566e-01	   2.2129892e-01	   1.9506848e-01	   2.0275243e-01	   1.6369721e-01	   1.9173925e-01	   1.8456493e-01	   2.0365248e-01	   2.2026057e-01	   2.2160129e-01	   2.5868107e-01	   2.2954594e-01	   2.2995189e-01	   2.1634122e-01	   1.9956535e-01	   1.9755940e-01	   1.5834770e-01	   1.4250185e-01	   1.3571347e-01	   1.0844315e-01	   9.7569336e-02	   1.0142553e-01	   8.8574957e-02	   9.5827509e-02	   8.7615146e-02	   8.5742656e-02	   7.3735577e-02	   6.1338988e-02	
             NaN	             NaN	             NaN	             NaN	   2.4031467e-01	   2.0588869e-01	   1.8269040e-01	   2.0198584e-01	   1.6765560e-01	   1.5970065e-01	   1.7292146e-01	   2.0630489e-01	   1.9520449e-01	   1.9301683e-01	   2.2187702e-01	   2.3023833e-01	   2.3310667e-01	   2.3844053e-01	   2.1923816e-01	   1.9119325e-01	   1.8321238e-01	   1.8267756e-01	   1.4833084e-01	   1.1842840e-01	   1.1407617e-01	   1.0751595e-01	   1.2198744e-01	   9.7103736e-02	   8.6593990e-02	   8.9088831e-02	   9.0336744e-02	   7.7057204e-02	   6.7178001e-02	
             NaN	             NaN	             NaN	             NaN	             NaN	   2.4597302e-01	   2.3974041e-01	   1.8906464e-01	   2.3730606e-01	   2.2220936e-01	   1.7744183e-01	   1.7316432e-01	   1.8127736e-01	   2.0320831e-01	   2.0792682e-01	   2.0499909e-01	   2.2035599e-01	   2.2279732e-01	   1.9836629e-01	   2.0558865e-01	   1.7719773e-01	   1.5454672e-01	   1.4358068e-01	   1.0897608e-01	   1.1347852e-01	   1.0355560e-01	   1.1588315e-01	   8.7854817e-02	   9.6523349e-02	   9.2728354e-02	   7.5407771e-02	   8.5627304e-02	   6.7524930e-02	
             NaN	             NaN	             NaN	             NaN	             NaN	   1.9140967e-01	   2.1250077e-01	   1.7128814e-01	   1.7681565e-01	   1.7734750e-01	   1.7496500e-01	   1.8603838e-01	   1.7138007e-01	   1.9133696e-01	   2.0115858e-01	   2.2776670e-01	   2.3141319e-01	   1.9442887e-01	   2.0364252e-01	   1.8585560e-01	   1.8472167e-01	   1.5991772e-01	   1.3891772e-01	   1.1318297e-01	   1.1409820e-01	   9.2466854e-02	   1.0344167e-01	   9.9984894e-02	   8.8805554e-02	   9.2157519e-02	   7.7923671e-02	   7.9608620e-02	   8.3243585e-02	
             NaN	             NaN	             NaN	             NaN	             NaN	   2.5201732e-01	   2.3723138e-01	   1.7020325e-01	   1.8927981e-01	   1.7863745e-01	   1.5966094e-01	   1.7712002e-01	   2.0066976e-01	   1.8429873e-01	   1.8361312e-01	   1.9662584e-01	   2.1927898e-01	   2.3040007e-01	   2.0035490e-01	   1.8448093e-01	   1.7214647e-01	   1.6495726e-01	   1.4615174e-01	   1.0545588e-01	   1.1202882e-01	   9.9514613e-02	   9.9637933e-02	   8.4792138e-02	   8.9943728e-02	   7.1614568e-02	   8.9856192e-02	   8.4003010e-02	   7.9516596e-02	
             NaN	             NaN	             NaN	             NaN	             NaN	   1.8884690e-01	   1.7596769e-01	   2.3242678e-01	   1.9820223e-01	   1.2483339e-01	   1.7296435e-01	   1.7518646e-01	   1.7961634e-01	   1.5414700e-01	   1.9119881e-01	   1.9496223e-01	   1.9836461e-01	   1.9561945e-01	   1.9767347e-01	   1.8728248e-01	   1.6282801e-01	   1.3949789e-01	   1.3451995e-01	   1.1738724e-01	   9.7796558e-02	   9.5275518e-02	   9.0192448e-02	   8.8865432e-02	   8.5630260e-02	   7.0139852e-02	   7.8806919e-02	   6.8690820e-02	   8.5718621e-02	
             NaN	             NaN	             NaN	             NaN	             NaN	   1.8123183e-01	   2.1292498e-01	   2.0881654e-01	   1.9072418e-01	   1.6382516e-01	   1.5422121e-01	   1.5966866e-01	   1.9271652e-01	   1.6742605e-01	   1.8449720e-01	   2.0000701e-01	   1.9515113e-01	   2.0693435e-01	   1.7343602e-01	   1.5085978e-01	   1.5737599e-01	   1.3849761e-01	   1.3261034e-01	   1.1335219e-01	   1.0804715e-01	   1.0496647e-01	   9.5640775e-02	   9.4703864e-02	   8.5424955e-02	   9.1639768e-02	   7.2859537e-02	   7.5002867e-02	   7.4517472e-02	
             NaN	             NaN	             NaN	             NaN	             NaN	             NaN	   1.7839693e-01	   2.0001409e-01	   1.4612312e-01	   1.5264045e-01	   1.7810131e-01	   1.6463840e-01	   1.5495762e-01	   1.9730835e-01	   1.9434166e-01	   1.9506025e-01	   1.8736003e-01	   2.1568706e-01	   1.5891496e-01	   1.7323811e-01	   1.6356201e-01	   1.3077891e-01	   1.3444014e-01	   1.2021240e-01	   8.8753133e-02	   9.5431198e-02	   8.7171952e-02	   9.1314372e-02	   7.4466538e-02	   8.8464364e-02	   7.8112111e-02	   7.8234328e-02	   7.8513138e-02	
             NaN	             NaN	             NaN	             NaN	             NaN	             NaN	   2.4894512e-01	   2.2400864e-01	   2.1244141e-01	   1.5759304e-01	   1.2491026e-01	   1.4449908e-01	   1.6749088e-01	   1.6271841e-01	   1.4303754e-01	   1.7274616e-01	   1.9112832e-01	   1.7635343e-01	   1.8204444e-01	   1.6703864e-01	   1.5900730e-01	   1.3006374e-01	   1.0869065e-01	   1.0746401e-01	   1.0444844e-01	   9.1318539e-02	   8.7238914e-02	   8.5547598e-02	   8.5009025e-02	   1.0654572e-01	   7.7413701e-02	   8.6364953e-02	   7.8212070e-02	
   0.0000000e+00	             NaN	             NaN	             NaN	             NaN	             NaN	   1.6654272e-01	   1.6071332e-01	   1.4143277e-01	   1.4165206e-01	   1.5902021e-01	   1.2861163e-01	   1.6594933e-01	   1.7611928e-01	   1.6588196e-01	   1.7901737e-01	   1.6833964e-01	   1.7911713e-01	   1.5950905e-01	   1.6288544e-01	   1.4578239e-01	   1.3352392e-01	   1.0390608e-01	   9.8364578e-02	   8.9359013e-02	   8.8303416e-02	   8.2246649e-02	   7.5315001e-02	   7.9639398e-02	   7.9595810e-02	   8.8334589e-02	   7.8278108e-02	   7.6988075e-02	
   0.0000000e+00	             NaN	             NaN	             NaN	             NaN	             NaN	   1.6030292e-01	   1.8937123e-01	   1.8509456e-01	   1.7231857e-01	   1.5782306e-01	   1.3712932e-01	   1.5527831e-01	   1.6300042e-01	   1.6828771e-01	   1.7732611e-01	   1.7010583e-01	   1.9450008e-01	   1.7444505e-01	   1.4444940e-01	   1.4557619e-01	   1.3470041e-01	   1.1762847e-01	   1.1213069e-01	   1.0937037e-01	   8.6230302e-02	   9.8948036e-02	   8.9596726e-02	   8.0756838e-02	   6.8848196e-02	   7.4689513e-02	   7.1941094e-02	   7.1976225e-02	
   0.0000000e+00	             NaN	             NaN	             NaN	             NaN	             NaN	   1.9734983e-01	   1.6228954e-01	   1.5309139e-01	   1.2304245e-01	   1.6016625e-01	   1.2523273e-01	   1.2413287e-01	   1.7917267e-01	   1.7294414e-01	   1.7271908e-01	   1.6235299e-01	   1.6078967e-01	   1.6029117e-01	   1.6933734e-01	   1.3401115e-01	   1.3565443e-01	   1.2325225e-01	   8.6864080e-02	   8.7126113e-02	   8.7595086e-02	   7.9721571e-02	   9.5595557e-02	   7.0229321e-02	   7.7887294e-02	   6.9794711e-02	   7.8493630e-02	   7.4815439e-02	
   0.0000000e+00	             NaN	             NaN	             NaN	             NaN	             NaN	             NaN	   1.3281742e-01	   1.3774273e-01	   1.0064303e-01	   1.2357619e-01	   1.3548859e-01	   1.4864529e-01	   1.5671365e-01	   1.7349726e-01	   1.8028369e-01	   1.7487588e-01	   1.3368859e-01	   1.4649088e-01	   1.5056527e-01	   1.4907839e-01	   1.2158926e-01	   1.0604649e-01	   1.0385086e-01	   8.4433411e-02	   9.1162273e-02	   8.5379171e-02	   8.6225175e-02	   8.3565538e-02	   7.6422086e-02	   7.4416443e-02	   7.5356841e-02	   7.8431705e-02	
   0.0000000e+00	             NaN	             NaN	             NaN	             NaN	             NaN	             NaN	   1.1564048e-01	   1.8966036e-01	   1.1129353e-01	   1.0428066e-01	   1.6850344e-01	   1.7626858e-01	   1.2388516e-01	   1.4350956e-01	   1.5224292e-01	   1.5563723e-01	   1.3568775e-01	   1.6054456e-01	   1.4953044e-01	   1.2914551e-01	   1.0421952e-01	   1.0505502e-01	   9.9721709e-02	   8.4693008e-02	   8.1821296e-02	   9.8484533e-02	   7.9437502e-02	   7.8745246e-02	   7.7388083e-02	   7.5959236e-02	   8.2566849e-02	   8.3539967e-02	
   0.0000000e+00	   0.0000000e+00	             NaN	             NaN	             NaN	             NaN	             NaN	   1.5262477e-01	   1.4473305e-01	   1.5841935e-01	   1.1337658e-01	   1.2913389e-01	   1.3591223e-01	   1.3236297e-01	   1.4711665e-01	   1.3783193e-01	   1.4702460e-01	   1.5022109e-01	   1.5926777e-01	   1.3397454e-01	   1.0488838e-01	   1.1511230e-01	   1.0447921e-01	   1.0232069e-01	   8.9730790e-02	   7.7888260e-02	   7.8024952e-02	   8.8950695e-02	   7.5545702e-02	   8.1599723e-02	   8.5345972e-02	   7.3348508e-02	   6.8005079e-02	
   0.0000000e+00	   0.0000000e+00	             NaN	             NaN	             NaN	             NaN	             NaN	   1.2222476e-01	   1.5665334e-01	   1.1829628e-01	   1.2784133e-01	   1.2548522e-01	   1.4693755e-01	   1.6111358e-01	   1.4439610e-01	   1.3189977e-01	   1.6002131e-01	   1.4650335e-01	   1.4585001e-01	   1.2834192e-01	   1.0994515e-01	   1.1244483e-01	   9.5237992e-02	   9.1959075e-02	   7.5659016e-02	   8.1955685e-02	   8.8000993e-02	   6.9442691e-02	   8.9281504e-02	   8.5168682e-02	   7.9139316e-02	   7.5477376e-02	   7.4154024e-02	
   0.0000000e+00	   0.0000000e+00	             NaN	             NaN	             NaN	             NaN	             NaN	   1.0089369e-01	   1.1162485e-01	   9.7424867e-02	   1.2524816e-01	   9.5606288e-02	   1.4009302e-01	   1.5873513e-01	   1.4327996e-01	   1.4186037e-01	   1.4195180e-01	   1.3903944e-01	   1.3316973e-01	   1.3353830e-01	   1.1533411e-01	   1.1517446e-01	   1.0265502e-01	   1.0171323e-01	   7.9611213e-02	   7.9329334e-02	   7.8525587e-02	   7.3421732e-02	   6.8081361e-02	   6.8201903e-02	   7.6227437e-02	   7.1595430e-02	   6.5932039e-02	
   0.0000000e+00	   0.0000000e+00	             NaN	             NaN	             NaN	             NaN	             NaN	             NaN	   8.8861106e-02	   1.2837855e-01	   1.2152321e-01	   1.0953513e-01	   1.6436803e-01	   1.5692416e-01	   1.3201041e-01	   1.4888754e-01	   1.3530400e-01	   1.3286698e-01	   1.3967983e-01	   1.1448561e-01	   1.0340183e-01	   1.0650996e-01	   9.6234083e-02	   8.0429588e-02	   7.0047129e-02	   7.4582950e-02	   8.2191576e-02	   7.2032767e-02	   6.6381519e-02	   7.8393170e-02	   6.5557186e-02	   6.8277829e-02	   8.0335542e-02	
   0.0000000e+00	   0.0000000e+00	             NaN	             NaN	             NaN	             NaN	             NaN	             NaN	   1.1456050e-01	   1.1348838e-01	   1.0871403e-01	   1.1745874e-01	   1.3997894e-01	   1.2551588e-01	   1.5220088e-01	   1.4697765e-01	   1.3658577e-01	   1.2683370e-01	   1.3933043e-01	   1.1455344e-01	   1.1186532e-01	   1.0650390e-01	   8.3728507e-02	   7.6124191e-02	   7.8842085e-02	   8.0851041e-02	   6.2072569e-02	   7.5595164e-02	   6.5443998e-02	   7.8549109e-02	   7.0509478e-02	   7.5849063e-02	   7.3389454e-02	
   0.0000000e+00	   0.0000000e+00	   0.0000000e+00	             NaN	             NaN	             NaN	             NaN	             NaN	   1.2337942e-01	   1.0855326e-01	   1.0260597e-01	   1.2432516e-01	   1.2731434e-01	   1.2052284e-01	   1.4373369e-01	   1.1653977e-01	   1.2141289e-01	   1.4231846e-01	   1.2406998e-01	   1.1222683e-01	   9.9338232e-02	   1.0427714e-01	   8.2384825e-02	   7.3029290e-02	   7.0624651e-02	   7.5937749e-02	   6.9289902e-02	   7.0782438e-02	   7.3912668e-02	   6.8767981e-02	   6.8140300e-02	   7.0510683e-02	   6.2043150e-02	
   0.0000000e+00	   0.0000000e+00	   0.0000000e+00	             NaN	             NaN	             NaN	             NaN	             NaN	   1.1333819e-01	   1.0316728e-01	   8.7181067e-02	   1.0094520e-01	   1.0345336e-01	   1.3448253e-01	   1.0240371e-01	   1.3279593e-01	   1.3269904e-01	   1.2524195e-01	   1.3320564e-01	   9.4414587e-02	   1.0303423e-01	   9.9045731e-02	   9.4141518e-02	   7.1081483e-02	   7.5277766e-02	   7.2600305e-02	   7.0914807e-02	   6.6976735e-02	   7.6314519e-02	   8.2274170e-02	   7.3321482e-02	   7.8703426e-02	   6.5609761e-02	
   0.0000000e+00	   0.0000000e+00	   0.0000000e+00	             NaN	             NaN	             NaN	             NaN	             NaN	   1.2219197e-01	   1.1204796e-01	   1.3064863e-01	   1.1820307e-01	   1.1032782e-01	   1.0627758e-01	   9.2165558e-02	   1.1799464e-01	   1.0691493e-01	   1.2098073e-01	   1.0000559e-01	   1.0829594e-01	   1.1810615e-01	   9.9048859e-02	   8.8553872e-02	   8.3921731e-02	   7.1004526e-02	   6.0371930e-02	   7.7842590e-02	   6.8840503e-02	   8.2598404e-02	   6.8843298e-02	   6.4680239e-02	   6.5756775e-02	   6.1860945e-02	
   0.0000000e+00	   0.0000000e+00	   0.0000000e+00	             NaN	             NaN	             NaN	             NaN	             NaN	   7.7424867e-02	   8.1425414e-02	   9.7010681e-02	   1.2483626e-01	   8.6388303e-02	   9.3910917e-02	   1.1386544e-01	   1.1389233e-01	   9.8413828e-02	   1.2088774e-01	   9.2683599e-02	   9.8487115e-02	   1.1426796e-01	   9.3833671e-02	   8.9571921e-02	   6.7278961e-02	   7.5021388e-02	   6.1396504e-02	   7.3448301e-02	   6.1127244e-02	   6.6178327e-02	   6.9958320e-02	   6.6937749e-02	   5.6023589e-02	   6.1921817e-02	
   0.0000000e+00	   0.0000000e+00	   0.0000000e+00	             NaN	             NaN	             NaN	             NaN	             NaN	             NaN	   9.7200862e-02	   8.3332248e-02	   1.2364294e-01	   9.6799151e-02	   1.3002926e-01	   1.0412347e-01	   8.6878895e-02	   1.1004881e-01	   9.9008902e-02	   1.1771842e-01	   1.1752478e-01	   1.0475103e-01	   9.8734088e-02	   8.3523219e-02	   7.1490859e-02	   8.1575779e-02	   6.4544368e-02	   6.4715929e-02	   5.6957634e-02	   7.1559475e-02	   6.5243086e-02	   5.7452013e-02	   6.6795046e-02	   6.6710037e-02	
   0.0000000e+00	   0.0000000e+00	   0.0000000e+00	   0.0000000e+00	             NaN	             NaN	             NaN	             NaN	             NaN	   9.3839695e-02	   7.7057806e-02	   7.0833513e-02	   9.7092232e-02	   8.5525480e-02	   1.0525321e-01	   9.5492461e-02	   1.2144490e-01	   1.0132578e-01	   1.0962657e-01	   1.0738445e-01	   7.8351175e-02	   7.6670536e-02	   6.7960565e-02	   7.9349411e-02	   6.8127660e-02	   7.1680132e-02	   6.7700589e-02	   6.3960309e-02	   7.1383252e-02	   6.9396577e-02	   6.6252918e-02	   6.8305178e-02	   5.9766870e-02	
   0.0000000e+00	   0.0000000e+00	   0.0000000e+00	   0.0000000e+00	             NaN	             NaN	             NaN	             NaN	             NaN	   8.0340291e-02	   9.2128001e-02	   7.6573241e-02	   9.9672620e-02	   1.2033520e-01	   1.1260929e-01	   1.2281370e-01	   1.2392315e-01	   1.2010000e-01	   1.2487113e-01	   1.0990570e-01	   9.2090116e-02	   7.5070905e-02	   7.6730119e-02	   6.3395606e-02	   5.9330147e-02	   4.7012191e-02	   6.5034897e-02	   6.5190853e-02	   5.6556253e-02	   5.4007823e-02	   5.1107992e-02	   5.8286034e-02	   5.8097734e-02	
   0.0000000e+00	   0.0000000e+00	   0.0000000e+00	   0.0000000e+00	             NaN	             NaN	             NaN	             NaN	             NaN	   7.2903599e-02	   8.9294831e-02	   6.7612456e-02	   7.9820814e-02	   8.7876781e-02	   9.3890472e-02	   9.2848040e-02	   9.6404287e-02	   9.8094438e-02	   8.8564353e-02	   1.0142248e-01	   8.1694589e-02	   6.9635284e-02	   8.0046927e-02	   7.0466155e-02	   5.7778885e-02	   7.7120428e-02	   4.5756185e-02	   5.6059457e-02	   6.4679163e-02	   5.3551314e-02	   7.6783007e-02	   6.8741913e-02	   5.6252301e-02	
   0.0000000e+00	   0.0000000e+00	   0.0000000e+00	   0.0000000e+00	             NaN	             NaN	             NaN	             NaN	             NaN	   1.0583713e-01	   1.0249652e-01	   8.4484489e-02	   7.5991969e-02	   1.1356408e-01	   1.0796509e-01	   1.0382206e-01	   8.6460489e-02	   1.0752101e-01	   8.8011672e-02	   9.6459198e-02	   8.2333899e-02	   7.8087509e-02	   7.8600462e-02	   6.9390634e-02	   4.7119560e-02	   5.0071339e-02	   5.0700320e-02	   4.6228926e-02	   5.5398842e-02	   5.3637265e-02	   6.4928624e-02	   5.6689192e-02	   6.7389802e-02	
   0.0000000e+00	   0.0000000e+00	   0.0000000e+00	   0.0000000e+00	             NaN	             NaN	             NaN	             NaN	             NaN	             NaN	   9.7223643e-02	   8.1246783e-02	   5.5710681e-02	   1.0817975e-01	   9.4537457e-02	   9.1377205e-02	   8.7321748e-02	   8.3033504e-02	   9.1744115e-02	   1.1461685e-01	   8.1660491e-02	   7.4034999e-02	   6.7152745e-02	   7.5326300e-02	   6.6021477e-02	   6.1043158e-02	   6.4382645e-02	   5.9645956e-02	   5.9844628e-02	   5.6061059e-02	   4.7502104e-02	   6.2740803e-02	   6.8190160e-02	
   0.0000000e+00	   0.0000000e+00	   0.0000000e+00	   0.0000000e+00	             NaN	             NaN	             NaN	             NaN	             NaN	             NaN	   1.0980460e-01	   8.1514569e-02	   9.1456047e-02	   8.0986548e-02	   9.6294752e-02	   9.5951938e-02	   8.0358596e-02	   8.3213422e-02	   9.4576988e-02	   7.7571092e-02	   6.5536364e-02	   7.7219421e-02	   7.7557539e-02	   7.3787496e-02	   7.0833934e-02	   5.8044065e-02	   5.0685463e-02	   6.4048501e-02	   5.4940598e-02	   4.5266047e-02	   5.9068015e-02	   5.2160967e-02	   4.8716657e-02	
   0.0000000e+00	   0.0000000e+00	   0.0000000e+00	   0.0000000e+00	   0.0000000e+00	             NaN	             NaN	             NaN	             NaN	             NaN	   7.4412801e-02	   7.9514740e-02	   9.0331366e-02	   9.3101066e-02	   1.2100807e-01	   8.3325915e-02	   8.2994115e-02	   8.6372629e-02	   9.7082409e-02	   6.9794490e-02	   8.2593807e-02	   7.2910195e-02	   5.7174798e-02	   4.5226727e-02	   5.6625412e-02	   6.4364546e-02	   4.9542467e-02	   5.5843581e-02	   5.6530742e-02	   5.0178565e-02	   5.0116427e-02	   5.6034423e-02	   5.3283752e-02	
   0.0000000e+00	   0.0000000e+00	   0.0000000e+00	   0.0000000e+00	   0.0000000e+00	             NaN	             NaN	             NaN	             NaN	             NaN	   7.6987171e-02	   5.5387391e-02	   7.1264540e-02	   7.4591307e-02	   7.3561821e-02	   9.3810847e-02	   1.0672748e-01	   1.0046883e-01	   8.1399519e-02	   7.2816971e-02	   7.4198038e-02	   6.9080320e-02	   5.0949820e-02	   5.6714643e-02	   5.4534986e-02	   5.3553151e-02	   4.9274514e-02	   5.8749615e-02	   4.0566798e-02	   4.1547051e-02	   4.9553768e-02	   4.9916851e-02	   5.6724348e-02	
   0.0000000e+00	   0.0000000e+00	   0.0000000e+00	   0.0000000e+00	   0.0000000e+00	             NaN	             NaN	             NaN	             NaN	             NaN	   1.1786665e-01	   6.7725171e-02	   8.0512938e-02	   7.0216297e-02	   7.9449822e-02	   8.6852797e-02	   9.4940366e-02	   9.7870038e-02	   8.4574226e-02	   8.2832054e-02	   6.7095682e-02	   6.8986743e-02	   5.1570633e-02	   5.9187823e-02	   4.3915033e-02	   6.5584983e-02	   4.1009629e-02	   4.3604142e-02	   4.4232638e-02	   5.6301142e-02	   6.0344658e-02	   6.1995444e-02	   5.1201327e-02	
   0.0000000e+00	   0.0000000e+00	   0.0000000e+00	   0.0000000e+00	   0.0000000e+00	             NaN	             NaN	             NaN	             NaN	             NaN	             NaN	   7.0995847e-02	   6.5492376e-02	   6.7588608e-02	   5.4469212e-02	   9.9638245e-02	   9.0212863e-02	   8.9869302e-02	   8.3148624e-02	   7.4177244e-02	   7.7258813e-02	   6.6497700e-02	   6.1267032e-02	   5.8266205e-02	   4.6640363e-02	   6.4049876e-02	   4.2647448e-02	   4.9470476e-02	   4.1835992e-02	   4.6660482e-02	   5.7122374e-02	   5.1489400e-02	   5.8760802e-02	
   0.0000000e+00	   0.0000000e+00	   0.0000000e+00	   0.0000000e+00	   0.0000000e+00	             NaN	             NaN	             NaN	             NaN	             NaN	             NaN	   8.3861773e-02	   5.9553260e-02	   7.4445688e-02	   7.7034857e-02	   9.1320830e-02	   9.3819869e-02	   8.1624082e-02	   8.6195811e-02	   6.3386302e-02	   7.0275950e-02	   5.2797744e-02	   6.1345953e-02	   4.8306737e-02	   4.8356493e-02	   3.8916136e-02	   6.0687148e-02	   4.9782515e-02	   4.3433283e-02	   4.8505611e-02	   4.9656979e-02	   3.8170158e-02	   6.0057939e-02	
   0.0000000e+00	   0.0000000e+00	   0.0000000e+00	   0.0000000e+00	   0.0000000e+00	   0.0000000e+00	             NaN	             NaN	             NaN	             NaN	             NaN	   6.4671204e-02	   7.2372743e-02	   7.8878798e-02	   1.0471339e-01	   8.3494694e-02	   8.0602547e-02	   5.8181170e-02	   6.1849103e-02	   6.2764637e-02	   6.2781004e-02	   5.7069023e-02	   5.4092086e-02	   5.8388406e-02	   5.1689227e-02	   5.5629444e-02	   3.9252341e-02	   4.7928827e-02	   5.1918282e-02	   4.8420315e-02	   4.5253800e-02	   4.6382982e-02	   4.2985096e-02	
   0.0000000e+00	   0.0000000e+00	   0.0000000e+00	   0.0000000e+00	   0.0000000e+00	   0.0000000e+00	             NaN	             NaN	             NaN	             NaN	             NaN	   6.6284075e-02	   6.8529544e-02	   7.3479717e-02	   7.1627288e-02	   1.0045265e-01	   6.9526464e-02	   9.3191949e-02	   6.0207866e-02	   6.9662893e-02	   6.2642621e-02	   4.8666966e-02	   4.9007298e-02	   3.5658336e-02	   4.6866007e-02	   4.0489611e-02	   5.7309338e-02	   4.9554087e-02	   4.2775111e-02	   5.0893132e-02	   4.5609537e-02	   5.3130521e-02	   3.6332189e-02	
   0.0000000e+00	   0.0000000e+00	   0.0000000e+00	   0.0000000e+00	   0.0000000e+00	   0.0000000e+00	             NaN	             NaN	             NaN	             NaN	             NaN	   1.1627053e-02	   3.8938248e-02	   8.0552667e-02	   6.8822411e-02	   7.2015766e-02	   6.1475759e-02	   8.7469726e-02	   8.0520218e-02	   5.9623544e-02	   7.9874902e-02	   6.3437624e-02	   4.9060373e-02	   5.6713270e-02	   5.5974529e-02	   3.9722609e-02	   4.4522626e-02	   4.7836956e-02	   4.3612498e-02	   3.9293437e-02	   5.8370800e-02	   3.9148119e-02	   4.6164998e-02	
   0.0000000e+00	   0.0000000e+00	   0.0000000e+00	   0.0000000e+00	   0.0000000e+00	   0.0000000e+00	             NaN	             NaN	             NaN	             NaN	             NaN	             NaN	   6.8514954e-02	   5.4787792e-02	   9.0465664e-02	   1.0095990e-01	   6.6496513e-02	   7.0617514e-02	   6.5098934e-02	   6.1993904e-02	   5.4590333e-02	   6.1486522e-02	   3.3520716e-02	   4.4519135e-02	   3.7184716e-02	   4.1485377e-02	   4.4006335e-02	   5.6165142e-02	   4.5554713e-02	   4.4836050e-02	   5.2075291e-02	   4.8043656e-02	   3.9251259e-02	
   0.0000000e+00	   0.0000000e+00	   0.0000000e+00	   0.0000000e+00	   0.0000000e+00	   0.0000000e+00	             NaN	             NaN	             NaN	             NaN	             NaN	             NaN	   8.8334452e-02	   8.4829630e-02	   8.1039060e-02	   6.0250574e-02	   7.3789517e-02	   5.7838213e-02	   7.7558526e-02	   5.5090017e-02	   5.6573040e-02	   4.0257403e-02	   4.7648747e-02	   5.2654357e-02	   5.0697560e-02	   4.9061215e-02	   5.4392468e-02	   4.1599573e-02	   3.6129084e-02	   4.3894232e-02	   5.1611759e-02	   4.4751776e-02	   4.4694076e-02	
   0.0000000e+00	   0.0000000e+00	   0.0000000e+00	   0.0000000e+00	   0.0000000e+00	   0.0000000e+00	   0.0000000e+00	             NaN	             NaN	             NaN	             NaN	             NaN	   7.7059750e-02	   4.9747798e-02	   6.8067246e-02	   6.5236374e-02	   5.5407449e-02	   6.1369158e-02	   5.6052381e-02	   5.4215804e-02	   5.7404014e-02	   4.6136430e-02	   4.3251288e-02	   5.1179449e-02	   4.5223947e-02	   4.3492591e-02	   4.0059683e-02	   4.8406255e-02	   4.6964447e-02	   3.7806768e-02	   2.8275439e-02	   5.0038349e-02	   4.2245919e-02	
   0.0000000e+00	   0.0000000e+00	   0.0000000e+00	   0.0000000e+00	   0.0000000e+00	   0.0000000e+00	   0.0000000e+00	             NaN	             NaN	             NaN	             NaN	             NaN	   3.9379122e-02	   6.8303903e-02	   6.3059724e-02	   8.3369671e-02	   6.8908763e-02	   5.9307497e-02	   4.0555073e-02	   5.8496051e-02	   5.1425299e-02	   5.5113051e-02	   4.8624561e-02	   5.5119508e-02	   4.7208003e-02	   3.9978496e-02	   3.8156145e-02	   4.0938361e-02	   3.8462562e-02	   4.9237387e-02	   3.2187680e-02	   3.7004956e-02	   4.6169923e-02	
   0.0000000e+00	   0.0000000e+00	   0.0000000e+00	   0.0000000e+00	   0.0000000e+00	   0.0000000e+00	   0.0000000e+00	             NaN	             NaN	             NaN	             NaN	             NaN	   5.3918560e-02	   4.9556852e-02	   4.8263001e-02	   6.1499977e-02	   5.3628216e-02	   7.0594547e-02	   4.8582449e-02	   4.6402405e-02	   5.7878921e-02	   6.4406634e-02	   4.9001534e-02	   3.0963316e-02	   4.8172209e-02	   3.2617317e-02	   2.9028806e-02	   4.1321766e-02	   3.8386938e-02	   4.6376295e-02	   4.9388697e-02	   4.7533867e-02	   4.1913427e-02	
   0.0000000e+00	   0.0000000e+00	   0.0000000e+00	   0.0000000e+00	   0.0000000e+00	   0.0000000e+00	   0.0000000e+00	             NaN	             NaN	             NaN	             NaN	             NaN	             NaN	   3.5097378e-02	   4.9832186e-02	   7.8189638e-02	   7.2268098e-02	   5.2404068e-02	   6.4939156e-02	   5.3566247e-02	   5.9942080e-02	   2.8042064e-02	   4.4837461e-02	   4.3311750e-02	   4.8635683e-02	   3.9571332e-02	   4.7100603e-02	   4.2353717e-02	   3.3408335e-02	   4.0886544e-02	   4.1289383e-02	   4.4014907e-02	   3.5926490e-02	
   0.0000000e+00	   0.0000000e+00	   0.0000000e+00	   0.0000000e+00	   0.0000000e+00	   0.0000000e+00	   0.0000000e+00	             NaN	             NaN	             NaN	             NaN	             NaN	             NaN	   6.3025267e-02	   9.3468483e-02	   3.0511564e-02	   6.8153874e-02	   6.0873492e-02	   3.6668153e-02	   5.0398691e-02	   5.9844034e-02	   4.8899800e-02	   1.9266695e-02	   3.2149390e-02	   3.8230442e-02	   3.5833450e-02	   3.7053872e-02	   4.1050764e-02	   2.5797841e-02	   3.7309159e-02	   4.1129691e-02	   4.4896939e-02	   4.3252113e-02	
   0.0000000e+00	   0.0000000e+00	   0.0000000e+00	   0.0000000e+00	   0.0000000e+00	   0.0000000e+00	   0.0000000e+00	   0.0000000e+00	             NaN	             NaN	             NaN	             NaN	             NaN	   5.8106477e-02	   5.4477316e-02	   5.7922061e-02	   7.7507850e-02	   5.4604311e-02	   3.8204766e-02	   4.5156871e-02	   4.5613489e-02	   3.3982140e-02	   3.5990006e-02	   4.7509692e-02	   2.2266416e-02	   3.8058974e-02	   3.3048066e-02	   2.6942678e-02	   2.5458288e-02	   2.9404019e-02	   4.6286207e-02	   3.8816706e-02	   4.1518736e-02	
   0.0000000e+00	   0.0000000e+00	   0.0000000e+00	   0.0000000e+00	   0.0000000e+00	   0.0000000e+00	   0.0000000e+00	   0.0000000e+00	             NaN	             NaN	             NaN	             NaN	             NaN	   5.6478413e-02	   6.1155111e-02	   6.9235032e-02	   2.6005026e-02	   4.2003527e-02	   5.8400677e-02	   5.5521291e-02	   3.2239988e-02	   4.6466764e-02	   4.4615531e-02	   4.8193862e-02	   3.2795974e-02	   4.0588253e-02	   3.8558184e-02	   3.9615633e-02	   5.0308061e-02	   3.6956263e-02	   4.8786556e-02	   4.2383245e-02	   2.2249000e-02	
   0.0000000e+00	   0.0000000e+00	   0.0000000e+00	   0.0000000e+00	   0.0000000e+00	   0.0000000e+00	   0.0000000e+00	   0.0000000e+00	             NaN	             NaN	             NaN	             NaN	             NaN	   7.1252946e-02	   7.9691747e-02	   7.6788038e-02	   4.3408803e-02	   4.7933163e-02	   5.1947358e-02	   5.3483914e-02	   4.6627798e-02	   5.1086214e-02	   4.8346093e-02	   4.8249489e-02	   3.4482824e-02	   4.2216271e-02	   5.1664020e-02	   3.5666469e-02	   3.9716702e-02	   3.9376162e-02	   4.8319704e-02	   3.4106338e-02	   3.4754536e-02	
   0.0000000e+00	   0.0000000e+00	   0.0000000e+00	   0.0000000e+00	   0.0000000e+00	   0.0000000e+00	   0.0000000e+00	   0.0000000e+00	             NaN	             NaN	             NaN	             NaN	             NaN	             NaN	   8.1913518e-02	   4.4702258e-02	   4.4194468e-02	   6.2022576e-02	   5.9518137e-02	   4.2434916e-02	   5.6780694e-02	   6.1178316e-02	   3.0819886e-02	   3.6370829e-02	   3.3291036e-02	   3.2821821e-02	   3.4466949e-02	   4.1679815e-02	   3.3999077e-02	   4.0023818e-02	   3.3037774e-02	   2.7767724e-02	   3.0943257e-02	
   0.0000000e+00	   0.0000000e+00	   0.0000000e+00	   0.0000000e+00	   0.0000000e+00	   0.0000000e+00	   0.0000000e+00	   0.0000000e+00	             NaN	             NaN	             NaN	             NaN	             NaN	             NaN	   6.2616119e-02	   3.8176404e-02	   3.5809443e-02	   5.2863426e-02	   3.8159210e-02	   3.1651718e-02	   3.8315821e-02	   5.7444925e-02	   4.1094016e-02	   4.4950285e-02	   2.4898682e-02	   5.0738362e-02	   3.4771011e-02	   3.2583935e-02	   3.1333127e-02	   3.5887766e-02	   3.5043331e-02	   4.3570248e-02	   3.7379251e-02	
   0.0000000e+00	   0.0000000e+00	   0.0000000e+00	   0.0000000e+00	   0.0000000e+00	   0.0000000e+00	   0.0000000e+00	   0.0000000e+00	   0.0000000e+00	             NaN	             NaN	             NaN	             NaN	             NaN	   6.1334005e-02	   3.2950133e-02	   5.0507577e-02	   4.9920340e-02	   4.1121968e-02	   5.5780266e-02	   3.9356662e-02	   3.9582644e-02	   8.7861206e-03	   2.5471554e-02	   1.6602599e-02	   5.2118951e-02	   3.0684871e-02	   4.0274364e-02	   2.7313783e-02	   3.1138174e-02	   4.0270623e-02	   3.0436135e-02	   3.5313681e-02	
   0.0000000e+00	   0.0000000e+00	   0.0000000e+00	   0.0000000e+00	   0.0000000e+00	   0.0000000e+00	   0.0000000e+00	   0.0000000e+00	   0.0000000e+00	             NaN	             NaN	             NaN	             NaN	             NaN	   4.1034620e-02	   5.7294892e-02	   3.6598087e-02	   4.7966262e-02	   3.9946421e-02	   2.8459520e-02	   4.1673873e-02	   6.4747496e-02	   3.4656300e-02	   4.0598729e-02	   3.6612447e-02	   2.7037747e-02	   2.8014840e-02	   3.4244235e-02	   3.7690185e-02	   3.4942673e-02	   2.4495107e-02	   2.5017092e-02	   2.9962798e-02	
   0.0000000e+00	   0.0000000e+00	   0.0000000e+00	   0.0000000e+00	   0.0000000e+00	   0.0000000e+00	   0.0000000e+00	   0.0000000e+00	   0.0000000e+00	             NaN	             NaN	             NaN	             NaN	             NaN	   4.0792072e-02	   6.4837869e-02	   6.4635672e-02	   5.2011673e-02	   5.1944049e-02	   5.5576558e-02	   3.9440197e-02	   3.7607553e-02	   2.0165262e-02	   2.7161471e-02	   2.8599551e-02	   3.7927479e-02	   2.8546325e-02	   2.4606330e-02	   3.3628027e-02	   3.2422419e-02	   4.1126960e-02	   3.3984927e-02	   2.8158010e-02	
   0.0000000e+00	   0.0000000e+00	   0.0000000e+00	   0.0000000e+00	   0.0000000e+00	   0.0000000e+00	   0.0000000e+00	   0.0000000e+00	   0.0000000e+00	             NaN	             NaN	             NaN	             NaN	             NaN	             NaN	   8.6352534e-02	   5.2920998e-02	   4.7647669e-02	   2.5161116e-02	   3.2709992e-02	   3.0329173e-02	   4.7696117e-02	   2.5101789e-02	   4.7267066e-02	   4.6816003e-02	   2.6335849e-02	   4.0554361e-02	   2.7216812e-02	   4.0783374e-02	   2.1003799e-02	   3.0537482e-02	   2.4083898e-02	   3.3223517e-02	
   0.0000000e+00	   0.0000000e+00	   0.0000000e+00	   0.0000000e+00	   0.0000000e+00	   0.0000000e+00	   0.0000000e+00	   0.0000000e+00	   0.0000000e+00	             NaN	             NaN	             NaN	             NaN	             NaN	             NaN	   3.6887701e-02	   5.3330791e-02	   2.9464785e-02	   5.7104408e-02	   2.6975871e-02	   3.8735887e-02	   3.8681008e-02	   4.7407489e-02	   2.5473691e-02	   3.6269571e-02	   5.3183272e-02	   3.5159132e-02	   3.1647382e-02	   3.5130095e-02	   3.2023593e-02	   3.4915318e-02	   1.8824106e-02	   4.1066765e-02	
   0.0000000e+00	   0.0000000e+00	   0.0000000e+00	   0.0000000e+00	   0.0000000e+00	   0.0000000e+00	   0.0000000e+00	   0.0000000e+00	   0.0000000e+00	   0.0000000e+00	             NaN	             NaN	             NaN	             NaN	             NaN	   2.5706475e-02	   3.1818071e-02	   5.3620186e-02	   3.5708363e-02	   5.6277247e-02	   4.0809029e-02	   3.9421756e-02	   5.0820477e-02	   4.1109975e-02	   3.8602560e-02	   2.6522801e-02	   3.4470400e-02	   3.7803776e-02	   1.6672639e-02	   2.5350912e-02	   2.1555375e-02	   2.1861429e-02	   2.5231990e-02	
