   2.6645047e+00	   3.8808221e+00	   5.1568431e+00	             NaN	             NaN	             NaN	             NaN	             NaN	             NaN	             NaN	             NaN	             NaN	             NaN	             NaN	   0.0000000e+00	   0.0000000e+00	   0.0000000e+00	   0.0000000e+00	   0.0000000e+00	   0.0000000e+00	   0.0000000e+00	   0.0000000e+00	   0.0000000e+00	   0.0000000e+00	   0.0000000e+00	   0.0000000e+00	   0.0000000e+00	   0.0000000e+00	   0.0000000e+00	   0.0000000e+00	   0.0000000e+00	   0.0000000e+00	   0.0000000e+00	
   3.4883025e+00	   6.3061889e+00	   4.1369508e+00	             NaN	             NaN	             NaN	             NaN	             NaN	             NaN	             NaN	             NaN	             NaN	             NaN	             NaN	   0.0000000e+00	   0.0000000e+00	   0.0000000e+00	   0.0000000e+00	   0.0000000e+00	   0.0000000e+00	   0.0000000e+00	   0.0000000e+00	   0.0000000e+00	   0.0000000e+00	   0.0000000e+00	   0.0000000e+00	   0.0000000e+00	   0.0000000e+00	   0.0000000e+00	   0.0000000e+00	   0.0000000e+00	   0.0000000e+00	   0.0000000e+00	
   4.9149889e+00	   4.1834463e+00	   5.9711774e+00	             NaN	             NaN	             NaN	             NaN	             NaN	             NaN	             NaN	             NaN	             NaN	             NaN	             NaN	   0.0000000e+00	   0.0000000e+00	   0.0000000e+00	   0.0000000e+00	   0.0000000e+00	   0.0000000e+00	   0.0000000e+00	   0.0000000e+00	   0.0000000e+00	   0.0000000e+00	   0.0000000e+00	   0.0000000e+00	   0.0000000e+00	   0.0000000e+00	   0.0000000e+00	   0.0000000e+00	   0.0000000e+00	   0.0000000e+00	   0.0000000e+00	
   7.1724663e+00	   5.0636075e+00	   5.6113474e+00	   6.7523984e+00	             NaN	             NaN	             NaN	             NaN	             NaN	             NaN	             NaN	             NaN	             NaN	             NaN	             NaN	   0.0000000e+00	   0.0000000e+00	   0.0000000e+00	   0.0000000e+00	   0.0000000e+00	   0.0000000e+00	   0.0000000e+00	   0.0000000e+00	   0.0000000e+00	   0.0000000e+00	   0.0000000e+00	   0.0000000e+00	   0.0000000e+00	   0.0000000e+00	   0.0000000e+00	   0.0000000e+00	   0.0000000e+00	   0.0000000e+00	
   4.3699128e+00	   3.7102202e+00	   5.5314601e+00	   7.3559051e+00	             NaN	             NaN	             NaN	             NaN	             NaN	             NaN	             NaN	             NaN	             NaN	             NaN	             NaN	   0.0000000e+00	   0.0000000e+00	   0.0000000e+00	   0.0000000e+00	   0.0000000e+00	   0.0000000e+00	   0.0000000e+00	   0.0000000e+00	   0.0000000e+00	   0.0000000e+00	   0.0000000e+00	   0.0000000e+00	   0.0000000e+00	   0.0000000e+00	   0.0000000e+00	   0.0000000e+00	   0.0000000e+00	   0.0000000e+00	
   5.6562728e+00	   5.8590508e+00	   6.4705713e+00	   6.6385724e+00	   8.1404089e+00	             NaN	             NaN	             NaN	             NaN	             NaN	             NaN	             NaN	             NaN	             NaN	             NaN	             NaN	   0.0000000e+00	   0.0000000e+00	   0.0000000e+00	   0.0000000e+00	   0.0000000e+00	   0.0000000e+00	   0.0000000e+00	   0.0000000e+00	   0.0000000e+00	   0.0000000e+00	   0.0000000e+00	   0.0000000e+00	   0.0000000e+00	   0.0000000e+00	   0.0000000e+00	   0.0000000e+00	   0.0000000e+00	
   4.2046861e+00	   4.6239797e+00	   5.6295856e+00	   7.4950750e+00	   8.5047777e+00	             NaN	             NaN	             NaN	             NaN	             NaN	             NaN	             NaN	             NaN	             NaN	             NaN	             NaN	   0.0000000e+00	   0.0000000e+00	   0.0000000e+00	   0.0000000e+00	   0.0000000e+00	   0.0000000e+00	   0.0000000e+00	   0.0000000e+00	   0.0000000e+00	   0.0000000e+00	   0.0000000e+00	   0.0000000e+00	   0.0000000e+00	   0.0000000e+00	   0.0000000e+00	   0.0000000e+00	   0.0000000e+00	
   4.8937050e+00	   5.6240178e+00	   6.3999477e+00	   6.1143946e+00	   7.9644352e+00	             NaN	             NaN	             NaN	             NaN	             NaN	             NaN	             NaN	             NaN	             NaN	             NaN	             NaN	   0.0000000e+00	   0.0000000e+00	   0.0000000e+00	   0.0000000e+00	   0.0000000e+00	   0.0000000e+00	   0.0000000e+00	   0.0000000e+00	   0.0000000e+00	   0.0000000e+00	   0.0000000e+00	   0.0000000e+00	   0.0000000e+00	   0.0000000e+00	   0.0000000e+00	   0.0000000e+00	   0.0000000e+00	
   5.1660959e+00	   5.3526368e+00	   5.4274240e+00	   6.0651386e+00	   7.3244636e+00	   8.3505606e+00	             NaN	             NaN	             NaN	             NaN	             NaN	             NaN	             NaN	             NaN	             NaN	             NaN	             NaN	   0.0000000e+00	   0.0000000e+00	   0.0000000e+00	   0.0000000e+00	   0.0000000e+00	   0.0000000e+00	   0.0000000e+00	   0.0000000e+00	   0.0000000e+00	   0.0000000e+00	   0.0000000e+00	   0.0000000e+00	   0.0000000e+00	   0.0000000e+00	   0.0000000e+00	   0.0000000e+00	
   6.5791569e+00	   4.4807094e+00	   4.7804076e+00	   6.0827164e+00	   7.0157731e+00	   7.1992024e+00	             NaN	             NaN	             NaN	             NaN	             NaN	             NaN	             NaN	             NaN	             NaN	             NaN	             NaN	   0.0000000e+00	   0.0000000e+00	   0.0000000e+00	   0.0000000e+00	   0.0000000e+00	   0.0000000e+00	   0.0000000e+00	   0.0000000e+00	   0.0000000e+00	   0.0000000e+00	   0.0000000e+00	   0.0000000e+00	   0.0000000e+00	   0.0000000e+00	   0.0000000e+00	   0.0000000e+00	
   5.0233984e+00	   4.7889530e+00	   4.8817651e+00	   5.9348546e+00	   6.3890190e+00	   7.4234816e+00	   7.5808339e+00	             NaN	             NaN	             NaN	             NaN	             NaN	             NaN	             NaN	             NaN	             NaN	             NaN	             NaN	   0.0000000e+00	   0.0000000e+00	   0.0000000e+00	   0.0000000e+00	   0.0000000e+00	   0.0000000e+00	   0.0000000e+00	   0.0000000e+00	   0.0000000e+00	   0.0000000e+00	   0.0000000e+00	   0.0000000e+00	   0.0000000e+00	   0.0000000e+00	   0.0000000e+00	
   6.6185985e+00	   5.2759392e+00	   5.2631611e+00	   5.9000737e+00	   5.7956168e+00	   6.7024928e+00	   7.0792617e+00	             NaN	             NaN	             NaN	             NaN	             NaN	             NaN	             NaN	             NaN	             NaN	             NaN	             NaN	   0.0000000e+00	   0.0000000e+00	   0.0000000e+00	   0.0000000e+00	   0.0000000e+00	   0.0000000e+00	   0.0000000e+00	   0.0000000e+00	   0.0000000e+00	   0.0000000e+00	   0.0000000e+00	   0.0000000e+00	   0.0000000e+00	   0.0000000e+00	   0.0000000e+00	
   5.9941149e+00	   5.7913166e+00	   5.5889388e+00	   5.6644649e+00	   5.7807218e+00	   6.4278182e+00	   6.5767044e+00	             NaN	             NaN	             NaN	             NaN	             NaN	             NaN	             NaN	             NaN	             NaN	             NaN	             NaN	   0.0000000e+00	   0.0000000e+00	   0.0000000e+00	   0.0000000e+00	   0.0000000e+00	   0.0000000e+00	   0.0000000e+00	   0.0000000e+00	   0.0000000e+00	   0.0000000e+00	   0.0000000e+00	   0.0000000e+00	   0.0000000e+00	   0.0000000e+00	   0.0000000e+00	
   4.4397792e+00	   4.9739219e+00	   5.4029505e+00	   5.4363343e+00	   5.4649045e+00	   5.8500650e+00	   6.2705373e+00	   5.5572399e+00	             NaN	             NaN	             NaN	             NaN	             NaN	             NaN	             NaN	             NaN	             NaN	             NaN	             NaN	   0.0000000e+00	   0.0000000e+00	   0.0000000e+00	   0.0000000e+00	   0.0000000e+00	   0.0000000e+00	   0.0000000e+00	   0.0000000e+00	   0.0000000e+00	   0.0000000e+00	   0.0000000e+00	   0.0000000e+00	   0.0000000e+00	   0.0000000e+00	
   5.1263434e+00	   4.4304272e+00	   4.7210344e+00	   4.7726492e+00	   4.9984019e+00	   5.2964322e+00	   5.4947637e+00	   5.0734158e+00	             NaN	             NaN	             NaN	             NaN	             NaN	             NaN	             NaN	             NaN	             NaN	             NaN	             NaN	   0.0000000e+00	   0.0000000e+00	   0.0000000e+00	   0.0000000e+00	   0.0000000e+00	   0.0000000e+00	   0.0000000e+00	   0.0000000e+00	   0.0000000e+00	   0.0000000e+00	   0.0000000e+00	   0.0000000e+00	   0.0000000e+00	   0.0000000e+00	
   4.4383157e+00	   4.3745847e+00	   4.7002881e+00	   4.1551364e+00	   4.6237313e+00	   4.7349196e+00	   5.1246400e+00	   4.6141849e+00	   3.5906345e+00	             NaN	             NaN	             NaN	             NaN	             NaN	             NaN	             NaN	             NaN	             NaN	             NaN	             NaN	   0.0000000e+00	   0.0000000e+00	   0.0000000e+00	   0.0000000e+00	   0.0000000e+00	   0.0000000e+00	   0.0000000e+00	   0.0000000e+00	   0.0000000e+00	   0.0000000e+00	   0.0000000e+00	   0.0000000e+00	   0.0000000e+00	
   5.0195576e+00	   4.4398782e+00	   4.0260808e+00	   4.2064803e+00	   4.3409533e+00	   4.2424136e+00	   4.5814193e+00	   4.2984648e+00	   3.1555869e+00	             NaN	             NaN	             NaN	             NaN	             NaN	             NaN	             NaN	             NaN	             NaN	             NaN	             NaN	   0.0000000e+00	   0.0000000e+00	   0.0000000e+00	   0.0000000e+00	   0.0000000e+00	   0.0000000e+00	   0.0000000e+00	   0.0000000e+00	   0.0000000e+00	   0.0000000e+00	   0.0000000e+00	   0.0000000e+00	   0.0000000e+00	
   4.4520792e+00	   4.2138203e+00	   4.4408793e+00	   4.4640509e+00	   3.8693641e+00	   4.2520386e+00	   4.2440122e+00	   3.9367964e+00	   2.8904022e+00	             NaN	             NaN	             NaN	             NaN	             NaN	             NaN	             NaN	             NaN	             NaN	             NaN	             NaN	   0.0000000e+00	   0.0000000e+00	   0.0000000e+00	   0.0000000e+00	   0.0000000e+00	   0.0000000e+00	   0.0000000e+00	   0.0000000e+00	   0.0000000e+00	   0.0000000e+00	   0.0000000e+00	   0.0000000e+00	   0.0000000e+00	
   3.5450453e+00	   4.2517524e+00	   4.0614358e+00	   3.8645526e+00	   3.7266696e+00	   3.7685755e+00	   3.7222475e+00	   3.7142884e+00	   2.7027854e+00	   1.7854787e+00	             NaN	             NaN	             NaN	             NaN	             NaN	             NaN	             NaN	             NaN	             NaN	             NaN	             NaN	   0.0000000e+00	   0.0000000e+00	   0.0000000e+00	   0.0000000e+00	   0.0000000e+00	   0.0000000e+00	   0.0000000e+00	   0.0000000e+00	   0.0000000e+00	   0.0000000e+00	   0.0000000e+00	   0.0000000e+00	
   3.9734245e+00	   3.8188245e+00	   3.7993966e+00	   3.5104898e+00	   3.7007559e+00	   3.5588250e+00	   3.6756556e+00	   3.1679039e+00	   2.5506206e+00	   1.6905628e+00	             NaN	             NaN	             NaN	             NaN	             NaN	             NaN	             NaN	             NaN	             NaN	             NaN	             NaN	   0.0000000e+00	   0.0000000e+00	   0.0000000e+00	   0.0000000e+00	   0.0000000e+00	   0.0000000e+00	   0.0000000e+00	   0.0000000e+00	   0.0000000e+00	   0.0000000e+00	   0.0000000e+00	   0.0000000e+00	
   4.4235350e+00	   3.7730881e+00	   4.0216408e+00	   3.2150277e+00	   3.3068672e+00	   3.0894950e+00	   3.2683383e+00	   3.0452709e+00	   2.2416574e+00	   1.4326153e+00	   1.3918540e+00	             NaN	             NaN	             NaN	             NaN	             NaN	             NaN	             NaN	             NaN	             NaN	             NaN	             NaN	   0.0000000e+00	   0.0000000e+00	   0.0000000e+00	   0.0000000e+00	   0.0000000e+00	   0.0000000e+00	   0.0000000e+00	   0.0000000e+00	   0.0000000e+00	   0.0000000e+00	   0.0000000e+00	
   3.1719112e+00	   3.4347465e+00	   3.2333538e+00	   2.7687619e+00	   3.1823727e+00	   2.8728201e+00	   3.0202552e+00	   2.8216355e+00	   2.1354023e+00	   1.3351495e+00	   1.1716973e+00	             NaN	             NaN	             NaN	             NaN	             NaN	             NaN	             NaN	             NaN	             NaN	             NaN	             NaN	   0.0000000e+00	   0.0000000e+00	   0.0000000e+00	   0.0000000e+00	   0.0000000e+00	   0.0000000e+00	   0.0000000e+00	   0.0000000e+00	   0.0000000e+00	   0.0000000e+00	   0.0000000e+00	
   3.4048624e+00	   3.4953564e+00	   3.5636496e+00	   3.1623984e+00	   2.7253414e+00	   2.8866080e+00	   2.6779330e+00	   2.4189264e+00	   1.9065114e+00	   1.3226221e+00	   8.9252732e-01	             NaN	             NaN	             NaN	             NaN	             NaN	             NaN	             NaN	             NaN	             NaN	             NaN	             NaN	   0.0000000e+00	   0.0000000e+00	   0.0000000e+00	   0.0000000e+00	   0.0000000e+00	   0.0000000e+00	   0.0000000e+00	   0.0000000e+00	   0.0000000e+00	   0.0000000e+00	   0.0000000e+00	
   2.5903067e+00	   3.0470591e+00	   2.8423267e+00	   2.7752065e+00	   2.5243614e+00	   2.5950744e+00	   2.3851114e+00	   2.1532270e+00	   1.8415655e+00	   1.2816479e+00	   8.4955247e-01	   8.7717831e-01	             NaN	             NaN	             NaN	             NaN	             NaN	             NaN	             NaN	             NaN	             NaN	             NaN	             NaN	   0.0000000e+00	   0.0000000e+00	   0.0000000e+00	   0.0000000e+00	   0.0000000e+00	   0.0000000e+00	   0.0000000e+00	   0.0000000e+00	   0.0000000e+00	   0.0000000e+00	
   2.0238944e+00	   2.8856355e+00	   2.6755329e+00	   2.7419099e+00	   2.4959034e+00	   2.3391751e+00	   2.3263049e+00	   2.0285318e+00	   1.5808519e+00	   1.1662418e+00	   8.0178852e-01	   7.4599969e-01	             NaN	             NaN	             NaN	             NaN	             NaN	             NaN	             NaN	             NaN	             NaN	             NaN	             NaN	   0.0000000e+00	   0.0000000e+00	   0.0000000e+00	   0.0000000e+00	   0.0000000e+00	   0.0000000e+00	   0.0000000e+00	   0.0000000e+00	   0.0000000e+00	   0.0000000e+00	
   2.4579456e+00	   2.9643023e+00	   2.6631267e+00	   2.5459358e+00	   2.2510926e+00	   2.1996474e+00	   2.0343430e+00	   1.9187977e+00	   1.5394723e+00	   1.0535086e+00	   6.4337370e-01	   5.7059428e-01	   1.1151364e+00	             NaN	             NaN	             NaN	             NaN	             NaN	             NaN	             NaN	             NaN	             NaN	             NaN	             NaN	   0.0000000e+00	   0.0000000e+00	   0.0000000e+00	   0.0000000e+00	   0.0000000e+00	   0.0000000e+00	   0.0000000e+00	   0.0000000e+00	   0.0000000e+00	
   2.6658338e+00	   2.9233553e+00	   2.7551040e+00	   2.4383537e+00	   1.9561943e+00	   2.0963863e+00	   1.8766034e+00	   1.7560228e+00	   1.4580342e+00	   9.9358997e-01	   7.3106838e-01	   6.0216454e-01	   7.1905881e-01	             NaN	             NaN	             NaN	             NaN	             NaN	             NaN	             NaN	             NaN	             NaN	             NaN	             NaN	   0.0000000e+00	   0.0000000e+00	   0.0000000e+00	   0.0000000e+00	   0.0000000e+00	   0.0000000e+00	   0.0000000e+00	   0.0000000e+00	   0.0000000e+00	
   2.5047505e+00	   2.3552947e+00	   2.5286665e+00	   2.1962777e+00	   1.8109752e+00	   1.8862426e+00	   1.6629311e+00	   1.6090676e+00	   1.4097940e+00	   9.0808736e-01	   6.8960185e-01	   5.3332135e-01	   6.0389880e-01	             NaN	             NaN	             NaN	             NaN	             NaN	             NaN	             NaN	             NaN	             NaN	             NaN	             NaN	   0.0000000e+00	   0.0000000e+00	   0.0000000e+00	   0.0000000e+00	   0.0000000e+00	   0.0000000e+00	   0.0000000e+00	   0.0000000e+00	   0.0000000e+00	
   2.2953481e+00	   2.2687574e+00	   1.8584190e+00	   2.1832255e+00	   1.7900650e+00	   1.6488668e+00	   1.7515728e+00	   1.5052596e+00	   1.3133275e+00	   8.9844661e-01	   6.4326464e-01	   5.4698956e-01	   5.6846514e-01	   8.1372685e-01	             NaN	             NaN	             NaN	             NaN	             NaN	             NaN	             NaN	             NaN	             NaN	             NaN	             NaN	   0.0000000e+00	   0.0000000e+00	   0.0000000e+00	   0.0000000e+00	   0.0000000e+00	   0.0000000e+00	   0.0000000e+00	   0.0000000e+00	
   2.3396855e+00	   2.2454586e+00	   1.7009549e+00	   1.8840834e+00	   1.7073959e+00	   1.6583320e+00	   1.5578099e+00	   1.4450782e+00	   1.1603858e+00	   8.8450292e-01	   5.7302579e-01	   5.2339171e-01	   4.4161244e-01	   7.0146668e-01	             NaN	             NaN	             NaN	             NaN	             NaN	             NaN	             NaN	             NaN	             NaN	             NaN	             NaN	   0.0000000e+00	   0.0000000e+00	   0.0000000e+00	   0.0000000e+00	   0.0000000e+00	   0.0000000e+00	   0.0000000e+00	   0.0000000e+00	
   2.9950943e+00	   2.2872800e+00	   2.0140425e+00	   1.7355322e+00	   1.7171097e+00	   1.4467776e+00	   1.4967397e+00	   1.3564053e+00	   1.1391789e+00	   7.7264301e-01	   6.0609460e-01	   4.8203736e-01	   4.1835662e-01	   4.9203127e-01	   5.2015672e-01	             NaN	             NaN	             NaN	             NaN	             NaN	             NaN	             NaN	             NaN	             NaN	             NaN	             NaN	   0.0000000e+00	   0.0000000e+00	   0.0000000e+00	   0.0000000e+00	   0.0000000e+00	   0.0000000e+00	   0.0000000e+00	
   1.8092994e+00	   2.1219784e+00	   1.7139634e+00	   1.5715847e+00	   1.4203607e+00	   1.3683991e+00	   1.3552671e+00	   1.2401059e+00	   1.0806667e+00	   8.1892842e-01	   6.1342562e-01	   4.8100934e-01	   4.2144443e-01	   3.6617383e-01	   5.6572485e-01	             NaN	             NaN	             NaN	             NaN	             NaN	             NaN	             NaN	             NaN	             NaN	             NaN	             NaN	   0.0000000e+00	   0.0000000e+00	   0.0000000e+00	   0.0000000e+00	   0.0000000e+00	   0.0000000e+00	   0.0000000e+00	
   2.0763747e+00	   2.3237682e+00	   1.9467932e+00	   1.7486396e+00	   1.5015552e+00	   1.3916146e+00	   1.2645805e+00	   1.2044790e+00	   1.0576405e+00	   8.7730341e-01	   5.6686756e-01	   5.3109193e-01	   4.3769812e-01	   3.8924604e-01	   4.3723045e-01	             NaN	             NaN	             NaN	             NaN	             NaN	             NaN	             NaN	             NaN	             NaN	             NaN	             NaN	   0.0000000e+00	   0.0000000e+00	   0.0000000e+00	   0.0000000e+00	   0.0000000e+00	   0.0000000e+00	   0.0000000e+00	
   2.3974749e+00	   1.8892651e+00	   1.7312052e+00	   1.6130129e+00	   1.4655257e+00	   1.3536581e+00	   1.2136901e+00	   1.1706140e+00	   9.6685361e-01	   8.1162182e-01	   5.7512928e-01	   4.6365319e-01	   4.2879640e-01	   3.6332544e-01	   3.5783364e-01	   5.0009679e-01	             NaN	             NaN	             NaN	             NaN	             NaN	             NaN	             NaN	             NaN	             NaN	             NaN	             NaN	   0.0000000e+00	   0.0000000e+00	   0.0000000e+00	   0.0000000e+00	   0.0000000e+00	   0.0000000e+00	
   2.0587588e+00	   1.0913176e+00	   1.9288039e+00	   1.2524916e+00	   1.4097513e+00	   1.2901612e+00	   1.2870123e+00	   1.1199624e+00	   8.3645484e-01	   7.1792393e-01	   6.1396106e-01	   4.5792308e-01	   4.5669124e-01	   3.9368584e-01	   3.8485769e-01	   6.5746670e-01	             NaN	             NaN	             NaN	             NaN	             NaN	             NaN	             NaN	             NaN	             NaN	             NaN	             NaN	   0.0000000e+00	   0.0000000e+00	   0.0000000e+00	   0.0000000e+00	   0.0000000e+00	   0.0000000e+00	
   1.8743829e+00	   1.4350809e+00	   1.7269490e+00	   1.5810264e+00	   1.3213049e+00	   1.2542835e+00	   1.0617373e+00	   9.7357247e-01	   9.2369506e-01	   7.7829099e-01	   6.2687942e-01	   5.1837725e-01	   4.4736319e-01	   3.6519005e-01	   3.8387051e-01	   4.4805652e-01	   3.7735577e-01	             NaN	             NaN	             NaN	             NaN	             NaN	             NaN	             NaN	             NaN	             NaN	             NaN	             NaN	   0.0000000e+00	   0.0000000e+00	   0.0000000e+00	   0.0000000e+00	   0.0000000e+00	
   2.8254032e+00	   1.9699770e+00	   1.3931802e+00	   1.5082360e+00	   1.3953363e+00	   1.1395637e+00	   1.0509901e+00	   1.0343926e+00	   9.2438833e-01	   7.2023959e-01	   6.0633744e-01	   4.8365346e-01	   4.4737733e-01	   4.3344904e-01	   3.7183183e-01	   4.5543395e-01	   4.2295756e-01	             NaN	             NaN	             NaN	             NaN	             NaN	             NaN	             NaN	             NaN	             NaN	             NaN	             NaN	   0.0000000e+00	   0.0000000e+00	   0.0000000e+00	   0.0000000e+00	   0.0000000e+00	
   1.1965170e+00	   1.4998108e+00	   1.4776658e+00	   1.4902150e+00	   1.3767102e+00	   1.0459787e+00	   1.0361727e+00	   9.1615184e-01	   8.2213056e-01	   7.0509527e-01	   6.3991630e-01	   5.3780802e-01	   4.7947257e-01	   4.0860893e-01	   3.6028063e-01	   4.3553735e-01	   6.4222565e-01	             NaN	             NaN	             NaN	             NaN	             NaN	             NaN	             NaN	             NaN	             NaN	             NaN	             NaN	   0.0000000e+00	   0.0000000e+00	   0.0000000e+00	   0.0000000e+00	   0.0000000e+00	
   1.4315426e+00	   1.1014905e+00	   1.4832511e+00	   1.4876412e+00	   1.3224796e+00	   1.0584948e+00	   1.0021105e+00	   9.2680389e-01	   8.0749922e-01	   7.2716660e-01	   5.9910022e-01	   5.4644783e-01	   5.1061156e-01	   4.2609371e-01	   3.7459815e-01	   3.7740939e-01	   4.6497812e-01	   3.9015937e-01	             NaN	             NaN	             NaN	             NaN	             NaN	             NaN	             NaN	             NaN	             NaN	             NaN	             NaN	   0.0000000e+00	   0.0000000e+00	   0.0000000e+00	   0.0000000e+00	
   1.3656618e+00	   2.5818423e+00	   1.7135915e+00	   1.2915221e+00	   1.2569949e+00	   1.0779667e+00	   9.3687715e-01	   8.7253280e-01	   7.8406173e-01	   6.9252952e-01	   5.9543345e-01	   5.4829904e-01	   4.8457714e-01	   4.7133426e-01	   4.1674948e-01	   3.7627007e-01	   4.5610959e-01	   4.2656387e-01	             NaN	             NaN	             NaN	             NaN	             NaN	             NaN	             NaN	             NaN	             NaN	             NaN	             NaN	   0.0000000e+00	   0.0000000e+00	   0.0000000e+00	   0.0000000e+00	
   2.5047003e+00	   5.1488759e-01	   1.5725765e+00	   1.1710321e+00	   1.2141847e+00	   1.1083372e+00	   9.0104302e-01	   8.9894670e-01	   7.5525564e-01	   6.8087688e-01	   6.1936545e-01	   5.4967365e-01	   4.8418949e-01	   4.6453826e-01	   4.4950349e-01	   4.0225487e-01	   3.8028586e-01	   5.3514886e-01	  -7.9474956e-02	             NaN	             NaN	             NaN	             NaN	             NaN	             NaN	             NaN	             NaN	             NaN	             NaN	             NaN	   0.0000000e+00	   0.0000000e+00	   0.0000000e+00	
   9.0465083e-01	   1.0282058e+00	   1.4709344e+00	   1.5018352e+00	   1.0849890e+00	   1.0264173e+00	   9.4901165e-01	   8.2546561e-01	   7.4347626e-01	   6.4301903e-01	   5.7439578e-01	   5.4994109e-01	   5.2943239e-01	   5.3582558e-01	   4.8294366e-01	   4.0974108e-01	   4.0961929e-01	   4.5653249e-01	   9.2827342e-02	             NaN	             NaN	             NaN	             NaN	             NaN	             NaN	             NaN	             NaN	             NaN	             NaN	             NaN	   0.0000000e+00	   0.0000000e+00	   0.0000000e+00	
  -6.8698318e-01	   1.2284631e+00	   1.4338503e+00	   1.4825495e+00	   1.1835207e+00	   9.6669429e-01	   8.8011667e-01	   8.5460743e-01	   7.8407799e-01	   7.1091210e-01	   6.5365666e-01	   6.0234335e-01	   5.4789931e-01	   5.0466286e-01	   4.8192337e-01	   4.6737248e-01	   4.4518109e-01	   4.6173868e-01	   3.5188237e-01	             NaN	             NaN	             NaN	             NaN	             NaN	             NaN	             NaN	             NaN	             NaN	             NaN	             NaN	   0.0000000e+00	   0.0000000e+00	   0.0000000e+00	
   1.7935433e+00	   2.2990178e+00	   1.7581594e+00	   1.2579040e+00	   1.0724654e+00	   9.7817887e-01	   9.0560446e-01	   7.6234432e-01	   7.7684514e-01	   7.0119578e-01	   6.5125819e-01	   5.9700986e-01	   5.9536111e-01	   5.5856884e-01	   5.2207422e-01	   4.8766698e-01	   4.3513534e-01	   4.7459871e-01	   4.8730461e-01	  -4.7509189e-02	             NaN	             NaN	             NaN	             NaN	             NaN	             NaN	             NaN	             NaN	             NaN	             NaN	             NaN	   0.0000000e+00	   0.0000000e+00	
   2.8590847e+00	   9.5295396e-01	   1.4824961e+00	   1.3257469e+00	   1.2374756e+00	   1.0267869e+00	   8.1674223e-01	   7.5322918e-01	   7.4771721e-01	   6.8451288e-01	   6.5505616e-01	   6.3145087e-01	   5.8859603e-01	   5.5984428e-01	   5.4297763e-01	   5.1022082e-01	   4.3958162e-01	   4.6065385e-01	   6.0327180e-01	   1.5287468e-01	             NaN	             NaN	             NaN	             NaN	             NaN	             NaN	             NaN	             NaN	             NaN	             NaN	             NaN	   0.0000000e+00	   0.0000000e+00	
   1.7571913e+00	   1.5942962e+00	   1.2146898e+00	   1.7489712e+00	   1.2751021e+00	   1.0746075e+00	   8.9864645e-01	   8.6271704e-01	   7.5720369e-01	   6.6507726e-01	   6.5271783e-01	   5.8683521e-01	   5.9929216e-01	   5.6439695e-01	   5.6762268e-01	   5.4120459e-01	   4.9490428e-01	   4.5190511e-01	   5.1937377e-01	   2.5078010e-01	   1.1202903e-02	             NaN	             NaN	             NaN	             NaN	             NaN	             NaN	             NaN	             NaN	             NaN	             NaN	             NaN	   0.0000000e+00	
   8.7971840e-01	   1.1925328e+00	   1.0788655e+00	   1.2567378e+00	   1.3431138e+00	   1.1426272e+00	   8.8873513e-01	   7.6261014e-01	   6.5225430e-01	   7.1396349e-01	   6.3861676e-01	   6.3451486e-01	   6.5692410e-01	   6.0510753e-01	   5.8652774e-01	   5.7546677e-01	   5.4187559e-01	   4.7509418e-01	   4.9490869e-01	   5.2161671e-01	   1.1285990e-01	             NaN	             NaN	             NaN	             NaN	             NaN	             NaN	             NaN	             NaN	             NaN	             NaN	             NaN	   0.0000000e+00	
   2.1633955e+00	   8.6992583e-01	   1.6995000e+00	   1.1173122e+00	   1.3603179e+00	   1.0321547e+00	   8.1896837e-01	   7.7372804e-01	   7.3515156e-01	   7.2014022e-01	   6.5896608e-01	   6.7654606e-01	   6.4217960e-01	   6.2515841e-01	   6.4639026e-01	   6.1510780e-01	   5.4092344e-01	   5.5394494e-01	   4.9252005e-01	   5.8024690e-01	   2.1052795e-01	             NaN	             NaN	             NaN	             NaN	             NaN	             NaN	             NaN	             NaN	             NaN	             NaN	             NaN	   0.0000000e+00	
  -1.6637823e-01	   1.3610664e+00	   1.4974776e+00	   1.3479646e+00	   1.2738646e+00	   9.4396781e-01	   8.3406110e-01	   7.7916013e-01	   7.5304005e-01	   6.8004824e-01	   6.8966766e-01	   6.8759860e-01	   6.9237881e-01	   6.6745122e-01	   6.8729655e-01	   6.2419407e-01	   5.7722980e-01	   5.6553451e-01	   4.9490854e-01	   5.1260006e-01	   4.7849744e-01	  -4.2823812e-02	             NaN	             NaN	             NaN	             NaN	             NaN	             NaN	             NaN	             NaN	             NaN	             NaN	             NaN	
   1.3029673e+00	   7.8020161e-01	   1.1344083e+00	   1.3745496e+00	   1.2568512e+00	   9.8351047e-01	   8.1542706e-01	   7.8728190e-01	   6.8424893e-01	   6.9974406e-01	   7.0839286e-01	   7.2223412e-01	   6.8344815e-01	   6.9917960e-01	   7.0620280e-01	   6.4607219e-01	   6.1052686e-01	   5.8054988e-01	   5.1349419e-01	   4.7064954e-01	   4.8176190e-01	   7.3363265e-03	             NaN	             NaN	             NaN	             NaN	             NaN	             NaN	             NaN	             NaN	             NaN	             NaN	             NaN	
   1.6177593e+00	   8.1089939e-01	   1.9026209e+00	   1.6686843e+00	   1.3026654e+00	   9.9732634e-01	   7.8658013e-01	   7.1126244e-01	   7.1458595e-01	   6.8912410e-01	   7.0651818e-01	   7.4787170e-01	   7.2632621e-01	   7.0112021e-01	   6.5354827e-01	   6.6351889e-01	   6.3628509e-01	   6.1203911e-01	   5.1797499e-01	   5.0517965e-01	   5.6838592e-01	   3.1074693e-02	   7.6018445e-02	             NaN	             NaN	             NaN	             NaN	             NaN	             NaN	             NaN	             NaN	             NaN	             NaN	
   1.7060231e+00	   1.4917152e+00	   1.3335844e+00	   1.7721239e+00	   1.2945668e+00	   1.2459381e+00	   8.5608587e-01	   7.5645784e-01	   6.8394985e-01	   7.2002108e-01	   7.1033533e-01	   7.1484330e-01	   7.4335194e-01	   7.5696613e-01	   7.2507081e-01	   6.9287851e-01	   6.6874694e-01	   6.4688618e-01	   5.7058866e-01	   4.9944012e-01	   5.9819780e-01	   3.2517362e-01	  -3.3695909e-02	             NaN	             NaN	             NaN	             NaN	             NaN	             NaN	             NaN	             NaN	             NaN	             NaN	
   1.4232107e+00	   1.5042777e+00	   1.3436195e+00	   1.5759837e+00	   1.4041678e+00	   1.1946283e+00	   9.4294282e-01	   7.5735010e-01	   7.4593939e-01	   7.5882619e-01	   7.0487448e-01	   7.5220728e-01	   7.2094161e-01	   7.0872395e-01	   8.1580227e-01	   7.2537574e-01	   6.9504140e-01	   6.4863310e-01	   5.5550535e-01	   5.2327610e-01	   5.5152954e-01	   5.4719246e-01	  -7.7704107e-02	             NaN	             NaN	             NaN	             NaN	             NaN	             NaN	             NaN	             NaN	             NaN	             NaN	
   1.5959986e+00	   1.9071626e+00	   1.8256298e+00	   1.5748197e+00	   1.3218571e+00	   1.2344951e+00	   8.6533808e-01	   8.3052706e-01	   7.3400452e-01	   7.8880097e-01	   7.7808088e-01	   7.3456091e-01	   7.6895719e-01	   7.8114949e-01	   7.7265418e-01	   7.3325995e-01	   7.0905849e-01	   7.0914830e-01	   6.1230765e-01	   5.5063020e-01	   5.0524774e-01	   5.9612358e-01	  -4.4089172e-02	   5.1055150e-02	             NaN	             NaN	             NaN	             NaN	             NaN	             NaN	             NaN	             NaN	             NaN	
  -9.9301572e-02	   1.8918290e+00	   1.9434362e+00	   1.6104698e+00	   1.2177951e+00	   1.1293590e+00	   8.8410154e-01	   8.5229669e-01	   7.4390840e-01	   7.7264561e-01	   7.8961253e-01	   7.7164675e-01	   8.0772061e-01	   7.9917764e-01	   7.9218917e-01	   8.1155300e-01	   7.4017086e-01	   6.9664813e-01	   6.2732884e-01	   5.6672099e-01	   5.0314318e-01	   6.3142789e-01	   2.7969078e-01	   2.5771295e-02	             NaN	             NaN	             NaN	             NaN	             NaN	             NaN	             NaN	             NaN	             NaN	
   1.6303943e+00	   1.2572333e+00	   1.5771355e+00	   1.5339329e+00	   1.4502921e+00	   1.1050699e+00	   1.0047620e+00	   8.2908666e-01	   7.7296160e-01	   8.1203390e-01	   7.2808055e-01	   7.4204866e-01	   8.0845486e-01	   8.2645050e-01	   7.9875033e-01	   7.7025599e-01	   7.8291577e-01	   7.2236509e-01	   6.9090439e-01	   6.0090851e-01	   5.2645912e-01	   5.6116552e-01	   4.3701702e-01	  -2.6497163e-02	   2.1086497e-01	             NaN	             NaN	             NaN	             NaN	             NaN	             NaN	             NaN	             NaN	
   1.6315913e+00	   1.9968592e+00	   1.8647864e+00	   2.0230027e+00	   1.4061939e+00	   1.1432218e+00	   9.5597325e-01	   8.3761176e-01	   7.5103598e-01	   7.6707364e-01	   7.5910387e-01	   7.6598027e-01	   8.0995365e-01	   8.4852196e-01	   7.7395422e-01	   8.1438695e-01	   7.8019966e-01	   7.4159834e-01	   7.0614217e-01	   6.3772449e-01	   5.4938102e-01	   5.0120632e-01	   5.7096098e-01	   1.8601362e-01	   1.7462349e-01	             NaN	             NaN	             NaN	             NaN	             NaN	             NaN	             NaN	             NaN	
   1.8551390e+00	   2.6142880e+00	   1.7122673e+00	   1.5937740e+00	   1.1214645e+00	   1.2795850e+00	   8.7466269e-01	   8.6330424e-01	   7.5955136e-01	   7.8834918e-01	   7.7683708e-01	   7.4603723e-01	   8.7598460e-01	   8.5304499e-01	   8.3863223e-01	   8.0132726e-01	   8.1340992e-01	   7.3808911e-01	   6.7922410e-01	   6.5012927e-01	   5.8974457e-01	   5.0496426e-01	   5.8642057e-01	   2.2268991e-01	   8.5055716e-02	             NaN	             NaN	             NaN	             NaN	             NaN	             NaN	             NaN	             NaN	
   8.8503104e-01	   1.7287067e+00	   2.0089417e+00	   1.6903693e+00	   1.3048791e+00	   1.2243799e+00	   1.0058960e+00	   8.6907061e-01	   7.6262687e-01	   7.5643491e-01	   8.0952409e-01	   8.4776815e-01	   7.9833313e-01	   8.7543108e-01	   8.4713954e-01	   8.4189684e-01	   8.2513515e-01	   7.9055732e-01	   7.3113792e-01	   7.0458466e-01	   5.9334967e-01	   5.1716107e-01	   5.1060278e-01	   4.5249523e-01	   8.4349557e-02	   2.1496568e-01	             NaN	             NaN	             NaN	             NaN	             NaN	             NaN	             NaN	
   9.0685044e-01	   1.9958934e+00	   2.0916329e+00	   1.5557512e+00	   1.4192184e+00	   1.3078696e+00	   9.7124022e-01	   8.2598991e-01	   7.4000715e-01	   7.3020117e-01	   8.2077807e-01	   8.0299951e-01	   8.2746604e-01	   8.3267820e-01	   8.2678945e-01	   8.7155986e-01	   8.3035326e-01	   7.9112460e-01	   7.7678091e-01	   6.9189650e-01	   6.1354661e-01	   5.4837097e-01	   5.2839951e-01	   5.9093555e-01	   1.6427223e-01	   1.4505963e-01	             NaN	             NaN	             NaN	             NaN	             NaN	             NaN	             NaN	
   1.6927211e+00	   1.7153625e+00	   1.9083143e+00	   1.9807608e+00	   1.4966141e+00	   1.2819988e+00	   9.7847919e-01	   7.7779358e-01	   7.6309648e-01	   7.9416935e-01	   7.9200722e-01	   8.1194276e-01	   8.1771265e-01	   8.3914047e-01	   8.7990625e-01	   8.5499736e-01	   8.4434183e-01	   7.9736653e-01	   7.5542605e-01	   6.9082435e-01	   6.3041105e-01	   5.6853863e-01	   4.9471895e-01	   5.9924672e-01	   1.5605279e-01	   1.5916143e-01	   2.1310634e-01	             NaN	             NaN	             NaN	             NaN	             NaN	             NaN	
   1.0615951e+00	   4.3434832e-01	   2.0375400e+00	   1.7827754e+00	   1.3425003e+00	   1.2082794e+00	   9.7356056e-01	   8.6012364e-01	   8.1303625e-01	   7.6047438e-01	   7.9921620e-01	   8.4338575e-01	   8.5548870e-01	   8.6261090e-01	   8.8365593e-01	   8.8477859e-01	   8.5952368e-01	   8.0686816e-01	   7.6885031e-01	   7.1492688e-01	   6.5488079e-01	   5.7949931e-01	   5.1505142e-01	   5.9265057e-01	   4.7421933e-01	   1.4669289e-01	   2.1691395e-01	             NaN	             NaN	             NaN	             NaN	             NaN	             NaN	
   1.0827823e+00	   1.8684248e+00	   2.6256260e+00	   1.6089111e+00	   1.3682247e+00	   1.2243070e+00	   8.4915720e-01	   8.2776089e-01	   8.2375758e-01	   8.0312604e-01	   7.8645076e-01	   7.9330653e-01	   8.2424324e-01	   8.4532790e-01	   8.7864486e-01	   8.3430891e-01	   8.4277219e-01	   8.5148251e-01	   7.8510464e-01	   7.1791810e-01	   6.6112306e-01	   5.8509544e-01	   5.4321517e-01	   4.7524670e-01	   5.0616879e-01	   1.4924386e-01	   2.0971004e-01	             NaN	             NaN	             NaN	             NaN	             NaN	             NaN	
   1.6168754e+00	   1.1185997e+00	   2.3901032e+00	   1.9977285e+00	   1.2975176e+00	   1.2939072e+00	   9.3644630e-01	   8.3753918e-01	   8.0986528e-01	   7.5745053e-01	   7.9645969e-01	   7.7423786e-01	   8.4927610e-01	   8.5182180e-01	   8.8458427e-01	   8.3963223e-01	   8.2761091e-01	   8.4620673e-01	   7.9661201e-01	   7.3785134e-01	   6.6344722e-01	   6.1874829e-01	   5.5057756e-01	   4.9340444e-01	   5.1890445e-01	   2.5040155e-01	   1.6701882e-01	   2.5011188e-01	             NaN	             NaN	             NaN	             NaN	             NaN	
   1.1849506e+00	   1.6837761e+00	   2.2564694e+00	   1.7992451e+00	   1.4960617e+00	   1.4395928e+00	   1.0354644e+00	   8.5091935e-01	   7.9361585e-01	   7.6524184e-01	   7.5628047e-01	   8.6418979e-01	   8.3541852e-01	   8.5493160e-01	   8.7170515e-01	   8.7879113e-01	   8.8223847e-01	   8.2341242e-01	   8.0764099e-01	   7.2928858e-01	   7.0640389e-01	   6.2347407e-01	   5.6480389e-01	   5.0575519e-01	   5.1187919e-01	   3.4522514e-01	   1.7636340e-01	   2.1956987e-01	             NaN	             NaN	             NaN	             NaN	             NaN	
   2.3742814e+00	   2.0090752e+00	   1.4914528e+00	   1.8657404e+00	   1.4886634e+00	   1.2755429e+00	   9.3495246e-01	   8.9952405e-01	   8.1196694e-01	   7.9894643e-01	   7.7609202e-01	   8.2391801e-01	   8.4136008e-01	   8.5715791e-01	   8.9376393e-01	   8.7310176e-01	   8.5454625e-01	   8.2581409e-01	   7.9454419e-01	   7.6560736e-01	   6.7761426e-01	   6.2652437e-01	   5.5404628e-01	   5.0059523e-01	   4.8776518e-01	   4.3750249e-01	   1.3644037e-01	   2.3832911e-01	   2.1590248e-01	             NaN	             NaN	             NaN	             NaN	
   2.3527337e+00	   1.5138983e+00	   2.1003040e+00	   1.9750356e+00	   1.6981631e+00	   1.1719863e+00	   1.0301061e+00	   7.8687629e-01	   7.0478554e-01	   7.5817742e-01	   8.1361871e-01	   7.8505580e-01	   8.1296116e-01	   8.6976834e-01	   8.7836627e-01	   8.5923231e-01	   8.7572238e-01	   8.2388506e-01	   7.8902133e-01	   7.4093623e-01	   6.9143080e-01	   6.2575181e-01	   5.5609645e-01	   5.0318341e-01	   4.8880262e-01	   4.4925281e-01	   1.0966450e-01	   2.4302872e-01	   2.2175316e-01	             NaN	             NaN	             NaN	             NaN	
   2.2794333e+00	   2.1155624e+00	   2.1871684e+00	   1.7800956e+00	   1.4781154e+00	   1.3035723e+00	   1.0170261e+00	   8.2843102e-01	   7.9954932e-01	   7.7587102e-01	   8.1563711e-01	   8.1584776e-01	   8.3034675e-01	   8.2860339e-01	   8.8937610e-01	   8.6161465e-01	   8.5408691e-01	   8.1351711e-01	   7.9304710e-01	   7.5691295e-01	   6.9074719e-01	   6.3279745e-01	   5.8165422e-01	   5.2389792e-01	   4.6105141e-01	   4.8555455e-01	   3.6671820e-01	   9.6873613e-02	   2.1804240e-01	             NaN	             NaN	             NaN	             NaN	
   1.5650000e+00	   1.9205077e+00	   1.8571992e+00	   1.8718680e+00	   1.7836267e+00	   1.2635199e+00	   9.1071150e-01	   8.2453909e-01	   7.2694513e-01	   7.5950298e-01	   8.0133175e-01	   7.7507328e-01	   8.1943735e-01	   8.8741449e-01	   8.8410667e-01	   8.5246989e-01	   8.4640962e-01	   8.3025681e-01	   8.0590198e-01	   7.6444252e-01	   6.7362206e-01	   6.3490133e-01	   5.7475274e-01	   5.0965808e-01	   5.0258901e-01	   4.7496674e-01	   4.1709680e-01	   1.4000829e-01	   2.3260665e-01	   1.9059228e-01	             NaN	             NaN	             NaN	
   2.0361725e+00	   1.5698710e+00	   2.3462488e+00	   1.6933342e+00	   1.4912634e+00	   1.2696146e+00	   1.0264480e+00	   7.6770330e-01	   7.9918543e-01	   7.0808746e-01	   7.8935202e-01	   8.0671810e-01	   8.3216249e-01	   8.5051373e-01	   8.2611246e-01	   8.5040616e-01	   8.0647694e-01	   8.2720757e-01	   7.7283417e-01	   7.4994715e-01	   7.0662361e-01	   6.4934467e-01	   5.8697793e-01	   5.2546307e-01	   4.9103003e-01	   4.6118235e-01	   4.5492490e-01	   1.8079724e-01	   1.8065085e-01	   1.8077682e-01	             NaN	             NaN	             NaN	
   2.1782211e+00	   1.5726195e+00	   2.2187387e+00	   1.7983229e+00	   1.4089531e+00	   1.1121350e+00	   1.0288305e+00	   8.1879195e-01	   6.8374736e-01	   6.8700600e-01	   7.4371597e-01	   7.9931295e-01	   7.9505073e-01	   8.1077505e-01	   8.2068718e-01	   8.2148132e-01	   8.3668508e-01	   7.9851444e-01	   7.8253977e-01	   7.7624080e-01	   7.1376755e-01	   6.3578273e-01	   5.6892230e-01	   5.1259547e-01	   4.9801902e-01	   4.3228344e-01	   4.7599281e-01	   2.7747696e-01	   1.9670527e-01	   1.7817801e-01	   1.6270047e-01	             NaN	             NaN	
   1.4709909e+00	   2.1180785e+00	   1.6461938e+00	   1.8798477e+00	   1.5352434e+00	   1.2225762e+00	   1.0194942e+00	   7.2705827e-01	   7.7351912e-01	   7.6630105e-01	   7.3877719e-01	   7.4498196e-01	   7.8133312e-01	   7.8844144e-01	   8.5133194e-01	   8.0313319e-01	   7.8500569e-01	   7.9372559e-01	   7.7612717e-01	   7.4091006e-01	   6.9876183e-01	   6.1641131e-01	   5.7573485e-01	   5.3533925e-01	   4.9435497e-01	   4.2293929e-01	   4.1956232e-01	   3.8520795e-01	   1.6732273e-01	   1.8879110e-01	   1.7880813e-01	             NaN	             NaN	
   2.9837775e+00	   1.6072252e+00	   1.9774302e+00	   1.7649446e+00	   1.4470359e+00	   1.2562770e+00	   1.0250053e+00	   7.8056692e-01	   7.7842610e-01	   7.0008645e-01	   6.7892561e-01	   7.2874181e-01	   7.8566767e-01	   7.9525754e-01	   8.1611926e-01	   8.3000141e-01	   7.9875406e-01	   7.5872515e-01	   7.3107630e-01	   7.3206088e-01	   6.9872656e-01	   6.1590848e-01	   5.7016267e-01	   5.3849430e-01	   4.7632018e-01	   4.4320923e-01	   4.1228987e-01	   3.3263466e-01	   1.5198118e-01	   1.6182488e-01	   1.8563188e-01	             NaN	             NaN	
   1.6684884e+00	   2.1028111e+00	   1.8415331e+00	   1.8906979e+00	   1.3513771e+00	   1.0855714e+00	   9.1834163e-01	   7.2888881e-01	   7.2011671e-01	   6.9434556e-01	   7.5465607e-01	   7.5457550e-01	   7.5876133e-01	   7.6800843e-01	   8.0176595e-01	   8.1263482e-01	   8.0203986e-01	   7.4186900e-01	   7.9308557e-01	   7.0003652e-01	   6.4667821e-01	   6.2474881e-01	   5.5041279e-01	   5.2636906e-01	   4.8508393e-01	   4.3050951e-01	   4.0261459e-01	   3.9109984e-01	   2.2266911e-01	   1.1775994e-01	   1.6633877e-01	   1.3119285e-01	             NaN	
   1.8304451e+00	   1.5583468e+00	   1.8173155e+00	   1.7631943e+00	   1.3752340e+00	   1.1719433e+00	   9.8399107e-01	   7.8292141e-01	   7.3810594e-01	   6.8137312e-01	   7.3546943e-01	   7.4140467e-01	   7.9152443e-01	   7.4068163e-01	   7.7559426e-01	   7.7393795e-01	   7.4692218e-01	   7.6898524e-01	   7.4026654e-01	   7.3071744e-01	   6.5948655e-01	   6.0502852e-01	   5.3810464e-01	   5.2663096e-01	   4.6857473e-01	   4.5272694e-01	   3.9413202e-01	   4.0120955e-01	   3.2306991e-01	   9.4194413e-02	   1.4481111e-01	   1.4892063e-01	             NaN	
   1.5444163e+00	   1.3103017e+00	   2.1217774e+00	   1.7842974e+00	   1.4229093e+00	   1.0581296e+00	   8.5197381e-01	   7.4282916e-01	   7.1601169e-01	   6.7074358e-01	   7.3118166e-01	   7.2799918e-01	   7.3345904e-01	   7.6523924e-01	   7.5551948e-01	   7.6764332e-01	   7.6856077e-01	   7.2256212e-01	   7.2765202e-01	   6.9656841e-01	   6.4320652e-01	   5.9698678e-01	   5.8163256e-01	   5.1240479e-01	   4.7791776e-01	   4.3551126e-01	   3.8671906e-01	   3.5830830e-01	   3.5419754e-01	   8.1633771e-02	   1.0630352e-01	   1.5344271e-01	   1.1214242e-01	
   1.8351605e+00	   1.1758235e+00	   1.4887183e+00	   1.4380664e+00	   1.2975686e+00	   1.2704422e+00	   8.9133349e-01	   7.5680459e-01	   6.8675872e-01	   6.8698544e-01	   6.8899466e-01	   6.9948445e-01	   7.0393938e-01	   7.5770402e-01	   7.3688357e-01	   7.5429883e-01	   7.1294400e-01	   7.1011329e-01	   6.8339462e-01	   6.7210181e-01	   6.5110914e-01	   5.9267690e-01	   5.6086571e-01	   5.1975576e-01	   4.6137396e-01	   4.4443288e-01	   3.8826568e-01	   3.5695756e-01	   3.9835291e-01	   1.7715503e-01	   7.7905233e-02	   1.3781622e-01	   1.2033041e-01	
   1.5086584e+00	   1.7286801e+00	   1.5361019e+00	   1.4742658e+00	   1.2318303e+00	   1.1197989e+00	   8.3712166e-01	   7.5941664e-01	   6.5513514e-01	   6.6509695e-01	   6.5910803e-01	   6.6769625e-01	   7.2586949e-01	   7.2604558e-01	   7.1689510e-01	   7.4691060e-01	   7.6600149e-01	   7.1605319e-01	   7.0488719e-01	   6.6581862e-01	   6.1948216e-01	   6.1198270e-01	   5.4725060e-01	   5.2177816e-01	   4.7660069e-01	   4.4117204e-01	   3.8837816e-01	   3.5747736e-01	   3.6025862e-01	   1.8075079e-01	   9.1366715e-02	   1.3379055e-01	   1.2043540e-01	
   2.0355794e+00	   1.4743164e+00	   1.4141309e+00	   1.6215781e+00	   1.0938244e+00	   9.6826868e-01	   8.3676828e-01	   7.4683966e-01	   6.2993587e-01	   6.1747887e-01	   6.5378014e-01	   6.6074375e-01	   7.0222405e-01	   7.0440893e-01	   7.1121800e-01	   6.9784196e-01	   6.8041352e-01	   6.9091194e-01	   6.5070933e-01	   6.4709130e-01	   6.2216574e-01	   5.8473904e-01	   5.2302890e-01	   5.0814509e-01	   4.4577875e-01	   4.2218582e-01	   3.9631761e-01	   3.6003611e-01	   3.0216976e-01	   2.8768134e-01	   5.0642030e-02	   1.1265723e-01	   1.3020667e-01	
   1.9604046e+00	   1.9014497e+00	   1.6086920e+00	   1.6884899e+00	   1.2361909e+00	   1.0498184e+00	   7.7185942e-01	   7.5569052e-01	   6.6476075e-01	   6.1395463e-01	   6.9011950e-01	   6.8518788e-01	   6.5643922e-01	   6.8554541e-01	   7.1636102e-01	   6.6969572e-01	   6.8836684e-01	   7.1091169e-01	   6.6966190e-01	   6.5357164e-01	   6.1291697e-01	   5.6585591e-01	   5.2993128e-01	   4.7271561e-01	   4.4601483e-01	   4.0792634e-01	   3.9030610e-01	   3.5378664e-01	   3.3049332e-01	   2.5211050e-01	   1.2043716e-01	   7.9964174e-02	   1.0659370e-01	
   2.0586759e+00	   1.6563533e+00	   1.4489544e+00	   1.5679581e+00	   1.1744257e+00	   1.0508093e+00	   8.2817014e-01	   6.8735584e-01	   6.3432098e-01	   6.4039392e-01	   6.1858398e-01	   6.4920493e-01	   6.4590078e-01	   6.7478865e-01	   6.8411084e-01	   7.1740570e-01	   6.7182038e-01	   6.8175186e-01	   6.4812313e-01	   6.5355135e-01	   5.9607765e-01	   5.6435696e-01	   5.1711106e-01	   4.9224959e-01	   4.4638197e-01	   4.3981433e-01	   3.7954479e-01	   3.3018300e-01	   2.9903648e-01	   3.7337795e-01	   1.2078605e-01	   5.4808920e-03	   1.0283933e-01	
             NaN	   1.4106594e+00	   1.6917631e+00	   1.3243723e+00	   1.2949425e+00	   8.9884136e-01	   8.4509841e-01	   6.3512351e-01	   6.5133302e-01	   6.3530651e-01	   5.9931638e-01	   6.6264138e-01	   6.5607832e-01	   6.1745535e-01	   6.8187407e-01	   6.6400473e-01	   6.6192200e-01	   6.6084666e-01	   6.7623441e-01	   6.1855500e-01	   5.7512002e-01	   5.5725848e-01	   5.0228455e-01	   4.7059855e-01	   4.4151057e-01	   4.3561637e-01	   3.7224471e-01	   3.3617579e-01	   3.0816108e-01	   2.5094297e-01	   2.1031887e-01	  -2.2355054e-02	   1.1722779e-01	
             NaN	   2.1216030e+00	   1.6153930e+00	   1.4253162e+00	   1.2067635e+00	   1.1003550e+00	   8.1636444e-01	   6.9398067e-01	   6.0924890e-01	   5.6515225e-01	   6.3334880e-01	   6.0022990e-01	   6.6645209e-01	   6.3096116e-01	   6.4478433e-01	   6.5161256e-01	   6.1530450e-01	   6.2532494e-01	   6.5863789e-01	   5.9633420e-01	   5.8753551e-01	   5.5221875e-01	   5.2715526e-01	   4.7500192e-01	   4.7089711e-01	   4.2043393e-01	   3.8171232e-01	   3.4848919e-01	   2.9883685e-01	   2.6218693e-01	   2.5785111e-01	   2.7421718e-02	   4.7286666e-02	
             NaN	   1.6517277e+00	   1.1237620e+00	   1.4307669e+00	   1.2401594e+00	   9.3988108e-01	   8.0386704e-01	   6.5911429e-01	   6.2279215e-01	   5.8705862e-01	   6.2369588e-01	   6.0162712e-01	   5.8173749e-01	   6.1428459e-01	   6.0415623e-01	   6.3478619e-01	   6.1454653e-01	   6.2764376e-01	   6.3603733e-01	   6.1437714e-01	   5.5201936e-01	   5.2333583e-01	   5.0700655e-01	   4.7034367e-01	   4.3279793e-01	   4.1388661e-01	   3.7721575e-01	   3.4120554e-01	   2.9348881e-01	   2.4926336e-01	   2.5841535e-01	   9.2333242e-02	   3.0500762e-02	
             NaN	   1.3193237e+00	   1.2930985e+00	   1.2790149e+00	   1.1663433e+00	   8.7342403e-01	   8.0155705e-01	   6.7478419e-01	   6.5471947e-01	   5.8016670e-01	   6.2550301e-01	   6.2106247e-01	   5.9328994e-01	   6.4064537e-01	   6.3952977e-01	   6.2031819e-01	   5.9723578e-01	   6.4074049e-01	   5.8618212e-01	   5.9679370e-01	   5.3918122e-01	   5.0003555e-01	   4.9663599e-01	   4.4366039e-01	   4.3215150e-01	   4.1921592e-01	   3.6820156e-01	   3.5496684e-01	   2.8237129e-01	   2.5211383e-01	   2.7795688e-01	   1.3246974e-01	  -1.2849111e-02	
             NaN	   1.5076159e+00	   1.5090372e+00	   1.2458211e+00	   1.1805013e+00	   9.2206345e-01	   7.1823467e-01	   6.5106634e-01	   5.9203076e-01	   6.0083066e-01	   5.8340975e-01	   6.0190154e-01	   5.7960382e-01	   5.8200768e-01	   6.1030972e-01	   5.5049035e-01	   5.5732060e-01	   6.0215878e-01	   6.0777989e-01	   5.3303185e-01	   5.4554890e-01	   4.9370782e-01	   4.7431382e-01	   4.3721676e-01	   4.3087366e-01	   3.9270096e-01	   3.7638783e-01	   3.3528101e-01	   2.8645554e-01	   2.5578256e-01	   2.4639499e-01	   2.4065588e-01	   8.1728249e-02	
             NaN	   1.3401178e+00	   1.5330505e+00	   1.1095185e+00	   1.0970532e+00	   8.6300275e-01	   7.4357724e-01	   6.7076949e-01	   5.6786049e-01	   5.7286613e-01	   5.7520095e-01	   6.0662889e-01	   6.1653105e-01	   5.7758800e-01	   5.8900538e-01	   5.8331524e-01	   5.8757115e-01	   5.8064704e-01	   5.7180424e-01	   5.2641290e-01	   5.2381639e-01	   5.0156470e-01	   4.5046907e-01	   4.2159535e-01	   4.1648118e-01	   3.9644941e-01	   3.7297238e-01	   3.2197986e-01	   3.1275819e-01	   2.4435902e-01	   2.3117210e-01	   2.3520664e-01	   9.2005200e-02	
             NaN	             NaN	   1.4604959e+00	   1.3610849e+00	   1.2107780e+00	   9.6532960e-01	   8.8447551e-01	   6.5219297e-01	   5.9761092e-01	   5.6488849e-01	   5.2887424e-01	   5.3314573e-01	   5.3849333e-01	   5.7108098e-01	   5.5920894e-01	   5.8436036e-01	   5.8613323e-01	   5.5639473e-01	   5.4614077e-01	   5.3066780e-01	   5.0924189e-01	   4.8968296e-01	   4.6754474e-01	   4.2846380e-01	   4.1369214e-01	   3.8457278e-01	   3.5823623e-01	   3.1254334e-01	   2.7470951e-01	   2.5027033e-01	   2.0799336e-01	   2.2819461e-01	   9.9754541e-02	
             NaN	             NaN	   1.5021960e+00	   1.3504433e+00	   1.1161575e+00	   8.5884593e-01	   6.6829983e-01	   5.8285210e-01	   5.0358369e-01	   4.9241421e-01	   4.9920128e-01	   5.4093858e-01	   5.6315517e-01	   5.2773513e-01	   5.5053004e-01	   5.4584881e-01	   5.6571234e-01	   5.4895088e-01	   5.2796728e-01	   5.0315675e-01	   4.8376353e-01	   4.7988567e-01	   4.5558403e-01	   4.1848808e-01	   4.1187246e-01	   3.8682016e-01	   3.6322908e-01	   3.2521758e-01	   2.7481962e-01	   2.4114820e-01	   2.0562276e-01	   1.7866633e-01	   1.7614258e-01	
             NaN	             NaN	   1.3846740e+00	   1.2046003e+00	   1.1339908e+00	   7.2316310e-01	   7.2599922e-01	   5.9575427e-01	   5.2180351e-01	   5.3149889e-01	   5.2464270e-01	   4.8709463e-01	   5.0546030e-01	   5.2759771e-01	   5.6647765e-01	   5.3730596e-01	   5.2445694e-01	   4.9908635e-01	   4.9692275e-01	   4.8541091e-01	   4.8546433e-01	   4.6130382e-01	   4.3919087e-01	   3.9546684e-01	   3.9821048e-01	   3.7546025e-01	   3.6428423e-01	   3.1713266e-01	   2.7287103e-01	   2.3069782e-01	   2.1155059e-01	   1.8671434e-01	   1.9734400e-01	
             NaN	             NaN	   1.5132269e+00	   1.2049143e+00	   1.0717002e+00	   8.9776531e-01	   7.3630701e-01	   5.4428129e-01	   5.5933134e-01	   4.8319280e-01	   4.9806223e-01	   5.0037522e-01	   5.0442345e-01	   5.2680728e-01	   4.9826501e-01	   4.8683711e-01	   5.1172732e-01	   5.0423538e-01	   5.1091891e-01	   4.9702786e-01	   4.4938826e-01	   4.3710420e-01	   4.3055646e-01	   4.0393181e-01	   3.7577614e-01	   3.6660455e-01	   3.4709433e-01	   3.0918746e-01	   2.5472815e-01	   2.3746502e-01	   2.1435666e-01	   1.5185027e-01	   2.0705964e-01	
             NaN	             NaN	   1.1933539e+00	   9.5358495e-01	   8.5455807e-01	   8.3266379e-01	   6.4068225e-01	   5.8461426e-01	   5.0258287e-01	   5.3713208e-01	   4.8718068e-01	   4.8134094e-01	   5.0458365e-01	   5.1105884e-01	   4.8853522e-01	   5.2596662e-01	   4.8813870e-01	   4.9970780e-01	   4.9997454e-01	   4.5488466e-01	   4.5094015e-01	   4.4591976e-01	   4.0696977e-01	   3.7924581e-01	   3.7585233e-01	   3.6132376e-01	   3.0940535e-01	   2.9781612e-01	   2.4364699e-01	   2.3757532e-01	   2.0498017e-01	   1.8900261e-01	   1.9753518e-01	
             NaN	             NaN	             NaN	   9.7880354e-01	   1.0226567e+00	   8.4898307e-01	   7.0655361e-01	   5.4026972e-01	   4.6448929e-01	   4.7409149e-01	   4.9663582e-01	   4.8613783e-01	   4.6046419e-01	   4.6048899e-01	   4.6462701e-01	   4.5878178e-01	   4.6460411e-01	   4.6960925e-01	   4.7077675e-01	   4.5429681e-01	   4.3919836e-01	   4.4381458e-01	   4.1179853e-01	   3.7671863e-01	   3.6644592e-01	   3.6391540e-01	   3.2907099e-01	   3.1370320e-01	   2.7160517e-01	   2.2700024e-01	   1.9791231e-01	   1.6607958e-01	   1.6631794e-01	
             NaN	             NaN	             NaN	   1.1726860e+00	   9.7250706e-01	   7.4149795e-01	   5.9777810e-01	   5.4624301e-01	   4.8097308e-01	   5.0009888e-01	   4.7821861e-01	   4.5781248e-01	   4.6203040e-01	   4.5678028e-01	   4.6921332e-01	   4.6945394e-01	   4.8377802e-01	   4.4102975e-01	   4.5385541e-01	   4.2280559e-01	   4.1959922e-01	   4.0313581e-01	   3.8892698e-01	   3.4869565e-01	   3.6109870e-01	   3.2930462e-01	   3.2930057e-01	   3.0276940e-01	   2.5686618e-01	   2.3252109e-01	   1.9098799e-01	   1.6745331e-01	   1.4749966e-01	
             NaN	             NaN	             NaN	   8.6806770e-01	   8.4411897e-01	   7.2172121e-01	   6.3279637e-01	   4.8400258e-01	   4.3792979e-01	   4.4965051e-01	   4.0427401e-01	   4.4683510e-01	   4.1045825e-01	   4.4859905e-01	   4.8783670e-01	   4.5135191e-01	   4.7545333e-01	   4.4276442e-01	   4.1772953e-01	   4.4733168e-01	   4.0966824e-01	   4.0948836e-01	   3.7059686e-01	   3.8385120e-01	   3.4348055e-01	   3.2406709e-01	   3.1734599e-01	   2.9105351e-01	   2.5214963e-01	   2.2075707e-01	   2.0490763e-01	   1.6705863e-01	   1.4449299e-01	
             NaN	             NaN	             NaN	   8.6540045e-01	   8.8665979e-01	   6.8318400e-01	   5.7488818e-01	   4.8253761e-01	   4.6607662e-01	   4.8364834e-01	   4.2329137e-01	   4.1125715e-01	   4.6026854e-01	   4.6992527e-01	   4.0482244e-01	   4.3582272e-01	   4.5931217e-01	   4.3684492e-01	   4.3903586e-01	   3.9781063e-01	   3.8405944e-01	   3.9961933e-01	   3.5857065e-01	   3.6544941e-01	   3.4260945e-01	   3.2205196e-01	   2.9977864e-01	   2.8556620e-01	   2.3565066e-01	   2.1350630e-01	   1.9945071e-01	   1.7573605e-01	   1.4738318e-01	
             NaN	             NaN	             NaN	   1.0005937e+00	   8.5671015e-01	   7.7778801e-01	   5.6643040e-01	   5.0084619e-01	   4.8527467e-01	   4.2940119e-01	   4.2162251e-01	   4.2181848e-01	   4.4686118e-01	   4.4351767e-01	   4.6187893e-01	   4.4820894e-01	   4.4975947e-01	   4.1909296e-01	   4.1515204e-01	   4.1284815e-01	   3.9549526e-01	   3.7813386e-01	   3.5994203e-01	   3.4474586e-01	   3.3658898e-01	   3.1091115e-01	   3.2151354e-01	   2.6613614e-01	   2.4698722e-01	   2.3244399e-01	   2.0794620e-01	   1.7373336e-01	   1.4817648e-01	
             NaN	             NaN	             NaN	             NaN	   8.6354157e-01	   7.9067315e-01	   5.8982656e-01	   5.1167512e-01	   4.6925735e-01	   4.4298562e-01	   3.9142451e-01	   4.3146723e-01	   4.1902153e-01	   4.1684775e-01	   4.1453230e-01	   3.9243424e-01	   4.3927562e-01	   4.0482516e-01	   4.3285429e-01	   4.1461259e-01	   3.6494706e-01	   3.2735698e-01	   3.3697383e-01	   3.4126151e-01	   3.1961531e-01	   2.9734292e-01	   2.8302097e-01	   2.6175002e-01	   2.4278383e-01	   2.1903550e-01	   1.9299589e-01	   1.6219368e-01	   1.3580699e-01	
             NaN	             NaN	             NaN	             NaN	   8.0063489e-01	   5.9398448e-01	   5.9406908e-01	   5.0646305e-01	   4.6254890e-01	   4.0948326e-01	   3.7101688e-01	   3.9919455e-01	   4.3117974e-01	   4.0489068e-01	   3.9186433e-01	   4.0109476e-01	   3.7940048e-01	   4.0819523e-01	   4.0080412e-01	   3.8851280e-01	   3.5078917e-01	   3.4729255e-01	   3.3731625e-01	   3.1216355e-01	   2.8593180e-01	   2.8532439e-01	   2.8067328e-01	   2.5627609e-01	   2.4711572e-01	   2.2632488e-01	   1.8943966e-01	   1.6266180e-01	   1.5264775e-01	
             NaN	             NaN	             NaN	             NaN	   7.4458947e-01	   6.6828210e-01	   5.3967673e-01	   4.9832818e-01	   4.4959852e-01	   3.7274881e-01	   4.0245670e-01	   3.7344069e-01	   3.9727979e-01	   4.1380010e-01	   3.9138572e-01	   3.6558536e-01	   4.0770336e-01	   3.6478612e-01	   3.5239261e-01	   3.4730903e-01	   3.5372131e-01	   3.4647852e-01	   3.0338753e-01	   3.0993215e-01	   2.9456423e-01	   2.8271939e-01	   2.6417408e-01	   2.5406993e-01	   2.2409553e-01	   2.1252168e-01	   1.9194358e-01	   1.5804737e-01	   1.3169575e-01	
             NaN	             NaN	             NaN	             NaN	   8.8687977e-01	   6.1751643e-01	   5.8223390e-01	   4.5335837e-01	   4.2598660e-01	   3.4731685e-01	   3.8479135e-01	   3.8370509e-01	   3.8566065e-01	   3.7014922e-01	   3.5915006e-01	   3.5694514e-01	   3.5046605e-01	   3.6562671e-01	   3.7830957e-01	   3.6268655e-01	   3.6860486e-01	   3.0916501e-01	   2.8151545e-01	   3.0719989e-01	   2.9548771e-01	   2.7929930e-01	   2.7167925e-01	   2.3101976e-01	   2.3876052e-01	   2.1894136e-01	   1.8575802e-01	   1.5849131e-01	   1.4129297e-01	
             NaN	             NaN	             NaN	             NaN	   7.6194507e-01	   6.8889130e-01	   5.2244724e-01	   4.5960011e-01	   4.2856052e-01	   3.8587381e-01	   4.2315763e-01	   3.5225681e-01	   3.4816265e-01	   3.4511461e-01	   3.7912005e-01	   3.7243179e-01	   3.6313640e-01	   3.6698620e-01	   3.5081288e-01	   3.5028124e-01	   3.4398730e-01	   3.4084931e-01	   3.2824278e-01	   2.9201313e-01	   2.8612873e-01	   2.8922786e-01	   2.5586677e-01	   2.4782916e-01	   2.1057061e-01	   2.0369056e-01	   1.7989004e-01	   1.6239882e-01	   1.2499765e-01	
             NaN	             NaN	             NaN	             NaN	             NaN	   6.4071383e-01	   4.8919431e-01	   4.1779994e-01	   3.6960979e-01	   3.5634802e-01	   3.3551266e-01	   3.6323164e-01	   3.5618182e-01	   3.5629608e-01	   3.1748496e-01	   3.4765186e-01	   3.4309518e-01	   3.8301737e-01	   3.3001452e-01	   3.3089972e-01	   3.0085431e-01	   3.0840349e-01	   2.9209077e-01	   2.8946854e-01	   2.7017019e-01	   2.6289623e-01	   2.6562591e-01	   2.5831232e-01	   2.1247154e-01	   1.9111003e-01	   1.6529901e-01	   1.4711593e-01	   1.4083143e-01	
             NaN	             NaN	             NaN	             NaN	             NaN	   5.9836649e-01	   4.8745936e-01	   4.4587470e-01	   4.1192498e-01	   3.4754472e-01	   3.7059090e-01	   3.4044707e-01	   3.2986759e-01	   3.3932468e-01	   3.1935138e-01	   3.3977457e-01	   3.4222053e-01	   3.3784375e-01	   3.3741985e-01	   3.4128660e-01	   3.0306115e-01	   3.0769267e-01	   2.8123976e-01	   2.6844355e-01	   2.5320345e-01	   2.4818912e-01	   2.4905423e-01	   2.3133611e-01	   2.0880195e-01	   1.8572162e-01	   1.6512578e-01	   1.4492122e-01	   1.2234755e-01	
             NaN	             NaN	             NaN	             NaN	             NaN	   5.3850419e-01	   4.2513955e-01	   4.4467228e-01	   4.2458824e-01	   3.6773053e-01	   3.3999958e-01	   3.6148817e-01	   3.4674668e-01	   3.5095108e-01	   2.9600645e-01	   3.2155688e-01	   3.3113177e-01	   3.4256725e-01	   3.2721161e-01	   3.2158784e-01	   3.1739883e-01	   2.8829788e-01	   2.8463617e-01	   2.6151694e-01	   2.5872281e-01	   2.4460230e-01	   2.1826979e-01	   2.2952418e-01	   1.9116472e-01	   1.8384546e-01	   1.6383179e-01	   1.5077375e-01	   1.2659306e-01	
             NaN	             NaN	             NaN	             NaN	             NaN	   5.0507175e-01	   5.3977739e-01	   4.0780634e-01	   3.4026132e-01	   3.1835264e-01	   3.6876524e-01	   3.3512109e-01	   3.1246767e-01	   3.3555317e-01	   3.3512738e-01	   2.9105726e-01	   3.3666098e-01	   3.2313750e-01	   3.2144694e-01	   2.9360349e-01	   2.8326967e-01	   2.9119948e-01	   2.4871701e-01	   2.8006273e-01	   2.7414479e-01	   2.5384234e-01	   2.2242331e-01	   1.8986506e-01	   2.0140650e-01	   1.8808172e-01	   1.6053070e-01	   1.4320559e-01	   1.2274969e-01	
             NaN	             NaN	             NaN	             NaN	             NaN	   5.5518502e-01	   4.3492416e-01	   4.0549213e-01	   3.6516798e-01	   3.5797754e-01	   3.2370913e-01	   2.8543542e-01	   3.1689295e-01	   3.0621657e-01	   3.0897177e-01	   3.2804991e-01	   3.0240834e-01	   3.1086325e-01	   2.9274615e-01	   3.0650757e-01	   2.9051558e-01	   2.7625701e-01	   2.6559006e-01	   2.2479600e-01	   2.4939696e-01	   2.2965398e-01	   2.3146887e-01	   1.9709254e-01	   1.8972809e-01	   1.8323487e-01	   1.5272751e-01	   1.3809638e-01	   1.2817054e-01	
             NaN	             NaN	             NaN	             NaN	             NaN	             NaN	   3.5874700e-01	   3.7725231e-01	   3.2686269e-01	   3.5272429e-01	   3.5256248e-01	   2.9964994e-01	   2.8408228e-01	   3.2486114e-01	   3.1611974e-01	   3.0159028e-01	   3.1411426e-01	   3.4254378e-01	   3.1812994e-01	   2.7423585e-01	   2.6974298e-01	   2.5800980e-01	   2.5197303e-01	   2.4846504e-01	   2.3575447e-01	   2.2883490e-01	   2.3391217e-01	   1.9749146e-01	   1.9281348e-01	   1.8105869e-01	   1.5750389e-01	   1.3812107e-01	   1.2938981e-01	
             NaN	             NaN	             NaN	             NaN	             NaN	             NaN	   4.3092588e-01	   3.6705593e-01	   3.3101508e-01	   2.9232276e-01	   3.0184097e-01	   3.2010452e-01	   3.0881066e-01	   3.2086933e-01	   2.9268315e-01	   2.5873237e-01	   2.5864323e-01	   2.6639959e-01	   2.8635291e-01	   2.8325632e-01	   2.5947928e-01	   2.5037499e-01	   2.7234264e-01	   2.2037245e-01	   2.2872398e-01	   2.2645977e-01	   2.2230448e-01	   1.9307671e-01	   1.7575684e-01	   1.6829281e-01	   1.6100099e-01	   1.3131868e-01	   1.1144517e-01	
   0.0000000e+00	             NaN	             NaN	             NaN	             NaN	             NaN	   4.2355223e-01	   3.7686746e-01	   3.3755986e-01	   2.8921040e-01	   3.1238574e-01	   2.7757808e-01	   2.9139631e-01	   3.1994048e-01	   2.4905757e-01	   2.7800692e-01	   2.6776294e-01	   2.7292342e-01	   2.7596587e-01	   2.4749176e-01	   2.4351185e-01	   2.3979138e-01	   2.3708436e-01	   2.3163003e-01	   2.3072717e-01	   2.2689991e-01	   2.0871881e-01	   1.7972969e-01	   1.6823062e-01	   1.6007518e-01	   1.4695210e-01	   1.4332878e-01	   1.0969003e-01	
   0.0000000e+00	             NaN	             NaN	             NaN	             NaN	             NaN	   4.4781412e-01	   4.0925451e-01	   3.3931730e-01	   3.2344348e-01	   2.6613236e-01	   2.9430201e-01	   3.0487406e-01	   2.5760360e-01	   2.6319662e-01	   2.6792560e-01	   2.6401806e-01	   2.8312116e-01	   2.5485721e-01	   2.4997270e-01	   2.4315307e-01	   2.2863482e-01	   2.2877626e-01	   2.1854210e-01	   2.0972063e-01	   2.0732842e-01	   2.2310416e-01	   1.8553895e-01	   1.8069094e-01	   1.5072146e-01	   1.5593369e-01	   1.2152188e-01	   1.0933966e-01	
   0.0000000e+00	             NaN	             NaN	             NaN	             NaN	             NaN	   4.1297062e-01	   3.0383131e-01	   3.1858929e-01	   2.4730594e-01	   2.8433314e-01	   2.8177395e-01	   2.5127059e-01	   2.3236688e-01	   2.7056742e-01	   2.8273723e-01	   2.8824580e-01	   2.6509289e-01	   2.5091629e-01	   2.4470663e-01	   2.4970245e-01	   1.9715625e-01	   2.0963732e-01	   1.9639729e-01	   2.0369753e-01	   2.0986376e-01	   1.7445781e-01	   1.9188392e-01	   1.7228532e-01	   1.5846605e-01	   1.4618246e-01	   1.3467076e-01	   1.2242143e-01	
   0.0000000e+00	             NaN	             NaN	             NaN	             NaN	             NaN	             NaN	   2.9401809e-01	   2.9616802e-01	   3.0568062e-01	   2.7985380e-01	   2.6940798e-01	   2.8688023e-01	   2.6260439e-01	   2.8179314e-01	   2.7199583e-01	   2.5176187e-01	   2.2607562e-01	   2.6354316e-01	   2.3090689e-01	   2.3481415e-01	   2.1381614e-01	   2.1569830e-01	   2.1003047e-01	   2.0145782e-01	   2.0475897e-01	   1.9097704e-01	   1.7788715e-01	   1.7193301e-01	   1.3857735e-01	   1.3601585e-01	   1.2001073e-01	   1.2059744e-01	
   0.0000000e+00	             NaN	             NaN	             NaN	             NaN	             NaN	             NaN	   3.1627338e-01	   2.3405219e-01	   3.0432355e-01	   2.5779483e-01	   3.0663496e-01	   2.5094626e-01	   2.5532238e-01	   2.5248158e-01	   2.4938437e-01	   2.4839865e-01	   2.4271539e-01	   2.2672219e-01	   2.5332727e-01	   2.3758693e-01	   2.2573049e-01	   2.0237549e-01	   2.1287043e-01	   1.9756426e-01	   1.9261623e-01	   2.0666512e-01	   1.6019534e-01	   1.7249225e-01	   1.4956078e-01	   1.2864823e-01	   1.2882860e-01	   9.7744299e-02	
   0.0000000e+00	   0.0000000e+00	             NaN	             NaN	             NaN	             NaN	             NaN	   2.9740209e-01	   2.7269515e-01	   2.8552099e-01	   2.8725848e-01	   2.6384662e-01	   2.1442740e-01	   2.6784633e-01	   2.5602142e-01	   2.3096215e-01	   2.4304887e-01	   2.2360049e-01	   2.1020754e-01	   2.3880240e-01	   1.9235989e-01	   2.1186577e-01	   2.0878913e-01	   2.1135918e-01	   1.7876133e-01	   2.0759045e-01	   1.7947958e-01	   1.6381120e-01	   1.6638092e-01	   1.4866922e-01	   1.2266437e-01	   1.1822867e-01	   9.7539787e-02	
   0.0000000e+00	   0.0000000e+00	             NaN	             NaN	             NaN	             NaN	             NaN	   3.7003721e-01	   1.9702272e-01	   2.3061647e-01	   2.3078448e-01	   2.4730228e-01	   2.0367697e-01	   2.4699171e-01	   2.2602301e-01	   2.4558771e-01	   2.2475501e-01	   2.5239353e-01	   2.1708028e-01	   2.0786095e-01	   2.0534088e-01	   1.9704236e-01	   2.0642749e-01	   1.8244008e-01	   1.9188288e-01	   1.8338673e-01	   1.6788055e-01	   1.6236754e-01	   1.4747485e-01	   1.3268364e-01	   1.2091639e-01	   1.2173252e-01	   1.0912696e-01	
   0.0000000e+00	   0.0000000e+00	             NaN	             NaN	             NaN	             NaN	             NaN	   3.1076644e-01	   2.7548393e-01	   3.1847899e-01	   2.2374242e-01	   2.4512655e-01	   2.3284983e-01	   2.3129682e-01	   2.2606814e-01	   2.0632708e-01	   2.1443246e-01	   2.0029378e-01	   2.1881141e-01	   1.9629653e-01	   1.8981753e-01	   1.9056033e-01	   1.7984311e-01	   1.8679486e-01	   1.8351722e-01	   1.7553406e-01	   1.6841632e-01	   1.3971651e-01	   1.4786848e-01	   1.3105164e-01	   1.1440127e-01	   1.1856404e-01	   1.0505121e-01	
   0.0000000e+00	   0.0000000e+00	             NaN	             NaN	             NaN	             NaN	             NaN	             NaN	   2.5369181e-01	   3.0095120e-01	   2.4027581e-01	   2.6957209e-01	   2.1388557e-01	   2.1254025e-01	   2.2504625e-01	   2.3450216e-01	   2.2770470e-01	   1.9538368e-01	   1.8507016e-01	   1.9941694e-01	   1.9081003e-01	   1.9756396e-01	   1.8531802e-01	   1.8121635e-01	   1.8324769e-01	   1.6835644e-01	   1.7729184e-01	   1.6754507e-01	   1.2331451e-01	   1.4055749e-01	   1.0971281e-01	   1.1851282e-01	   1.0088611e-01	
   0.0000000e+00	   0.0000000e+00	             NaN	             NaN	             NaN	             NaN	             NaN	             NaN	   2.9421012e-01	   2.6670048e-01	   2.7268719e-01	   2.2369272e-01	   2.3385242e-01	   1.9679442e-01	   1.8389714e-01	   2.0532681e-01	   2.0949673e-01	   2.1323289e-01	   1.9780510e-01	   2.0294022e-01	   1.6585849e-01	   1.9016965e-01	   1.7970623e-01	   1.6166071e-01	   1.7322594e-01	   1.5294993e-01	   1.5612060e-01	   1.3174543e-01	   1.3324259e-01	   1.3345879e-01	   1.2614641e-01	   1.1380991e-01	   9.7653729e-02	
   0.0000000e+00	   0.0000000e+00	   0.0000000e+00	             NaN	             NaN	             NaN	             NaN	             NaN	   2.0563258e-01	   2.2141785e-01	   2.4933775e-01	   2.2475449e-01	   2.2055877e-01	   2.3769681e-01	   2.1180470e-01	   1.7484895e-01	   2.0531478e-01	   1.9793231e-01	   1.9818270e-01	   2.2527090e-01	   1.8133431e-01	   1.6284577e-01	   1.5652862e-01	   1.8583377e-01	   1.6482431e-01	   1.6300842e-01	   1.3560929e-01	   1.3381294e-01	   1.5037581e-01	   1.3352088e-01	   1.2237893e-01	   9.0993553e-02	   8.5602587e-02	
   0.0000000e+00	   0.0000000e+00	   0.0000000e+00	             NaN	             NaN	             NaN	             NaN	             NaN	   2.8501902e-01	   2.3166608e-01	   2.2702803e-01	   2.1832777e-01	   2.0244777e-01	   2.0616817e-01	   2.0982082e-01	   1.5838593e-01	   1.6681340e-01	   2.1926469e-01	   1.7422265e-01	   1.8448725e-01	   1.5781982e-01	   1.6972545e-01	   1.6435877e-01	   1.7939332e-01	   1.5642276e-01	   1.5379105e-01	   1.4798645e-01	   1.3655990e-01	   1.1755440e-01	   1.1356039e-01	   1.3320289e-01	   1.0703616e-01	   1.0561771e-01	
   0.0000000e+00	   0.0000000e+00	   0.0000000e+00	             NaN	             NaN	             NaN	             NaN	             NaN	   1.7055974e-01	   2.4481488e-01	   2.6367249e-01	   2.0431836e-01	   2.2550573e-01	   2.3590372e-01	   2.0213958e-01	   2.1371813e-01	   2.1018492e-01	   1.8584937e-01	   2.1079800e-01	   1.7994122e-01	   1.7534765e-01	   1.4895558e-01	   1.8193036e-01	   1.4644604e-01	   1.6607915e-01	   1.4549267e-01	   1.4794048e-01	   1.3060311e-01	   1.3377262e-01	   1.2448173e-01	   1.1611428e-01	   1.0395420e-01	   9.3651585e-02	
   0.0000000e+00	   0.0000000e+00	   0.0000000e+00	             NaN	             NaN	             NaN	             NaN	             NaN	   2.2121829e-01	   2.3502616e-01	   2.1363355e-01	   1.9468276e-01	   2.0210716e-01	   2.1672697e-01	   1.9521603e-01	   1.7699180e-01	   1.9362390e-01	   1.5714811e-01	   1.7127396e-01	   1.9620111e-01	   1.7011269e-01	   1.5989248e-01	   1.6196217e-01	   1.3836927e-01	   1.6247012e-01	   1.5094108e-01	   1.2893661e-01	   1.4216262e-01	   1.2608520e-01	   1.1805522e-01	   1.1440940e-01	   1.0674103e-01	   1.0295365e-01	
   0.0000000e+00	   0.0000000e+00	   0.0000000e+00	             NaN	             NaN	             NaN	             NaN	             NaN	             NaN	   2.2131057e-01	   1.9350395e-01	   1.8014956e-01	   1.9665531e-01	   2.1812394e-01	   1.6771969e-01	   1.7907674e-01	   1.8244456e-01	   1.5416392e-01	   1.8380243e-01	   1.6878351e-01	   1.6195209e-01	   1.5072816e-01	   1.4283398e-01	   1.4797974e-01	   1.4070700e-01	   1.3433552e-01	   1.4768973e-01	   1.2095867e-01	   1.1743737e-01	   1.2110068e-01	   1.0261960e-01	   1.0779949e-01	   1.0059391e-01	
   0.0000000e+00	   0.0000000e+00	   0.0000000e+00	   0.0000000e+00	             NaN	             NaN	             NaN	             NaN	             NaN	   2.2114580e-01	   1.8350111e-01	   2.0947600e-01	   2.1049561e-01	   1.7585177e-01	   1.9106244e-01	   1.6918390e-01	   1.6991729e-01	   1.5675510e-01	   2.0092757e-01	   1.7856238e-01	   1.4894241e-01	   1.2921157e-01	   1.4772110e-01	   1.4984261e-01	   1.3610717e-01	   1.2206082e-01	   1.3387818e-01	   1.1675562e-01	   1.1031593e-01	   1.0467925e-01	   1.2001927e-01	   9.5438073e-02	   9.2084381e-02	
   0.0000000e+00	   0.0000000e+00	   0.0000000e+00	   0.0000000e+00	             NaN	             NaN	             NaN	             NaN	             NaN	   2.1015172e-01	   2.2895904e-01	   1.8242960e-01	   1.7745019e-01	   1.9703583e-01	   1.7948038e-01	   1.5709197e-01	   1.3960789e-01	   1.5144146e-01	   1.7642596e-01	   1.7658200e-01	   1.4046362e-01	   1.4273910e-01	   1.2266953e-01	   1.2942273e-01	   1.4149425e-01	   1.3059222e-01	   1.4014299e-01	   1.2330200e-01	   1.1425920e-01	   1.0916843e-01	   1.1019966e-01	   9.3706505e-02	   8.5290442e-02	
   0.0000000e+00	   0.0000000e+00	   0.0000000e+00	   0.0000000e+00	             NaN	             NaN	             NaN	             NaN	             NaN	   2.0927538e-01	   2.0830118e-01	   2.1257120e-01	   1.5118152e-01	   1.8763226e-01	   1.6592271e-01	   1.8094463e-01	   1.5540302e-01	   1.4788414e-01	   1.5004829e-01	   1.5022060e-01	   1.5215723e-01	   1.4041244e-01	   1.2885610e-01	   1.2173939e-01	   1.3664455e-01	   1.1922547e-01	   1.3453428e-01	   1.0410235e-01	   1.1114296e-01	   9.8734641e-02	   9.4841169e-02	   8.4244482e-02	   9.3612478e-02	
   0.0000000e+00	   0.0000000e+00	   0.0000000e+00	   0.0000000e+00	             NaN	             NaN	             NaN	             NaN	             NaN	   1.9636097e-01	   2.1887163e-01	   1.8222870e-01	   1.8340084e-01	   1.7609283e-01	   1.6502220e-01	   1.4180278e-01	   1.7302320e-01	   1.3415269e-01	   1.6453196e-01	   1.3259443e-01	   1.4465137e-01	   1.1872497e-01	   1.4948928e-01	   1.4152592e-01	   1.2252237e-01	   1.2184335e-01	   1.2205491e-01	   1.1075679e-01	   9.7678169e-02	   9.8125080e-02	   8.8135828e-02	   8.5906390e-02	   8.1756461e-02	
   0.0000000e+00	   0.0000000e+00	   0.0000000e+00	   0.0000000e+00	             NaN	             NaN	             NaN	             NaN	             NaN	             NaN	   2.1238337e-01	   1.7497333e-01	   1.3441165e-01	   1.8920235e-01	   1.5263289e-01	   1.8472118e-01	   1.4499779e-01	   1.4189832e-01	   1.7645828e-01	   1.4390931e-01	   1.4047747e-01	   1.3392557e-01	   1.2330183e-01	   1.4101524e-01	   1.2587271e-01	   1.0912706e-01	   1.0632085e-01	   1.0919922e-01	   9.8949633e-02	   1.0760685e-01	   8.5929614e-02	   9.6577249e-02	   7.2565433e-02	
   0.0000000e+00	   0.0000000e+00	   0.0000000e+00	   0.0000000e+00	             NaN	             NaN	             NaN	             NaN	             NaN	             NaN	   2.0926850e-01	   1.6724283e-01	   1.9264314e-01	   2.2846047e-01	   1.5786935e-01	   1.5342342e-01	   1.7758163e-01	   1.4411425e-01	   1.4465746e-01	   1.5520147e-01	   1.1779143e-01	   1.2523623e-01	   1.1765806e-01	   1.0896921e-01	   1.3518342e-01	   1.1474543e-01	   1.2294829e-01	   1.0825373e-01	   9.7884217e-02	   1.0845253e-01	   9.3506954e-02	   6.7203704e-02	   8.8056472e-02	
   0.0000000e+00	   0.0000000e+00	   0.0000000e+00	   0.0000000e+00	   0.0000000e+00	             NaN	             NaN	             NaN	             NaN	             NaN	   1.8635390e-01	   1.5257983e-01	   1.5228041e-01	   1.5079623e-01	   1.6543612e-01	   1.7766567e-01	   1.3269016e-01	   1.5046563e-01	   1.5647998e-01	   1.4112914e-01	   1.1784430e-01	   1.2699324e-01	   1.4607293e-01	   1.0511139e-01	   1.3738213e-01	   1.3487155e-01	   9.9290186e-02	   9.7683210e-02	   9.8484948e-02	   8.9302293e-02	   9.7474213e-02	   8.9172187e-02	   7.2363476e-02	
   0.0000000e+00	   0.0000000e+00	   0.0000000e+00	   0.0000000e+00	   0.0000000e+00	             NaN	             NaN	             NaN	             NaN	             NaN	   2.0458070e-01	   1.5581704e-01	   1.6439838e-01	   1.7594686e-01	   1.4271289e-01	   1.2274857e-01	   1.4641555e-01	   1.4124060e-01	   1.2608443e-01	   1.0817790e-01	   1.4381696e-01	   1.1541060e-01	   1.0856464e-01	   1.0975297e-01	   1.1535251e-01	   9.2892137e-02	   9.8497687e-02	   1.1342997e-01	   1.0170748e-01	   9.7492743e-02	   8.4446406e-02	   7.3605970e-02	   7.7870185e-02	
   0.0000000e+00	   0.0000000e+00	   0.0000000e+00	   0.0000000e+00	   0.0000000e+00	             NaN	             NaN	             NaN	             NaN	             NaN	   2.0035734e-01	   1.5307562e-01	   1.6736073e-01	   1.5766158e-01	   1.1963816e-01	   1.3460679e-01	   1.3470683e-01	   1.4716921e-01	   1.1916010e-01	   1.4220998e-01	   1.0023197e-01	   1.2177378e-01	   1.1617277e-01	   1.0872968e-01	   1.1002718e-01	   1.2670782e-01	   1.1875781e-01	   9.4686234e-02	   7.5411335e-02	   8.7357968e-02	   8.5222912e-02	   8.2294793e-02	   6.3297959e-02	
   0.0000000e+00	   0.0000000e+00	   0.0000000e+00	   0.0000000e+00	   0.0000000e+00	             NaN	             NaN	             NaN	             NaN	             NaN	             NaN	   1.6353824e-01	   1.3285028e-01	   1.5018521e-01	   1.4625825e-01	   1.2229689e-01	   1.3099768e-01	   1.2252936e-01	   1.2730055e-01	   1.3012541e-01	   1.1225314e-01	   1.1166688e-01	   9.9553006e-02	   1.1607665e-01	   1.2089720e-01	   1.0198610e-01	   8.8531633e-02	   9.6570964e-02	   9.7227935e-02	   9.6622344e-02	   7.5691364e-02	   7.9973133e-02	   8.1354518e-02	
   0.0000000e+00	   0.0000000e+00	   0.0000000e+00	   0.0000000e+00	   0.0000000e+00	             NaN	             NaN	             NaN	             NaN	             NaN	             NaN	   1.8104889e-01	   1.4937573e-01	   1.7917409e-01	   1.1503081e-01	   1.1415124e-01	   1.2913285e-01	   1.3258082e-01	   1.2776879e-01	   1.2837316e-01	   1.0463152e-01	   1.1276630e-01	   1.2554986e-01	   1.1106169e-01	   1.0806080e-01	   9.4677302e-02	   1.0253660e-01	   7.9354399e-02	   9.3258974e-02	   8.6578466e-02	   6.0023751e-02	   6.6986973e-02	   6.2021602e-02	
   0.0000000e+00	   0.0000000e+00	   0.0000000e+00	   0.0000000e+00	   0.0000000e+00	   0.0000000e+00	             NaN	             NaN	             NaN	             NaN	             NaN	   2.1896208e-01	   1.2480864e-01	   1.6790450e-01	   1.3557249e-01	   1.4427087e-01	   1.0525180e-01	   1.0480657e-01	   1.0685131e-01	   1.2056193e-01	   1.1634693e-01	   1.1128870e-01	   1.1510148e-01	   1.0837535e-01	   9.1391936e-02	   9.3493706e-02	   8.5120102e-02	   8.1729623e-02	   8.0142977e-02	   7.7041633e-02	   8.1726226e-02	   7.2587621e-02	   7.2409607e-02	
   0.0000000e+00	   0.0000000e+00	   0.0000000e+00	   0.0000000e+00	   0.0000000e+00	   0.0000000e+00	             NaN	             NaN	             NaN	             NaN	             NaN	   1.3617355e-01	   1.5965222e-01	   1.5296087e-01	   1.5335311e-01	   1.0527663e-01	   1.2677619e-01	   1.1077134e-01	   1.1861464e-01	   1.0827183e-01	   9.5819463e-02	   1.2239270e-01	   1.0598482e-01	   9.6535098e-02	   8.2280936e-02	   9.5777456e-02	   8.4317987e-02	   9.8130318e-02	   7.2236786e-02	   8.1032223e-02	   8.3304595e-02	   7.6520490e-02	   5.8509156e-02	
   0.0000000e+00	   0.0000000e+00	   0.0000000e+00	   0.0000000e+00	   0.0000000e+00	   0.0000000e+00	             NaN	             NaN	             NaN	             NaN	             NaN	   1.6124086e-01	   1.3585272e-01	   1.5111138e-01	   1.4087287e-01	   1.0757289e-01	   1.2471731e-01	   1.1056763e-01	   1.1656025e-01	   1.1829255e-01	   9.9401964e-02	   9.3090758e-02	   1.0268194e-01	   8.8514874e-02	   1.1475623e-01	   1.0274945e-01	   8.4237490e-02	   9.4146914e-02	   7.7351630e-02	   7.5128982e-02	   8.2074858e-02	   7.3918969e-02	   6.8235978e-02	
   0.0000000e+00	   0.0000000e+00	   0.0000000e+00	   0.0000000e+00	   0.0000000e+00	   0.0000000e+00	             NaN	             NaN	             NaN	             NaN	             NaN	             NaN	   1.4526693e-01	   1.4309032e-01	   1.3837525e-01	   9.6718974e-02	   1.2465762e-01	   9.3255647e-02	   1.2157550e-01	   1.0562897e-01	   1.2738806e-01	   8.5323667e-02	   9.1889019e-02	   1.0527147e-01	   9.5959375e-02	   8.4069688e-02	   7.1127347e-02	   8.0565974e-02	   7.2496943e-02	   7.8771699e-02	   6.4453803e-02	   5.4023039e-02	   6.3175861e-02	
   0.0000000e+00	   0.0000000e+00	   0.0000000e+00	   0.0000000e+00	   0.0000000e+00	   0.0000000e+00	             NaN	             NaN	             NaN	             NaN	             NaN	             NaN	   1.7264244e-01	   1.5345880e-01	   1.1600310e-01	   1.1829128e-01	   1.4109171e-01	   1.0561159e-01	   1.3426226e-01	   1.1619771e-01	   1.1044809e-01	   9.9830391e-02	   1.0388022e-01	   1.0363892e-01	   8.2848826e-02	   9.7711634e-02	   9.3416670e-02	   9.3455280e-02	   8.5116341e-02	   7.8357189e-02	   7.2312474e-02	   6.5080840e-02	   6.1555974e-02	
   0.0000000e+00	   0.0000000e+00	   0.0000000e+00	   0.0000000e+00	   0.0000000e+00	   0.0000000e+00	   0.0000000e+00	             NaN	             NaN	             NaN	             NaN	             NaN	   1.4612210e-01	   1.1741180e-01	   1.3295425e-01	   1.1810827e-01	   1.3445027e-01	   1.0117343e-01	   1.0631225e-01	   1.2016427e-01	   8.8727455e-02	   1.0288592e-01	   7.6310157e-02	   8.8572746e-02	   1.0389847e-01	   1.1057881e-01	   9.5190369e-02	   7.8296671e-02	   5.8258719e-02	   7.7159718e-02	   6.6491530e-02	   5.2671920e-02	   5.4957675e-02	
   0.0000000e+00	   0.0000000e+00	   0.0000000e+00	   0.0000000e+00	   0.0000000e+00	   0.0000000e+00	   0.0000000e+00	             NaN	             NaN	             NaN	             NaN	             NaN	   1.1979765e-01	   1.3924228e-01	   9.8649733e-02	   9.4957830e-02	   1.3093246e-01	   9.3587157e-02	   1.0232788e-01	   8.8886735e-02	   8.0663990e-02	   1.0763836e-01	   8.3410851e-02	   8.4752636e-02	   8.6597411e-02	   8.5610408e-02	   9.4635859e-02	   8.5207927e-02	   6.6110411e-02	   8.2523967e-02	   6.7990340e-02	   5.7250136e-02	   5.7332257e-02	
   0.0000000e+00	   0.0000000e+00	   0.0000000e+00	   0.0000000e+00	   0.0000000e+00	   0.0000000e+00	   0.0000000e+00	             NaN	             NaN	             NaN	             NaN	             NaN	   1.4289875e-01	   1.3051836e-01	   1.1445208e-01	   9.6706887e-02	   1.0607468e-01	   1.1335481e-01	   1.1769343e-01	   1.1538873e-01	   1.0076604e-01	   8.4997079e-02	   1.1050863e-01	   9.1525645e-02	   8.5327572e-02	   9.3065204e-02	   8.4181430e-02	   8.1697894e-02	   6.5835009e-02	   5.6372442e-02	   6.3647746e-02	   5.8050299e-02	   6.8097585e-02	
   0.0000000e+00	   0.0000000e+00	   0.0000000e+00	   0.0000000e+00	   0.0000000e+00	   0.0000000e+00	   0.0000000e+00	             NaN	             NaN	             NaN	             NaN	             NaN	             NaN	   1.2320164e-01	   1.2084537e-01	   1.1746533e-01	   1.2838411e-01	   9.6117474e-02	   9.0330797e-02	   1.0079184e-01	   7.1218323e-02	   8.4341036e-02	   9.0410531e-02	   7.4483939e-02	   7.8629420e-02	   1.0618031e-01	   8.9265536e-02	   6.9061087e-02	   6.5552642e-02	   7.6898892e-02	   8.1077350e-02	   6.9848992e-02	   5.4973072e-02	
   0.0000000e+00	   0.0000000e+00	   0.0000000e+00	   0.0000000e+00	   0.0000000e+00	   0.0000000e+00	   0.0000000e+00	             NaN	             NaN	             NaN	             NaN	             NaN	             NaN	   1.5617413e-01	   8.1176355e-02	   9.6963599e-02	   1.2806917e-01	   1.0863101e-01	   5.8191754e-02	   9.5075210e-02	   8.2439696e-02	   9.7033446e-02	   7.6776112e-02	   8.9823718e-02	   8.8462040e-02	   8.9225464e-02	   6.0860817e-02	   7.4429199e-02	   8.7520762e-02	   5.5302967e-02	   6.4559265e-02	   5.2486856e-02	   5.9064016e-02	
   0.0000000e+00	   0.0000000e+00	   0.0000000e+00	   0.0000000e+00	   0.0000000e+00	   0.0000000e+00	   0.0000000e+00	   0.0000000e+00	             NaN	             NaN	             NaN	             NaN	             NaN	   1.3010695e-01	   1.2455790e-01	   1.1428086e-01	   9.8339718e-02	   7.8910000e-02	   7.2169818e-02	   8.3606116e-02	   7.0030895e-02	   6.6073702e-02	   8.7117664e-02	   7.4172364e-02	   7.2438764e-02	   9.8399451e-02	   7.4001240e-02	   6.9421567e-02	   6.8245066e-02	   6.5248819e-02	   6.8902216e-02	   6.4510199e-02	   5.0600378e-02	
   0.0000000e+00	   0.0000000e+00	   0.0000000e+00	   0.0000000e+00	   0.0000000e+00	   0.0000000e+00	   0.0000000e+00	   0.0000000e+00	             NaN	             NaN	             NaN	             NaN	             NaN	   1.5917140e-01	   1.0551531e-01	   1.4428351e-01	   1.2510096e-01	   9.3568222e-02	   1.2768980e-01	   1.0750111e-01	   8.0844320e-02	   7.6921495e-02	   8.4523955e-02	   8.3109964e-02	   8.8569949e-02	   6.3105365e-02	   7.1770925e-02	   7.4054557e-02	   5.8642884e-02	   6.4266605e-02	   6.6467026e-02	   6.9226641e-02	   6.4025093e-02	
   0.0000000e+00	   0.0000000e+00	   0.0000000e+00	   0.0000000e+00	   0.0000000e+00	   0.0000000e+00	   0.0000000e+00	   0.0000000e+00	             NaN	             NaN	             NaN	             NaN	             NaN	   1.4626300e-01	   1.1580941e-01	   1.3046633e-01	   1.1351420e-01	   1.1626970e-01	   9.1041931e-02	   6.1899456e-02	   6.2114387e-02	   8.2047290e-02	   8.5612258e-02	   9.9836593e-02	   7.5903426e-02	   7.0506032e-02	   6.6153020e-02	   6.3831975e-02	   7.4847693e-02	   5.4209507e-02	   5.5717564e-02	   5.7208599e-02	   5.7184989e-02	
   0.0000000e+00	   0.0000000e+00	   0.0000000e+00	   0.0000000e+00	   0.0000000e+00	   0.0000000e+00	   0.0000000e+00	   0.0000000e+00	             NaN	             NaN	             NaN	             NaN	             NaN	             NaN	   9.7969634e-02	   8.9023839e-02	   1.2125720e-01	   9.1232262e-02	   9.9854541e-02	   9.3745531e-02	   8.0100397e-02	   8.5506973e-02	   6.4272545e-02	   7.3103872e-02	   5.4348633e-02	   5.7313931e-02	   6.8427669e-02	   8.0409139e-02	   5.7042981e-02	   6.5232252e-02	   5.1636915e-02	   5.3797190e-02	   5.0791354e-02	
   0.0000000e+00	   0.0000000e+00	   0.0000000e+00	   0.0000000e+00	   0.0000000e+00	   0.0000000e+00	   0.0000000e+00	   0.0000000e+00	             NaN	             NaN	             NaN	             NaN	             NaN	             NaN	   8.6855441e-02	   8.6740687e-02	   1.2717241e-01	   8.0949849e-02	   7.9213033e-02	   9.0192136e-02	   1.1113580e-01	   9.3153891e-02	   6.8676843e-02	   8.8580295e-02	   8.5100810e-02	   6.4012311e-02	   6.7041018e-02	   7.7378164e-02	   5.7408221e-02	   6.3314690e-02	   5.8846425e-02	   5.8616426e-02	   5.0425491e-02	
   0.0000000e+00	   0.0000000e+00	   0.0000000e+00	   0.0000000e+00	   0.0000000e+00	   0.0000000e+00	   0.0000000e+00	   0.0000000e+00	   0.0000000e+00	             NaN	             NaN	             NaN	             NaN	             NaN	   1.2572374e-01	   1.0960312e-01	   8.4596245e-02	   8.6870725e-02	   6.1029112e-02	   5.9050230e-02	   1.0819631e-01	   8.9454752e-02	   7.7581660e-02	   6.5095987e-02	   9.5083033e-02	   5.5285780e-02	   8.5467784e-02	   7.1777954e-02	   5.7504184e-02	   6.7560141e-02	   4.5973927e-02	   4.2242610e-02	   5.8542954e-02	
   0.0000000e+00	   0.0000000e+00	   0.0000000e+00	   0.0000000e+00	   0.0000000e+00	   0.0000000e+00	   0.0000000e+00	   0.0000000e+00	   0.0000000e+00	             NaN	             NaN	             NaN	             NaN	             NaN	   1.2613057e-01	   1.1076866e-01	   8.9932892e-02	   8.6878539e-02	   8.0662581e-02	   7.3632967e-02	   9.2693456e-02	   1.0183062e-01	   5.6280000e-02	   8.6880194e-02	   6.4417355e-02	   7.1202983e-02	   5.8789895e-02	   7.5502149e-02	   4.8518351e-02	   5.2635186e-02	   5.6042306e-02	   5.6473225e-02	   5.5675949e-02	
   0.0000000e+00	   0.0000000e+00	   0.0000000e+00	   0.0000000e+00	   0.0000000e+00	   0.0000000e+00	   0.0000000e+00	   0.0000000e+00	   0.0000000e+00	             NaN	             NaN	             NaN	             NaN	             NaN	   1.4570748e-01	   1.0169418e-01	   7.1328669e-02	   7.5075179e-02	   1.0094423e-01	   7.5613460e-02	   9.7643076e-02	   6.9533735e-02	   8.6761485e-02	   8.3521777e-02	   1.0075524e-01	   9.0012647e-02	   6.5011063e-02	   6.5017795e-02	   6.0288883e-02	   5.9149847e-02	   5.3638453e-02	   5.1836297e-02	   5.7399772e-02	
   0.0000000e+00	   0.0000000e+00	   0.0000000e+00	   0.0000000e+00	   0.0000000e+00	   0.0000000e+00	   0.0000000e+00	   0.0000000e+00	   0.0000000e+00	             NaN	             NaN	             NaN	             NaN	             NaN	             NaN	   9.9123547e-02	   8.9774530e-02	   8.8552112e-02	   1.0649080e-01	   1.0244799e-01	   8.0342051e-02	   7.6840811e-02	   7.2231575e-02	   7.5541958e-02	   3.8833399e-02	   7.9632246e-02	   7.8467791e-02	   6.7051745e-02	   6.1554887e-02	   6.7303721e-02	   4.4653430e-02	   5.2332839e-02	   4.8015891e-02	
   0.0000000e+00	   0.0000000e+00	   0.0000000e+00	   0.0000000e+00	   0.0000000e+00	   0.0000000e+00	   0.0000000e+00	   0.0000000e+00	   0.0000000e+00	             NaN	             NaN	             NaN	             NaN	             NaN	             NaN	   6.7432281e-02	   1.1622060e-01	   5.8267848e-02	   9.8113711e-02	   7.9671266e-02	   6.0939665e-02	   7.5859801e-02	   8.8380384e-02	   8.1112658e-02	   7.3386026e-02	   6.4227641e-02	   6.7927929e-02	   6.9603917e-02	   6.9736379e-02	   5.4754641e-02	   5.4717189e-02	   5.0321479e-02	   5.9830634e-02	
   0.0000000e+00	   0.0000000e+00	   0.0000000e+00	   0.0000000e+00	   0.0000000e+00	   0.0000000e+00	   0.0000000e+00	   0.0000000e+00	   0.0000000e+00	   0.0000000e+00	             NaN	             NaN	             NaN	             NaN	             NaN	   1.3371385e-01	   1.3557200e-01	   6.1534593e-02	   6.4832850e-02	   1.0874514e-01	   6.6430145e-02	   6.8214723e-02	   7.1774254e-02	   9.7031328e-02	   7.6946263e-02	   7.4083931e-02	   7.6137500e-02	   8.4120195e-02	   3.8022226e-02	   5.8334283e-02	   5.1980836e-02	   4.7227138e-02	   2.9564717e-02	
