   5.5708347e+00	   7.6545343e+00	   1.1069051e+01	             NaN	             NaN	             NaN	             NaN	             NaN	             NaN	             NaN	             NaN	             NaN	             NaN	             NaN	   0.0000000e+00	   0.0000000e+00	   0.0000000e+00	   0.0000000e+00	   0.0000000e+00	   0.0000000e+00	   0.0000000e+00	   0.0000000e+00	   0.0000000e+00	   0.0000000e+00	   0.0000000e+00	   0.0000000e+00	   0.0000000e+00	   0.0000000e+00	   0.0000000e+00	   0.0000000e+00	   0.0000000e+00	   0.0000000e+00	   0.0000000e+00	
   6.8499464e+00	   9.5703467e+00	   1.0169407e+01	             NaN	             NaN	             NaN	             NaN	             NaN	             NaN	             NaN	             NaN	             NaN	             NaN	             NaN	   0.0000000e+00	   0.0000000e+00	   0.0000000e+00	   0.0000000e+00	   0.0000000e+00	   0.0000000e+00	   0.0000000e+00	   0.0000000e+00	   0.0000000e+00	   0.0000000e+00	   0.0000000e+00	   0.0000000e+00	   0.0000000e+00	   0.0000000e+00	   0.0000000e+00	   0.0000000e+00	   0.0000000e+00	   0.0000000e+00	   0.0000000e+00	
   1.1392703e+01	   9.8671848e+00	   1.0688170e+01	             NaN	             NaN	             NaN	             NaN	             NaN	             NaN	             NaN	             NaN	             NaN	             NaN	             NaN	   0.0000000e+00	   0.0000000e+00	   0.0000000e+00	   0.0000000e+00	   0.0000000e+00	   0.0000000e+00	   0.0000000e+00	   0.0000000e+00	   0.0000000e+00	   0.0000000e+00	   0.0000000e+00	   0.0000000e+00	   0.0000000e+00	   0.0000000e+00	   0.0000000e+00	   0.0000000e+00	   0.0000000e+00	   0.0000000e+00	   0.0000000e+00	
   1.1671299e+01	   1.1469406e+01	   1.4063571e+01	   1.6515418e+01	             NaN	             NaN	             NaN	             NaN	             NaN	             NaN	             NaN	             NaN	             NaN	             NaN	             NaN	   0.0000000e+00	   0.0000000e+00	   0.0000000e+00	   0.0000000e+00	   0.0000000e+00	   0.0000000e+00	   0.0000000e+00	   0.0000000e+00	   0.0000000e+00	   0.0000000e+00	   0.0000000e+00	   0.0000000e+00	   0.0000000e+00	   0.0000000e+00	   0.0000000e+00	   0.0000000e+00	   0.0000000e+00	   0.0000000e+00	
   1.2068753e+01	   1.2513218e+01	   1.2469464e+01	   1.8179099e+01	             NaN	             NaN	             NaN	             NaN	             NaN	             NaN	             NaN	             NaN	             NaN	             NaN	             NaN	   0.0000000e+00	   0.0000000e+00	   0.0000000e+00	   0.0000000e+00	   0.0000000e+00	   0.0000000e+00	   0.0000000e+00	   0.0000000e+00	   0.0000000e+00	   0.0000000e+00	   0.0000000e+00	   0.0000000e+00	   0.0000000e+00	   0.0000000e+00	   0.0000000e+00	   0.0000000e+00	   0.0000000e+00	   0.0000000e+00	
   1.5248771e+01	   1.5410567e+01	   1.4294968e+01	   1.7431824e+01	   2.2383708e+01	             NaN	             NaN	             NaN	             NaN	             NaN	             NaN	             NaN	             NaN	             NaN	             NaN	             NaN	   0.0000000e+00	   0.0000000e+00	   0.0000000e+00	   0.0000000e+00	   0.0000000e+00	   0.0000000e+00	   0.0000000e+00	   0.0000000e+00	   0.0000000e+00	   0.0000000e+00	   0.0000000e+00	   0.0000000e+00	   0.0000000e+00	   0.0000000e+00	   0.0000000e+00	   0.0000000e+00	   0.0000000e+00	
   1.4661131e+01	   1.4360150e+01	   1.4641242e+01	   1.8558072e+01	   2.2683334e+01	             NaN	             NaN	             NaN	             NaN	             NaN	             NaN	             NaN	             NaN	             NaN	             NaN	             NaN	   0.0000000e+00	   0.0000000e+00	   0.0000000e+00	   0.0000000e+00	   0.0000000e+00	   0.0000000e+00	   0.0000000e+00	   0.0000000e+00	   0.0000000e+00	   0.0000000e+00	   0.0000000e+00	   0.0000000e+00	   0.0000000e+00	   0.0000000e+00	   0.0000000e+00	   0.0000000e+00	   0.0000000e+00	
   1.4902458e+01	   1.3676435e+01	   1.6191204e+01	   1.5682760e+01	   2.1142593e+01	             NaN	             NaN	             NaN	             NaN	             NaN	             NaN	             NaN	             NaN	             NaN	             NaN	             NaN	   0.0000000e+00	   0.0000000e+00	   0.0000000e+00	   0.0000000e+00	   0.0000000e+00	   0.0000000e+00	   0.0000000e+00	   0.0000000e+00	   0.0000000e+00	   0.0000000e+00	   0.0000000e+00	   0.0000000e+00	   0.0000000e+00	   0.0000000e+00	   0.0000000e+00	   0.0000000e+00	   0.0000000e+00	
   1.5679582e+01	   1.5240125e+01	   1.4355170e+01	   1.6083338e+01	   2.0043046e+01	   2.4334405e+01	             NaN	             NaN	             NaN	             NaN	             NaN	             NaN	             NaN	             NaN	             NaN	             NaN	             NaN	   0.0000000e+00	   0.0000000e+00	   0.0000000e+00	   0.0000000e+00	   0.0000000e+00	   0.0000000e+00	   0.0000000e+00	   0.0000000e+00	   0.0000000e+00	   0.0000000e+00	   0.0000000e+00	   0.0000000e+00	   0.0000000e+00	   0.0000000e+00	   0.0000000e+00	   0.0000000e+00	
   1.8263712e+01	   1.4617997e+01	   1.5023588e+01	   1.5841651e+01	   2.0217270e+01	   2.2976597e+01	             NaN	             NaN	             NaN	             NaN	             NaN	             NaN	             NaN	             NaN	             NaN	             NaN	             NaN	   0.0000000e+00	   0.0000000e+00	   0.0000000e+00	   0.0000000e+00	   0.0000000e+00	   0.0000000e+00	   0.0000000e+00	   0.0000000e+00	   0.0000000e+00	   0.0000000e+00	   0.0000000e+00	   0.0000000e+00	   0.0000000e+00	   0.0000000e+00	   0.0000000e+00	   0.0000000e+00	
   1.5506185e+01	   1.3911856e+01	   1.4402179e+01	   1.4700664e+01	   1.8705809e+01	   2.1389224e+01	   2.2837657e+01	             NaN	             NaN	             NaN	             NaN	             NaN	             NaN	             NaN	             NaN	             NaN	             NaN	             NaN	   0.0000000e+00	   0.0000000e+00	   0.0000000e+00	   0.0000000e+00	   0.0000000e+00	   0.0000000e+00	   0.0000000e+00	   0.0000000e+00	   0.0000000e+00	   0.0000000e+00	   0.0000000e+00	   0.0000000e+00	   0.0000000e+00	   0.0000000e+00	   0.0000000e+00	
   1.7475715e+01	   1.4109918e+01	   1.4516365e+01	   1.4340776e+01	   1.7259009e+01	   2.0816718e+01	   2.1930780e+01	             NaN	             NaN	             NaN	             NaN	             NaN	             NaN	             NaN	             NaN	             NaN	             NaN	             NaN	   0.0000000e+00	   0.0000000e+00	   0.0000000e+00	   0.0000000e+00	   0.0000000e+00	   0.0000000e+00	   0.0000000e+00	   0.0000000e+00	   0.0000000e+00	   0.0000000e+00	   0.0000000e+00	   0.0000000e+00	   0.0000000e+00	   0.0000000e+00	   0.0000000e+00	
   1.6948582e+01	   1.7113189e+01	   1.4281408e+01	   1.4736984e+01	   1.6787227e+01	   1.9441830e+01	   2.0882818e+01	             NaN	             NaN	             NaN	             NaN	             NaN	             NaN	             NaN	             NaN	             NaN	             NaN	             NaN	   0.0000000e+00	   0.0000000e+00	   0.0000000e+00	   0.0000000e+00	   0.0000000e+00	   0.0000000e+00	   0.0000000e+00	   0.0000000e+00	   0.0000000e+00	   0.0000000e+00	   0.0000000e+00	   0.0000000e+00	   0.0000000e+00	   0.0000000e+00	   0.0000000e+00	
   1.6467381e+01	   1.5133605e+01	   1.4010753e+01	   1.3658638e+01	   1.6151649e+01	   1.8464444e+01	   1.9913287e+01	   1.8231137e+01	             NaN	             NaN	             NaN	             NaN	             NaN	             NaN	             NaN	             NaN	             NaN	             NaN	             NaN	   0.0000000e+00	   0.0000000e+00	   0.0000000e+00	   0.0000000e+00	   0.0000000e+00	   0.0000000e+00	   0.0000000e+00	   0.0000000e+00	   0.0000000e+00	   0.0000000e+00	   0.0000000e+00	   0.0000000e+00	   0.0000000e+00	   0.0000000e+00	
   1.6829629e+01	   1.4959725e+01	   1.4787474e+01	   1.3245838e+01	   1.5181873e+01	   1.7037052e+01	   1.8519947e+01	   1.7315305e+01	             NaN	             NaN	             NaN	             NaN	             NaN	             NaN	             NaN	             NaN	             NaN	             NaN	             NaN	   0.0000000e+00	   0.0000000e+00	   0.0000000e+00	   0.0000000e+00	   0.0000000e+00	   0.0000000e+00	   0.0000000e+00	   0.0000000e+00	   0.0000000e+00	   0.0000000e+00	   0.0000000e+00	   0.0000000e+00	   0.0000000e+00	   0.0000000e+00	
   1.8096950e+01	   1.4756965e+01	   1.2955487e+01	   1.2324887e+01	   1.4632474e+01	   1.5935212e+01	   1.6702062e+01	   1.5699109e+01	   1.1420490e+01	             NaN	             NaN	             NaN	             NaN	             NaN	             NaN	             NaN	             NaN	             NaN	             NaN	             NaN	   0.0000000e+00	   0.0000000e+00	   0.0000000e+00	   0.0000000e+00	   0.0000000e+00	   0.0000000e+00	   0.0000000e+00	   0.0000000e+00	   0.0000000e+00	   0.0000000e+00	   0.0000000e+00	   0.0000000e+00	   0.0000000e+00	
   1.5166142e+01	   1.4424035e+01	   1.3078255e+01	   1.1877630e+01	   1.3539187e+01	   1.4985430e+01	   1.5498527e+01	   1.4906184e+01	   1.0509853e+01	             NaN	             NaN	             NaN	             NaN	             NaN	             NaN	             NaN	             NaN	             NaN	             NaN	             NaN	   0.0000000e+00	   0.0000000e+00	   0.0000000e+00	   0.0000000e+00	   0.0000000e+00	   0.0000000e+00	   0.0000000e+00	   0.0000000e+00	   0.0000000e+00	   0.0000000e+00	   0.0000000e+00	   0.0000000e+00	   0.0000000e+00	
   1.7054442e+01	   1.4840797e+01	   1.3046834e+01	   1.1354949e+01	   1.2463087e+01	   1.3873726e+01	   1.4829727e+01	   1.3977413e+01	   1.0157090e+01	             NaN	             NaN	             NaN	             NaN	             NaN	             NaN	             NaN	             NaN	             NaN	             NaN	             NaN	   0.0000000e+00	   0.0000000e+00	   0.0000000e+00	   0.0000000e+00	   0.0000000e+00	   0.0000000e+00	   0.0000000e+00	   0.0000000e+00	   0.0000000e+00	   0.0000000e+00	   0.0000000e+00	   0.0000000e+00	   0.0000000e+00	
   1.5403582e+01	   1.3657383e+01	   1.1785983e+01	   1.0992636e+01	   1.2518458e+01	   1.2977294e+01	   1.3824989e+01	   1.3350745e+01	   9.9363675e+00	   5.6496765e+00	             NaN	             NaN	             NaN	             NaN	             NaN	             NaN	             NaN	             NaN	             NaN	             NaN	             NaN	   0.0000000e+00	   0.0000000e+00	   0.0000000e+00	   0.0000000e+00	   0.0000000e+00	   0.0000000e+00	   0.0000000e+00	   0.0000000e+00	   0.0000000e+00	   0.0000000e+00	   0.0000000e+00	   0.0000000e+00	
   1.4843290e+01	   1.3794792e+01	   1.1630895e+01	   1.0207368e+01	   1.1797575e+01	   1.1803312e+01	   1.3090723e+01	   1.2325754e+01	   9.2754816e+00	   5.5029229e+00	             NaN	             NaN	             NaN	             NaN	             NaN	             NaN	             NaN	             NaN	             NaN	             NaN	             NaN	   0.0000000e+00	   0.0000000e+00	   0.0000000e+00	   0.0000000e+00	   0.0000000e+00	   0.0000000e+00	   0.0000000e+00	   0.0000000e+00	   0.0000000e+00	   0.0000000e+00	   0.0000000e+00	   0.0000000e+00	
   1.5480708e+01	   1.2463852e+01	   1.1244890e+01	   9.8425442e+00	   1.0967122e+01	   1.1413781e+01	   1.2205517e+01	   1.1773666e+01	   8.8899360e+00	   5.1066502e+00	   3.0515502e+00	             NaN	             NaN	             NaN	             NaN	             NaN	             NaN	             NaN	             NaN	             NaN	             NaN	             NaN	   0.0000000e+00	   0.0000000e+00	   0.0000000e+00	   0.0000000e+00	   0.0000000e+00	   0.0000000e+00	   0.0000000e+00	   0.0000000e+00	   0.0000000e+00	   0.0000000e+00	   0.0000000e+00	
   1.4219756e+01	   1.2403452e+01	   1.0968752e+01	   9.8301184e+00	   1.0473852e+01	   1.0564567e+01	   1.1402815e+01	   1.0817630e+01	   8.2588933e+00	   5.1182434e+00	   2.9742854e+00	             NaN	             NaN	             NaN	             NaN	             NaN	             NaN	             NaN	             NaN	             NaN	             NaN	             NaN	   0.0000000e+00	   0.0000000e+00	   0.0000000e+00	   0.0000000e+00	   0.0000000e+00	   0.0000000e+00	   0.0000000e+00	   0.0000000e+00	   0.0000000e+00	   0.0000000e+00	   0.0000000e+00	
   1.3951213e+01	   1.2388631e+01	   1.0492571e+01	   8.9718602e+00	   9.9465508e+00	   1.0169996e+01	   1.0902108e+01	   1.0338493e+01	   8.1233973e+00	   4.9907986e+00	   2.8500521e+00	             NaN	             NaN	             NaN	             NaN	             NaN	             NaN	             NaN	             NaN	             NaN	             NaN	             NaN	   0.0000000e+00	   0.0000000e+00	   0.0000000e+00	   0.0000000e+00	   0.0000000e+00	   0.0000000e+00	   0.0000000e+00	   0.0000000e+00	   0.0000000e+00	   0.0000000e+00	   0.0000000e+00	
   1.2590133e+01	   1.1824299e+01	   1.0118323e+01	   8.9825679e+00	   9.6434385e+00	   1.0073760e+01	   9.9420269e+00	   9.9960493e+00	   7.7293109e+00	   4.8723224e+00	   2.8011268e+00	   2.0027540e+00	             NaN	             NaN	             NaN	             NaN	             NaN	             NaN	             NaN	             NaN	             NaN	             NaN	             NaN	   0.0000000e+00	   0.0000000e+00	   0.0000000e+00	   0.0000000e+00	   0.0000000e+00	   0.0000000e+00	   0.0000000e+00	   0.0000000e+00	   0.0000000e+00	   0.0000000e+00	
   1.1945672e+01	   1.0444194e+01	   9.4807319e+00	   8.3052844e+00	   9.3789588e+00	   9.2604605e+00	   9.6019798e+00	   9.2194330e+00	   7.4742178e+00	   4.8271499e+00	   2.7804499e+00	   1.8611955e+00	             NaN	             NaN	             NaN	             NaN	             NaN	             NaN	             NaN	             NaN	             NaN	             NaN	             NaN	   0.0000000e+00	   0.0000000e+00	   0.0000000e+00	   0.0000000e+00	   0.0000000e+00	   0.0000000e+00	   0.0000000e+00	   0.0000000e+00	   0.0000000e+00	   0.0000000e+00	
   1.2877292e+01	   1.0951304e+01	   9.3063233e+00	   8.1657879e+00	   9.0046079e+00	   8.7805734e+00	   9.2238136e+00	   9.0289142e+00	   7.2109136e+00	   4.6984322e+00	   2.5776536e+00	   1.7496474e+00	   1.4875115e+00	             NaN	             NaN	             NaN	             NaN	             NaN	             NaN	             NaN	             NaN	             NaN	             NaN	             NaN	   0.0000000e+00	   0.0000000e+00	   0.0000000e+00	   0.0000000e+00	   0.0000000e+00	   0.0000000e+00	   0.0000000e+00	   0.0000000e+00	   0.0000000e+00	
   1.0063944e+01	   1.0451569e+01	   9.6473800e+00	   7.6040734e+00	   8.5697977e+00	   8.7980303e+00	   8.8261357e+00	   8.6394305e+00	   6.8038264e+00	   4.3928631e+00	   2.7363945e+00	   1.7705332e+00	   1.1160241e+00	             NaN	             NaN	             NaN	             NaN	             NaN	             NaN	             NaN	             NaN	             NaN	             NaN	             NaN	   0.0000000e+00	   0.0000000e+00	   0.0000000e+00	   0.0000000e+00	   0.0000000e+00	   0.0000000e+00	   0.0000000e+00	   0.0000000e+00	   0.0000000e+00	
   1.0994390e+01	   1.1110062e+01	   9.0145019e+00	   7.6197837e+00	   8.0658349e+00	   8.3988298e+00	   8.6231654e+00	   8.1791654e+00	   6.3465973e+00	   4.3800352e+00	   2.6915437e+00	   1.7121488e+00	   1.1657908e+00	             NaN	             NaN	             NaN	             NaN	             NaN	             NaN	             NaN	             NaN	             NaN	             NaN	             NaN	   0.0000000e+00	   0.0000000e+00	   0.0000000e+00	   0.0000000e+00	   0.0000000e+00	   0.0000000e+00	   0.0000000e+00	   0.0000000e+00	   0.0000000e+00	
   1.0513286e+01	   9.8697584e+00	   8.6332320e+00	   7.7859764e+00	   7.9205132e+00	   7.9174623e+00	   8.0229432e+00	   7.8235983e+00	   6.3819939e+00	   4.3087122e+00	   2.5836691e+00	   1.6969299e+00	   1.0972106e+00	   9.8519537e-01	             NaN	             NaN	             NaN	             NaN	             NaN	             NaN	             NaN	             NaN	             NaN	             NaN	             NaN	   0.0000000e+00	   0.0000000e+00	   0.0000000e+00	   0.0000000e+00	   0.0000000e+00	   0.0000000e+00	   0.0000000e+00	   0.0000000e+00	
   1.0225542e+01	   8.3564161e+00	   8.0315539e+00	   6.8967819e+00	   7.6940302e+00	   7.5284737e+00	   7.8119520e+00	   7.5929996e+00	   5.8780610e+00	   4.0733372e+00	   2.4386075e+00	   1.6676983e+00	   1.1040473e+00	   9.8640278e-01	             NaN	             NaN	             NaN	             NaN	             NaN	             NaN	             NaN	             NaN	             NaN	             NaN	             NaN	   0.0000000e+00	   0.0000000e+00	   0.0000000e+00	   0.0000000e+00	   0.0000000e+00	   0.0000000e+00	   0.0000000e+00	   0.0000000e+00	
   1.0295092e+01	   9.5460629e+00	   8.0459053e+00	   6.6526259e+00	   7.5123138e+00	   7.1122857e+00	   7.4982682e+00	   7.0823722e+00	   5.8575427e+00	   3.9985461e+00	   2.3396211e+00	   1.6660729e+00	   1.1567898e+00	   8.6835034e-01	   6.2117252e-01	             NaN	             NaN	             NaN	             NaN	             NaN	             NaN	             NaN	             NaN	             NaN	             NaN	             NaN	   0.0000000e+00	   0.0000000e+00	   0.0000000e+00	   0.0000000e+00	   0.0000000e+00	   0.0000000e+00	   0.0000000e+00	
   9.1775312e+00	   8.5637537e+00	   8.1039408e+00	   6.3118719e+00	   6.9997532e+00	   7.0559039e+00	   7.1355373e+00	   6.8325555e+00	   5.6698973e+00	   3.8347651e+00	   2.4608903e+00	   1.6985934e+00	   1.0544139e+00	   8.4789269e-01	   8.9769318e-01	             NaN	             NaN	             NaN	             NaN	             NaN	             NaN	             NaN	             NaN	             NaN	             NaN	             NaN	   0.0000000e+00	   0.0000000e+00	   0.0000000e+00	   0.0000000e+00	   0.0000000e+00	   0.0000000e+00	   0.0000000e+00	
   9.4712726e+00	   9.0094169e+00	   7.4222909e+00	   6.5786457e+00	   7.0128335e+00	   6.7028101e+00	   7.1002508e+00	   6.8771804e+00	   5.4262232e+00	   3.9081547e+00	   2.3736436e+00	   1.7362443e+00	   1.1052309e+00	   8.5730822e-01	   7.6946950e-01	             NaN	             NaN	             NaN	             NaN	             NaN	             NaN	             NaN	             NaN	             NaN	             NaN	             NaN	   0.0000000e+00	   0.0000000e+00	   0.0000000e+00	   0.0000000e+00	   0.0000000e+00	   0.0000000e+00	   0.0000000e+00	
   8.9104365e+00	   8.1305591e+00	   7.4481517e+00	   6.4164501e+00	   6.8944335e+00	   6.6576395e+00	   6.7442840e+00	   6.5249631e+00	   5.3645424e+00	   3.7959769e+00	   2.4812584e+00	   1.7163792e+00	   1.1766612e+00	   9.2332341e-01	   7.3693079e-01	   7.0513421e-01	             NaN	             NaN	             NaN	             NaN	             NaN	             NaN	             NaN	             NaN	             NaN	             NaN	             NaN	   0.0000000e+00	   0.0000000e+00	   0.0000000e+00	   0.0000000e+00	   0.0000000e+00	   0.0000000e+00	
   8.4504446e+00	   7.6685951e+00	   7.6000058e+00	   5.8366197e+00	   6.7889511e+00	   6.3784419e+00	   6.4841785e+00	   6.4500264e+00	   5.1262391e+00	   3.6916823e+00	   2.3886694e+00	   1.6991931e+00	   1.1826187e+00	   9.2950589e-01	   8.3849298e-01	   7.2271763e-01	             NaN	             NaN	             NaN	             NaN	             NaN	             NaN	             NaN	             NaN	             NaN	             NaN	             NaN	   0.0000000e+00	   0.0000000e+00	   0.0000000e+00	   0.0000000e+00	   0.0000000e+00	   0.0000000e+00	
   8.5456210e+00	   7.7833136e+00	   7.1122626e+00	   5.8910292e+00	   6.4507589e+00	   6.2353971e+00	   6.2313163e+00	   6.1443054e+00	   5.0235343e+00	   3.5753212e+00	   2.4111794e+00	   1.7276482e+00	   1.2299140e+00	   9.5634345e-01	   8.9229261e-01	   8.2755814e-01	   6.3587792e-01	             NaN	             NaN	             NaN	             NaN	             NaN	             NaN	             NaN	             NaN	             NaN	             NaN	             NaN	   0.0000000e+00	   0.0000000e+00	   0.0000000e+00	   0.0000000e+00	   0.0000000e+00	
   9.5083736e+00	   8.4922676e+00	   6.5450369e+00	   5.9316677e+00	   6.6222997e+00	   6.0680510e+00	   6.0899850e+00	   5.8535946e+00	   4.8899471e+00	   3.5421542e+00	   2.3034983e+00	   1.6613035e+00	   1.2675741e+00	   9.7963329e-01	   9.0203301e-01	   7.7382185e-01	   9.0356105e-01	             NaN	             NaN	             NaN	             NaN	             NaN	             NaN	             NaN	             NaN	             NaN	             NaN	             NaN	   0.0000000e+00	   0.0000000e+00	   0.0000000e+00	   0.0000000e+00	   0.0000000e+00	
   7.6612352e+00	   7.5387445e+00	   6.9492877e+00	   5.9155879e+00	   5.9267719e+00	   5.7448881e+00	   5.9404374e+00	   5.6820019e+00	   4.7627364e+00	   3.4323828e+00	   2.2807904e+00	   1.6213976e+00	   1.3210724e+00	   1.0506944e+00	   9.1476065e-01	   9.0966633e-01	   9.2989445e-01	             NaN	             NaN	             NaN	             NaN	             NaN	             NaN	             NaN	             NaN	             NaN	             NaN	             NaN	   0.0000000e+00	   0.0000000e+00	   0.0000000e+00	   0.0000000e+00	   0.0000000e+00	
   8.3939135e+00	   6.8628701e+00	   6.0846302e+00	   5.6375346e+00	   5.9692731e+00	   5.5630149e+00	   5.8144086e+00	   5.4634006e+00	   4.6384449e+00	   3.3739958e+00	   2.2908937e+00	   1.7454034e+00	   1.2365003e+00	   1.0811881e+00	   9.8992817e-01	   8.3395286e-01	   8.1601268e-01	   6.9409351e-01	             NaN	             NaN	             NaN	             NaN	             NaN	             NaN	             NaN	             NaN	             NaN	             NaN	             NaN	   0.0000000e+00	   0.0000000e+00	   0.0000000e+00	   0.0000000e+00	
   7.7454265e+00	   7.3212258e+00	   6.7057414e+00	   5.3825621e+00	   5.8245815e+00	   5.6270946e+00	   5.4304759e+00	   5.3201381e+00	   4.4229252e+00	   3.2390899e+00	   2.2146445e+00	   1.7408813e+00	   1.3295618e+00	   1.1206460e+00	   9.7765592e-01	   9.2036878e-01	   9.2138104e-01	   7.5687011e-01	             NaN	             NaN	             NaN	             NaN	             NaN	             NaN	             NaN	             NaN	             NaN	             NaN	             NaN	   0.0000000e+00	   0.0000000e+00	   0.0000000e+00	   0.0000000e+00	
   7.7103293e+00	   6.8408669e+00	   6.4314275e+00	   5.1445933e+00	   5.5861641e+00	   5.1660378e+00	   5.2008908e+00	   5.0234620e+00	   4.2457050e+00	   3.2803221e+00	   2.2662440e+00	   1.7437196e+00	   1.3551116e+00	   1.1467774e+00	   1.1116656e+00	   1.0018534e+00	   9.3790236e-01	   8.8771753e-01	   6.6355145e-01	             NaN	             NaN	             NaN	             NaN	             NaN	             NaN	             NaN	             NaN	             NaN	             NaN	             NaN	   0.0000000e+00	   0.0000000e+00	   0.0000000e+00	
   5.2519150e+00	   7.1833106e+00	   6.3736216e+00	   5.4131864e+00	   5.3695089e+00	   4.9467098e+00	   5.0274770e+00	   4.9642750e+00	   4.3282098e+00	   3.0339759e+00	   2.1895121e+00	   1.7456860e+00	   1.3380596e+00	   1.1849047e+00	   1.1696314e+00	   1.0096228e+00	   9.1452399e-01	   8.5310256e-01	   5.8050948e-01	             NaN	             NaN	             NaN	             NaN	             NaN	             NaN	             NaN	             NaN	             NaN	             NaN	             NaN	   0.0000000e+00	   0.0000000e+00	   0.0000000e+00	
   6.0178644e+00	   5.8497312e+00	   5.1910423e+00	   5.0002272e+00	   5.2660583e+00	   5.0511207e+00	   5.0048492e+00	   4.7592843e+00	   4.0906864e+00	   3.1430404e+00	   2.1779925e+00	   1.7192400e+00	   1.3785288e+00	   1.2172198e+00	   1.1695774e+00	   1.1143782e+00	   1.0175308e+00	   9.3922907e-01	   7.3035393e-01	             NaN	             NaN	             NaN	             NaN	             NaN	             NaN	             NaN	             NaN	             NaN	             NaN	             NaN	   0.0000000e+00	   0.0000000e+00	   0.0000000e+00	
   6.7211238e+00	   6.3954595e+00	   5.4745445e+00	   4.9505473e+00	   5.2474164e+00	   4.8744081e+00	   4.7885594e+00	   4.5015690e+00	   3.8587812e+00	   3.0128242e+00	   2.1499720e+00	   1.7142175e+00	   1.4189463e+00	   1.2364004e+00	   1.2145771e+00	   1.1564931e+00	   1.0666043e+00	   9.5117694e-01	   8.9163323e-01	   4.9782119e-01	             NaN	             NaN	             NaN	             NaN	             NaN	             NaN	             NaN	             NaN	             NaN	             NaN	             NaN	   0.0000000e+00	   0.0000000e+00	
   7.3858138e+00	   5.7751698e+00	   5.0936324e+00	   4.4261124e+00	   4.9456108e+00	   4.7306410e+00	   4.6163935e+00	   4.5303538e+00	   3.8247227e+00	   2.9859392e+00	   2.1729122e+00	   1.7452830e+00	   1.4748175e+00	   1.2885387e+00	   1.2534490e+00	   1.1938959e+00	   1.1201545e+00	   1.0373522e+00	   1.0626879e+00	   7.1113566e-01	             NaN	             NaN	             NaN	             NaN	             NaN	             NaN	             NaN	             NaN	             NaN	             NaN	             NaN	   0.0000000e+00	   0.0000000e+00	
   5.7650394e+00	   5.8722151e+00	   4.9814632e+00	   4.5701364e+00	   4.8775745e+00	   4.5494504e+00	   4.3916731e+00	   4.3159668e+00	   3.6901789e+00	   2.8062739e+00	   2.0948312e+00	   1.7641790e+00	   1.4695597e+00	   1.2827080e+00	   1.3359638e+00	   1.3128866e+00	   1.1452714e+00	   1.0850454e+00	   9.9331409e-01	   8.2141566e-01	   4.5524631e-01	             NaN	             NaN	             NaN	             NaN	             NaN	             NaN	             NaN	             NaN	             NaN	             NaN	             NaN	   0.0000000e+00	
   4.4253498e+00	   5.7062404e+00	   5.3014251e+00	   4.5069833e+00	   4.8724234e+00	   4.4761563e+00	   4.2816304e+00	   4.1223919e+00	   3.5775065e+00	   2.9243739e+00	   2.1456496e+00	   1.7593156e+00	   1.4969180e+00	   1.4395921e+00	   1.3829223e+00	   1.2849958e+00	   1.2122886e+00	   1.1168730e+00	   1.0120628e+00	   1.0348318e+00	   6.0261306e-01	             NaN	             NaN	             NaN	             NaN	             NaN	             NaN	             NaN	             NaN	             NaN	             NaN	             NaN	   0.0000000e+00	
   5.3454811e+00	   4.9189030e+00	   4.7983424e+00	   4.2108040e+00	   4.9371195e+00	   4.2482426e+00	   4.2785185e+00	   3.9503549e+00	   3.4337115e+00	   2.7395905e+00	   2.0945281e+00	   1.8430921e+00	   1.5567925e+00	   1.4215942e+00	   1.4317665e+00	   1.3533211e+00	   1.2755669e+00	   1.2181991e+00	   1.1143029e+00	   1.0422870e+00	   7.0035659e-01	             NaN	             NaN	             NaN	             NaN	             NaN	             NaN	             NaN	             NaN	             NaN	             NaN	             NaN	   0.0000000e+00	
   4.6075979e+00	   5.4042645e+00	   4.0901658e+00	   3.8400721e+00	   4.5624491e+00	   4.2491374e+00	   4.1069248e+00	   3.8727357e+00	   3.3187540e+00	   2.7240273e+00	   2.1272845e+00	   1.7888686e+00	   1.6412624e+00	   1.4140575e+00	   1.4722834e+00	   1.3980627e+00	   1.3322652e+00	   1.2174507e+00	   1.1299982e+00	   1.0240832e+00	   8.7767761e-01	   5.1419392e-01	             NaN	             NaN	             NaN	             NaN	             NaN	             NaN	             NaN	             NaN	             NaN	             NaN	             NaN	
   4.6779746e+00	   5.0425818e+00	   4.3799326e+00	   4.3626994e+00	   4.4715766e+00	   4.1786292e+00	   3.9886092e+00	   3.9070870e+00	   3.3573585e+00	   2.6014369e+00	   2.0881860e+00	   1.8462130e+00	   1.6843948e+00	   1.5445288e+00	   1.4882257e+00	   1.4669208e+00	   1.4027324e+00	   1.3299828e+00	   1.1753024e+00	   1.0279675e+00	   8.2373899e-01	   5.9905002e-01	             NaN	             NaN	             NaN	             NaN	             NaN	             NaN	             NaN	             NaN	             NaN	             NaN	             NaN	
   3.6799981e+00	   4.6855091e+00	   4.5376536e+00	   4.2570762e+00	   4.4516913e+00	   4.0597739e+00	   3.8627968e+00	   3.6373603e+00	   3.1610347e+00	   2.5981133e+00	   2.0580996e+00	   1.8600517e+00	   1.6470555e+00	   1.6095592e+00	   1.5424935e+00	   1.4817873e+00	   1.4107819e+00	   1.3422442e+00	   1.1766314e+00	   1.1043735e+00	   9.5116425e-01	   5.7411560e-01	   4.9527107e-01	             NaN	             NaN	             NaN	             NaN	             NaN	             NaN	             NaN	             NaN	             NaN	             NaN	
   5.5650775e+00	   5.5412719e+00	   4.2567731e+00	   4.3418089e+00	   4.3889677e+00	   3.8854443e+00	   3.8077486e+00	   3.5634262e+00	   3.1444974e+00	   2.4773076e+00	   2.0176850e+00	   1.8495678e+00	   1.6273217e+00	   1.6201917e+00	   1.6158626e+00	   1.5531379e+00	   1.4673019e+00	   1.3683272e+00	   1.2766288e+00	   1.1365268e+00	   1.0779539e+00	   7.7980831e-01	   5.6823412e-01	             NaN	             NaN	             NaN	             NaN	             NaN	             NaN	             NaN	             NaN	             NaN	             NaN	
   4.8223875e+00	   5.5200232e+00	   4.4325990e+00	   4.1039800e+00	   4.0305917e+00	   3.8562805e+00	   3.7496613e+00	   3.5133060e+00	   3.0052529e+00	   2.4952028e+00	   2.0322602e+00	   1.8871502e+00	   1.6844649e+00	   1.7450716e+00	   1.6576199e+00	   1.5784589e+00	   1.5137379e+00	   1.4843886e+00	   1.3308365e+00	   1.1826780e+00	   1.0585725e+00	   9.2143388e-01	   5.4298325e-01	             NaN	             NaN	             NaN	             NaN	             NaN	             NaN	             NaN	             NaN	             NaN	             NaN	
   4.3851272e+00	   4.5236612e+00	   4.0926735e+00	   3.9905158e+00	   4.2060453e+00	   4.0047394e+00	   3.7428596e+00	   3.3138707e+00	   2.9817790e+00	   2.4427761e+00	   2.0676635e+00	   1.8780193e+00	   1.7673941e+00	   1.6460492e+00	   1.6838104e+00	   1.5821490e+00	   1.5879588e+00	   1.4862073e+00	   1.3377663e+00	   1.2044019e+00	   1.1603940e+00	   1.0852062e+00	   5.9743964e-01	   5.3449316e-01	             NaN	             NaN	             NaN	             NaN	             NaN	             NaN	             NaN	             NaN	             NaN	
   4.5639999e+00	   5.2367905e+00	   4.3625734e+00	   3.8732458e+00	   4.1143321e+00	   3.6946111e+00	   3.5829878e+00	   3.4702373e+00	   2.9385652e+00	   2.3958352e+00	   2.0472438e+00	   1.9212296e+00	   1.7378476e+00	   1.7118575e+00	   1.6506340e+00	   1.6952687e+00	   1.6245670e+00	   1.5475809e+00	   1.3700627e+00	   1.3327304e+00	   1.1839740e+00	   1.0237359e+00	   8.5266060e-01	   5.4497950e-01	             NaN	             NaN	             NaN	             NaN	             NaN	             NaN	             NaN	             NaN	             NaN	
   4.6188011e+00	   4.8140918e+00	   4.6320804e+00	   3.7642042e+00	   4.0536167e+00	   3.6871733e+00	   3.6580906e+00	   3.2872083e+00	   2.9296008e+00	   2.4914714e+00	   2.0655140e+00	   1.8178707e+00	   1.7887580e+00	   1.7343800e+00	   1.7383334e+00	   1.6991624e+00	   1.6131279e+00	   1.6055873e+00	   1.4907700e+00	   1.3369104e+00	   1.2444179e+00	   1.1052726e+00	   8.6069176e-01	   5.5694278e-01	   6.1099400e-01	             NaN	             NaN	             NaN	             NaN	             NaN	             NaN	             NaN	             NaN	
   2.7696560e+00	   4.1462836e+00	   3.9295538e+00	   4.1420617e+00	   3.9814235e+00	   3.7210779e+00	   3.5035821e+00	   3.2693847e+00	   2.8202138e+00	   2.4395163e+00	   1.9893023e+00	   1.8956962e+00	   1.7354038e+00	   1.7685785e+00	   1.7416297e+00	   1.8132040e+00	   1.6678044e+00	   1.6093670e+00	   1.5400345e+00	   1.4187487e+00	   1.2524726e+00	   1.1173234e+00	   1.0151593e+00	   6.6623474e-01	   6.4369721e-01	             NaN	             NaN	             NaN	             NaN	             NaN	             NaN	             NaN	             NaN	
   4.2854285e+00	   4.6019358e+00	   4.5397689e+00	   3.7812905e+00	   3.8467599e+00	   3.5262938e+00	   3.2319628e+00	   3.0907969e+00	   2.6821508e+00	   2.3220424e+00	   2.0132603e+00	   1.8881676e+00	   1.8242626e+00	   1.7596772e+00	   1.7903897e+00	   1.7570172e+00	   1.7352721e+00	   1.6172916e+00	   1.5467864e+00	   1.4735265e+00	   1.3238305e+00	   1.1836097e+00	   1.1102366e+00	   7.4271989e-01	   6.0711629e-01	             NaN	             NaN	             NaN	             NaN	             NaN	             NaN	             NaN	             NaN	
   4.8638147e+00	   4.6857753e+00	   4.9365258e+00	   3.6107666e+00	   3.8184134e+00	   3.5001288e+00	   3.3218119e+00	   3.0734939e+00	   2.6439761e+00	   2.4447685e+00	   2.0149866e+00	   1.8724342e+00	   1.8162334e+00	   1.7587910e+00	   1.8325728e+00	   1.7889704e+00	   1.7242240e+00	   1.6996186e+00	   1.5568401e+00	   1.4959618e+00	   1.3565139e+00	   1.1775069e+00	   1.0780835e+00	   8.7800318e-01	   6.1505247e-01	   6.3302845e-01	             NaN	             NaN	             NaN	             NaN	             NaN	             NaN	             NaN	
   4.5267664e+00	   5.4673471e+00	   4.5571767e+00	   3.7386313e+00	   3.8611621e+00	   3.5182981e+00	   3.2263987e+00	   2.9807579e+00	   2.7249571e+00	   2.2519291e+00	   1.9650055e+00	   1.8374201e+00	   1.8950231e+00	   1.7516077e+00	   1.8694932e+00	   1.7902323e+00	   1.7199064e+00	   1.7002496e+00	   1.6027220e+00	   1.5215270e+00	   1.4065362e+00	   1.2407094e+00	   1.1003406e+00	   1.0290580e+00	   7.4003241e-01	   6.0880867e-01	             NaN	             NaN	             NaN	             NaN	             NaN	             NaN	             NaN	
   3.5848455e+00	   4.3277704e+00	   4.1007936e+00	   3.6249131e+00	   3.9418876e+00	   3.5222682e+00	   3.1169199e+00	   3.0396552e+00	   2.5808926e+00	   2.3000798e+00	   2.0734229e+00	   1.8807412e+00	   1.8253710e+00	   1.8280419e+00	   1.8250836e+00	   1.7568628e+00	   1.7686424e+00	   1.6625735e+00	   1.6725918e+00	   1.5350236e+00	   1.4170609e+00	   1.2764448e+00	   1.0988835e+00	   1.0778443e+00	   7.4026839e-01	   6.8563660e-01	   5.8905075e-01	             NaN	             NaN	             NaN	             NaN	             NaN	             NaN	
   3.4191353e+00	   2.6926331e+00	   4.2733491e+00	   3.2928393e+00	   3.7177116e+00	   3.5399098e+00	   3.1445236e+00	   2.9055462e+00	   2.5244393e+00	   2.2017870e+00	   1.9139834e+00	   1.8933451e+00	   1.8623868e+00	   1.7993967e+00	   1.8313950e+00	   1.8029684e+00	   1.7591491e+00	   1.7174416e+00	   1.6524892e+00	   1.5455649e+00	   1.4423222e+00	   1.2969193e+00	   1.1584997e+00	   1.1093268e+00	   9.0226549e-01	   6.3266748e-01	   6.0234109e-01	             NaN	             NaN	             NaN	             NaN	             NaN	             NaN	
   2.6362256e+00	   4.1039706e+00	   4.4094880e+00	   3.5258308e+00	   3.7555687e+00	   3.4604946e+00	   3.0598577e+00	   2.8840991e+00	   2.5201573e+00	   2.1529773e+00	   1.9962745e+00	   1.8866412e+00	   1.7602027e+00	   1.8180971e+00	   1.8107202e+00	   1.7911673e+00	   1.7992338e+00	   1.7696026e+00	   1.6218874e+00	   1.5560735e+00	   1.4695615e+00	   1.3308050e+00	   1.1768120e+00	   1.0506828e+00	   9.7009285e-01	   6.5155402e-01	   6.1194094e-01	             NaN	             NaN	             NaN	             NaN	             NaN	             NaN	
   3.3533422e+00	   3.9516203e+00	   3.9970074e+00	   3.5545825e+00	   3.5641197e+00	   3.3308991e+00	   2.9238866e+00	   2.8117673e+00	   2.4626319e+00	   2.1802376e+00	   1.9316932e+00	   1.8331273e+00	   1.8183279e+00	   1.8589974e+00	   1.8128873e+00	   1.7720628e+00	   1.7911021e+00	   1.7142891e+00	   1.6822713e+00	   1.5633292e+00	   1.5158529e+00	   1.3515363e+00	   1.2372947e+00	   1.0745318e+00	   9.7518335e-01	   7.4555098e-01	   6.7558895e-01	   5.8502345e-01	             NaN	             NaN	             NaN	             NaN	             NaN	
   3.8917769e+00	   4.3589863e+00	   4.1125698e+00	   3.4857345e+00	   3.8300297e+00	   3.3785983e+00	   3.1040914e+00	   2.7783489e+00	   2.4396791e+00	   2.1203932e+00	   1.8975493e+00	   1.8146924e+00	   1.7970964e+00	   1.8240961e+00	   1.8148972e+00	   1.7900018e+00	   1.8004872e+00	   1.7353386e+00	   1.6283414e+00	   1.5590425e+00	   1.4719929e+00	   1.3792229e+00	   1.2588492e+00	   1.1080612e+00	   1.0131432e+00	   8.4402423e-01	   6.6333620e-01	   5.6119008e-01	             NaN	             NaN	             NaN	             NaN	             NaN	
   3.1284441e+00	   4.2096412e+00	   3.5596920e+00	   3.6296160e+00	   3.6575184e+00	   3.2563725e+00	   3.0175893e+00	   2.6910592e+00	   2.3783009e+00	   2.0110466e+00	   1.8390234e+00	   1.8823773e+00	   1.7437367e+00	   1.7812973e+00	   1.8099330e+00	   1.8166543e+00	   1.7564361e+00	   1.7405460e+00	   1.6707372e+00	   1.6119644e+00	   1.4884575e+00	   1.3490193e+00	   1.3132548e+00	   1.1356843e+00	   1.0009628e+00	   8.4811102e-01	   6.3634854e-01	   5.5194641e-01	   4.8656320e-01	             NaN	             NaN	             NaN	             NaN	
   3.8658771e+00	   3.1159441e+00	   3.5896381e+00	   3.6553674e+00	   3.5227678e+00	   3.1835315e+00	   2.9762814e+00	   2.6668629e+00	   2.3845817e+00	   2.0445494e+00	   1.8790700e+00	   1.8465077e+00	   1.7474532e+00	   1.7105529e+00	   1.8365108e+00	   1.7936951e+00	   1.7852509e+00	   1.7068905e+00	   1.6980946e+00	   1.6243279e+00	   1.5359082e+00	   1.3815983e+00	   1.2748562e+00	   1.1550314e+00	   1.0169462e+00	   9.1958138e-01	   5.9893040e-01	   6.0619520e-01	   5.1937152e-01	             NaN	             NaN	             NaN	             NaN	
   3.9501465e+00	   3.9269666e+00	   4.0564958e+00	   3.2968960e+00	   3.4267408e+00	   3.2387096e+00	   2.9588558e+00	   2.5904564e+00	   2.2320850e+00	   1.9767540e+00	   1.8686626e+00	   1.8443365e+00	   1.7928838e+00	   1.8467584e+00	   1.7828485e+00	   1.7690991e+00	   1.7732046e+00	   1.6619712e+00	   1.6939757e+00	   1.6312081e+00	   1.5265444e+00	   1.3921859e+00	   1.2796529e+00	   1.1411111e+00	   1.0268117e+00	   9.8555319e-01	   7.7258281e-01	   5.4689374e-01	   5.1715513e-01	             NaN	             NaN	             NaN	             NaN	
   2.9529519e+00	   3.3616896e+00	   3.2423465e+00	   3.5946064e+00	   3.4896648e+00	   3.1310492e+00	   2.8342576e+00	   2.5959649e+00	   2.2950555e+00	   1.9638078e+00	   1.8565478e+00	   1.7513579e+00	   1.6763006e+00	   1.7322933e+00	   1.7619271e+00	   1.7164606e+00	   1.7189194e+00	   1.7241444e+00	   1.6359973e+00	   1.5877975e+00	   1.5192909e+00	   1.3764582e+00	   1.3071042e+00	   1.1417178e+00	   1.0622564e+00	   9.8265319e-01	   8.0763816e-01	   6.4519592e-01	   5.4374449e-01	   4.1661901e-01	             NaN	             NaN	             NaN	
   3.3673981e+00	   3.4797970e+00	   4.0429885e+00	   2.9436768e+00	   3.3710722e+00	   3.2984529e+00	   2.7757017e+00	   2.4702743e+00	   2.2017804e+00	   1.9573970e+00	   1.8339378e+00	   1.7323789e+00	   1.7172263e+00	   1.7324931e+00	   1.7879902e+00	   1.7231191e+00	   1.7146728e+00	   1.7208039e+00	   1.6063850e+00	   1.5756442e+00	   1.5232063e+00	   1.3981683e+00	   1.3130313e+00	   1.1731681e+00	   1.0796809e+00	   9.5943788e-01	   8.4366373e-01	   6.0369964e-01	   5.5140543e-01	   4.2850000e-01	             NaN	             NaN	             NaN	
   3.8136012e+00	   3.9850898e+00	   3.6301363e+00	   3.5311682e+00	   3.3081401e+00	   2.9737935e+00	   2.6212307e+00	   2.4933752e+00	   2.1610572e+00	   1.9272790e+00	   1.7723624e+00	   1.7435451e+00	   1.6286129e+00	   1.6754044e+00	   1.7232519e+00	   1.7425170e+00	   1.7103725e+00	   1.6569875e+00	   1.6536210e+00	   1.5561608e+00	   1.5285087e+00	   1.4160525e+00	   1.2737396e+00	   1.1929351e+00	   1.0854528e+00	   9.8079321e-01	   8.5367852e-01	   7.4292691e-01	   6.0600106e-01	   4.1809736e-01	   3.3475246e-01	             NaN	             NaN	
   3.6203695e+00	   3.4566271e+00	   3.1968814e+00	   3.2879094e+00	   3.4453636e+00	   2.9864396e+00	   2.8028687e+00	   2.4566297e+00	   2.1457496e+00	   1.8854647e+00	   1.7681154e+00	   1.7016528e+00	   1.7118154e+00	   1.6227183e+00	   1.6504927e+00	   1.6947769e+00	   1.6548060e+00	   1.6273834e+00	   1.6512132e+00	   1.5391377e+00	   1.4766449e+00	   1.4234287e+00	   1.2720331e+00	   1.1842228e+00	   1.1028498e+00	   9.8400333e-01	   8.8603910e-01	   7.4766787e-01	   5.7112054e-01	   4.9451755e-01	   3.6558383e-01	             NaN	             NaN	
   3.9300699e+00	   3.4287323e+00	   3.1044803e+00	   3.1707257e+00	   3.3536941e+00	   2.8666641e+00	   2.7056351e+00	   2.3390379e+00	   2.1892595e+00	   1.9055443e+00	   1.6944354e+00	   1.6598510e+00	   1.6647810e+00	   1.6236029e+00	   1.6474339e+00	   1.6698570e+00	   1.6858481e+00	   1.6422662e+00	   1.5913837e+00	   1.5715874e+00	   1.4855904e+00	   1.3888695e+00	   1.2595964e+00	   1.2179868e+00	   1.0929116e+00	   9.7140854e-01	   8.6055158e-01	   6.7793157e-01	   5.7228139e-01	   4.5967075e-01	   3.8012134e-01	             NaN	             NaN	
   3.3590754e+00	   3.4671425e+00	   3.5436881e+00	   3.2004059e+00	   3.1796210e+00	   2.7325588e+00	   2.6927792e+00	   2.3111511e+00	   2.0992792e+00	   1.8050577e+00	   1.6578391e+00	   1.6250851e+00	   1.5461940e+00	   1.6014822e+00	   1.6253686e+00	   1.6723692e+00	   1.6310325e+00	   1.6096759e+00	   1.5807092e+00	   1.4654676e+00	   1.4671804e+00	   1.3866049e+00	   1.2915286e+00	   1.1861872e+00	   1.0919591e+00	   9.8098318e-01	   8.7684597e-01	   7.7101796e-01	   5.7270193e-01	   4.3279965e-01	   3.8953561e-01	   3.1119864e-01	             NaN	
   3.7124807e+00	   3.5231912e+00	   3.3719282e+00	   3.2861509e+00	   3.1707154e+00	   2.8406835e+00	   2.5487880e+00	   2.2756715e+00	   2.0282372e+00	   1.7656357e+00	   1.6763317e+00	   1.5721727e+00	   1.5911385e+00	   1.6025445e+00	   1.5870594e+00	   1.6287892e+00	   1.6099909e+00	   1.5604352e+00	   1.5415964e+00	   1.4644779e+00	   1.4438638e+00	   1.3809784e+00	   1.2567100e+00	   1.1831629e+00	   1.1117244e+00	   9.5805132e-01	   8.6347191e-01	   7.6809057e-01	   5.6294613e-01	   4.5595768e-01	   3.9437331e-01	   3.1360021e-01	             NaN	
   2.7759224e+00	   3.2578467e+00	   3.4595389e+00	   3.1767300e+00	   2.9773109e+00	   2.9814816e+00	   2.4286092e+00	   2.1481548e+00	   2.0608145e+00	   1.7933968e+00	   1.6921141e+00	   1.5367225e+00	   1.5247645e+00	   1.5798324e+00	   1.6476414e+00	   1.5405391e+00	   1.5262175e+00	   1.5197632e+00	   1.5608116e+00	   1.4945522e+00	   1.4055960e+00	   1.3250466e+00	   1.2802795e+00	   1.1841646e+00	   1.0599556e+00	   9.5898814e-01	   8.8975425e-01	   7.4707090e-01	   6.2224175e-01	   4.3669352e-01	   3.6384931e-01	   3.3057076e-01	   2.6319657e-01	
   2.7085756e+00	   3.2320742e+00	   3.3883475e+00	   3.1458843e+00	   3.1029601e+00	   2.6345280e+00	   2.3878364e+00	   2.1802971e+00	   1.9341691e+00	   1.8139042e+00	   1.6236322e+00	   1.5236988e+00	   1.4886080e+00	   1.5777064e+00	   1.5351540e+00	   1.5755668e+00	   1.5529963e+00	   1.5224913e+00	   1.5031571e+00	   1.4746184e+00	   1.3973414e+00	   1.3219377e+00	   1.2711786e+00	   1.1757766e+00	   1.0956548e+00	   9.7880934e-01	   8.7204943e-01	   7.5927285e-01	   6.5718418e-01	   4.8393023e-01	   3.4557680e-01	   3.4620516e-01	   2.7453202e-01	
   3.3845343e+00	   3.4092387e+00	   3.0489653e+00	   2.9172135e+00	   2.7663159e+00	   2.7290338e+00	   2.3812083e+00	   2.1487662e+00	   1.8816300e+00	   1.7037059e+00	   1.6085986e+00	   1.4990011e+00	   1.4747273e+00	   1.5170364e+00	   1.5067568e+00	   1.5124750e+00	   1.4882375e+00	   1.4654678e+00	   1.4871222e+00	   1.4329638e+00	   1.3451459e+00	   1.3315715e+00	   1.2323843e+00	   1.1331593e+00	   1.0902965e+00	   9.6005980e-01	   8.6458415e-01	   7.6952088e-01	   6.7916837e-01	   4.9222649e-01	   3.6806647e-01	   3.3890231e-01	   2.8285093e-01	
   3.6665981e+00	   2.9810329e+00	   2.9735869e+00	   3.0695556e+00	   2.8689855e+00	   2.5839491e+00	   2.3657292e+00	   2.0444656e+00	   1.8810182e+00	   1.7050477e+00	   1.5252515e+00	   1.4762632e+00	   1.3791965e+00	   1.4476183e+00	   1.4617187e+00	   1.5319358e+00	   1.4132166e+00	   1.4722699e+00	   1.4230438e+00	   1.3751472e+00	   1.3737167e+00	   1.2951984e+00	   1.2475088e+00	   1.1592648e+00	   1.0359315e+00	   9.9951917e-01	   8.4997714e-01	   7.5047494e-01	   6.0975635e-01	   5.6746362e-01	   3.9352037e-01	   3.3927207e-01	   2.7977209e-01	
   3.5496972e+00	   3.2555219e+00	   3.0546591e+00	   2.9317073e+00	   2.6268459e+00	   2.5740629e+00	   2.2526186e+00	   2.2168361e+00	   1.8200662e+00	   1.6422730e+00	   1.5270010e+00	   1.4755741e+00	   1.4110649e+00	   1.4392048e+00	   1.4037614e+00	   1.4440453e+00	   1.4401710e+00	   1.4394216e+00	   1.4184218e+00	   1.4094368e+00	   1.2848036e+00	   1.2751112e+00	   1.2042862e+00	   1.0908288e+00	   1.0495223e+00	   9.5520663e-01	   8.7096140e-01	   7.5240471e-01	   6.4993401e-01	   4.9051979e-01	   4.3212240e-01	   3.2258751e-01	   2.9346874e-01	
   3.4217292e+00	   3.2071352e+00	   2.9740233e+00	   3.0564965e+00	   2.7462836e+00	   2.5214280e+00	   2.2199066e+00	   1.9966824e+00	   1.8626081e+00	   1.5786749e+00	   1.4804465e+00	   1.3964808e+00	   1.4108550e+00	   1.4052352e+00	   1.4074234e+00	   1.4386859e+00	   1.4134266e+00	   1.4150563e+00	   1.3610683e+00	   1.3376585e+00	   1.3105560e+00	   1.2630090e+00	   1.1797747e+00	   1.1056310e+00	   1.0546364e+00	   9.5978947e-01	   8.7570487e-01	   7.4975095e-01	   6.4314161e-01	   6.1219291e-01	   3.7676959e-01	   2.8988021e-01	   2.8174296e-01	
             NaN	   3.3313990e+00	   2.9712170e+00	   2.7737434e+00	   2.6194566e+00	   2.3720072e+00	   2.2277240e+00	   2.0273881e+00	   1.8014086e+00	   1.6004386e+00	   1.5019996e+00	   1.3692577e+00	   1.3952436e+00	   1.3460557e+00	   1.3366372e+00	   1.3731569e+00	   1.3517514e+00	   1.4240844e+00	   1.3825276e+00	   1.3056447e+00	   1.3044969e+00	   1.2399315e+00	   1.1427328e+00	   1.0748577e+00	   1.0283759e+00	   9.5602822e-01	   8.4144275e-01	   7.4767924e-01	   6.3033531e-01	   5.5031797e-01	   4.4890487e-01	   2.8190777e-01	   3.1393224e-01	
             NaN	   2.7628853e+00	   2.6825238e+00	   2.7181297e+00	   2.8302920e+00	   2.4401186e+00	   2.1678436e+00	   1.9325964e+00	   1.7784511e+00	   1.6315386e+00	   1.4743847e+00	   1.3626368e+00	   1.3442377e+00	   1.3334225e+00	   1.3062594e+00	   1.3642643e+00	   1.3399044e+00	   1.2956779e+00	   1.3003986e+00	   1.3040521e+00	   1.2490253e+00	   1.1404820e+00	   1.1538022e+00	   1.0614955e+00	   1.0175790e+00	   9.5328992e-01	   8.4192211e-01	   7.6515310e-01	   6.5012814e-01	   5.7702928e-01	   4.5680331e-01	   3.7360905e-01	   2.8324763e-01	
             NaN	   2.7778280e+00	   2.8587663e+00	   2.6828957e+00	   2.6699858e+00	   2.3349044e+00	   2.1006895e+00	   1.9048495e+00	   1.6690978e+00	   1.6217024e+00	   1.3883859e+00	   1.3964931e+00	   1.2806302e+00	   1.3334617e+00	   1.3041168e+00	   1.3745434e+00	   1.3059307e+00	   1.3301798e+00	   1.2688376e+00	   1.2529109e+00	   1.2341092e+00	   1.1882020e+00	   1.1231961e+00	   1.0098888e+00	   1.0157945e+00	   9.4489096e-01	   8.5096366e-01	   7.5782475e-01	   6.4712777e-01	   5.2959170e-01	   4.6340051e-01	   3.6122641e-01	   3.2634407e-01	
             NaN	   2.6913483e+00	   2.7149259e+00	   2.6256193e+00	   2.6738994e+00	   2.3873829e+00	   2.0388231e+00	   1.7887642e+00	   1.6587709e+00	   1.5479589e+00	   1.3918870e+00	   1.2949190e+00	   1.2888686e+00	   1.2692034e+00	   1.2871860e+00	   1.2789245e+00	   1.2635234e+00	   1.2846649e+00	   1.2387725e+00	   1.2153919e+00	   1.2001870e+00	   1.1530886e+00	   1.1022749e+00	   1.0233330e+00	   9.6807232e-01	   9.0236995e-01	   8.3026391e-01	   7.3316182e-01	   6.5147873e-01	   5.6404945e-01	   4.8623478e-01	   3.3249242e-01	   2.7220749e-01	
             NaN	   2.8425562e+00	   2.7358166e+00	   2.6600892e+00	   2.6717061e+00	   2.3352308e+00	   2.0264646e+00	   1.9074190e+00	   1.6546970e+00	   1.4993554e+00	   1.3421721e+00	   1.3057160e+00	   1.2631128e+00	   1.2529131e+00	   1.2288761e+00	   1.1768596e+00	   1.2418985e+00	   1.2100009e+00	   1.2316114e+00	   1.1931011e+00	   1.1464412e+00	   1.1030005e+00	   1.0613117e+00	   1.0241423e+00	   9.8601440e-01	   9.0261627e-01	   8.1397395e-01	   7.2187896e-01	   6.3533441e-01	   5.4210232e-01	   4.7529943e-01	   4.4065132e-01	   3.6447720e-01	
             NaN	   2.9053680e+00	   2.7751559e+00	   2.6781299e+00	   2.4750725e+00	   2.2513740e+00	   2.0321153e+00	   1.8383932e+00	   1.5558106e+00	   1.4658670e+00	   1.3361333e+00	   1.2897221e+00	   1.2195886e+00	   1.2236685e+00	   1.2407357e+00	   1.2153963e+00	   1.2038956e+00	   1.1788856e+00	   1.1872371e+00	   1.1808625e+00	   1.1200402e+00	   1.1102745e+00	   1.0227486e+00	   1.0321523e+00	   9.4001365e-01	   8.7994275e-01	   7.8404884e-01	   7.3233385e-01	   6.4445403e-01	   5.4902876e-01	   5.0346902e-01	   4.4582999e-01	   3.4892571e-01	
             NaN	             NaN	   2.7120494e+00	   2.4493735e+00	   2.5217702e+00	   2.2025966e+00	   2.0266142e+00	   1.7402472e+00	   1.6172183e+00	   1.4258003e+00	   1.3280615e+00	   1.2280888e+00	   1.2352430e+00	   1.2166040e+00	   1.1810539e+00	   1.1964942e+00	   1.1433451e+00	   1.1761280e+00	   1.1582830e+00	   1.1469696e+00	   1.0978834e+00	   1.0634133e+00	   1.0273902e+00	   9.6823569e-01	   9.2379584e-01	   9.1681478e-01	   7.9862753e-01	   7.1114325e-01	   6.3477742e-01	   5.4721073e-01	   4.6250179e-01	   4.3768894e-01	   3.0481952e-01	
             NaN	             NaN	   2.5880379e+00	   2.5156491e+00	   2.3957611e+00	   2.1286805e+00	   2.0264463e+00	   1.7370632e+00	   1.5942583e+00	   1.3552808e+00	   1.2688887e+00	   1.2027665e+00	   1.1862122e+00	   1.1536838e+00	   1.1576758e+00	   1.1678459e+00	   1.2189049e+00	   1.1352021e+00	   1.1770959e+00	   1.0802428e+00	   1.0565267e+00	   1.0463929e+00	   1.0067904e+00	   9.4860811e-01	   9.1461063e-01	   8.4156171e-01	   8.1640440e-01	   7.0723129e-01	   6.4104649e-01	   5.4026145e-01	   4.8017507e-01	   4.3121687e-01	   3.5866495e-01	
             NaN	             NaN	   2.4760522e+00	   2.2483587e+00	   2.3141745e+00	   2.1485160e+00	   1.9657114e+00	   1.7112413e+00	   1.4148132e+00	   1.3876425e+00	   1.2214571e+00	   1.1715850e+00	   1.1882650e+00	   1.1061477e+00	   1.1386459e+00	   1.1695870e+00	   1.0973817e+00	   1.1143276e+00	   1.0865654e+00	   1.0743370e+00	   1.0566623e+00	   1.0115199e+00	   9.7952628e-01	   9.7268529e-01	   8.8066841e-01	   8.5036263e-01	   7.7001333e-01	   6.9906122e-01	   6.1686458e-01	   5.4951537e-01	   4.7506545e-01	   4.3758483e-01	   4.0196934e-01	
             NaN	             NaN	   2.5932572e+00	   2.2122345e+00	   2.2852263e+00	   2.0805665e+00	   1.9324956e+00	   1.6810826e+00	   1.5152233e+00	   1.3990420e+00	   1.2753265e+00	   1.1413468e+00	   1.1000439e+00	   1.0911414e+00	   1.1103124e+00	   1.0946735e+00	   1.0912653e+00	   1.0567137e+00	   1.0568744e+00	   1.0490718e+00	   1.0223179e+00	   9.7445197e-01	   9.4528657e-01	   9.4829002e-01	   8.5215406e-01	   8.3452145e-01	   7.6518121e-01	   7.0757713e-01	   6.2509229e-01	   5.5136653e-01	   5.0315691e-01	   3.9852450e-01	   3.7000257e-01	
             NaN	             NaN	   2.4262913e+00	   2.2861079e+00	   2.1523646e+00	   2.0471255e+00	   1.8760651e+00	   1.6968578e+00	   1.4734736e+00	   1.3343549e+00	   1.1749920e+00	   1.1014951e+00	   1.1147284e+00	   1.0807771e+00	   1.0255500e+00	   1.0899361e+00	   1.0551080e+00	   1.0643379e+00	   1.0539818e+00	   1.0174249e+00	   9.8242713e-01	   9.5300422e-01	   8.7825469e-01	   9.3264677e-01	   8.5438506e-01	   8.0676895e-01	   7.6805585e-01	   6.9294709e-01	   6.0360276e-01	   5.1277473e-01	   4.8187142e-01	   4.1462855e-01	   3.9214990e-01	
             NaN	             NaN	             NaN	   2.0475948e+00	   2.3709259e+00	   2.0300688e+00	   1.7928164e+00	   1.5719397e+00	   1.3917898e+00	   1.2529965e+00	   1.1988695e+00	   1.1141473e+00	   1.0061669e+00	   1.0367181e+00	   1.0238750e+00	   1.0539971e+00	   1.0363358e+00	   9.7938643e-01	   1.0178927e+00	   9.9005220e-01	   1.0078037e+00	   9.4385330e-01	   9.2054184e-01	   8.8977995e-01	   8.4848526e-01	   7.8805537e-01	   7.3803398e-01	   6.7714765e-01	   6.1869140e-01	   5.4345494e-01	   4.7438273e-01	   4.1458713e-01	   3.9531898e-01	
             NaN	             NaN	             NaN	   2.2292233e+00	   2.0996268e+00	   1.9303381e+00	   1.8106131e+00	   1.6102122e+00	   1.4504290e+00	   1.3143718e+00	   1.1780926e+00	   1.0283641e+00	   1.0447271e+00	   1.0155093e+00	   1.0280369e+00	   1.0003407e+00	   1.0095977e+00	   9.9206719e-01	   9.5300268e-01	   9.7191679e-01	   9.8289285e-01	   8.9590776e-01	   9.0790585e-01	   8.3020153e-01	   8.2264630e-01	   7.4475353e-01	   7.3226484e-01	   6.5546155e-01	   6.0944830e-01	   5.2466109e-01	   4.8386653e-01	   4.1961821e-01	   3.8436960e-01	
             NaN	             NaN	             NaN	   2.0088943e+00	   2.1961104e+00	   1.9918376e+00	   1.7975442e+00	   1.4915473e+00	   1.3064761e+00	   1.1961767e+00	   1.1636139e+00	   1.1067592e+00	   9.8984284e-01	   1.0074080e+00	   1.0193469e+00	   9.4606641e-01	   9.7647603e-01	   9.5138634e-01	   9.4247756e-01	   9.3881774e-01	   9.2379187e-01	   8.8639217e-01	   8.7436063e-01	   8.3261669e-01	   7.8820717e-01	   7.5326915e-01	   7.1083418e-01	   6.6321203e-01	   5.8402022e-01	   5.3022132e-01	   4.7593667e-01	   4.4310026e-01	   3.6761521e-01	
             NaN	             NaN	             NaN	   2.0474416e+00	   2.1932352e+00	   1.8941891e+00	   1.7184867e+00	   1.4996118e+00	   1.3733838e+00	   1.2602853e+00	   1.1313063e+00	   1.0509145e+00	   9.2921610e-01	   9.6513314e-01	   1.0052858e+00	   9.7619495e-01	   9.5223347e-01	   9.0844723e-01	   9.1048908e-01	   9.0201747e-01	   8.9165716e-01	   8.6568186e-01	   8.3698574e-01	   8.1286378e-01	   7.7547200e-01	   7.2368389e-01	   7.0365823e-01	   6.3937247e-01	   5.8179983e-01	   5.0737055e-01	   4.6566214e-01	   4.2026354e-01	   3.6284165e-01	
             NaN	             NaN	             NaN	   2.1948123e+00	   2.0423908e+00	   1.7477438e+00	   1.5954869e+00	   1.4549054e+00	   1.3226628e+00	   1.1718499e+00	   1.0512535e+00	   1.0173615e+00	   9.7488384e-01	   9.5355039e-01	   9.5001320e-01	   9.2949032e-01	   9.0315709e-01	   9.2471437e-01	   8.8075728e-01	   8.8457426e-01	   8.8971551e-01	   8.3946246e-01	   8.3106776e-01	   7.8848906e-01	   7.3077757e-01	   7.1773702e-01	   6.9572012e-01	   6.0909817e-01	   5.7093999e-01	   5.1574248e-01	   4.3800105e-01	   4.0615672e-01	   3.6271512e-01	
             NaN	             NaN	             NaN	             NaN	   2.0928189e+00	   1.6814493e+00	   1.5841639e+00	   1.5260459e+00	   1.2730723e+00	   1.2196439e+00	   1.0602661e+00	   9.6528256e-01	   8.9525178e-01	   9.0682111e-01	   8.8621884e-01	   8.7219084e-01	   9.0519872e-01	   8.8149790e-01	   8.8956605e-01	   8.5387585e-01	   8.5942476e-01	   8.3242378e-01	   8.0659898e-01	   7.7952549e-01	   7.7788317e-01	   6.8471192e-01	   6.6337574e-01	   5.8177325e-01	   5.4876050e-01	   5.0894192e-01	   4.6023494e-01	   4.2001199e-01	   3.6800223e-01	
             NaN	             NaN	             NaN	             NaN	   1.9288638e+00	   1.6338683e+00	   1.6178950e+00	   1.3788044e+00	   1.2230231e+00	   1.1518350e+00	   9.9914389e-01	   1.0338595e+00	   9.1927017e-01	   9.1392973e-01	   8.9217287e-01	   8.4505088e-01	   8.8412137e-01	   8.7166498e-01	   8.3284241e-01	   8.4082268e-01	   8.1646918e-01	   7.9326494e-01	   7.9248465e-01	   7.6194671e-01	   7.3882521e-01	   6.6657678e-01	   6.5357189e-01	   6.0490464e-01	   5.5201766e-01	   5.0592025e-01	   4.5415619e-01	   3.9714073e-01	   3.7740158e-01	
             NaN	             NaN	             NaN	             NaN	   1.8792950e+00	   1.6233917e+00	   1.5647411e+00	   1.3188765e+00	   1.1859181e+00	   1.0485845e+00	   1.0436220e+00	   9.7870216e-01	   9.6121698e-01	   8.6053864e-01	   8.3015325e-01	   8.4101879e-01	   8.4339706e-01	   8.2587187e-01	   8.1302936e-01	   7.9136928e-01	   7.9023287e-01	   7.3754738e-01	   7.4686603e-01	   6.9513281e-01	   6.8292041e-01	   6.6585913e-01	   6.2827392e-01	   5.8233277e-01	   5.2921938e-01	   4.8919833e-01	   4.3788990e-01	   3.9479979e-01	   3.6512300e-01	
             NaN	             NaN	             NaN	             NaN	   1.9884953e+00	   1.5893456e+00	   1.4850628e+00	   1.3134326e+00	   1.2096928e+00	   1.1000393e+00	   1.0242793e+00	   8.8411818e-01	   9.0696629e-01	   8.7337000e-01	   8.2276922e-01	   8.3117608e-01	   8.0276023e-01	   7.9171220e-01	   7.5972433e-01	   7.7669056e-01	   7.7975729e-01	   7.3172146e-01	   7.3499462e-01	   7.2046742e-01	   6.8476872e-01	   6.5771628e-01	   6.1334881e-01	   5.9529276e-01	   5.1839876e-01	   4.6789200e-01	   4.5033190e-01	   4.0049032e-01	   3.3234608e-01	
             NaN	             NaN	             NaN	             NaN	   1.7988702e+00	   1.6712068e+00	   1.5237280e+00	   1.2621541e+00	   1.2216916e+00	   1.1020485e+00	   9.5684592e-01	   8.9305636e-01	   8.2614207e-01	   8.1239334e-01	   8.2361115e-01	   8.2301903e-01	   8.0851989e-01	   7.7966062e-01	   7.6952994e-01	   7.7479931e-01	   7.5398780e-01	   7.4261003e-01	   6.8885185e-01	   6.6494392e-01	   6.7149699e-01	   6.3293393e-01	   6.0030513e-01	   5.5995215e-01	   4.9283275e-01	   4.6304978e-01	   4.1607443e-01	   3.6699800e-01	   3.6057671e-01	
             NaN	             NaN	             NaN	             NaN	             NaN	   1.5627369e+00	   1.4512186e+00	   1.2879606e+00	   1.1402294e+00	   9.9350414e-01	   9.2074155e-01	   8.6655947e-01	   8.7470023e-01	   7.6861575e-01	   7.6627157e-01	   7.8338733e-01	   8.0065125e-01	   7.5357320e-01	   7.2705055e-01	   7.3147552e-01	   7.2395976e-01	   6.7663332e-01	   6.7629143e-01	   6.6858302e-01	   6.5167270e-01	   6.1430411e-01	   6.0088768e-01	   5.3728396e-01	   5.0929055e-01	   4.5514074e-01	   3.9934797e-01	   3.7259543e-01	   3.5048579e-01	
             NaN	             NaN	             NaN	             NaN	             NaN	   1.5537139e+00	   1.4228894e+00	   1.2839230e+00	   1.0800413e+00	   9.5712040e-01	   9.1406863e-01	   8.6664206e-01	   8.4709761e-01	   7.8924178e-01	   7.9531514e-01	   7.3117696e-01	   7.2927310e-01	   7.3798110e-01	   7.4311579e-01	   7.0332035e-01	   7.0051477e-01	   6.6592030e-01	   6.6275779e-01	   6.1973855e-01	   6.3972048e-01	   5.7378742e-01	   5.7894320e-01	   5.2788390e-01	   5.0437953e-01	   4.5836194e-01	   4.0331074e-01	   3.6862011e-01	   3.5060257e-01	
             NaN	             NaN	             NaN	             NaN	             NaN	   1.5440432e+00	   1.2879743e+00	   1.2580912e+00	   1.1013260e+00	   9.1768277e-01	   8.9646295e-01	   8.5650591e-01	   7.8519049e-01	   7.4315293e-01	   7.2543668e-01	   7.2121516e-01	   7.2231827e-01	   7.0656036e-01	   6.6127803e-01	   6.8056517e-01	   6.6192999e-01	   6.6081806e-01	   6.2029047e-01	   6.1922730e-01	   6.2114879e-01	   5.7463503e-01	   5.5238178e-01	   5.1851477e-01	   4.7371982e-01	   4.4476294e-01	   4.0703484e-01	   3.7995739e-01	   3.4733740e-01	
             NaN	             NaN	             NaN	             NaN	             NaN	   1.4885785e+00	   1.3973316e+00	   1.1574960e+00	   1.0791300e+00	   9.5647796e-01	   8.9398819e-01	   7.5347855e-01	   7.7186567e-01	   7.4090884e-01	   6.7197407e-01	   6.5645620e-01	   6.6239190e-01	   6.8183579e-01	   6.8318613e-01	   6.4021527e-01	   6.6960110e-01	   6.4166883e-01	   6.1569735e-01	   6.2183082e-01	   5.9687359e-01	   5.8040176e-01	   5.4326452e-01	   5.2292646e-01	   4.6437173e-01	   4.2922577e-01	   3.9364017e-01	   3.5907844e-01	   3.3829856e-01	
             NaN	             NaN	             NaN	             NaN	             NaN	   1.3819464e+00	   1.2585092e+00	   1.2537899e+00	   1.0748498e+00	   9.1062528e-01	   8.2919432e-01	   7.6876735e-01	   7.6379874e-01	   6.8518519e-01	   6.6910175e-01	   6.8919811e-01	   6.7591240e-01	   6.4466906e-01	   6.5279467e-01	   6.5531462e-01	   6.1357814e-01	   6.5004873e-01	   6.1926289e-01	   6.0492503e-01	   5.4916765e-01	   5.5643363e-01	   5.3039702e-01	   4.7884218e-01	   4.5750914e-01	   4.0056202e-01	   3.9256537e-01	   3.5064352e-01	   3.4172047e-01	
             NaN	             NaN	             NaN	             NaN	             NaN	             NaN	   1.2274818e+00	   1.2493328e+00	   9.7498643e-01	   9.0307836e-01	   8.6492155e-01	   8.0825756e-01	   6.9405035e-01	   7.4005039e-01	   7.0132024e-01	   6.6628876e-01	   6.2534068e-01	   6.8972667e-01	   6.4815841e-01	   6.1951232e-01	   6.1052181e-01	   5.9374554e-01	   5.5473557e-01	   5.3344689e-01	   5.5251822e-01	   5.6040210e-01	   5.1480768e-01	   4.7105845e-01	   4.5354214e-01	   4.2924642e-01	   3.8694889e-01	   3.3993728e-01	   3.2244026e-01	
             NaN	             NaN	             NaN	             NaN	             NaN	             NaN	   1.3057265e+00	   1.1229136e+00	   8.9848425e-01	   8.6679643e-01	   7.9764970e-01	   7.3020976e-01	   7.3008737e-01	   7.1170751e-01	   6.7670515e-01	   6.4932884e-01	   6.4644548e-01	   6.3825381e-01	   6.1862700e-01	   6.2695898e-01	   5.8011282e-01	   5.9519355e-01	   5.5390145e-01	   5.5272295e-01	   5.3937719e-01	   5.0823785e-01	   4.9763077e-01	   4.7478042e-01	   4.3638689e-01	   3.7714521e-01	   3.8633304e-01	   3.5276776e-01	   3.1280367e-01	
   0.0000000e+00	             NaN	             NaN	             NaN	             NaN	             NaN	   1.1597669e+00	   1.0406453e+00	   9.2116961e-01	   8.2466034e-01	   8.0996360e-01	   7.1543848e-01	   6.7085482e-01	   6.8595614e-01	   6.7550476e-01	   6.0771818e-01	   6.3382841e-01	   6.3038712e-01	   6.0010300e-01	   5.8406889e-01	   5.8312587e-01	   5.2275857e-01	   5.3371799e-01	   5.2020337e-01	   5.0591967e-01	   4.9743903e-01	   4.7872539e-01	   4.5798920e-01	   4.3028313e-01	   3.9722358e-01	   3.6397882e-01	   3.3174461e-01	   3.1419154e-01	
   0.0000000e+00	             NaN	             NaN	             NaN	             NaN	             NaN	   1.2718246e+00	   1.1555276e+00	   9.8961347e-01	   8.2098124e-01	   8.2700623e-01	   6.9755734e-01	   7.0286515e-01	   6.5294842e-01	   6.0765894e-01	   5.9745868e-01	   5.9777356e-01	   6.0319960e-01	   6.0452655e-01	   5.6559051e-01	   5.3283428e-01	   5.3548014e-01	   5.3596662e-01	   5.1803087e-01	   5.0270229e-01	   4.7771937e-01	   4.6544279e-01	   4.3540912e-01	   4.0960669e-01	   3.8836811e-01	   3.7867393e-01	   3.1802843e-01	   3.1965236e-01	
   0.0000000e+00	             NaN	             NaN	             NaN	             NaN	             NaN	   1.2552754e+00	   1.0524158e+00	   9.7146671e-01	   7.8570441e-01	   7.2783154e-01	   6.9529914e-01	   6.5862114e-01	   6.5571829e-01	   6.3962048e-01	   6.4935904e-01	   5.3840488e-01	   5.5142213e-01	   5.3550576e-01	   5.5453772e-01	   5.3129636e-01	   5.2461469e-01	   5.3200873e-01	   4.9872974e-01	   4.8802485e-01	   4.7643919e-01	   4.6781192e-01	   4.3508826e-01	   4.1180770e-01	   3.8216629e-01	   3.4761967e-01	   3.1859748e-01	   3.1089918e-01	
   0.0000000e+00	             NaN	             NaN	             NaN	             NaN	             NaN	             NaN	   9.6061977e-01	   8.9713245e-01	   8.2983382e-01	   7.3387246e-01	   6.8871585e-01	   6.3459289e-01	   6.1395424e-01	   5.8643580e-01	   6.0306848e-01	   5.0140227e-01	   5.2596937e-01	   5.5546659e-01	   5.0416841e-01	   5.3150113e-01	   4.9319775e-01	   4.6303763e-01	   4.9603556e-01	   4.7241352e-01	   4.5454807e-01	   4.2853375e-01	   4.1777884e-01	   4.0276378e-01	   3.5613538e-01	   3.2661579e-01	   3.2442006e-01	   2.9445645e-01	
   0.0000000e+00	             NaN	             NaN	             NaN	             NaN	             NaN	             NaN	   1.0244249e+00	   8.4439292e-01	   8.2633058e-01	   7.4922676e-01	   7.0929026e-01	   6.3320387e-01	   5.8767602e-01	   5.5027305e-01	   5.7083313e-01	   5.5218244e-01	   5.1942885e-01	   5.2468968e-01	   5.4199669e-01	   5.0034147e-01	   4.8470065e-01	   4.9261130e-01	   4.6678664e-01	   4.6980081e-01	   4.6800889e-01	   4.4877529e-01	   4.1680819e-01	   3.8074572e-01	   3.7307538e-01	   3.3085846e-01	   3.1051033e-01	   2.7001440e-01	
   0.0000000e+00	   0.0000000e+00	             NaN	             NaN	             NaN	             NaN	             NaN	   1.0124930e+00	   7.8829377e-01	   7.4589828e-01	   7.0236730e-01	   6.6514657e-01	   5.3795390e-01	   5.4718240e-01	   5.7714486e-01	   5.4933860e-01	   5.0378250e-01	   5.3731059e-01	   5.0132414e-01	   4.8136724e-01	   4.7454438e-01	   4.6968184e-01	   4.6003246e-01	   4.5396602e-01	   4.4086172e-01	   4.5690206e-01	   4.0716029e-01	   4.1533013e-01	   3.7710432e-01	   3.5614944e-01	   3.2475701e-01	   2.9895146e-01	   2.6707257e-01	
   0.0000000e+00	   0.0000000e+00	             NaN	             NaN	             NaN	             NaN	             NaN	   1.0050494e+00	   8.0707292e-01	   7.6903638e-01	   6.6399116e-01	   5.9953509e-01	   5.9762719e-01	   5.5119712e-01	   5.2999218e-01	   5.3210837e-01	   5.4388389e-01	   5.0344000e-01	   5.0777682e-01	   4.6378560e-01	   4.9334116e-01	   4.6250340e-01	   4.7436853e-01	   4.4161022e-01	   4.3601105e-01	   4.1060357e-01	   3.9266754e-01	   3.9479146e-01	   3.6762113e-01	   3.3260547e-01	   3.2515797e-01	   3.0534054e-01	   2.5785737e-01	
   0.0000000e+00	   0.0000000e+00	             NaN	             NaN	             NaN	             NaN	             NaN	   8.4145267e-01	   7.6482030e-01	   7.3525796e-01	   6.4047380e-01	   6.4919112e-01	   5.5115719e-01	   5.7869171e-01	   5.4222529e-01	   4.9312152e-01	   5.2062082e-01	   4.8030497e-01	   4.5895660e-01	   4.5767768e-01	   4.6553826e-01	   4.7985391e-01	   4.2197361e-01	   4.1858236e-01	   4.3563037e-01	   4.1304469e-01	   4.1624153e-01	   3.5948123e-01	   3.5018193e-01	   3.4202864e-01	   2.9575489e-01	   2.8416585e-01	   2.8620875e-01	
   0.0000000e+00	   0.0000000e+00	             NaN	             NaN	             NaN	             NaN	             NaN	             NaN	   8.1218272e-01	   7.6643028e-01	   6.0605985e-01	   5.9203047e-01	   5.5352961e-01	   5.5258756e-01	   4.9439387e-01	   4.9029683e-01	   4.9916905e-01	   4.3588520e-01	   4.5207547e-01	   4.5341641e-01	   4.3282888e-01	   4.5423024e-01	   3.9595095e-01	   3.9205572e-01	   4.0471249e-01	   3.7859359e-01	   3.7802559e-01	   3.5622921e-01	   3.3457309e-01	   3.0766704e-01	   2.9886438e-01	   2.8036478e-01	   2.5692356e-01	
   0.0000000e+00	   0.0000000e+00	             NaN	             NaN	             NaN	             NaN	             NaN	             NaN	   7.8358066e-01	   7.0519345e-01	   6.4429685e-01	   5.2677470e-01	   5.6049936e-01	   5.2488758e-01	   5.0170973e-01	   4.8829674e-01	   4.8456345e-01	   4.4754542e-01	   4.8033269e-01	   4.4913941e-01	   4.2798942e-01	   4.3746216e-01	   4.1320939e-01	   3.7429175e-01	   3.9917315e-01	   3.7299106e-01	   3.4981079e-01	   3.4272486e-01	   3.0515809e-01	   2.9516936e-01	   3.0659023e-01	   2.7660587e-01	   2.6430472e-01	
   0.0000000e+00	   0.0000000e+00	   0.0000000e+00	             NaN	             NaN	             NaN	             NaN	             NaN	   7.9611069e-01	   7.6746298e-01	   6.4475690e-01	   5.8780492e-01	   5.6373276e-01	   5.3189474e-01	   4.9557949e-01	   4.6056993e-01	   4.6400988e-01	   4.4628699e-01	   4.0388216e-01	   4.1510144e-01	   4.1055739e-01	   4.0026225e-01	   3.7121732e-01	   3.8864675e-01	   3.8962615e-01	   3.8359390e-01	   3.4879026e-01	   3.5855434e-01	   3.2126730e-01	   3.1762628e-01	   2.9596343e-01	   2.8534607e-01	   2.6138034e-01	
   0.0000000e+00	   0.0000000e+00	   0.0000000e+00	             NaN	             NaN	             NaN	             NaN	             NaN	   8.3908294e-01	   6.8229285e-01	   6.5708485e-01	   5.8479701e-01	   4.9754240e-01	   4.9727052e-01	   4.0100622e-01	   4.3311928e-01	   4.2041342e-01	   4.4648743e-01	   4.1768248e-01	   4.2240156e-01	   4.1664964e-01	   3.9641039e-01	   3.7689198e-01	   4.0160572e-01	   3.6823406e-01	   3.6453671e-01	   3.6248117e-01	   3.2594913e-01	   3.1553348e-01	   2.7402543e-01	   2.9761509e-01	   2.6358085e-01	   2.3953127e-01	
   0.0000000e+00	   0.0000000e+00	   0.0000000e+00	             NaN	             NaN	             NaN	             NaN	             NaN	   7.1147551e-01	   6.7843387e-01	   6.2153163e-01	   5.6381641e-01	   5.2762820e-01	   4.8173615e-01	   4.9229543e-01	   4.3555642e-01	   4.2756375e-01	   4.5737433e-01	   4.1168743e-01	   4.1089379e-01	   4.0712363e-01	   3.7431449e-01	   4.0133679e-01	   3.8688181e-01	   3.6154022e-01	   3.5325385e-01	   3.5718839e-01	   3.1126843e-01	   3.0311279e-01	   2.9918143e-01	   2.8194558e-01	   2.5583737e-01	   2.7454088e-01	
   0.0000000e+00	   0.0000000e+00	   0.0000000e+00	             NaN	             NaN	             NaN	             NaN	             NaN	   7.2543113e-01	   6.7678176e-01	   5.9923116e-01	   5.6324866e-01	   4.9757829e-01	   4.6816213e-01	   4.5326313e-01	   4.4727945e-01	   4.0768321e-01	   4.1928220e-01	   4.0462762e-01	   3.9312728e-01	   3.7408703e-01	   3.6867406e-01	   3.6345021e-01	   3.8043933e-01	   3.4650428e-01	   3.5208687e-01	   3.2854665e-01	   3.2531548e-01	   3.0372833e-01	   2.8512427e-01	   2.7739472e-01	   2.6475827e-01	   2.3949341e-01	
   0.0000000e+00	   0.0000000e+00	   0.0000000e+00	             NaN	             NaN	             NaN	             NaN	             NaN	             NaN	   6.9023494e-01	   6.0911497e-01	   5.5628782e-01	   4.8422435e-01	   4.6345709e-01	   4.4657335e-01	   4.2448181e-01	   4.1416780e-01	   4.0098005e-01	   3.3910233e-01	   3.7547142e-01	   3.6195602e-01	   3.5675204e-01	   3.3071479e-01	   3.5473492e-01	   3.4455121e-01	   3.1016537e-01	   3.1913773e-01	   2.9015031e-01	   2.8442165e-01	   2.7400555e-01	   2.5562652e-01	   2.4415842e-01	   2.2593710e-01	
   0.0000000e+00	   0.0000000e+00	   0.0000000e+00	   0.0000000e+00	             NaN	             NaN	             NaN	             NaN	             NaN	   6.5209305e-01	   6.1589741e-01	   5.6574449e-01	   5.0431329e-01	   4.1393695e-01	   4.6063144e-01	   3.9811544e-01	   3.8508897e-01	   3.8621142e-01	   3.7726703e-01	   3.8042802e-01	   3.5013997e-01	   3.2525375e-01	   3.2014998e-01	   3.2467070e-01	   3.3880726e-01	   3.2102851e-01	   3.3052285e-01	   3.1735104e-01	   2.7286450e-01	   2.7858615e-01	   2.7482586e-01	   2.4193992e-01	   2.2962581e-01	
   0.0000000e+00	   0.0000000e+00	   0.0000000e+00	   0.0000000e+00	             NaN	             NaN	             NaN	             NaN	             NaN	   6.5142397e-01	   6.1304440e-01	   5.0524903e-01	   5.4401475e-01	   4.1279058e-01	   4.4639882e-01	   4.2494327e-01	   3.7729543e-01	   3.9908004e-01	   3.7832284e-01	   3.8006575e-01	   3.2969864e-01	   3.3332349e-01	   3.3804038e-01	   3.0043567e-01	   3.0108508e-01	   3.0711032e-01	   3.0106606e-01	   2.9572403e-01	   2.7784369e-01	   2.6815643e-01	   2.2798160e-01	   2.4462749e-01	   2.3732155e-01	
   0.0000000e+00	   0.0000000e+00	   0.0000000e+00	   0.0000000e+00	             NaN	             NaN	             NaN	             NaN	             NaN	   6.2899636e-01	   5.8986172e-01	   5.2264573e-01	   4.5068036e-01	   4.4758911e-01	   3.8361656e-01	   3.8313056e-01	   3.4905571e-01	   3.6421557e-01	   3.6349976e-01	   3.4752086e-01	   3.3965093e-01	   3.4289748e-01	   3.0640506e-01	   2.9821517e-01	   3.0231080e-01	   3.1380681e-01	   3.0308114e-01	   2.6014911e-01	   2.8367651e-01	   2.3152969e-01	   2.3469770e-01	   2.3847145e-01	   2.1690877e-01	
   0.0000000e+00	   0.0000000e+00	   0.0000000e+00	   0.0000000e+00	             NaN	             NaN	             NaN	             NaN	             NaN	   6.5745537e-01	   5.2888641e-01	   5.0787883e-01	   4.6207942e-01	   4.2516982e-01	   3.9409849e-01	   3.7694219e-01	   3.4702201e-01	   3.5467203e-01	   3.5157053e-01	   3.3498041e-01	   3.2374882e-01	   3.2822854e-01	   3.2004405e-01	   3.1982255e-01	   2.8172116e-01	   2.7696455e-01	   2.8720605e-01	   2.7488267e-01	   2.5124733e-01	   2.3794806e-01	   2.4553163e-01	   2.1865964e-01	   2.0494473e-01	
   0.0000000e+00	   0.0000000e+00	   0.0000000e+00	   0.0000000e+00	             NaN	             NaN	             NaN	             NaN	             NaN	             NaN	   5.9021846e-01	   4.8836160e-01	   4.3797010e-01	   4.2143685e-01	   3.9194388e-01	   3.8212099e-01	   3.3833122e-01	   3.2069091e-01	   3.4148041e-01	   3.6121222e-01	   3.1870716e-01	   3.1662505e-01	   2.8839962e-01	   2.8962030e-01	   2.8818415e-01	   2.5896251e-01	   2.7942034e-01	   2.6432562e-01	   2.4454786e-01	   2.5257169e-01	   2.2422068e-01	   2.1436162e-01	   2.1218793e-01	
   0.0000000e+00	   0.0000000e+00	   0.0000000e+00	   0.0000000e+00	             NaN	             NaN	             NaN	             NaN	             NaN	             NaN	   5.9642014e-01	   5.5602785e-01	   4.7145620e-01	   3.8617206e-01	   3.9338537e-01	   3.2881837e-01	   3.7692628e-01	   3.3218110e-01	   3.2238546e-01	   3.0488083e-01	   3.1631963e-01	   3.0175935e-01	   2.9455694e-01	   2.8105015e-01	   2.9500827e-01	   2.7021705e-01	   2.6228366e-01	   2.7823085e-01	   2.4844307e-01	   2.3257008e-01	   2.2156119e-01	   2.0332378e-01	   1.9518624e-01	
   0.0000000e+00	   0.0000000e+00	   0.0000000e+00	   0.0000000e+00	   0.0000000e+00	             NaN	             NaN	             NaN	             NaN	             NaN	   6.3632697e-01	   5.1564864e-01	   4.5583540e-01	   3.7568208e-01	   3.7244638e-01	   3.7065832e-01	   3.4869146e-01	   2.9419872e-01	   3.2812031e-01	   3.2395585e-01	   3.0054048e-01	   3.0442224e-01	   3.1121408e-01	   2.8494341e-01	   3.1146561e-01	   2.6396544e-01	   2.5276644e-01	   2.5258017e-01	   2.5018787e-01	   2.1986869e-01	   2.0940620e-01	   2.0776418e-01	   1.9463063e-01	
   0.0000000e+00	   0.0000000e+00	   0.0000000e+00	   0.0000000e+00	   0.0000000e+00	             NaN	             NaN	             NaN	             NaN	             NaN	   5.7623526e-01	   5.0926273e-01	   4.5754284e-01	   3.7881739e-01	   3.5301919e-01	   3.3856449e-01	   2.8991725e-01	   3.0160820e-01	   3.0156777e-01	   3.0047389e-01	   3.0339048e-01	   2.8221283e-01	   2.6737985e-01	   2.6711860e-01	   2.8184899e-01	   2.5660431e-01	   2.3979111e-01	   2.2290208e-01	   2.6060475e-01	   2.3998691e-01	   2.2257784e-01	   1.8584675e-01	   1.9448607e-01	
   0.0000000e+00	   0.0000000e+00	   0.0000000e+00	   0.0000000e+00	   0.0000000e+00	             NaN	             NaN	             NaN	             NaN	             NaN	   6.4455515e-01	   4.7794522e-01	   4.2573707e-01	   4.0652191e-01	   3.6050459e-01	   3.6835169e-01	   3.0667068e-01	   3.1562975e-01	   2.9790513e-01	   3.1779467e-01	   2.6746994e-01	   2.9243745e-01	   2.5848696e-01	   2.5735582e-01	   2.6150508e-01	   2.4283316e-01	   2.3384213e-01	   2.4146722e-01	   1.9614664e-01	   2.1462106e-01	   1.9006463e-01	   1.8485947e-01	   1.8531843e-01	
   0.0000000e+00	   0.0000000e+00	   0.0000000e+00	   0.0000000e+00	   0.0000000e+00	             NaN	             NaN	             NaN	             NaN	             NaN	             NaN	   5.4538987e-01	   3.9227736e-01	   3.8330098e-01	   3.8044578e-01	   3.2779603e-01	   3.3264742e-01	   3.0582480e-01	   3.0067216e-01	   2.8656741e-01	   2.7078937e-01	   2.6811120e-01	   2.7700894e-01	   2.6734651e-01	   2.6559161e-01	   2.3371192e-01	   2.3011456e-01	   2.2460224e-01	   2.3479713e-01	   2.1507830e-01	   1.9133256e-01	   1.7181490e-01	   1.9241644e-01	
   0.0000000e+00	   0.0000000e+00	   0.0000000e+00	   0.0000000e+00	   0.0000000e+00	             NaN	             NaN	             NaN	             NaN	             NaN	             NaN	   5.4705671e-01	   4.0853529e-01	   4.3354193e-01	   3.4354796e-01	   3.1233778e-01	   3.0925671e-01	   3.0558858e-01	   2.7546826e-01	   2.9519271e-01	   2.9316098e-01	   2.7270425e-01	   2.5837562e-01	   2.5989881e-01	   2.2899576e-01	   2.4424668e-01	   2.4049433e-01	   2.1721540e-01	   2.2457203e-01	   2.0023882e-01	   1.8931711e-01	   1.7358159e-01	   1.7016228e-01	
   0.0000000e+00	   0.0000000e+00	   0.0000000e+00	   0.0000000e+00	   0.0000000e+00	   0.0000000e+00	             NaN	             NaN	             NaN	             NaN	             NaN	   5.4463153e-01	   4.1443308e-01	   3.8595538e-01	   3.3538868e-01	   3.2707269e-01	   2.9333919e-01	   2.6845011e-01	   2.5887115e-01	   2.6186157e-01	   2.9460842e-01	   2.5076437e-01	   2.4637417e-01	   2.5155400e-01	   2.4048611e-01	   2.0407501e-01	   2.2281462e-01	   1.9586479e-01	   1.9710641e-01	   1.8074294e-01	   2.0287034e-01	   1.7317519e-01	   1.7005703e-01	
   0.0000000e+00	   0.0000000e+00	   0.0000000e+00	   0.0000000e+00	   0.0000000e+00	   0.0000000e+00	             NaN	             NaN	             NaN	             NaN	             NaN	   5.0997780e-01	   4.6843840e-01	   4.2862006e-01	   3.8443083e-01	   2.8871467e-01	   3.3145681e-01	   2.6576567e-01	   2.1209676e-01	   2.4296528e-01	   2.6393999e-01	   2.4041363e-01	   2.2512753e-01	   2.2149948e-01	   2.3396675e-01	   2.0889898e-01	   2.1177808e-01	   2.0001481e-01	   1.9482642e-01	   2.1580395e-01	   2.0125373e-01	   1.8364162e-01	   1.6260770e-01	
   0.0000000e+00	   0.0000000e+00	   0.0000000e+00	   0.0000000e+00	   0.0000000e+00	   0.0000000e+00	             NaN	             NaN	             NaN	             NaN	             NaN	   5.6387885e-01	   4.6164290e-01	   4.2755870e-01	   3.5525594e-01	   3.0217732e-01	   3.2070443e-01	   2.8517393e-01	   3.0247207e-01	   2.4003836e-01	   2.5810129e-01	   2.4788180e-01	   2.3719430e-01	   2.4761224e-01	   2.3137531e-01	   2.0636079e-01	   1.9656267e-01	   2.0635584e-01	   1.8592970e-01	   2.0010463e-01	   1.8243143e-01	   1.8024885e-01	   1.5670009e-01	
   0.0000000e+00	   0.0000000e+00	   0.0000000e+00	   0.0000000e+00	   0.0000000e+00	   0.0000000e+00	             NaN	             NaN	             NaN	             NaN	             NaN	             NaN	   4.2375559e-01	   3.4682193e-01	   3.5458904e-01	   2.7178238e-01	   2.9220662e-01	   2.8900150e-01	   2.3450258e-01	   2.3765582e-01	   2.4556285e-01	   2.2564114e-01	   2.3256211e-01	   2.0458160e-01	   2.5188714e-01	   2.1258670e-01	   1.9723740e-01	   1.9576595e-01	   1.9487918e-01	   1.7930203e-01	   1.5131884e-01	   1.5228142e-01	   1.6000917e-01	
   0.0000000e+00	   0.0000000e+00	   0.0000000e+00	   0.0000000e+00	   0.0000000e+00	   0.0000000e+00	             NaN	             NaN	             NaN	             NaN	             NaN	             NaN	   4.1999989e-01	   3.6355390e-01	   3.1120232e-01	   3.2733802e-01	   3.0837811e-01	   2.4290196e-01	   2.6951249e-01	   2.6624525e-01	   2.3745328e-01	   2.4087918e-01	   2.0963068e-01	   2.0473102e-01	   2.1691056e-01	   1.9549311e-01	   2.0763693e-01	   1.8804439e-01	   1.9423037e-01	   1.7759876e-01	   1.6437359e-01	   1.5569940e-01	   1.4608984e-01	
   0.0000000e+00	   0.0000000e+00	   0.0000000e+00	   0.0000000e+00	   0.0000000e+00	   0.0000000e+00	   0.0000000e+00	             NaN	             NaN	             NaN	             NaN	             NaN	   4.6935901e-01	   3.6557814e-01	   3.1636718e-01	   3.0390989e-01	   2.9054315e-01	   2.7430594e-01	   2.6667458e-01	   2.7201331e-01	   2.2728386e-01	   2.2837819e-01	   2.0243627e-01	   2.2429451e-01	   2.1938931e-01	   2.1173763e-01	   2.1657260e-01	   1.9646230e-01	   1.8860766e-01	   1.6672303e-01	   1.6204176e-01	   1.4070981e-01	   1.5232393e-01	
   0.0000000e+00	   0.0000000e+00	   0.0000000e+00	   0.0000000e+00	   0.0000000e+00	   0.0000000e+00	   0.0000000e+00	             NaN	             NaN	             NaN	             NaN	             NaN	   4.8705197e-01	   3.4564257e-01	   3.5151220e-01	   2.6437458e-01	   2.5558815e-01	   2.4811443e-01	   2.4588318e-01	   2.2118137e-01	   2.3801578e-01	   2.4306133e-01	   2.0639886e-01	   1.9245988e-01	   1.9300359e-01	   2.0387289e-01	   1.8709209e-01	   1.9093466e-01	   1.9445512e-01	   1.6702419e-01	   1.4950704e-01	   1.3661062e-01	   1.5022758e-01	
   0.0000000e+00	   0.0000000e+00	   0.0000000e+00	   0.0000000e+00	   0.0000000e+00	   0.0000000e+00	   0.0000000e+00	             NaN	             NaN	             NaN	             NaN	             NaN	   4.8702678e-01	   3.6872701e-01	   3.6282243e-01	   3.0412507e-01	   2.8423179e-01	   2.9471757e-01	   2.5033897e-01	   2.3125543e-01	   2.1080870e-01	   2.4067840e-01	   2.2354273e-01	   1.7908277e-01	   1.9820678e-01	   1.8460494e-01	   1.9965976e-01	   1.8278264e-01	   1.6928526e-01	   1.6219873e-01	   1.5874167e-01	   1.4201095e-01	   1.4927584e-01	
   0.0000000e+00	   0.0000000e+00	   0.0000000e+00	   0.0000000e+00	   0.0000000e+00	   0.0000000e+00	   0.0000000e+00	             NaN	             NaN	             NaN	             NaN	             NaN	             NaN	   3.8220492e-01	   3.3648541e-01	   2.9373527e-01	   2.9096408e-01	   2.1834366e-01	   2.5165112e-01	   2.2331907e-01	   2.1766056e-01	   2.1654890e-01	   2.0633552e-01	   1.9844866e-01	   1.9047441e-01	   2.1072174e-01	   1.8765439e-01	   1.8384862e-01	   1.5966321e-01	   1.6467317e-01	   1.5113478e-01	   1.4274493e-01	   1.3288866e-01	
   0.0000000e+00	   0.0000000e+00	   0.0000000e+00	   0.0000000e+00	   0.0000000e+00	   0.0000000e+00	   0.0000000e+00	             NaN	             NaN	             NaN	             NaN	             NaN	             NaN	   4.5729751e-01	   3.4632559e-01	   2.8142627e-01	   2.5953579e-01	   2.4151309e-01	   2.2806648e-01	   2.4079509e-01	   2.1591396e-01	   2.3086883e-01	   1.8908856e-01	   1.9805765e-01	   1.9221263e-01	   1.7905213e-01	   1.7478998e-01	   1.7256666e-01	   1.7186378e-01	   1.3499266e-01	   1.3854993e-01	   1.0980007e-01	   1.1913151e-01	
   0.0000000e+00	   0.0000000e+00	   0.0000000e+00	   0.0000000e+00	   0.0000000e+00	   0.0000000e+00	   0.0000000e+00	   0.0000000e+00	             NaN	             NaN	             NaN	             NaN	             NaN	   4.1919746e-01	   2.9207790e-01	   3.1731313e-01	   2.5871063e-01	   2.7161426e-01	   2.2707762e-01	   2.1591527e-01	   2.0289994e-01	   1.7888136e-01	   1.9021118e-01	   1.8706282e-01	   1.8787064e-01	   1.7439190e-01	   1.5784069e-01	   1.8392866e-01	   1.7172347e-01	   1.5322141e-01	   1.4282410e-01	   1.3241566e-01	   1.3223626e-01	
   0.0000000e+00	   0.0000000e+00	   0.0000000e+00	   0.0000000e+00	   0.0000000e+00	   0.0000000e+00	   0.0000000e+00	   0.0000000e+00	             NaN	             NaN	             NaN	             NaN	             NaN	   5.2968294e-01	   3.9119845e-01	   2.9279270e-01	   2.7994006e-01	   2.4117833e-01	   2.4017040e-01	   2.2641857e-01	   2.0852562e-01	   2.0416494e-01	   1.9060198e-01	   1.9408881e-01	   1.9548179e-01	   1.7577619e-01	   1.8566488e-01	   1.6616821e-01	   1.5394435e-01	   1.6830333e-01	   1.4772370e-01	   1.4047327e-01	   1.3799565e-01	
   0.0000000e+00	   0.0000000e+00	   0.0000000e+00	   0.0000000e+00	   0.0000000e+00	   0.0000000e+00	   0.0000000e+00	   0.0000000e+00	             NaN	             NaN	             NaN	             NaN	             NaN	   5.1294514e-01	   3.7294494e-01	   2.9262318e-01	   2.6042799e-01	   2.4468833e-01	   2.2656737e-01	   1.8631919e-01	   1.9244504e-01	   1.8447704e-01	   1.8406201e-01	   1.9641340e-01	   1.7774328e-01	   1.6068352e-01	   1.4822420e-01	   1.3251267e-01	   1.5217986e-01	   1.4470899e-01	   1.4922269e-01	   1.3432754e-01	   1.2576933e-01	
   0.0000000e+00	   0.0000000e+00	   0.0000000e+00	   0.0000000e+00	   0.0000000e+00	   0.0000000e+00	   0.0000000e+00	   0.0000000e+00	             NaN	             NaN	             NaN	             NaN	             NaN	             NaN	   3.4031039e-01	   2.9830873e-01	   3.2955026e-01	   2.4851926e-01	   2.3691104e-01	   2.3209515e-01	   2.1664741e-01	   1.7165321e-01	   1.7984212e-01	   1.6895620e-01	   1.4789837e-01	   1.6960333e-01	   1.6800842e-01	   1.7706404e-01	   1.6212037e-01	   1.3615649e-01	   1.3030543e-01	   1.0469653e-01	   1.2278706e-01	
   0.0000000e+00	   0.0000000e+00	   0.0000000e+00	   0.0000000e+00	   0.0000000e+00	   0.0000000e+00	   0.0000000e+00	   0.0000000e+00	             NaN	             NaN	             NaN	             NaN	             NaN	             NaN	   3.7555369e-01	   3.1123139e-01	   2.6326742e-01	   2.4206279e-01	   2.2727178e-01	   2.2886446e-01	   2.4668848e-01	   1.8414443e-01	   1.5773585e-01	   1.9258998e-01	   1.6362274e-01	   1.7445456e-01	   1.3610957e-01	   1.4780549e-01	   1.6855740e-01	   1.5580376e-01	   1.4955332e-01	   1.3176153e-01	   1.2149178e-01	
   0.0000000e+00	   0.0000000e+00	   0.0000000e+00	   0.0000000e+00	   0.0000000e+00	   0.0000000e+00	   0.0000000e+00	   0.0000000e+00	   0.0000000e+00	             NaN	             NaN	             NaN	             NaN	             NaN	   4.6235421e-01	   3.1285364e-01	   2.9402748e-01	   2.4180907e-01	   2.3904096e-01	   1.9995541e-01	   2.1537936e-01	   1.9665406e-01	   1.8384352e-01	   1.5476865e-01	   1.6265040e-01	   1.5740661e-01	   1.5957338e-01	   1.5821814e-01	   1.4514367e-01	   1.3887953e-01	   1.4523701e-01	   1.1940429e-01	   1.1826973e-01	
   0.0000000e+00	   0.0000000e+00	   0.0000000e+00	   0.0000000e+00	   0.0000000e+00	   0.0000000e+00	   0.0000000e+00	   0.0000000e+00	   0.0000000e+00	             NaN	             NaN	             NaN	             NaN	             NaN	   4.5653762e-01	   3.8580652e-01	   2.5514873e-01	   1.8839252e-01	   2.2489530e-01	   1.7726810e-01	   1.9348342e-01	   1.9678145e-01	   1.8867310e-01	   1.5700283e-01	   1.4745868e-01	   1.7530821e-01	   1.3164649e-01	   1.3390155e-01	   1.5859237e-01	   1.2736663e-01	   1.2836265e-01	   1.2232562e-01	   9.7316965e-02	
   0.0000000e+00	   0.0000000e+00	   0.0000000e+00	   0.0000000e+00	   0.0000000e+00	   0.0000000e+00	   0.0000000e+00	   0.0000000e+00	   0.0000000e+00	             NaN	             NaN	             NaN	             NaN	             NaN	   4.7790361e-01	   2.9880829e-01	   2.2165788e-01	   2.3939032e-01	   1.8008251e-01	   2.0537929e-01	   2.1815589e-01	   1.9729373e-01	   1.8002899e-01	   1.8407705e-01	   1.7343905e-01	   1.6853218e-01	   1.3999736e-01	   1.3119462e-01	   1.5452800e-01	   1.4838766e-01	   1.2703620e-01	   1.1736952e-01	   9.5833841e-02	
   0.0000000e+00	   0.0000000e+00	   0.0000000e+00	   0.0000000e+00	   0.0000000e+00	   0.0000000e+00	   0.0000000e+00	   0.0000000e+00	   0.0000000e+00	             NaN	             NaN	             NaN	             NaN	             NaN	             NaN	   3.6601976e-01	   2.8047252e-01	   2.3703660e-01	   2.3361520e-01	   2.1249886e-01	   1.9597210e-01	   1.7395132e-01	   1.7827873e-01	   1.7683448e-01	   1.4879918e-01	   1.7414153e-01	   1.4758570e-01	   1.3587020e-01	   1.3005983e-01	   1.1534240e-01	   1.2759426e-01	   1.1306262e-01	   1.0764894e-01	
   0.0000000e+00	   0.0000000e+00	   0.0000000e+00	   0.0000000e+00	   0.0000000e+00	   0.0000000e+00	   0.0000000e+00	   0.0000000e+00	   0.0000000e+00	             NaN	             NaN	             NaN	             NaN	             NaN	             NaN	   3.7223467e-01	   2.8159959e-01	   2.1174048e-01	   2.3120770e-01	   2.0917514e-01	   1.8096773e-01	   1.7692158e-01	   1.5625261e-01	   1.9129580e-01	   1.6867770e-01	   1.3818255e-01	   1.4841061e-01	   1.3004147e-01	   1.4026490e-01	   1.2250240e-01	   1.3162613e-01	   1.0552937e-01	   1.1497622e-01	
   0.0000000e+00	   0.0000000e+00	   0.0000000e+00	   0.0000000e+00	   0.0000000e+00	   0.0000000e+00	   0.0000000e+00	   0.0000000e+00	   0.0000000e+00	   0.0000000e+00	             NaN	             NaN	             NaN	             NaN	             NaN	   4.3321046e-01	   2.5312594e-01	   2.5097987e-01	   2.1683955e-01	   2.2060360e-01	   2.0313238e-01	   1.7352490e-01	   1.4625149e-01	   1.9184861e-01	   1.8202523e-01	   1.3769749e-01	   1.4781862e-01	   1.5790847e-01	   1.0292210e-01	   1.2620710e-01	   1.2056073e-01	   1.0707802e-01	   8.6213859e-02	
