  -3.0874080e+00	  -2.0389019e+00	  -2.6902097e+00	             NaN	             NaN	             NaN	             NaN	             NaN	             NaN	             NaN	             NaN	             NaN	             NaN	             NaN	   0.0000000e+00	   0.0000000e+00	   0.0000000e+00	   0.0000000e+00	   0.0000000e+00	   0.0000000e+00	   0.0000000e+00	   0.0000000e+00	   0.0000000e+00	   0.0000000e+00	   0.0000000e+00	   0.0000000e+00	   0.0000000e+00	   0.0000000e+00	   0.0000000e+00	   0.0000000e+00	   0.0000000e+00	   0.0000000e+00	   0.0000000e+00	
   3.7409950e-01	  -1.3364320e+00	  -1.3778005e+00	             NaN	             NaN	             NaN	             NaN	             NaN	             NaN	             NaN	             NaN	             NaN	             NaN	             NaN	   0.0000000e+00	   0.0000000e+00	   0.0000000e+00	   0.0000000e+00	   0.0000000e+00	   0.0000000e+00	   0.0000000e+00	   0.0000000e+00	   0.0000000e+00	   0.0000000e+00	   0.0000000e+00	   0.0000000e+00	   0.0000000e+00	   0.0000000e+00	   0.0000000e+00	   0.0000000e+00	   0.0000000e+00	   0.0000000e+00	   0.0000000e+00	
   2.5186784e+00	  -1.3256487e+00	  -1.4405412e+00	             NaN	             NaN	             NaN	             NaN	             NaN	             NaN	             NaN	             NaN	             NaN	             NaN	             NaN	   0.0000000e+00	   0.0000000e+00	   0.0000000e+00	   0.0000000e+00	   0.0000000e+00	   0.0000000e+00	   0.0000000e+00	   0.0000000e+00	   0.0000000e+00	   0.0000000e+00	   0.0000000e+00	   0.0000000e+00	   0.0000000e+00	   0.0000000e+00	   0.0000000e+00	   0.0000000e+00	   0.0000000e+00	   0.0000000e+00	   0.0000000e+00	
  -3.5541368e-02	   6.2623696e-01	   8.7200900e-01	   1.0640685e+00	             NaN	             NaN	             NaN	             NaN	             NaN	             NaN	             NaN	             NaN	             NaN	             NaN	             NaN	   0.0000000e+00	   0.0000000e+00	   0.0000000e+00	   0.0000000e+00	   0.0000000e+00	   0.0000000e+00	   0.0000000e+00	   0.0000000e+00	   0.0000000e+00	   0.0000000e+00	   0.0000000e+00	   0.0000000e+00	   0.0000000e+00	   0.0000000e+00	   0.0000000e+00	   0.0000000e+00	   0.0000000e+00	   0.0000000e+00	
   1.1877499e+00	   4.1876530e-01	   4.0661702e-01	   1.7257080e+00	             NaN	             NaN	             NaN	             NaN	             NaN	             NaN	             NaN	             NaN	             NaN	             NaN	             NaN	   0.0000000e+00	   0.0000000e+00	   0.0000000e+00	   0.0000000e+00	   0.0000000e+00	   0.0000000e+00	   0.0000000e+00	   0.0000000e+00	   0.0000000e+00	   0.0000000e+00	   0.0000000e+00	   0.0000000e+00	   0.0000000e+00	   0.0000000e+00	   0.0000000e+00	   0.0000000e+00	   0.0000000e+00	   0.0000000e+00	
   2.7393563e+00	   6.1667880e-01	   1.4726192e+00	   2.8630197e+00	   3.9995333e+00	             NaN	             NaN	             NaN	             NaN	             NaN	             NaN	             NaN	             NaN	             NaN	             NaN	             NaN	   0.0000000e+00	   0.0000000e+00	   0.0000000e+00	   0.0000000e+00	   0.0000000e+00	   0.0000000e+00	   0.0000000e+00	   0.0000000e+00	   0.0000000e+00	   0.0000000e+00	   0.0000000e+00	   0.0000000e+00	   0.0000000e+00	   0.0000000e+00	   0.0000000e+00	   0.0000000e+00	   0.0000000e+00	
   2.3740438e+00	   1.5057085e+00	   3.1790197e+00	   3.5961752e+00	   4.6534108e+00	             NaN	             NaN	             NaN	             NaN	             NaN	             NaN	             NaN	             NaN	             NaN	             NaN	             NaN	   0.0000000e+00	   0.0000000e+00	   0.0000000e+00	   0.0000000e+00	   0.0000000e+00	   0.0000000e+00	   0.0000000e+00	   0.0000000e+00	   0.0000000e+00	   0.0000000e+00	   0.0000000e+00	   0.0000000e+00	   0.0000000e+00	   0.0000000e+00	   0.0000000e+00	   0.0000000e+00	   0.0000000e+00	
   2.6443914e+00	   2.7136794e+00	   2.4054349e+00	   3.4073646e+00	   4.5678667e+00	             NaN	             NaN	             NaN	             NaN	             NaN	             NaN	             NaN	             NaN	             NaN	             NaN	             NaN	   0.0000000e+00	   0.0000000e+00	   0.0000000e+00	   0.0000000e+00	   0.0000000e+00	   0.0000000e+00	   0.0000000e+00	   0.0000000e+00	   0.0000000e+00	   0.0000000e+00	   0.0000000e+00	   0.0000000e+00	   0.0000000e+00	   0.0000000e+00	   0.0000000e+00	   0.0000000e+00	   0.0000000e+00	
   2.2074265e+00	   2.6891638e+00	   1.6504398e+00	   3.7312248e+00	   4.8589340e+00	   5.9123691e+00	             NaN	             NaN	             NaN	             NaN	             NaN	             NaN	             NaN	             NaN	             NaN	             NaN	             NaN	   0.0000000e+00	   0.0000000e+00	   0.0000000e+00	   0.0000000e+00	   0.0000000e+00	   0.0000000e+00	   0.0000000e+00	   0.0000000e+00	   0.0000000e+00	   0.0000000e+00	   0.0000000e+00	   0.0000000e+00	   0.0000000e+00	   0.0000000e+00	   0.0000000e+00	   0.0000000e+00	
   2.9006420e+00	   3.0817819e+00	   3.6205717e+00	   4.0651084e+00	   5.2678751e+00	   5.8430326e+00	             NaN	             NaN	             NaN	             NaN	             NaN	             NaN	             NaN	             NaN	             NaN	             NaN	             NaN	   0.0000000e+00	   0.0000000e+00	   0.0000000e+00	   0.0000000e+00	   0.0000000e+00	   0.0000000e+00	   0.0000000e+00	   0.0000000e+00	   0.0000000e+00	   0.0000000e+00	   0.0000000e+00	   0.0000000e+00	   0.0000000e+00	   0.0000000e+00	   0.0000000e+00	   0.0000000e+00	
   3.1004462e+00	   2.4541344e+00	   3.7748953e+00	   4.4149240e+00	   5.3937032e+00	   5.9035215e+00	   6.1419908e+00	             NaN	             NaN	             NaN	             NaN	             NaN	             NaN	             NaN	             NaN	             NaN	             NaN	             NaN	   0.0000000e+00	   0.0000000e+00	   0.0000000e+00	   0.0000000e+00	   0.0000000e+00	   0.0000000e+00	   0.0000000e+00	   0.0000000e+00	   0.0000000e+00	   0.0000000e+00	   0.0000000e+00	   0.0000000e+00	   0.0000000e+00	   0.0000000e+00	   0.0000000e+00	
   2.8174298e+00	   3.9169141e+00	   3.9905735e+00	   4.6319139e+00	   5.8055686e+00	   6.1066326e+00	   6.2704484e+00	             NaN	             NaN	             NaN	             NaN	             NaN	             NaN	             NaN	             NaN	             NaN	             NaN	             NaN	   0.0000000e+00	   0.0000000e+00	   0.0000000e+00	   0.0000000e+00	   0.0000000e+00	   0.0000000e+00	   0.0000000e+00	   0.0000000e+00	   0.0000000e+00	   0.0000000e+00	   0.0000000e+00	   0.0000000e+00	   0.0000000e+00	   0.0000000e+00	   0.0000000e+00	
   4.4154749e+00	   4.2649911e+00	   4.6388965e+00	   5.0785804e+00	   5.8536745e+00	   6.1719299e+00	   6.1837522e+00	             NaN	             NaN	             NaN	             NaN	             NaN	             NaN	             NaN	             NaN	             NaN	             NaN	             NaN	   0.0000000e+00	   0.0000000e+00	   0.0000000e+00	   0.0000000e+00	   0.0000000e+00	   0.0000000e+00	   0.0000000e+00	   0.0000000e+00	   0.0000000e+00	   0.0000000e+00	   0.0000000e+00	   0.0000000e+00	   0.0000000e+00	   0.0000000e+00	   0.0000000e+00	
   3.4194906e+00	   3.0836597e+00	   4.8493773e+00	   5.7615479e+00	   6.1562233e+00	   6.1509360e+00	   6.3587764e+00	   5.7722092e+00	             NaN	             NaN	             NaN	             NaN	             NaN	             NaN	             NaN	             NaN	             NaN	             NaN	             NaN	   0.0000000e+00	   0.0000000e+00	   0.0000000e+00	   0.0000000e+00	   0.0000000e+00	   0.0000000e+00	   0.0000000e+00	   0.0000000e+00	   0.0000000e+00	   0.0000000e+00	   0.0000000e+00	   0.0000000e+00	   0.0000000e+00	   0.0000000e+00	
   5.0950945e+00	   4.3687957e+00	   4.9189759e+00	   5.9756653e+00	   5.8052616e+00	   6.5113071e+00	   6.1525827e+00	   5.8038463e+00	             NaN	             NaN	             NaN	             NaN	             NaN	             NaN	             NaN	             NaN	             NaN	             NaN	             NaN	   0.0000000e+00	   0.0000000e+00	   0.0000000e+00	   0.0000000e+00	   0.0000000e+00	   0.0000000e+00	   0.0000000e+00	   0.0000000e+00	   0.0000000e+00	   0.0000000e+00	   0.0000000e+00	   0.0000000e+00	   0.0000000e+00	   0.0000000e+00	
   4.4538422e+00	   4.0251857e+00	   4.8763866e+00	   6.1446993e+00	   6.1580585e+00	   6.2707102e+00	   5.9370344e+00	   5.7997657e+00	   4.9148271e+00	             NaN	             NaN	             NaN	             NaN	             NaN	             NaN	             NaN	             NaN	             NaN	             NaN	             NaN	   0.0000000e+00	   0.0000000e+00	   0.0000000e+00	   0.0000000e+00	   0.0000000e+00	   0.0000000e+00	   0.0000000e+00	   0.0000000e+00	   0.0000000e+00	   0.0000000e+00	   0.0000000e+00	   0.0000000e+00	   0.0000000e+00	
   3.3519658e+00	   4.6396627e+00	   5.5446180e+00	   6.2423504e+00	   6.1824572e+00	   6.1286336e+00	   5.9997678e+00	   5.8067310e+00	   5.0614322e+00	             NaN	             NaN	             NaN	             NaN	             NaN	             NaN	             NaN	             NaN	             NaN	             NaN	             NaN	   0.0000000e+00	   0.0000000e+00	   0.0000000e+00	   0.0000000e+00	   0.0000000e+00	   0.0000000e+00	   0.0000000e+00	   0.0000000e+00	   0.0000000e+00	   0.0000000e+00	   0.0000000e+00	   0.0000000e+00	   0.0000000e+00	
   5.4128810e+00	   4.6927464e+00	   5.2486764e+00	   5.9312532e+00	   6.0120852e+00	   6.1433781e+00	   5.9628993e+00	   5.6698872e+00	   4.7933892e+00	             NaN	             NaN	             NaN	             NaN	             NaN	             NaN	             NaN	             NaN	             NaN	             NaN	             NaN	   0.0000000e+00	   0.0000000e+00	   0.0000000e+00	   0.0000000e+00	   0.0000000e+00	   0.0000000e+00	   0.0000000e+00	   0.0000000e+00	   0.0000000e+00	   0.0000000e+00	   0.0000000e+00	   0.0000000e+00	   0.0000000e+00	
   5.1219081e+00	   4.5923442e+00	   5.3684011e+00	   5.9229931e+00	   6.2600137e+00	   5.9331070e+00	   5.8954169e+00	   5.5243474e+00	   4.9966327e+00	   3.7067231e+00	             NaN	             NaN	             NaN	             NaN	             NaN	             NaN	             NaN	             NaN	             NaN	             NaN	             NaN	   0.0000000e+00	   0.0000000e+00	   0.0000000e+00	   0.0000000e+00	   0.0000000e+00	   0.0000000e+00	   0.0000000e+00	   0.0000000e+00	   0.0000000e+00	   0.0000000e+00	   0.0000000e+00	   0.0000000e+00	
   4.5906492e+00	   4.5229570e+00	   5.5335785e+00	   6.1026376e+00	   6.3666581e+00	   6.0757583e+00	   5.7232061e+00	   5.3416090e+00	   4.8123680e+00	   3.6870885e+00	             NaN	             NaN	             NaN	             NaN	             NaN	             NaN	             NaN	             NaN	             NaN	             NaN	             NaN	   0.0000000e+00	   0.0000000e+00	   0.0000000e+00	   0.0000000e+00	   0.0000000e+00	   0.0000000e+00	   0.0000000e+00	   0.0000000e+00	   0.0000000e+00	   0.0000000e+00	   0.0000000e+00	   0.0000000e+00	
   4.3065821e+00	   4.3777014e+00	   5.1574298e+00	   5.7254456e+00	   5.7569582e+00	   5.9791566e+00	   5.6565680e+00	   5.2903275e+00	   4.8979410e+00	   3.8081999e+00	   2.6381481e+00	             NaN	             NaN	             NaN	             NaN	             NaN	             NaN	             NaN	             NaN	             NaN	             NaN	             NaN	   0.0000000e+00	   0.0000000e+00	   0.0000000e+00	   0.0000000e+00	   0.0000000e+00	   0.0000000e+00	   0.0000000e+00	   0.0000000e+00	   0.0000000e+00	   0.0000000e+00	   0.0000000e+00	
   4.6130251e+00	   4.9484974e+00	   4.9976481e+00	   5.8446674e+00	   5.7782152e+00	   5.7132272e+00	   5.6450714e+00	   4.9634024e+00	   4.7614097e+00	   3.7283732e+00	   2.7740911e+00	             NaN	             NaN	             NaN	             NaN	             NaN	             NaN	             NaN	             NaN	             NaN	             NaN	             NaN	   0.0000000e+00	   0.0000000e+00	   0.0000000e+00	   0.0000000e+00	   0.0000000e+00	   0.0000000e+00	   0.0000000e+00	   0.0000000e+00	   0.0000000e+00	   0.0000000e+00	   0.0000000e+00	
   5.1164608e+00	   4.8284537e+00	   5.2737279e+00	   5.6807667e+00	   5.4671842e+00	   5.3253177e+00	   5.2781832e+00	   4.9915637e+00	   4.4660814e+00	   3.8770142e+00	   2.9624990e+00	             NaN	             NaN	             NaN	             NaN	             NaN	             NaN	             NaN	             NaN	             NaN	             NaN	             NaN	   0.0000000e+00	   0.0000000e+00	   0.0000000e+00	   0.0000000e+00	   0.0000000e+00	   0.0000000e+00	   0.0000000e+00	   0.0000000e+00	   0.0000000e+00	   0.0000000e+00	   0.0000000e+00	
   4.0204301e+00	   4.9240434e+00	   5.1460902e+00	   5.5825611e+00	   5.7547681e+00	   5.3862405e+00	   5.5294299e+00	   5.0063037e+00	   4.4111001e+00	   3.7013097e+00	   2.8107361e+00	   1.5886129e+00	             NaN	             NaN	             NaN	             NaN	             NaN	             NaN	             NaN	             NaN	             NaN	             NaN	             NaN	   0.0000000e+00	   0.0000000e+00	   0.0000000e+00	   0.0000000e+00	   0.0000000e+00	   0.0000000e+00	   0.0000000e+00	   0.0000000e+00	   0.0000000e+00	   0.0000000e+00	
   4.7738432e+00	   4.7017861e+00	   5.5273166e+00	   5.2079324e+00	   5.1341973e+00	   5.1837044e+00	   5.0116265e+00	   4.7272070e+00	   4.3975461e+00	   3.7668998e+00	   2.9700981e+00	   1.9695258e+00	             NaN	             NaN	             NaN	             NaN	             NaN	             NaN	             NaN	             NaN	             NaN	             NaN	             NaN	   0.0000000e+00	   0.0000000e+00	   0.0000000e+00	   0.0000000e+00	   0.0000000e+00	   0.0000000e+00	   0.0000000e+00	   0.0000000e+00	   0.0000000e+00	   0.0000000e+00	
   4.6781543e+00	   4.1424881e+00	   4.4736079e+00	   5.1563496e+00	   4.9015293e+00	   5.2826753e+00	   4.9511535e+00	   4.6642078e+00	   4.1344836e+00	   3.7235335e+00	   3.0016363e+00	   2.0471966e+00	   8.2158857e-01	             NaN	             NaN	             NaN	             NaN	             NaN	             NaN	             NaN	             NaN	             NaN	             NaN	             NaN	   0.0000000e+00	   0.0000000e+00	   0.0000000e+00	   0.0000000e+00	   0.0000000e+00	   0.0000000e+00	   0.0000000e+00	   0.0000000e+00	   0.0000000e+00	
   3.7062752e+00	   4.2089474e+00	   4.8211640e+00	   4.9513257e+00	   4.9381950e+00	   4.7071128e+00	   4.7495029e+00	   4.7487796e+00	   4.1028621e+00	   3.6228075e+00	   3.0432538e+00	   2.2625309e+00	   1.4257860e+00	             NaN	             NaN	             NaN	             NaN	             NaN	             NaN	             NaN	             NaN	             NaN	             NaN	             NaN	   0.0000000e+00	   0.0000000e+00	   0.0000000e+00	   0.0000000e+00	   0.0000000e+00	   0.0000000e+00	   0.0000000e+00	   0.0000000e+00	   0.0000000e+00	
   4.0047784e+00	   4.3207533e+00	   4.4427390e+00	   4.8927083e+00	   5.0330378e+00	   4.8581033e+00	   4.4874739e+00	   4.4516052e+00	   4.1712478e+00	   3.6116478e+00	   3.0610992e+00	   2.3691404e+00	   1.7220424e+00	             NaN	             NaN	             NaN	             NaN	             NaN	             NaN	             NaN	             NaN	             NaN	             NaN	             NaN	   0.0000000e+00	   0.0000000e+00	   0.0000000e+00	   0.0000000e+00	   0.0000000e+00	   0.0000000e+00	   0.0000000e+00	   0.0000000e+00	   0.0000000e+00	
   3.9142569e+00	   4.0839538e+00	   4.5131606e+00	   4.7055102e+00	   4.8134063e+00	   4.4765116e+00	   4.6788970e+00	   4.3957151e+00	   3.8544926e+00	   3.6431557e+00	   2.9842827e+00	   2.3939996e+00	   1.8679956e+00	   7.7683660e-01	             NaN	             NaN	             NaN	             NaN	             NaN	             NaN	             NaN	             NaN	             NaN	             NaN	             NaN	   0.0000000e+00	   0.0000000e+00	   0.0000000e+00	   0.0000000e+00	   0.0000000e+00	   0.0000000e+00	   0.0000000e+00	   0.0000000e+00	
   4.0773376e+00	   4.0547672e+00	   4.0843362e+00	   4.4847807e+00	   4.5826833e+00	   4.3834272e+00	   4.2935814e+00	   4.0789202e+00	   4.0845539e+00	   3.5007908e+00	   2.9412889e+00	   2.4509622e+00	   1.8850977e+00	   1.3881558e+00	             NaN	             NaN	             NaN	             NaN	             NaN	             NaN	             NaN	             NaN	             NaN	             NaN	             NaN	   0.0000000e+00	   0.0000000e+00	   0.0000000e+00	   0.0000000e+00	   0.0000000e+00	   0.0000000e+00	   0.0000000e+00	   0.0000000e+00	
   2.5064702e+00	   3.6721260e+00	   4.1256543e+00	   4.2093399e+00	   4.4209156e+00	   4.2400777e+00	   4.2402463e+00	   4.0950030e+00	   4.0045341e+00	   3.5437022e+00	   3.0014222e+00	   2.4596174e+00	   2.0230963e+00	   1.6641680e+00	   5.8786207e-01	             NaN	             NaN	             NaN	             NaN	             NaN	             NaN	             NaN	             NaN	             NaN	             NaN	             NaN	   0.0000000e+00	   0.0000000e+00	   0.0000000e+00	   0.0000000e+00	   0.0000000e+00	   0.0000000e+00	   0.0000000e+00	
   3.5693059e+00	   3.6991923e+00	   3.5222855e+00	   4.2256610e+00	   4.5983999e+00	   4.1967242e+00	   4.0884206e+00	   4.1464839e+00	   3.8393900e+00	   3.5550250e+00	   3.0225312e+00	   2.5232281e+00	   2.1636333e+00	   1.8306384e+00	   1.0706216e+00	             NaN	             NaN	             NaN	             NaN	             NaN	             NaN	             NaN	             NaN	             NaN	             NaN	             NaN	   0.0000000e+00	   0.0000000e+00	   0.0000000e+00	   0.0000000e+00	   0.0000000e+00	   0.0000000e+00	   0.0000000e+00	
   3.8801081e+00	   3.5053761e+00	   4.1394996e+00	   4.4694191e+00	   4.1294160e+00	   4.4485005e+00	   3.9558615e+00	   4.0925434e+00	   3.8097650e+00	   3.5121986e+00	   3.1634428e+00	   2.6687577e+00	   2.2934886e+00	   2.0418510e+00	   1.3162253e+00	             NaN	             NaN	             NaN	             NaN	             NaN	             NaN	             NaN	             NaN	             NaN	             NaN	             NaN	   0.0000000e+00	   0.0000000e+00	   0.0000000e+00	   0.0000000e+00	   0.0000000e+00	   0.0000000e+00	   0.0000000e+00	
   3.0855666e+00	   2.6776612e+00	   3.7615652e+00	   4.1958818e+00	   4.5039090e+00	   4.1792879e+00	   4.2016856e+00	   3.9907728e+00	   3.8769819e+00	   3.6382141e+00	   3.1256278e+00	   2.7168511e+00	   2.4341125e+00	   2.1980034e+00	   1.8677660e+00	   9.3942303e-01	             NaN	             NaN	             NaN	             NaN	             NaN	             NaN	             NaN	             NaN	             NaN	             NaN	             NaN	   0.0000000e+00	   0.0000000e+00	   0.0000000e+00	   0.0000000e+00	   0.0000000e+00	   0.0000000e+00	
   3.0061145e+00	   2.4468079e+00	   3.2555607e+00	   3.9147075e+00	   4.2253646e+00	   4.1894022e+00	   4.1766774e+00	   4.0617794e+00	   4.0246307e+00	   3.6648573e+00	   3.3405659e+00	   3.0102534e+00	   2.6557695e+00	   2.4267572e+00	   2.1270619e+00	   1.6120309e+00	             NaN	             NaN	             NaN	             NaN	             NaN	             NaN	             NaN	             NaN	             NaN	             NaN	             NaN	   0.0000000e+00	   0.0000000e+00	   0.0000000e+00	   0.0000000e+00	   0.0000000e+00	   0.0000000e+00	
   1.3672957e+00	   2.8204216e+00	   3.2677951e+00	   4.1620575e+00	   4.2480016e+00	   4.3666079e+00	   4.3108627e+00	   4.1025775e+00	   4.0171235e+00	   3.6318768e+00	   3.3950675e+00	   3.0769131e+00	   2.7008280e+00	   2.5241898e+00	   2.3514116e+00	   1.8836867e+00	   1.2642901e+00	             NaN	             NaN	             NaN	             NaN	             NaN	             NaN	             NaN	             NaN	             NaN	             NaN	             NaN	   0.0000000e+00	   0.0000000e+00	   0.0000000e+00	   0.0000000e+00	   0.0000000e+00	
   1.2697083e+00	   2.8042752e+00	   3.5306694e+00	   4.0794722e+00	   4.5867283e+00	   4.4169759e+00	   4.1542959e+00	   3.9835415e+00	   3.8787810e+00	   3.8640648e+00	   3.3363330e+00	   3.0936880e+00	   2.7948113e+00	   2.6609738e+00	   2.5333341e+00	   2.1899359e+00	   1.4116889e+00	             NaN	             NaN	             NaN	             NaN	             NaN	             NaN	             NaN	             NaN	             NaN	             NaN	             NaN	   0.0000000e+00	   0.0000000e+00	   0.0000000e+00	   0.0000000e+00	   0.0000000e+00	
   2.6614221e+00	   2.5277421e+00	   3.0569558e+00	   4.2622194e+00	   4.5707460e+00	   4.4837625e+00	   4.1223290e+00	   4.1983517e+00	   4.1290423e+00	   3.8168129e+00	   3.6248133e+00	   3.1962097e+00	   2.9928929e+00	   2.9027412e+00	   2.7261802e+00	   2.5529389e+00	   1.8701692e+00	             NaN	             NaN	             NaN	             NaN	             NaN	             NaN	             NaN	             NaN	             NaN	             NaN	             NaN	   0.0000000e+00	   0.0000000e+00	   0.0000000e+00	   0.0000000e+00	   0.0000000e+00	
   4.9979350e-01	   1.0416349e+00	   3.0803886e+00	   4.2593287e+00	   4.5731839e+00	   4.4334102e+00	   4.4162263e+00	   4.2181775e+00	   4.3090257e+00	   3.9450448e+00	   3.7075095e+00	   3.4987922e+00	   3.2508262e+00	   3.1352215e+00	   2.9107650e+00	   2.7296996e+00	   2.1819839e+00	   1.6569859e+00	             NaN	             NaN	             NaN	             NaN	             NaN	             NaN	             NaN	             NaN	             NaN	             NaN	             NaN	   0.0000000e+00	   0.0000000e+00	   0.0000000e+00	   0.0000000e+00	
   1.4772903e+00	   1.4087651e+00	   3.1036534e+00	   3.9494326e+00	   4.8599170e+00	   4.8381689e+00	   4.7354900e+00	   4.4954671e+00	   4.3629446e+00	   4.1255474e+00	   3.8852515e+00	   3.5369207e+00	   3.3519350e+00	   3.3304788e+00	   3.2538137e+00	   2.9578405e+00	   2.5801033e+00	   1.8949993e+00	             NaN	             NaN	             NaN	             NaN	             NaN	             NaN	             NaN	             NaN	             NaN	             NaN	             NaN	   0.0000000e+00	   0.0000000e+00	   0.0000000e+00	   0.0000000e+00	
  -8.7968831e-01	   1.3261461e+00	   3.0954792e+00	   3.8399478e+00	   4.8050130e+00	   4.7593241e+00	   4.5575250e+00	   4.5161912e+00	   4.2688146e+00	   4.1895688e+00	   3.9967461e+00	   3.7945692e+00	   3.6096676e+00	   3.4840558e+00	   3.4455668e+00	   3.2469328e+00	   2.9211683e+00	   2.3154997e+00	   2.1572630e+00	             NaN	             NaN	             NaN	             NaN	             NaN	             NaN	             NaN	             NaN	             NaN	             NaN	             NaN	   0.0000000e+00	   0.0000000e+00	   0.0000000e+00	
   9.4253852e-01	   8.4129261e-01	   2.5185355e+00	   4.6001668e+00	   4.6719735e+00	   4.9185256e+00	   4.8404765e+00	   4.6622190e+00	   4.5707759e+00	   4.3321408e+00	   4.2397132e+00	   4.0290711e+00	   3.8696395e+00	   3.7482518e+00	   3.5106977e+00	   3.4948240e+00	   3.2682831e+00	   2.7499314e+00	   2.1613604e+00	             NaN	             NaN	             NaN	             NaN	             NaN	             NaN	             NaN	             NaN	             NaN	             NaN	             NaN	   0.0000000e+00	   0.0000000e+00	   0.0000000e+00	
   3.1949516e+00	   1.3689284e+00	   2.7040949e+00	   4.0019574e+00	   4.8940262e+00	   5.1014476e+00	   4.9871108e+00	   4.6951771e+00	   4.7531460e+00	   4.5327258e+00	   4.4175305e+00	   4.2264555e+00	   4.0998497e+00	   3.9927339e+00	   3.9416477e+00	   3.7331543e+00	   3.5045698e+00	   3.1368899e+00	   2.3600155e+00	             NaN	             NaN	             NaN	             NaN	             NaN	             NaN	             NaN	             NaN	             NaN	             NaN	             NaN	   0.0000000e+00	   0.0000000e+00	   0.0000000e+00	
   1.0307193e+00	   1.5903737e+00	   2.6920763e+00	   4.6933937e+00	   5.0070687e+00	   5.1175891e+00	   5.1789222e+00	   4.9917602e+00	   4.9198061e+00	   4.7812815e+00	   4.5126583e+00	   4.5048342e+00	   4.4876330e+00	   4.3091502e+00	   4.1114051e+00	   4.0266742e+00	   3.7953764e+00	   3.5033055e+00	   2.7693996e+00	   2.4844104e+00	             NaN	             NaN	             NaN	             NaN	             NaN	             NaN	             NaN	             NaN	             NaN	             NaN	             NaN	   0.0000000e+00	   0.0000000e+00	
   9.3168687e-01	   1.2827472e+00	   3.3828934e+00	   5.3171072e+00	   5.9667351e+00	   5.7659076e+00	   5.4744779e+00	   5.1750101e+00	   4.9852984e+00	   4.8340874e+00	   4.7409649e+00	   4.6471718e+00	   4.6318204e+00	   4.6441763e+00	   4.5225322e+00	   4.3004670e+00	   4.0771257e+00	   3.8065208e+00	   3.1869245e+00	   2.6873378e+00	             NaN	             NaN	             NaN	             NaN	             NaN	             NaN	             NaN	             NaN	             NaN	             NaN	             NaN	   0.0000000e+00	   0.0000000e+00	
   3.9529708e-02	   1.3557164e+00	   3.7557934e+00	   5.0718652e+00	   5.7102017e+00	   5.7893826e+00	   5.5532102e+00	   5.3830768e+00	   5.2364546e+00	   5.0889229e+00	   5.0461399e+00	   4.8586079e+00	   4.9023140e+00	   4.8594176e+00	   4.7931805e+00	   4.6140728e+00	   4.3689523e+00	   3.9682565e+00	   3.5452992e+00	   2.8303451e+00	   2.8133619e+00	             NaN	             NaN	             NaN	             NaN	             NaN	             NaN	             NaN	             NaN	             NaN	             NaN	             NaN	   0.0000000e+00	
   1.6975459e+00	   2.3924569e+00	   3.7970948e+00	   5.4409421e+00	   5.9961914e+00	   6.1427785e+00	   5.9926480e+00	   5.8243858e+00	   5.4332277e+00	   5.4115005e+00	   5.3173742e+00	   5.1452398e+00	   5.1676513e+00	   5.1642443e+00	   5.1322807e+00	   4.8898328e+00	   4.6946194e+00	   4.3757218e+00	   3.8769445e+00	   3.1314274e+00	   2.8391090e+00	             NaN	             NaN	             NaN	             NaN	             NaN	             NaN	             NaN	             NaN	             NaN	             NaN	             NaN	   0.0000000e+00	
   2.7562917e+00	   3.2923122e+00	   4.0513104e+00	   6.0016207e+00	   6.1080308e+00	   6.4298368e+00	   6.2647395e+00	   6.0137975e+00	   5.7879710e+00	   5.5720087e+00	   5.4236995e+00	   5.4649543e+00	   5.4899303e+00	   5.5416765e+00	   5.4570094e+00	   5.2714498e+00	   4.9727500e+00	   4.7037457e+00	   4.2231942e+00	   3.5478678e+00	   3.0097033e+00	             NaN	             NaN	             NaN	             NaN	             NaN	             NaN	             NaN	             NaN	             NaN	             NaN	             NaN	   0.0000000e+00	
   7.6329968e-01	   3.0050795e+00	   4.2155156e+00	   5.6315679e+00	   6.7317297e+00	   6.5974817e+00	   6.4410730e+00	   6.2213232e+00	   5.9023238e+00	   5.9199896e+00	   5.7777544e+00	   5.7518290e+00	   5.7900055e+00	   5.8886023e+00	   5.7438015e+00	   5.6149555e+00	   5.2318012e+00	   4.9527178e+00	   4.6066517e+00	   3.9561880e+00	   3.3061327e+00	   3.0321537e+00	             NaN	             NaN	             NaN	             NaN	             NaN	             NaN	             NaN	             NaN	             NaN	             NaN	             NaN	
   2.7939287e+00	   2.6427147e+00	   4.7870759e+00	   5.7762634e+00	   6.9899761e+00	   7.1181861e+00	   6.9673010e+00	   6.4368581e+00	   6.2377816e+00	   6.0709442e+00	   6.1154074e+00	   6.0875726e+00	   6.2469821e+00	   6.1827268e+00	   6.1259245e+00	   5.9155183e+00	   5.5909742e+00	   5.3487066e+00	   4.8866144e+00	   4.2453994e+00	   3.5574536e+00	   3.2088685e+00	             NaN	             NaN	             NaN	             NaN	             NaN	             NaN	             NaN	             NaN	             NaN	             NaN	             NaN	
   3.8606724e+00	   2.9472024e+00	   5.3223118e+00	   6.5717746e+00	   7.2181557e+00	   7.2995799e+00	   7.0700574e+00	   6.6541941e+00	   6.5679524e+00	   6.4109628e+00	   6.3055492e+00	   6.3461912e+00	   6.4450839e+00	   6.5352121e+00	   6.4625537e+00	   6.2204211e+00	   5.9001510e+00	   5.5571336e+00	   5.1144585e+00	   4.6187731e+00	   3.7661667e+00	   3.2879808e+00	   3.0072939e+00	             NaN	             NaN	             NaN	             NaN	             NaN	             NaN	             NaN	             NaN	             NaN	             NaN	
   3.2624626e+00	   2.3645769e+00	   5.9468123e+00	   7.7290726e+00	   8.0797974e+00	   7.7258363e+00	   7.3762157e+00	   7.0868650e+00	   6.6800630e+00	   6.5680531e+00	   6.5643071e+00	   6.6395841e+00	   6.7618408e+00	   6.7999785e+00	   6.8469980e+00	   6.6517583e+00	   6.4028564e+00	   5.8860358e+00	   5.4369016e+00	   4.9104831e+00	   4.2932289e+00	   3.5915203e+00	   3.2745567e+00	             NaN	             NaN	             NaN	             NaN	             NaN	             NaN	             NaN	             NaN	             NaN	             NaN	
   3.9580339e+00	   3.9447786e+00	   5.5770337e+00	   7.2211455e+00	   7.8883365e+00	   8.1108961e+00	   7.6275876e+00	   7.3873521e+00	   7.0493427e+00	   6.9406455e+00	   6.8979875e+00	   6.8983254e+00	   7.0452871e+00	   7.2184149e+00	   7.2398538e+00	   6.8951146e+00	   6.6358593e+00	   6.3230232e+00	   5.7598087e+00	   5.2539796e+00	   4.7070153e+00	   3.9231424e+00	   3.4284761e+00	             NaN	             NaN	             NaN	             NaN	             NaN	             NaN	             NaN	             NaN	             NaN	             NaN	
   2.2045007e+00	   5.1212508e+00	   6.2186549e+00	   7.8058662e+00	   8.6459823e+00	   8.4216114e+00	   7.9500867e+00	   7.5856632e+00	   7.3186376e+00	   7.2431479e+00	   7.1394849e+00	   7.1172260e+00	   7.5860616e+00	   7.5797986e+00	   7.5841620e+00	   7.3442483e+00	   6.9568943e+00	   6.6583073e+00	   6.1317988e+00	   5.6826598e+00	   5.0034804e+00	   4.2759651e+00	   3.6347799e+00	   3.2692368e+00	             NaN	             NaN	             NaN	             NaN	             NaN	             NaN	             NaN	             NaN	             NaN	
   4.4782675e+00	   6.0929956e+00	   6.4732159e+00	   8.3566066e+00	   8.8649668e+00	   8.7599734e+00	   8.3494737e+00	   7.9770153e+00	   7.5687302e+00	   7.5145896e+00	   7.3962913e+00	   7.5378219e+00	   7.5722396e+00	   7.7785498e+00	   7.8836248e+00	   7.5750999e+00	   7.3750115e+00	   6.9285909e+00	   6.3915834e+00	   5.8628517e+00	   5.3371237e+00	   4.5729551e+00	   3.8795375e+00	   3.4345131e+00	             NaN	             NaN	             NaN	             NaN	             NaN	             NaN	             NaN	             NaN	             NaN	
   5.4561181e+00	   6.2745222e+00	   7.3673760e+00	   8.9274615e+00	   9.3738904e+00	   9.2116131e+00	   8.9999993e+00	   8.1314575e+00	   7.7672969e+00	   7.6488358e+00	   7.6893037e+00	   8.0387955e+00	   7.9983052e+00	   8.1844704e+00	   8.2703924e+00	   8.0687934e+00	   7.6794145e+00	   7.3230809e+00	   6.8283777e+00	   6.1610009e+00	   5.6289299e+00	   4.9858687e+00	   4.0934189e+00	   3.6339700e+00	   3.2209603e+00	             NaN	             NaN	             NaN	             NaN	             NaN	             NaN	             NaN	             NaN	
   5.4482341e+00	   6.0127284e+00	   8.0562666e+00	   9.3580329e+00	   9.6588888e+00	   9.8894956e+00	   8.9286778e+00	   8.5126097e+00	   8.1211530e+00	   8.0573280e+00	   7.7808100e+00	   8.2000981e+00	   8.3707023e+00	   8.5526327e+00	   8.5661724e+00	   8.4335372e+00	   8.0097071e+00	   7.5517816e+00	   7.0283088e+00	   6.4776493e+00	   5.9071721e+00	   5.2460547e+00	   4.4519055e+00	   3.8692740e+00	   3.5500661e+00	             NaN	             NaN	             NaN	             NaN	             NaN	             NaN	             NaN	             NaN	
   7.2920022e+00	   7.3631758e+00	   9.4500612e+00	   1.0182141e+01	   1.0410653e+01	   1.0085311e+01	   9.4173887e+00	   9.1239678e+00	   8.3461749e+00	   8.1408288e+00	   8.3097441e+00	   8.4541771e+00	   8.6168021e+00	   8.8848283e+00	   8.9232545e+00	   8.6219435e+00	   8.3359924e+00	   7.8823209e+00	   7.3432939e+00	   6.8463235e+00	   6.1612247e+00	   5.5462603e+00	   4.7974293e+00	   4.1041372e+00	   3.7586519e+00	             NaN	             NaN	             NaN	             NaN	             NaN	             NaN	             NaN	             NaN	
   8.1187743e+00	   9.0191903e+00	   9.7850310e+00	   1.0102652e+01	   1.0316917e+01	   1.0125712e+01	   9.5803856e+00	   9.2322416e+00	   8.6751935e+00	   8.3907348e+00	   8.3817183e+00	   8.6441155e+00	   8.9674811e+00	   9.1054691e+00	   9.1114145e+00	   9.0306753e+00	   8.5724108e+00	   8.1464919e+00	   7.5896779e+00	   7.0774563e+00	   6.4373617e+00	   5.9203868e+00	   5.1130044e+00	   4.2791555e+00	   3.8971475e+00	   3.4413458e+00	             NaN	             NaN	             NaN	             NaN	             NaN	             NaN	             NaN	
   9.0734877e+00	   9.4274021e+00	   1.0048426e+01	   1.1082624e+01	   1.1130204e+01	   1.0820836e+01	   1.0117180e+01	   9.5524384e+00	   9.0484583e+00	   8.6657473e+00	   8.6813188e+00	   8.8770143e+00	   8.9954294e+00	   9.4448428e+00	   9.4506107e+00	   9.3006048e+00	   8.9634895e+00	   8.4574228e+00	   8.0288948e+00	   7.3401363e+00	   6.6657514e+00	   6.0554417e+00	   5.5396623e+00	   4.4705592e+00	   4.1987989e+00	   3.6902818e+00	             NaN	             NaN	             NaN	             NaN	             NaN	             NaN	             NaN	
   9.6925359e+00	   9.5434768e+00	   1.1261885e+01	   1.1647808e+01	   1.1567952e+01	   1.1136589e+01	   1.0650019e+01	   9.8768741e+00	   9.3330867e+00	   8.9303106e+00	   9.0615466e+00	   9.0862851e+00	   9.2951012e+00	   9.5486529e+00	   9.7621616e+00	   9.5702389e+00	   9.1846612e+00	   8.7197538e+00	   8.2439669e+00	   7.7100793e+00	   6.9982939e+00	   6.3878139e+00	   5.7789136e+00	   4.8831118e+00	   4.3262068e+00	   3.9413591e+00	   3.2699644e+00	             NaN	             NaN	             NaN	             NaN	             NaN	             NaN	
   8.9985584e+00	   1.0608124e+01	   1.1698287e+01	   1.2168576e+01	   1.1906423e+01	   1.1507717e+01	   1.0809195e+01	   1.0243228e+01	   9.4916182e+00	   9.3180780e+00	   9.3192883e+00	   9.2731332e+00	   9.6927952e+00	   1.0029718e+01	   1.0069623e+01	   9.8852290e+00	   9.5005411e+00	   9.0127005e+00	   8.5933242e+00	   8.0002672e+00	   7.3893301e+00	   6.6267604e+00	   6.0458338e+00	   5.2516780e+00	   4.5582260e+00	   4.0488590e+00	   3.5165860e+00	             NaN	             NaN	             NaN	             NaN	             NaN	             NaN	
   9.9496794e+00	   1.1128233e+01	   1.1491862e+01	   1.3054744e+01	   1.2586192e+01	   1.1927625e+01	   1.1095991e+01	   1.0437674e+01	   9.7709869e+00	   9.6371227e+00	   9.6033188e+00	   9.8141765e+00	   1.0042038e+01	   1.0150699e+01	   1.0223195e+01	   1.0178275e+01	   9.7302518e+00	   9.3342471e+00	   8.8039445e+00	   8.1951940e+00	   7.5887197e+00	   6.9928905e+00	   6.2549666e+00	   5.5715319e+00	   4.7816118e+00	   4.3834067e+00	   3.7570720e+00	             NaN	             NaN	             NaN	             NaN	             NaN	             NaN	
   1.2586195e+01	   1.2611489e+01	   1.2800742e+01	   1.2604656e+01	   1.3080503e+01	   1.2484739e+01	   1.1573993e+01	   1.0706918e+01	   9.9356087e+00	   9.7877214e+00	   9.5365700e+00	   9.7348229e+00	   1.0065575e+01	   1.0295181e+01	   1.0521134e+01	   1.0330734e+01	   9.9969747e+00	   9.6858075e+00	   9.0344329e+00	   8.5483972e+00	   7.8679527e+00	   7.1729115e+00	   6.4718951e+00	   5.8312179e+00	   5.2080707e+00	   4.3916323e+00	   4.0367384e+00	   3.4541046e+00	             NaN	             NaN	             NaN	             NaN	             NaN	
   1.0680101e+01	   1.2515637e+01	   1.2833881e+01	   1.3832905e+01	   1.3587841e+01	   1.2444404e+01	   1.1716142e+01	   1.0885590e+01	   1.0180845e+01	   9.9100754e+00	   9.7879688e+00	   9.8848177e+00	   1.0214689e+01	   1.0526173e+01	   1.0622384e+01	   1.0497707e+01	   1.0247020e+01	   9.7442435e+00	   9.2586125e+00	   8.7364718e+00	   8.1213445e+00	   7.3394247e+00	   6.7109032e+00	   6.0384805e+00	   5.4142611e+00	   4.6398388e+00	   4.1293613e+00	   3.5845179e+00	             NaN	             NaN	             NaN	             NaN	             NaN	
   1.2696685e+01	   1.2997511e+01	   1.2938785e+01	   1.3889399e+01	   1.3686088e+01	   1.2753716e+01	   1.2054580e+01	   1.1059095e+01	   1.0410156e+01	   1.0024724e+01	   9.9851852e+00	   1.0083571e+01	   1.0428441e+01	   1.0788820e+01	   1.0935120e+01	   1.0680862e+01	   1.0365522e+01	   9.9721030e+00	   9.5476923e+00	   8.9446012e+00	   8.3778106e+00	   7.5959435e+00	   6.8448590e+00	   6.2201997e+00	   5.5551674e+00	   4.8096755e+00	   4.3609311e+00	   3.7547882e+00	   3.1232469e+00	             NaN	             NaN	             NaN	             NaN	
   1.2876291e+01	   1.4180944e+01	   1.3831652e+01	   1.4481552e+01	   1.3893526e+01	   1.3664182e+01	   1.2657730e+01	   1.1516830e+01	   1.0825619e+01	   1.0402687e+01	   1.0279691e+01	   1.0317132e+01	   1.0512361e+01	   1.0979497e+01	   1.1114562e+01	   1.0802716e+01	   1.0576517e+01	   1.0231749e+01	   9.6123746e+00	   9.1976069e+00	   8.5611663e+00	   7.9109141e+00	   7.1858168e+00	   6.5319648e+00	   5.8345885e+00	   5.1865655e+00	   4.6336947e+00	   4.0215998e+00	   3.3645434e+00	             NaN	             NaN	             NaN	             NaN	
   1.2791373e+01	   1.4446343e+01	   1.4421660e+01	   1.4662262e+01	   1.4478608e+01	   1.3477415e+01	   1.2727762e+01	   1.1691104e+01	   1.0839300e+01	   1.0580074e+01	   1.0153857e+01	   1.0269487e+01	   1.0748608e+01	   1.0957948e+01	   1.1233752e+01	   1.1125542e+01	   1.0785890e+01	   1.0374380e+01	   9.7826744e+00	   9.3983889e+00	   8.7166090e+00	   8.0612392e+00	   7.3123261e+00	   6.6950330e+00	   6.1022250e+00	   5.3890977e+00	   4.7036005e+00	   4.2095981e+00	   3.5577501e+00	             NaN	             NaN	             NaN	             NaN	
   1.3459859e+01	   1.4389268e+01	   1.4990149e+01	   1.5025324e+01	   1.5205890e+01	   1.3885456e+01	   1.2969809e+01	   1.1785503e+01	   1.1044822e+01	   1.0781140e+01	   1.0413215e+01	   1.0766395e+01	   1.0875308e+01	   1.1244134e+01	   1.1301114e+01	   1.1295376e+01	   1.0952351e+01	   1.0539974e+01	   1.0200206e+01	   9.5734481e+00	   9.0068737e+00	   8.2741825e+00	   7.6177244e+00	   6.8593967e+00	   6.3020866e+00	   5.6611740e+00	   4.7663652e+00	   4.3361614e+00	   3.8033477e+00	   3.2199119e+00	             NaN	             NaN	             NaN	
   1.2846147e+01	   1.4589100e+01	   1.5956593e+01	   1.5374952e+01	   1.5153086e+01	   1.4348085e+01	   1.3428747e+01	   1.2374121e+01	   1.1321076e+01	   1.0966453e+01	   1.0788915e+01	   1.0670038e+01	   1.1037895e+01	   1.1258863e+01	   1.1394192e+01	   1.1278087e+01	   1.0950264e+01	   1.0722933e+01	   1.0369148e+01	   9.7448280e+00	   9.1746924e+00	   8.3878561e+00	   7.8080598e+00	   7.0326083e+00	   6.5090551e+00	   5.8662400e+00	   5.0789593e+00	   4.4882730e+00	   4.0184976e+00	   3.3866962e+00	             NaN	             NaN	             NaN	
   1.4888911e+01	   1.5087804e+01	   1.5511862e+01	   1.6318443e+01	   1.5305991e+01	   1.4586912e+01	   1.3308243e+01	   1.2298769e+01	   1.1443654e+01	   1.0968270e+01	   1.0833557e+01	   1.0946594e+01	   1.1103868e+01	   1.1519493e+01	   1.1552578e+01	   1.1526459e+01	   1.1262159e+01	   1.0750759e+01	   1.0391296e+01	   9.9309899e+00	   9.3403671e+00	   8.5826538e+00	   7.8907815e+00	   7.3391635e+00	   6.6784816e+00	   6.0594017e+00	   5.3974562e+00	   4.6011461e+00	   4.1878088e+00	   3.5334716e+00	   3.0116409e+00	             NaN	             NaN	
   1.5593653e+01	   1.6219169e+01	   1.6890701e+01	   1.6149384e+01	   1.6235122e+01	   1.4726283e+01	   1.3671124e+01	   1.2550151e+01	   1.1873632e+01	   1.1204651e+01	   1.1010281e+01	   1.1012544e+01	   1.1021469e+01	   1.1535255e+01	   1.1671770e+01	   1.1547672e+01	   1.1372152e+01	   1.0914909e+01	   1.0562364e+01	   1.0123020e+01	   9.5383753e+00	   8.7065217e+00	   8.1536157e+00	   7.4188622e+00	   6.8722454e+00	   6.2164463e+00	   5.5876206e+00	   4.7650968e+00	   4.2120758e+00	   3.7224292e+00	   3.1994116e+00	             NaN	             NaN	
   1.5302998e+01	   1.5756461e+01	   1.6688915e+01	   1.6972019e+01	   1.6180244e+01	   1.4911491e+01	   1.3761952e+01	   1.2797835e+01	   1.1937428e+01	   1.1454793e+01	   1.0985112e+01	   1.0806207e+01	   1.1244304e+01	   1.1483722e+01	   1.1593773e+01	   1.1548799e+01	   1.1464791e+01	   1.0988234e+01	   1.0625375e+01	   1.0210277e+01	   9.6449080e+00	   8.9457404e+00	   8.2810023e+00	   7.5935770e+00	   7.0723573e+00	   6.5049191e+00	   5.8236062e+00	   5.1037532e+00	   4.3804494e+00	   3.9183869e+00	   3.3048957e+00	             NaN	             NaN	
   1.4260046e+01	   1.6690984e+01	   1.6805820e+01	   1.7011274e+01	   1.6287323e+01	   1.5381124e+01	   1.4326367e+01	   1.3270572e+01	   1.2167220e+01	   1.1274957e+01	   1.1121481e+01	   1.1136665e+01	   1.1228472e+01	   1.1570460e+01	   1.1703651e+01	   1.1756622e+01	   1.1558909e+01	   1.1089181e+01	   1.0840447e+01	   1.0383696e+01	   9.7202147e+00	   9.0485620e+00	   8.3962412e+00	   7.7135091e+00	   7.1617896e+00	   6.5822070e+00	   6.0007451e+00	   5.1862746e+00	   4.6074549e+00	   4.1091818e+00	   3.5213146e+00	   2.9948382e+00	             NaN	
   1.5364240e+01	   1.6645282e+01	   1.7296710e+01	   1.6906590e+01	   1.6685192e+01	   1.5328852e+01	   1.4355772e+01	   1.3196953e+01	   1.2036618e+01	   1.1404816e+01	   1.1305494e+01	   1.1295386e+01	   1.1497838e+01	   1.1749127e+01	   1.1921183e+01	   1.1769212e+01	   1.1616951e+01	   1.1290710e+01	   1.1009509e+01	   1.0387686e+01	   9.9402446e+00	   9.2393066e+00	   8.6566471e+00	   7.8888713e+00	   7.2973313e+00	   6.7748008e+00	   6.1459601e+00	   5.4853025e+00	   4.6489061e+00	   4.1465527e+00	   3.6826761e+00	   3.1703858e+00	             NaN	
   1.5981598e+01	   1.7130673e+01	   1.7401474e+01	   1.7211162e+01	   1.6556380e+01	   1.5698110e+01	   1.4752242e+01	   1.3553078e+01	   1.2307346e+01	   1.1782703e+01	   1.1401834e+01	   1.1196553e+01	   1.1515392e+01	   1.1699256e+01	   1.2050204e+01	   1.1900881e+01	   1.1626875e+01	   1.1356794e+01	   1.1045788e+01	   1.0540439e+01	   1.0044004e+01	   9.3891454e+00	   8.6744549e+00	   8.0833114e+00	   7.4833033e+00	   6.9208148e+00	   6.2645175e+00	   5.6241497e+00	   4.8317618e+00	   4.3602474e+00	   3.8812748e+00	   3.3282484e+00	   2.8660452e+00	
   1.4752939e+01	   1.7009585e+01	   1.7849566e+01	   1.7458580e+01	   1.7251596e+01	   1.5586077e+01	   1.4947239e+01	   1.3802895e+01	   1.2501114e+01	   1.1901056e+01	   1.1415944e+01	   1.1283341e+01	   1.1565831e+01	   1.1776008e+01	   1.2010004e+01	   1.1958989e+01	   1.1611165e+01	   1.1423625e+01	   1.0988164e+01	   1.0622432e+01	   1.0062791e+01	   9.4892385e+00	   8.9214501e+00	   8.1813580e+00	   7.6355667e+00	   7.0770116e+00	   6.4297123e+00	   5.8263429e+00	   5.0997462e+00	   4.5129533e+00	   4.0881638e+00	   3.4902657e+00	   3.0222822e+00	
   1.6768280e+01	   1.7602969e+01	   1.8197320e+01	   1.7944977e+01	   1.6991222e+01	   1.6087205e+01	   1.5024332e+01	   1.3817224e+01	   1.2523734e+01	   1.1977938e+01	   1.1598000e+01	   1.1540694e+01	   1.1666106e+01	   1.2006131e+01	   1.2039284e+01	   1.1976504e+01	   1.1721621e+01	   1.1469321e+01	   1.1163316e+01	   1.0721228e+01	   1.0146266e+01	   9.4843447e+00	   8.8708259e+00	   8.2807358e+00	   7.8213589e+00	   7.1840820e+00	   6.6043433e+00	   5.9448568e+00	   5.3242150e+00	   4.6241410e+00	   4.1581671e+00	   3.6993363e+00	   3.1991343e+00	
   1.6591071e+01	   1.7373128e+01	   1.7915808e+01	   1.7523658e+01	   1.7247529e+01	   1.6184325e+01	   1.5067832e+01	   1.4037436e+01	   1.2886831e+01	   1.2105161e+01	   1.1629896e+01	   1.1556443e+01	   1.1596802e+01	   1.1918077e+01	   1.2026633e+01	   1.1897862e+01	   1.1737071e+01	   1.1494176e+01	   1.1225563e+01	   1.0844213e+01	   1.0245092e+01	   9.7132773e+00	   8.9742687e+00	   8.4401353e+00	   7.8501822e+00	   7.3136654e+00	   6.6741788e+00	   6.1592478e+00	   5.4324737e+00	   4.7530998e+00	   4.3617510e+00	   3.8244607e+00	   3.3302049e+00	
   1.7291355e+01	   1.7183736e+01	   1.8670862e+01	   1.8525760e+01	   1.7355488e+01	   1.6590771e+01	   1.5071428e+01	   1.4124011e+01	   1.2851600e+01	   1.2519447e+01	   1.1638865e+01	   1.1615217e+01	   1.1615207e+01	   1.2004263e+01	   1.2001625e+01	   1.2014149e+01	   1.1800938e+01	   1.1639339e+01	   1.1265296e+01	   1.0978184e+01	   1.0293854e+01	   9.7892932e+00	   9.1565432e+00	   8.4324873e+00	   7.9594353e+00	   7.3434847e+00	   6.8844748e+00	   6.2406173e+00	   5.6513594e+00	   4.9216273e+00	   4.4704741e+00	   4.0019245e+00	   3.5077519e+00	
   1.6937504e+01	   1.8323007e+01	   1.8695384e+01	   1.8486371e+01	   1.7601061e+01	   1.6480024e+01	   1.5533917e+01	   1.4083208e+01	   1.2917485e+01	   1.2467529e+01	   1.1865755e+01	   1.1606866e+01	   1.1721180e+01	   1.1895381e+01	   1.2034190e+01	   1.1952974e+01	   1.1836464e+01	   1.1548250e+01	   1.1343570e+01	   1.0902312e+01	   1.0501664e+01	   9.8236275e+00	   9.2198204e+00	   8.6602036e+00	   8.0488776e+00	   7.5631435e+00	   6.9323865e+00	   6.3274488e+00	   5.7706954e+00	   5.1978630e+00	   4.6124372e+00	   4.1075091e+00	   3.6540882e+00	
             NaN	   1.8107875e+01	   1.8212781e+01	   1.9039736e+01	   1.8139909e+01	   1.6476647e+01	   1.5564818e+01	   1.4424084e+01	   1.3083094e+01	   1.2488020e+01	   1.1999636e+01	   1.1685550e+01	   1.1848571e+01	   1.2122498e+01	   1.2147623e+01	   1.1930959e+01	   1.1857591e+01	   1.1651616e+01	   1.1320480e+01	   1.0892822e+01	   1.0624381e+01	   9.9251921e+00	   9.2323508e+00	   8.7414938e+00	   8.1573145e+00	   7.6964129e+00	   7.1109027e+00	   6.5126324e+00	   5.8842798e+00	   5.3319869e+00	   4.6483856e+00	   4.3272733e+00	   3.8862713e+00	
             NaN	   1.8556557e+01	   1.9240535e+01	   1.8673174e+01	   1.8335395e+01	   1.6946421e+01	   1.5887163e+01	   1.4469396e+01	   1.3414854e+01	   1.2515620e+01	   1.1955808e+01	   1.1987219e+01	   1.1894372e+01	   1.1934917e+01	   1.2009251e+01	   1.1914606e+01	   1.1856066e+01	   1.1632609e+01	   1.1355815e+01	   1.1075361e+01	   1.0504840e+01	   9.9525225e+00	   9.2327424e+00	   8.7018658e+00	   8.1848702e+00	   7.6812920e+00	   7.1333779e+00	   6.5917316e+00	   5.9874279e+00	   5.5025308e+00	   4.8388010e+00	   4.3834394e+00	   3.9664105e+00	
             NaN	   1.9444491e+01	   1.8621272e+01	   1.8777630e+01	   1.8193051e+01	   1.7124978e+01	   1.5854842e+01	   1.4597664e+01	   1.3400199e+01	   1.2910329e+01	   1.2149068e+01	   1.2037357e+01	   1.1887584e+01	   1.1817168e+01	   1.2137036e+01	   1.2013235e+01	   1.1905491e+01	   1.1725514e+01	   1.1304184e+01	   1.0998862e+01	   1.0461958e+01	   9.9294493e+00	   9.3964105e+00	   8.8294014e+00	   8.2793328e+00	   7.8115049e+00	   7.2985667e+00	   6.7004112e+00	   6.1235256e+00	   5.6393306e+00	   5.0065585e+00	   4.5614612e+00	   4.1112246e+00	
             NaN	   1.8157430e+01	   1.8899241e+01	   1.8638109e+01	   1.8550596e+01	   1.7442752e+01	   1.5864351e+01	   1.4873731e+01	   1.3643882e+01	   1.2792086e+01	   1.2307450e+01	   1.2057000e+01	   1.1959496e+01	   1.2010774e+01	   1.2079866e+01	   1.2063685e+01	   1.1741251e+01	   1.1687864e+01	   1.1345789e+01	   1.1042844e+01	   1.0463582e+01	   9.9714375e+00	   9.4909815e+00	   8.8595857e+00	   8.4672064e+00	   8.0658365e+00	   7.4042670e+00	   6.9315973e+00	   6.2541545e+00	   5.7283393e+00	   5.1544713e+00	   4.7170187e+00	   4.3250158e+00	
             NaN	   1.8536510e+01	   1.8468797e+01	   1.9465844e+01	   1.8615219e+01	   1.7600524e+01	   1.6225501e+01	   1.4884811e+01	   1.3888782e+01	   1.2962271e+01	   1.2209856e+01	   1.1969093e+01	   1.1849630e+01	   1.2032665e+01	   1.2165148e+01	   1.2051132e+01	   1.1663923e+01	   1.1592439e+01	   1.1246961e+01	   1.1093657e+01	   1.0578897e+01	   1.0123828e+01	   9.5097087e+00	   8.9008567e+00	   8.4538403e+00	   8.0291681e+00	   7.6358519e+00	   6.9903629e+00	   6.4824454e+00	   5.8175141e+00	   5.2907168e+00	   4.8307795e+00	   4.4411707e+00	
             NaN	   1.8394389e+01	   2.0398756e+01	   1.9150982e+01	   1.8440704e+01	   1.7439199e+01	   1.6557545e+01	   1.4941004e+01	   1.3837244e+01	   1.3148150e+01	   1.2699109e+01	   1.2053076e+01	   1.2016227e+01	   1.2258634e+01	   1.2175142e+01	   1.2021476e+01	   1.1708917e+01	   1.1638598e+01	   1.1393434e+01	   1.1098330e+01	   1.0598123e+01	   1.0066816e+01	   9.5504464e+00	   9.0249080e+00	   8.5012276e+00	   8.1343047e+00	   7.5685349e+00	   7.0225190e+00	   6.5165215e+00	   5.9768664e+00	   5.4729245e+00	   4.8727613e+00	   4.4938885e+00	
             NaN	             NaN	   1.9063270e+01	   1.9556652e+01	   1.8333647e+01	   1.7747714e+01	   1.6700109e+01	   1.5210432e+01	   1.3888739e+01	   1.3437713e+01	   1.2413709e+01	   1.2117790e+01	   1.2013746e+01	   1.1940613e+01	   1.2077163e+01	   1.1955941e+01	   1.1828851e+01	   1.1600662e+01	   1.1245045e+01	   1.0946157e+01	   1.0658018e+01	   1.0153597e+01	   9.6155893e+00	   9.0126775e+00	   8.6840606e+00	   8.2191431e+00	   7.6390973e+00	   7.1779720e+00	   6.5863387e+00	   6.0483396e+00	   5.6211693e+00	   5.1029024e+00	   4.6837078e+00	
             NaN	             NaN	   1.9369538e+01	   1.9396419e+01	   1.9345396e+01	   1.7862855e+01	   1.6570935e+01	   1.5374614e+01	   1.4058440e+01	   1.3389127e+01	   1.2649086e+01	   1.2134854e+01	   1.2116289e+01	   1.2155357e+01	   1.2066404e+01	   1.2061292e+01	   1.1689750e+01	   1.1641018e+01	   1.1303067e+01	   1.1021655e+01	   1.0692842e+01	   1.0128227e+01	   9.6330571e+00	   8.9851405e+00	   8.7105122e+00	   8.1881351e+00	   7.7391162e+00	   7.2667125e+00	   6.7493536e+00	   6.1905829e+00	   5.7216402e+00	   5.2562501e+00	   4.7742705e+00	
             NaN	             NaN	   1.9653922e+01	   1.9550052e+01	   1.8744254e+01	   1.8023360e+01	   1.6588337e+01	   1.5501014e+01	   1.4371900e+01	   1.3449169e+01	   1.2586364e+01	   1.2407135e+01	   1.2149223e+01	   1.2176806e+01	   1.2211582e+01	   1.2018535e+01	   1.1772835e+01	   1.1506379e+01	   1.1239820e+01	   1.0898395e+01	   1.0546716e+01	   1.0140604e+01	   9.6185019e+00	   9.1579704e+00	   8.6678776e+00	   8.2323711e+00	   7.7939899e+00	   7.2862555e+00	   6.8191647e+00	   6.2163436e+00	   5.8447249e+00	   5.3580067e+00	   4.9693510e+00	
             NaN	             NaN	   1.9952465e+01	   1.9536188e+01	   1.8668163e+01	   1.8092485e+01	   1.6789029e+01	   1.5533425e+01	   1.4610427e+01	   1.3523200e+01	   1.2759971e+01	   1.2446533e+01	   1.2133112e+01	   1.2101991e+01	   1.1997356e+01	   1.2020757e+01	   1.1678145e+01	   1.1356489e+01	   1.1196552e+01	   1.1063992e+01	   1.0580898e+01	   1.0105270e+01	   9.6224084e+00	   9.0704274e+00	   8.7903394e+00	   8.2869601e+00	   7.8930581e+00	   7.3648177e+00	   6.8924115e+00	   6.3826723e+00	   5.9589408e+00	   5.4725662e+00	   5.1157690e+00	
             NaN	             NaN	   2.0354299e+01	   1.9795845e+01	   1.9078368e+01	   1.8092357e+01	   1.6750352e+01	   1.5776178e+01	   1.4431378e+01	   1.3749297e+01	   1.2864266e+01	   1.2392215e+01	   1.2102828e+01	   1.2087586e+01	   1.2145586e+01	   1.1935105e+01	   1.1643333e+01	   1.1515442e+01	   1.1100008e+01	   1.0927368e+01	   1.0534998e+01	   1.0046310e+01	   9.6610804e+00	   9.1563274e+00	   8.7888594e+00	   8.3837679e+00	   7.8939251e+00	   7.4075656e+00	   6.9731238e+00	   6.4706597e+00	   5.9836486e+00	   5.6239500e+00	   5.1617847e+00	
             NaN	             NaN	             NaN	   1.9838941e+01	   1.9127968e+01	   1.8018892e+01	   1.7231923e+01	   1.5747912e+01	   1.4489491e+01	   1.3680658e+01	   1.2983069e+01	   1.2531794e+01	   1.2195830e+01	   1.2236976e+01	   1.2118401e+01	   1.1921566e+01	   1.1687014e+01	   1.1406850e+01	   1.1189426e+01	   1.0923523e+01	   1.0554092e+01	   1.0087290e+01	   9.5878362e+00	   9.1805829e+00	   8.7557327e+00	   8.3117887e+00	   7.9286461e+00	   7.4841005e+00	   7.0220438e+00	   6.5387048e+00	   6.0322734e+00	   5.6492980e+00	   5.2555555e+00	
             NaN	             NaN	             NaN	   2.0057951e+01	   1.9322396e+01	   1.7991280e+01	   1.7287487e+01	   1.6026996e+01	   1.4729911e+01	   1.3592785e+01	   1.3114686e+01	   1.2475445e+01	   1.2388874e+01	   1.2157916e+01	   1.2141280e+01	   1.1829650e+01	   1.1498541e+01	   1.1259931e+01	   1.1184924e+01	   1.0890222e+01	   1.0487201e+01	   1.0050098e+01	   9.5826736e+00	   9.1708437e+00	   8.7501429e+00	   8.4086779e+00	   7.9552028e+00	   7.5070886e+00	   7.0687139e+00	   6.7013362e+00	   6.2420532e+00	   5.7585807e+00	   5.3728091e+00	
             NaN	             NaN	             NaN	   1.9678499e+01	   1.8801034e+01	   1.8236014e+01	   1.7313796e+01	   1.5932335e+01	   1.4758992e+01	   1.3727420e+01	   1.3187358e+01	   1.2655317e+01	   1.2426551e+01	   1.2327034e+01	   1.2239129e+01	   1.1779611e+01	   1.1612163e+01	   1.1407770e+01	   1.0996353e+01	   1.0810852e+01	   1.0463061e+01	   1.0132550e+01	   9.6200931e+00	   9.1166588e+00	   8.6540580e+00	   8.4785686e+00	   7.9343599e+00	   7.5992741e+00	   7.1038119e+00	   6.7274813e+00	   6.2200176e+00	   5.8966667e+00	   5.4236088e+00	
             NaN	             NaN	             NaN	   2.0227510e+01	   1.9163645e+01	   1.8008328e+01	   1.7022624e+01	   1.5944388e+01	   1.4596506e+01	   1.3837925e+01	   1.3205664e+01	   1.2530862e+01	   1.2301807e+01	   1.1944563e+01	   1.1893193e+01	   1.1756543e+01	   1.1580313e+01	   1.1284266e+01	   1.0992191e+01	   1.0829796e+01	   1.0304890e+01	   9.9931421e+00	   9.5677317e+00	   9.1543092e+00	   8.6806151e+00	   8.3954469e+00	   8.0645500e+00	   7.6397233e+00	   7.0953992e+00	   6.7563829e+00	   6.2608810e+00	   5.9449329e+00	   5.6095272e+00	
             NaN	             NaN	             NaN	   1.9664215e+01	   1.9781639e+01	   1.8109639e+01	   1.7070356e+01	   1.6123880e+01	   1.4993363e+01	   1.3709398e+01	   1.3345479e+01	   1.2676403e+01	   1.2345995e+01	   1.2267379e+01	   1.2076262e+01	   1.1811130e+01	   1.1496467e+01	   1.1310467e+01	   1.0945068e+01	   1.0661710e+01	   1.0411471e+01	   9.9855646e+00	   9.4915524e+00	   9.1439411e+00	   8.8206335e+00	   8.4523877e+00	   7.9999024e+00	   7.6542904e+00	   7.1937448e+00	   6.7361830e+00	   6.3059866e+00	   5.9965225e+00	   5.6757781e+00	
             NaN	             NaN	             NaN	             NaN	   1.8858520e+01	   1.8460988e+01	   1.7098910e+01	   1.6292637e+01	   1.4898922e+01	   1.3857289e+01	   1.3250424e+01	   1.2561677e+01	   1.2494843e+01	   1.2121368e+01	   1.2046985e+01	   1.1794211e+01	   1.1293259e+01	   1.1117380e+01	   1.0961839e+01	   1.0669500e+01	   1.0358580e+01	   9.9920339e+00	   9.4891128e+00	   9.1170494e+00	   8.8110071e+00	   8.3663414e+00	   8.0206295e+00	   7.6483840e+00	   7.1352185e+00	   6.7731613e+00	   6.4702379e+00	   6.0214652e+00	   5.7027645e+00	
             NaN	             NaN	             NaN	             NaN	   1.9159749e+01	   1.8395274e+01	   1.7339904e+01	   1.5699474e+01	   1.4973832e+01	   1.3849764e+01	   1.3325374e+01	   1.2489286e+01	   1.2340044e+01	   1.2074662e+01	   1.2072874e+01	   1.1618194e+01	   1.1520194e+01	   1.1119141e+01	   1.0889787e+01	   1.0570131e+01	   1.0324811e+01	   9.8722142e+00	   9.4491539e+00	   9.1215943e+00	   8.7954942e+00	   8.4529844e+00	   8.0584832e+00	   7.6525143e+00	   7.2587219e+00	   6.8444423e+00	   6.4277230e+00	   6.0659451e+00	   5.7164579e+00	
             NaN	             NaN	             NaN	             NaN	   1.9455327e+01	   1.8615863e+01	   1.7252554e+01	   1.6195840e+01	   1.4819386e+01	   1.3805024e+01	   1.3288850e+01	   1.2494092e+01	   1.2417137e+01	   1.2095498e+01	   1.1874752e+01	   1.1707042e+01	   1.1274997e+01	   1.0979774e+01	   1.0731488e+01	   1.0543086e+01	   1.0246507e+01	   9.7024212e+00	   9.3875959e+00	   8.9718138e+00	   8.7199191e+00	   8.4386698e+00	   7.9624454e+00	   7.5836386e+00	   7.1701576e+00	   6.8229434e+00	   6.4678114e+00	   6.1133030e+00	   5.7384588e+00	
             NaN	             NaN	             NaN	             NaN	   1.9090628e+01	   1.8167226e+01	   1.7199181e+01	   1.6365704e+01	   1.4813307e+01	   1.3877379e+01	   1.3123535e+01	   1.2673285e+01	   1.2183133e+01	   1.2102764e+01	   1.1817378e+01	   1.1629656e+01	   1.1276263e+01	   1.0827053e+01	   1.0763562e+01	   1.0401370e+01	   1.0063471e+01	   9.6938914e+00	   9.2559778e+00	   8.9978530e+00	   8.5966687e+00	   8.3565520e+00	   8.0178277e+00	   7.6148261e+00	   7.1948442e+00	   6.8464213e+00	   6.4887720e+00	   6.1198634e+00	   5.8138067e+00	
             NaN	             NaN	             NaN	             NaN	   1.9109832e+01	   1.8200245e+01	   1.7260793e+01	   1.6033480e+01	   1.4891555e+01	   1.3840429e+01	   1.3248366e+01	   1.2585211e+01	   1.2243182e+01	   1.1995860e+01	   1.1727924e+01	   1.1447588e+01	   1.1173844e+01	   1.0781235e+01	   1.0618065e+01	   1.0297187e+01	   9.9424994e+00	   9.7595901e+00	   9.2194194e+00	   8.8568097e+00	   8.5734308e+00	   8.3661919e+00	   7.9143978e+00	   7.5291085e+00	   7.1779135e+00	   6.8595745e+00	   6.4673022e+00	   6.0253495e+00	   5.7899665e+00	
             NaN	             NaN	             NaN	             NaN	             NaN	   1.8394870e+01	   1.7392066e+01	   1.6053620e+01	   1.4912450e+01	   1.3908456e+01	   1.3079815e+01	   1.2460164e+01	   1.2180827e+01	   1.1857607e+01	   1.1527625e+01	   1.1420873e+01	   1.1065575e+01	   1.0696175e+01	   1.0508488e+01	   1.0240757e+01	   9.9028259e+00	   9.5697215e+00	   9.1845121e+00	   8.8222588e+00	   8.6272276e+00	   8.2896697e+00	   7.9083633e+00	   7.6609296e+00	   7.1911456e+00	   6.8425149e+00	   6.5182445e+00	   6.2286367e+00	   5.8689747e+00	
             NaN	             NaN	             NaN	             NaN	             NaN	   1.7934471e+01	   1.7123027e+01	   1.6179927e+01	   1.4977020e+01	   1.3926156e+01	   1.3075205e+01	   1.2444138e+01	   1.2230085e+01	   1.1876489e+01	   1.1633799e+01	   1.1282491e+01	   1.0879205e+01	   1.0714172e+01	   1.0504080e+01	   1.0072661e+01	   9.8617812e+00	   9.3859083e+00	   9.0040414e+00	   8.7458413e+00	   8.4836676e+00	   8.2704829e+00	   7.8975244e+00	   7.5459210e+00	   7.1872102e+00	   6.8549276e+00	   6.5399837e+00	   6.2244667e+00	   5.8925603e+00	
             NaN	             NaN	             NaN	             NaN	             NaN	   1.8332778e+01	   1.7344850e+01	   1.5959968e+01	   1.4618611e+01	   1.3768445e+01	   1.2991580e+01	   1.2418620e+01	   1.2085153e+01	   1.1861926e+01	   1.1576564e+01	   1.1187896e+01	   1.1067551e+01	   1.0599159e+01	   1.0302917e+01	   1.0050924e+01	   9.7122065e+00	   9.3208924e+00	   9.0045064e+00	   8.6398465e+00	   8.4092233e+00	   8.1837969e+00	   7.8932133e+00	   7.4721328e+00	   7.0970729e+00	   6.7856345e+00	   6.4517452e+00	   6.1673506e+00	   5.8719975e+00	
             NaN	             NaN	             NaN	             NaN	             NaN	   1.7854295e+01	   1.6827664e+01	   1.5844813e+01	   1.4849937e+01	   1.3797995e+01	   1.2799017e+01	   1.2206192e+01	   1.2049492e+01	   1.1814116e+01	   1.1425085e+01	   1.1096562e+01	   1.0725495e+01	   1.0455934e+01	   1.0247957e+01	   9.8195582e+00	   9.5930860e+00	   9.2642955e+00	   8.8800482e+00	   8.6385629e+00	   8.3927717e+00	   8.0473795e+00	   7.8734237e+00	   7.4151450e+00	   7.1222165e+00	   6.7589938e+00	   6.4625298e+00	   6.1257280e+00	   5.8172478e+00	
             NaN	             NaN	             NaN	             NaN	             NaN	   1.8084920e+01	   1.6982869e+01	   1.5714489e+01	   1.4472603e+01	   1.3882126e+01	   1.3171581e+01	   1.2463270e+01	   1.2063806e+01	   1.1689552e+01	   1.1460411e+01	   1.1117793e+01	   1.0790430e+01	   1.0461388e+01	   1.0112787e+01	   9.7826241e+00	   9.6110323e+00	   9.2112440e+00	   8.8746719e+00	   8.4574630e+00	   8.3172474e+00	   8.1069123e+00	   7.8214293e+00	   7.5224663e+00	   7.0413253e+00	   6.7429705e+00	   6.4456280e+00	   6.1352989e+00	   5.8516265e+00	
             NaN	             NaN	             NaN	             NaN	             NaN	             NaN	   1.6933908e+01	   1.5637118e+01	   1.4853683e+01	   1.3618627e+01	   1.2761363e+01	   1.2394834e+01	   1.1901210e+01	   1.1579872e+01	   1.1223503e+01	   1.0976144e+01	   1.0658936e+01	   1.0302622e+01	   1.0138424e+01	   9.6985264e+00	   9.4614450e+00	   9.1778479e+00	   8.7664916e+00	   8.4561015e+00	   8.2733661e+00	   8.0006723e+00	   7.8142375e+00	   7.3822078e+00	   6.9690714e+00	   6.6998483e+00	   6.4947302e+00	   6.1391981e+00	   5.9823817e+00	
             NaN	             NaN	             NaN	             NaN	             NaN	             NaN	   1.6691395e+01	   1.5521367e+01	   1.4472444e+01	   1.3631478e+01	   1.3044412e+01	   1.2259638e+01	   1.1917518e+01	   1.1579100e+01	   1.1330871e+01	   1.0969723e+01	   1.0570152e+01	   1.0257963e+01	   9.9530787e+00	   9.6686609e+00	   9.3069485e+00	   9.1651705e+00	   8.6502778e+00	   8.5015292e+00	   8.1589548e+00	   7.9606846e+00	   7.6520568e+00	   7.2817093e+00	   7.0094577e+00	   6.6962175e+00	   6.4794545e+00	   6.1968454e+00	   5.8605559e+00	
   0.0000000e+00	             NaN	             NaN	             NaN	             NaN	             NaN	   1.6695701e+01	   1.5707671e+01	   1.4431534e+01	   1.3561807e+01	   1.2817161e+01	   1.2204421e+01	   1.1815021e+01	   1.1633763e+01	   1.1226410e+01	   1.0721297e+01	   1.0536670e+01	   1.0095063e+01	   9.7120969e+00	   9.5756543e+00	   9.2495963e+00	   8.9255983e+00	   8.5062524e+00	   8.2721937e+00	   8.0777636e+00	   7.8451619e+00	   7.6331257e+00	   7.4040725e+00	   6.9529903e+00	   6.6144302e+00	   6.3906376e+00	   6.0736656e+00	   5.8476155e+00	
   0.0000000e+00	             NaN	             NaN	             NaN	             NaN	             NaN	   1.6560709e+01	   1.5729354e+01	   1.4422400e+01	   1.3418809e+01	   1.2767235e+01	   1.2142396e+01	   1.1842562e+01	   1.1507720e+01	   1.1184615e+01	   1.0712595e+01	   1.0453861e+01	   1.0031477e+01	   9.6919399e+00	   9.5047618e+00	   9.1609398e+00	   8.8420257e+00	   8.4519336e+00	   8.2553452e+00	   8.0396991e+00	   7.7973779e+00	   7.4362198e+00	   7.1926596e+00	   6.9512314e+00	   6.5865624e+00	   6.3038881e+00	   6.0831338e+00	   5.7834550e+00	
   0.0000000e+00	             NaN	             NaN	             NaN	             NaN	             NaN	   1.6372808e+01	   1.5369465e+01	   1.4469379e+01	   1.3587902e+01	   1.2675678e+01	   1.2199596e+01	   1.1572401e+01	   1.1405523e+01	   1.0986088e+01	   1.0648241e+01	   1.0245399e+01	   9.8278721e+00	   9.6668297e+00	   9.3584416e+00	   9.1219497e+00	   8.7373256e+00	   8.4725876e+00	   8.1654580e+00	   7.9670865e+00	   7.7940868e+00	   7.4851380e+00	   7.1540307e+00	   6.8520505e+00	   6.6445695e+00	   6.2642053e+00	   6.0085479e+00	   5.9009995e+00	
   0.0000000e+00	             NaN	             NaN	             NaN	             NaN	             NaN	             NaN	   1.5323911e+01	   1.4237067e+01	   1.3376473e+01	   1.2806887e+01	   1.1961879e+01	   1.1557284e+01	   1.1349312e+01	   1.0756634e+01	   1.0544385e+01	   1.0163943e+01	   9.8690816e+00	   9.3953270e+00	   9.0929111e+00	   8.9652040e+00	   8.5952764e+00	   8.3009565e+00	   8.2054079e+00	   7.9149864e+00	   7.6069749e+00	   7.4278935e+00	   7.1002725e+00	   6.8704653e+00	   6.4594593e+00	   6.2664175e+00	   5.9619289e+00	   5.8293915e+00	
   0.0000000e+00	             NaN	             NaN	             NaN	             NaN	             NaN	             NaN	   1.5292353e+01	   1.4002141e+01	   1.3399556e+01	   1.2454045e+01	   1.1995140e+01	   1.1375389e+01	   1.1095590e+01	   1.0944116e+01	   1.0448427e+01	   9.9389089e+00	   9.6995550e+00	   9.2870250e+00	   9.3082167e+00	   8.8215238e+00	   8.6166967e+00	   8.1847207e+00	   7.8923468e+00	   7.6877417e+00	   7.5546687e+00	   7.3259766e+00	   7.0360482e+00	   6.7208296e+00	   6.3849272e+00	   6.2052258e+00	   5.9245389e+00	   5.7904636e+00	
   0.0000000e+00	   0.0000000e+00	             NaN	             NaN	             NaN	             NaN	             NaN	   1.5055782e+01	   1.4125445e+01	   1.3102235e+01	   1.2302605e+01	   1.1658068e+01	   1.1270750e+01	   1.1085139e+01	   1.0635672e+01	   1.0325842e+01	   9.9637002e+00	   9.7585290e+00	   9.3469840e+00	   8.9950189e+00	   8.7197430e+00	   8.3658703e+00	   8.1301565e+00	   7.7843851e+00	   7.7146342e+00	   7.4433460e+00	   7.1342299e+00	   7.0279777e+00	   6.6773427e+00	   6.3996485e+00	   6.1641336e+00	   5.9018461e+00	   5.6685085e+00	
   0.0000000e+00	   0.0000000e+00	             NaN	             NaN	             NaN	             NaN	             NaN	   1.4986701e+01	   1.3969373e+01	   1.2865104e+01	   1.2312230e+01	   1.1722988e+01	   1.1315170e+01	   1.0962212e+01	   1.0568242e+01	   1.0159444e+01	   9.8347879e+00	   9.4756240e+00	   9.0654723e+00	   8.8259895e+00	   8.5406073e+00	   8.2983066e+00	   7.9972798e+00	   7.7287882e+00	   7.5192404e+00	   7.3013091e+00	   7.1747892e+00	   6.8135620e+00	   6.6551008e+00	   6.3626413e+00	   6.0134203e+00	   5.8992424e+00	   5.6903908e+00	
   0.0000000e+00	   0.0000000e+00	             NaN	             NaN	             NaN	             NaN	             NaN	   1.4825970e+01	   1.3715732e+01	   1.2826660e+01	   1.2065238e+01	   1.1542648e+01	   1.1094173e+01	   1.0707204e+01	   1.0456132e+01	   1.0084754e+01	   9.6448929e+00	   9.4033317e+00	   8.9673986e+00	   8.7266150e+00	   8.4553912e+00	   8.2667167e+00	   7.8825856e+00	   7.5795234e+00	   7.3616468e+00	   7.2310344e+00	   6.9970451e+00	   6.7873751e+00	   6.4402181e+00	   6.2600163e+00	   6.0251708e+00	   5.7358490e+00	   5.6082273e+00	
   0.0000000e+00	   0.0000000e+00	             NaN	             NaN	             NaN	             NaN	             NaN	             NaN	   1.3671683e+01	   1.2696869e+01	   1.2068750e+01	   1.1357714e+01	   1.1002666e+01	   1.0650306e+01	   1.0152910e+01	   9.9599568e+00	   9.5488414e+00	   9.1794306e+00	   8.9346290e+00	   8.6009516e+00	   8.3276218e+00	   8.0655585e+00	   7.7132741e+00	   7.4408547e+00	   7.2938454e+00	   7.1063868e+00	   6.8893308e+00	   6.6465190e+00	   6.4018756e+00	   6.0973374e+00	   5.8142484e+00	   5.6710094e+00	   5.5211672e+00	
   0.0000000e+00	   0.0000000e+00	             NaN	             NaN	             NaN	             NaN	             NaN	             NaN	   1.3413699e+01	   1.2599585e+01	   1.1858232e+01	   1.1229163e+01	   1.0799535e+01	   1.0482511e+01	   1.0192196e+01	   9.6990215e+00	   9.3774693e+00	   8.9466286e+00	   8.7263463e+00	   8.5681779e+00	   8.1225019e+00	   7.9146167e+00	   7.7094200e+00	   7.4481346e+00	   7.1510647e+00	   7.0499396e+00	   6.8310493e+00	   6.6113373e+00	   6.2464288e+00	   6.0534509e+00	   5.8412389e+00	   5.6387120e+00	   5.4495830e+00	
   0.0000000e+00	   0.0000000e+00	   0.0000000e+00	             NaN	             NaN	             NaN	             NaN	             NaN	   1.3299233e+01	   1.2112011e+01	   1.1868814e+01	   1.1189780e+01	   1.0609468e+01	   1.0438232e+01	   9.8599401e+00	   9.6360998e+00	   9.2490514e+00	   8.7281563e+00	   8.5906887e+00	   8.3733876e+00	   8.2519061e+00	   7.7400916e+00	   7.5748937e+00	   7.3838232e+00	   7.1737084e+00	   6.9867466e+00	   6.8289783e+00	   6.5264723e+00	   6.2619416e+00	   6.0390241e+00	   5.7715407e+00	   5.6090522e+00	   5.3049358e+00	
   0.0000000e+00	   0.0000000e+00	   0.0000000e+00	             NaN	             NaN	             NaN	             NaN	             NaN	   1.3229256e+01	   1.2205894e+01	   1.1603524e+01	   1.1087736e+01	   1.0784069e+01	   1.0156846e+01	   9.8435712e+00	   9.6231934e+00	   9.0647002e+00	   8.6926258e+00	   8.4070651e+00	   8.1974454e+00	   7.9462785e+00	   7.6675309e+00	   7.4327125e+00	   7.2159587e+00	   7.1073477e+00	   6.8196051e+00	   6.7266216e+00	   6.4658978e+00	   6.1295931e+00	   5.9681762e+00	   5.6578225e+00	   5.5020096e+00	   5.3196987e+00	
   0.0000000e+00	   0.0000000e+00	   0.0000000e+00	             NaN	             NaN	             NaN	             NaN	             NaN	   1.3200179e+01	   1.2044982e+01	   1.1473467e+01	   1.0987751e+01	   1.0468573e+01	   1.0203423e+01	   9.6607704e+00	   9.4558955e+00	   9.0710124e+00	   8.6404074e+00	   8.3453475e+00	   8.0914424e+00	   7.8359958e+00	   7.5593642e+00	   7.3342079e+00	   6.9981888e+00	   6.9856097e+00	   6.6667655e+00	   6.5786654e+00	   6.3623684e+00	   6.0169690e+00	   5.7801983e+00	   5.6006102e+00	   5.4055175e+00	   5.1875499e+00	
   0.0000000e+00	   0.0000000e+00	   0.0000000e+00	             NaN	             NaN	             NaN	             NaN	             NaN	   1.3110574e+01	   1.2059564e+01	   1.1113787e+01	   1.0805601e+01	   1.0278466e+01	   1.0155492e+01	   9.5903979e+00	   9.2773003e+00	   8.8355576e+00	   8.5107958e+00	   8.1661926e+00	   7.9329241e+00	   7.7505388e+00	   7.4504533e+00	   7.2320723e+00	   7.0316801e+00	   6.8194288e+00	   6.6382014e+00	   6.4526528e+00	   6.1479568e+00	   5.9760832e+00	   5.6855872e+00	   5.4945373e+00	   5.3290066e+00	   5.1314188e+00	
   0.0000000e+00	   0.0000000e+00	   0.0000000e+00	             NaN	             NaN	             NaN	             NaN	             NaN	             NaN	   1.2076450e+01	   1.1249617e+01	   1.0708546e+01	   1.0103038e+01	   9.8446493e+00	   9.4211714e+00	   9.3135867e+00	   8.7775816e+00	   8.3719947e+00	   7.9783611e+00	   7.8950671e+00	   7.5061016e+00	   7.3841179e+00	   7.1068608e+00	   6.8390579e+00	   6.7015510e+00	   6.4993935e+00	   6.3121512e+00	   6.0927355e+00	   5.9253977e+00	   5.6338772e+00	   5.4639159e+00	   5.2698985e+00	   5.1453287e+00	
   0.0000000e+00	   0.0000000e+00	   0.0000000e+00	   0.0000000e+00	             NaN	             NaN	             NaN	             NaN	             NaN	   1.1784871e+01	   1.1032483e+01	   1.0494172e+01	   9.9183198e+00	   9.6222454e+00	   9.2387386e+00	   9.0714341e+00	   8.6122573e+00	   8.2566425e+00	   7.8340563e+00	   7.6547179e+00	   7.5105134e+00	   7.1593793e+00	   6.8803493e+00	   6.7163462e+00	   6.5595458e+00	   6.4204820e+00	   6.2007691e+00	   6.0705007e+00	   5.7676905e+00	   5.4889349e+00	   5.3433834e+00	   5.1402108e+00	   5.0583259e+00	
   0.0000000e+00	   0.0000000e+00	   0.0000000e+00	   0.0000000e+00	             NaN	             NaN	             NaN	             NaN	             NaN	   1.1608622e+01	   1.0747532e+01	   1.0357212e+01	   9.9504962e+00	   9.3627081e+00	   9.2097857e+00	   8.7840810e+00	   8.4381140e+00	   8.1863652e+00	   7.7951938e+00	   7.5620682e+00	   7.2308331e+00	   7.0767849e+00	   6.7376223e+00	   6.5065580e+00	   6.4078970e+00	   6.3300488e+00	   6.1775333e+00	   5.9482884e+00	   5.5909099e+00	   5.4178720e+00	   5.2647596e+00	   5.0593714e+00	   4.9353536e+00	
   0.0000000e+00	   0.0000000e+00	   0.0000000e+00	   0.0000000e+00	             NaN	             NaN	             NaN	             NaN	             NaN	   1.1445703e+01	   1.0554120e+01	   1.0262588e+01	   9.7219752e+00	   9.3969059e+00	   8.8778048e+00	   8.6956173e+00	   8.1776845e+00	   7.9479059e+00	   7.6223662e+00	   7.4074415e+00	   7.1258406e+00	   6.8775872e+00	   6.6880416e+00	   6.5287105e+00	   6.3388270e+00	   6.2080911e+00	   5.9601648e+00	   5.7915790e+00	   5.5609310e+00	   5.3841296e+00	   5.1527239e+00	   4.9484713e+00	   4.7761872e+00	
   0.0000000e+00	   0.0000000e+00	   0.0000000e+00	   0.0000000e+00	             NaN	             NaN	             NaN	             NaN	             NaN	   1.1401189e+01	   1.0608566e+01	   1.0021539e+01	   9.6927309e+00	   9.2859569e+00	   8.9176993e+00	   8.2961224e+00	   8.2486293e+00	   7.7783140e+00	   7.5584158e+00	   7.3347132e+00	   6.9252126e+00	   6.8478203e+00	   6.5727960e+00	   6.2725334e+00	   6.1993060e+00	   6.1287481e+00	   5.8397201e+00	   5.6582803e+00	   5.4017321e+00	   5.2293473e+00	   5.1004273e+00	   4.8977780e+00	   4.7301635e+00	
   0.0000000e+00	   0.0000000e+00	   0.0000000e+00	   0.0000000e+00	             NaN	             NaN	             NaN	             NaN	             NaN	             NaN	   1.0652069e+01	   9.9256161e+00	   9.3833952e+00	   9.0468107e+00	   8.7226872e+00	   8.3918218e+00	   7.9208994e+00	   7.6261802e+00	   7.4336351e+00	   7.2513847e+00	   6.9203470e+00	   6.6132997e+00	   6.3214681e+00	   6.1826480e+00	   6.0910044e+00	   5.9842551e+00	   5.7805998e+00	   5.5927821e+00	   5.3896478e+00	   5.1269881e+00	   4.9544626e+00	   4.8503108e+00	   4.7251891e+00	
   0.0000000e+00	   0.0000000e+00	   0.0000000e+00	   0.0000000e+00	             NaN	             NaN	             NaN	             NaN	             NaN	             NaN	   1.0330571e+01	   9.7062645e+00	   9.1556033e+00	   8.8960539e+00	   8.6509209e+00	   8.1242928e+00	   7.8301471e+00	   7.4819719e+00	   7.2242638e+00	   6.9495917e+00	   6.7436795e+00	   6.5373023e+00	   6.2065212e+00	   6.1220638e+00	   5.9129988e+00	   5.9048751e+00	   5.6430521e+00	   5.4868554e+00	   5.2499501e+00	   4.9861501e+00	   4.7794953e+00	   4.7776879e+00	   4.5466651e+00	
   0.0000000e+00	   0.0000000e+00	   0.0000000e+00	   0.0000000e+00	   0.0000000e+00	             NaN	             NaN	             NaN	             NaN	             NaN	   1.0336543e+01	   9.6562182e+00	   9.0318991e+00	   8.9140027e+00	   8.4057499e+00	   8.0679112e+00	   7.7806633e+00	   7.3627934e+00	   7.1703155e+00	   6.9605461e+00	   6.6089760e+00	   6.4472264e+00	   6.1938763e+00	   6.0185568e+00	   5.8529887e+00	   5.7392652e+00	   5.4344312e+00	   5.3216980e+00	   5.1465279e+00	   4.9625977e+00	   4.7932925e+00	   4.6379646e+00	   4.4986068e+00	
   0.0000000e+00	   0.0000000e+00	   0.0000000e+00	   0.0000000e+00	   0.0000000e+00	             NaN	             NaN	             NaN	             NaN	             NaN	   9.8685110e+00	   9.3973807e+00	   8.8779563e+00	   8.7292228e+00	   8.2797441e+00	   7.8420104e+00	   7.4790131e+00	   7.2483799e+00	   6.9509427e+00	   6.7853239e+00	   6.4608033e+00	   6.1836690e+00	   5.9999559e+00	   5.8738203e+00	   5.6351372e+00	   5.5850549e+00	   5.4362712e+00	   5.1235483e+00	   5.1000086e+00	   4.8836594e+00	   4.7023290e+00	   4.5256453e+00	   4.3686793e+00	
   0.0000000e+00	   0.0000000e+00	   0.0000000e+00	   0.0000000e+00	   0.0000000e+00	             NaN	             NaN	             NaN	             NaN	             NaN	   9.6111690e+00	   9.1755606e+00	   8.8496659e+00	   8.3783976e+00	   8.1998732e+00	   7.8221030e+00	   7.5485359e+00	   7.1627846e+00	   6.7975164e+00	   6.6144146e+00	   6.3616597e+00	   6.1902577e+00	   5.9426162e+00	   5.6466808e+00	   5.5958821e+00	   5.4889569e+00	   5.3287579e+00	   5.1498355e+00	   4.8827635e+00	   4.7823732e+00	   4.5688688e+00	   4.4336954e+00	   4.3672708e+00	
   0.0000000e+00	   0.0000000e+00	   0.0000000e+00	   0.0000000e+00	   0.0000000e+00	             NaN	             NaN	             NaN	             NaN	             NaN	             NaN	   9.0754472e+00	   8.7871941e+00	   8.2801349e+00	   8.1138344e+00	   7.5675367e+00	   7.2050841e+00	   6.9156087e+00	   6.7043197e+00	   6.4197153e+00	   6.1927580e+00	   5.9443972e+00	   5.8087699e+00	   5.6267485e+00	   5.4406878e+00	   5.3885947e+00	   5.2150280e+00	   5.0315469e+00	   4.8536965e+00	   4.5767294e+00	   4.5245982e+00	   4.2966015e+00	   4.2761348e+00	
   0.0000000e+00	   0.0000000e+00	   0.0000000e+00	   0.0000000e+00	   0.0000000e+00	             NaN	             NaN	             NaN	             NaN	             NaN	             NaN	   8.5671555e+00	   8.4970972e+00	   8.2144628e+00	   7.8637017e+00	   7.3256478e+00	   7.1873310e+00	   6.7739504e+00	   6.5465591e+00	   6.3168118e+00	   6.1183357e+00	   5.9713653e+00	   5.7145252e+00	   5.4502261e+00	   5.3453677e+00	   5.3315691e+00	   5.0610653e+00	   4.9341897e+00	   4.7341394e+00	   4.5748605e+00	   4.4461854e+00	   4.2793325e+00	   4.1422481e+00	
   0.0000000e+00	   0.0000000e+00	   0.0000000e+00	   0.0000000e+00	   0.0000000e+00	   0.0000000e+00	             NaN	             NaN	             NaN	             NaN	             NaN	   8.6312727e+00	   8.3699404e+00	   7.9807315e+00	   7.4665625e+00	   7.3692050e+00	   6.8855229e+00	   6.7711677e+00	   6.3497968e+00	   6.2917744e+00	   6.0285005e+00	   5.7067126e+00	   5.4666302e+00	   5.3697008e+00	   5.2003634e+00	   5.1190553e+00	   4.9942282e+00	   4.7780323e+00	   4.6243886e+00	   4.4281423e+00	   4.3240760e+00	   4.1898861e+00	   4.0777387e+00	
   0.0000000e+00	   0.0000000e+00	   0.0000000e+00	   0.0000000e+00	   0.0000000e+00	   0.0000000e+00	             NaN	             NaN	             NaN	             NaN	             NaN	   8.6452423e+00	   8.0538990e+00	   7.7863907e+00	   7.4774562e+00	   7.1418442e+00	   6.7838006e+00	   6.4409828e+00	   6.2796743e+00	   6.0340475e+00	   5.8105665e+00	   5.6479090e+00	   5.3734331e+00	   5.2964473e+00	   5.1777605e+00	   5.1104107e+00	   4.9181750e+00	   4.6790571e+00	   4.5711635e+00	   4.3858357e+00	   4.2362127e+00	   4.0895871e+00	   4.0449522e+00	
   0.0000000e+00	   0.0000000e+00	   0.0000000e+00	   0.0000000e+00	   0.0000000e+00	   0.0000000e+00	             NaN	             NaN	             NaN	             NaN	             NaN	   8.5760963e+00	   7.8725945e+00	   7.6205528e+00	   7.3510474e+00	   7.0977932e+00	   6.6659366e+00	   6.2958889e+00	   6.1939664e+00	   5.9557737e+00	   5.8283130e+00	   5.4874073e+00	   5.2746723e+00	   5.2289925e+00	   4.9107450e+00	   4.8954563e+00	   4.7958036e+00	   4.5917207e+00	   4.3800414e+00	   4.2303271e+00	   4.1773758e+00	   3.9598027e+00	   3.8277568e+00	
   0.0000000e+00	   0.0000000e+00	   0.0000000e+00	   0.0000000e+00	   0.0000000e+00	   0.0000000e+00	             NaN	             NaN	             NaN	             NaN	             NaN	             NaN	   7.8398614e+00	   7.3971409e+00	   7.1810996e+00	   6.8646697e+00	   6.4674088e+00	   6.2529715e+00	   6.0272307e+00	   5.7389928e+00	   5.6498525e+00	   5.5499905e+00	   5.1812492e+00	   5.0374542e+00	   4.8867422e+00	   4.7454026e+00	   4.6013181e+00	   4.4600046e+00	   4.3570761e+00	   4.1507505e+00	   4.0375427e+00	   3.8821748e+00	   3.7765170e+00	
   0.0000000e+00	   0.0000000e+00	   0.0000000e+00	   0.0000000e+00	   0.0000000e+00	   0.0000000e+00	             NaN	             NaN	             NaN	             NaN	             NaN	             NaN	   7.6148275e+00	   7.4002933e+00	   7.0787814e+00	   6.7828493e+00	   6.4127193e+00	   6.0931129e+00	   5.8182696e+00	   5.6565497e+00	   5.4901591e+00	   5.3585705e+00	   4.9943689e+00	   4.8500078e+00	   4.8178523e+00	   4.6355165e+00	   4.5744993e+00	   4.3939102e+00	   4.2999784e+00	   4.0879309e+00	   3.8807165e+00	   3.8105037e+00	   3.6918517e+00	
   0.0000000e+00	   0.0000000e+00	   0.0000000e+00	   0.0000000e+00	   0.0000000e+00	   0.0000000e+00	   0.0000000e+00	             NaN	             NaN	             NaN	             NaN	             NaN	   7.6135952e+00	   7.2893475e+00	   6.7759868e+00	   6.5963486e+00	   6.2101560e+00	   5.9506336e+00	   5.6642467e+00	   5.5455367e+00	   5.4110413e+00	   5.1153843e+00	   5.0469120e+00	   4.7997337e+00	   4.6265985e+00	   4.5637028e+00	   4.4684162e+00	   4.2322387e+00	   4.1683555e+00	   3.8626408e+00	   3.8809177e+00	   3.7125329e+00	   3.4880693e+00	
   0.0000000e+00	   0.0000000e+00	   0.0000000e+00	   0.0000000e+00	   0.0000000e+00	   0.0000000e+00	   0.0000000e+00	             NaN	             NaN	             NaN	             NaN	             NaN	   7.4149207e+00	   7.2370861e+00	   6.7852608e+00	   6.4254505e+00	   6.1689845e+00	   5.9000026e+00	   5.6301287e+00	   5.3088605e+00	   5.2212560e+00	   4.9954102e+00	   4.8698594e+00	   4.6388610e+00	   4.5479962e+00	   4.4203868e+00	   4.2333900e+00	   4.1399894e+00	   4.0099250e+00	   3.8317188e+00	   3.7961625e+00	   3.5980643e+00	   3.5197228e+00	
   0.0000000e+00	   0.0000000e+00	   0.0000000e+00	   0.0000000e+00	   0.0000000e+00	   0.0000000e+00	   0.0000000e+00	             NaN	             NaN	             NaN	             NaN	             NaN	   7.5193182e+00	   7.0631118e+00	   6.5867367e+00	   6.2245144e+00	   5.9953200e+00	   5.8026958e+00	   5.5383689e+00	   5.2837414e+00	   5.1264889e+00	   4.9489838e+00	   4.6832038e+00	   4.5658010e+00	   4.4408406e+00	   4.3175228e+00	   4.1686935e+00	   4.0666723e+00	   3.9508236e+00	   3.7353977e+00	   3.5654433e+00	   3.5127165e+00	   3.4664831e+00	
   0.0000000e+00	   0.0000000e+00	   0.0000000e+00	   0.0000000e+00	   0.0000000e+00	   0.0000000e+00	   0.0000000e+00	             NaN	             NaN	             NaN	             NaN	             NaN	             NaN	   6.7583739e+00	   6.4961475e+00	   6.1944705e+00	   5.9292928e+00	   5.5332489e+00	   5.2901587e+00	   5.1358708e+00	   5.0445755e+00	   4.8023669e+00	   4.6670817e+00	   4.3825526e+00	   4.2555025e+00	   4.2323844e+00	   4.0641195e+00	   3.9941564e+00	   3.7411228e+00	   3.6911551e+00	   3.5440209e+00	   3.4643591e+00	   3.3292510e+00	
   0.0000000e+00	   0.0000000e+00	   0.0000000e+00	   0.0000000e+00	   0.0000000e+00	   0.0000000e+00	   0.0000000e+00	             NaN	             NaN	             NaN	             NaN	             NaN	             NaN	   6.7404758e+00	   6.3135906e+00	   5.9247479e+00	   5.7091613e+00	   5.4591577e+00	   5.1527919e+00	   5.0958741e+00	   4.8250907e+00	   4.6505473e+00	   4.5177481e+00	   4.2951944e+00	   4.3082393e+00	   4.1374377e+00	   3.9788249e+00	   3.8427932e+00	   3.6933331e+00	   3.5762882e+00	   3.5358544e+00	   3.3087189e+00	   3.2603952e+00	
   0.0000000e+00	   0.0000000e+00	   0.0000000e+00	   0.0000000e+00	   0.0000000e+00	   0.0000000e+00	   0.0000000e+00	   0.0000000e+00	             NaN	             NaN	             NaN	             NaN	             NaN	   6.5674272e+00	   6.0424075e+00	   5.8828004e+00	   5.5570407e+00	   5.3159592e+00	   5.0337978e+00	   4.9183691e+00	   4.7250331e+00	   4.4491075e+00	   4.3959520e+00	   4.2226872e+00	   4.0201334e+00	   4.0241771e+00	   3.8332670e+00	   3.7877263e+00	   3.6160986e+00	   3.4634231e+00	   3.4163321e+00	   3.2164113e+00	   3.1981561e+00	
   0.0000000e+00	   0.0000000e+00	   0.0000000e+00	   0.0000000e+00	   0.0000000e+00	   0.0000000e+00	   0.0000000e+00	   0.0000000e+00	             NaN	             NaN	             NaN	             NaN	             NaN	   6.5268895e+00	   6.0538448e+00	   5.8248342e+00	   5.3288568e+00	   5.2493223e+00	   5.0525950e+00	   4.8067602e+00	   4.6098146e+00	   4.3851126e+00	   4.2843947e+00	   4.1670549e+00	   4.0711764e+00	   3.9620583e+00	   3.7544478e+00	   3.6936820e+00	   3.5249699e+00	   3.4164069e+00	   3.2441256e+00	   3.1029230e+00	   3.1036035e+00	
   0.0000000e+00	   0.0000000e+00	   0.0000000e+00	   0.0000000e+00	   0.0000000e+00	   0.0000000e+00	   0.0000000e+00	   0.0000000e+00	             NaN	             NaN	             NaN	             NaN	             NaN	   6.5211851e+00	   6.0170104e+00	   5.6189888e+00	   5.3211401e+00	   5.0913380e+00	   4.8154134e+00	   4.7231733e+00	   4.5455592e+00	   4.2409385e+00	   4.2041404e+00	   3.9506523e+00	   3.8930541e+00	   3.8553737e+00	   3.6529452e+00	   3.6008757e+00	   3.4497315e+00	   3.2997918e+00	   3.1724695e+00	   3.0261738e+00	   2.9788729e+00	
   0.0000000e+00	   0.0000000e+00	   0.0000000e+00	   0.0000000e+00	   0.0000000e+00	   0.0000000e+00	   0.0000000e+00	   0.0000000e+00	             NaN	             NaN	             NaN	             NaN	             NaN	             NaN	   5.9049630e+00	   5.6286210e+00	   5.3518656e+00	   4.9195466e+00	   4.8518991e+00	   4.5216327e+00	   4.3759590e+00	   4.1150007e+00	   4.0077526e+00	   3.8819522e+00	   3.7019489e+00	   3.7410034e+00	   3.5822897e+00	   3.4729800e+00	   3.3544888e+00	   3.2070154e+00	   3.0795061e+00	   3.0754016e+00	   2.8987229e+00	
   0.0000000e+00	   0.0000000e+00	   0.0000000e+00	   0.0000000e+00	   0.0000000e+00	   0.0000000e+00	   0.0000000e+00	   0.0000000e+00	             NaN	             NaN	             NaN	             NaN	             NaN	             NaN	   5.7480628e+00	   5.4329893e+00	   5.0307183e+00	   4.8731285e+00	   4.6718829e+00	   4.4689255e+00	   4.2095903e+00	   4.0279413e+00	   3.9043975e+00	   3.8106122e+00	   3.7101590e+00	   3.7803096e+00	   3.4769647e+00	   3.3689493e+00	   3.2788970e+00	   3.1446131e+00	   2.9749154e+00	   2.9690253e+00	   2.8834152e+00	
   0.0000000e+00	   0.0000000e+00	   0.0000000e+00	   0.0000000e+00	   0.0000000e+00	   0.0000000e+00	   0.0000000e+00	   0.0000000e+00	   0.0000000e+00	             NaN	             NaN	             NaN	             NaN	             NaN	   5.4888811e+00	   5.2053141e+00	   4.9259610e+00	   4.6735599e+00	   4.5301995e+00	   4.2122421e+00	   4.1794159e+00	   4.0026285e+00	   3.9463106e+00	   3.7632865e+00	   3.6178080e+00	   3.5231418e+00	   3.4725512e+00	   3.2865573e+00	   3.2030328e+00	   2.9768238e+00	   3.0174552e+00	   2.9017482e+00	   2.7261880e+00	
   0.0000000e+00	   0.0000000e+00	   0.0000000e+00	   0.0000000e+00	   0.0000000e+00	   0.0000000e+00	   0.0000000e+00	   0.0000000e+00	   0.0000000e+00	             NaN	             NaN	             NaN	             NaN	             NaN	   5.4632255e+00	   5.0898791e+00	   4.8503650e+00	   4.7273498e+00	   4.3691982e+00	   4.2678531e+00	   4.0183675e+00	   3.8627544e+00	   3.7431429e+00	   3.6976493e+00	   3.5232738e+00	   3.3223070e+00	   3.3500830e+00	   3.1628971e+00	   3.1106752e+00	   3.0229236e+00	   2.8769668e+00	   2.7807809e+00	   2.7163555e+00	
   0.0000000e+00	   0.0000000e+00	   0.0000000e+00	   0.0000000e+00	   0.0000000e+00	   0.0000000e+00	   0.0000000e+00	   0.0000000e+00	   0.0000000e+00	             NaN	             NaN	             NaN	             NaN	             NaN	   5.4174233e+00	   5.0493833e+00	   4.7032554e+00	   4.4413933e+00	   4.3580330e+00	   4.0554177e+00	   3.8869904e+00	   3.7490496e+00	   3.6100517e+00	   3.4749475e+00	   3.3742445e+00	   3.3277230e+00	   3.2423043e+00	   3.0536193e+00	   2.9724761e+00	   2.8877243e+00	   2.7368788e+00	   2.6868218e+00	   2.6504150e+00	
   0.0000000e+00	   0.0000000e+00	   0.0000000e+00	   0.0000000e+00	   0.0000000e+00	   0.0000000e+00	   0.0000000e+00	   0.0000000e+00	   0.0000000e+00	             NaN	             NaN	             NaN	             NaN	             NaN	             NaN	   4.9408848e+00	   4.6303240e+00	   4.3354061e+00	   4.0826557e+00	   3.9003916e+00	   3.8393773e+00	   3.6526458e+00	   3.5130631e+00	   3.4593441e+00	   3.4006241e+00	   3.2537802e+00	   3.0713570e+00	   3.0734514e+00	   2.8763342e+00	   2.8665268e+00	   2.7501493e+00	   2.6104969e+00	   2.5825469e+00	
   0.0000000e+00	   0.0000000e+00	   0.0000000e+00	   0.0000000e+00	   0.0000000e+00	   0.0000000e+00	   0.0000000e+00	   0.0000000e+00	   0.0000000e+00	             NaN	             NaN	             NaN	             NaN	             NaN	             NaN	   4.7286992e+00	   4.5826307e+00	   4.2860989e+00	   4.0468840e+00	   3.8813294e+00	   3.7351261e+00	   3.5573657e+00	   3.3554440e+00	   3.2923706e+00	   3.2323267e+00	   3.1789576e+00	   3.0515125e+00	   2.9365348e+00	   2.9153161e+00	   2.7529578e+00	   2.5589537e+00	   2.5597358e+00	   2.5427371e+00	
   0.0000000e+00	   0.0000000e+00	   0.0000000e+00	   0.0000000e+00	   0.0000000e+00	   0.0000000e+00	   0.0000000e+00	   0.0000000e+00	   0.0000000e+00	   0.0000000e+00	             NaN	             NaN	             NaN	             NaN	             NaN	   4.6999441e+00	   4.2883320e+00	   4.2052646e+00	   3.8208031e+00	   3.8833728e+00	   3.5893171e+00	   3.3836350e+00	   3.3633498e+00	   3.2461915e+00	   3.1025520e+00	   3.0280092e+00	   3.0088491e+00	   2.9089274e+00	   2.8064850e+00	   2.7172529e+00	   2.5973397e+00	   2.4620581e+00	   2.3982001e+00	
