  -4.2035819e+00	  -4.9041614e+00	  -3.9028060e+00	             NaN	             NaN	             NaN	             NaN	             NaN	             NaN	             NaN	             NaN	             NaN	             NaN	             NaN	   0.0000000e+00	   0.0000000e+00	   0.0000000e+00	   0.0000000e+00	   0.0000000e+00	   0.0000000e+00	   0.0000000e+00	   0.0000000e+00	   0.0000000e+00	   0.0000000e+00	   0.0000000e+00	   0.0000000e+00	   0.0000000e+00	   0.0000000e+00	   0.0000000e+00	   0.0000000e+00	   0.0000000e+00	   0.0000000e+00	   0.0000000e+00	
  -1.1743441e+00	  -2.1031337e+00	  -3.1712364e+00	             NaN	             NaN	             NaN	             NaN	             NaN	             NaN	             NaN	             NaN	             NaN	             NaN	             NaN	   0.0000000e+00	   0.0000000e+00	   0.0000000e+00	   0.0000000e+00	   0.0000000e+00	   0.0000000e+00	   0.0000000e+00	   0.0000000e+00	   0.0000000e+00	   0.0000000e+00	   0.0000000e+00	   0.0000000e+00	   0.0000000e+00	   0.0000000e+00	   0.0000000e+00	   0.0000000e+00	   0.0000000e+00	   0.0000000e+00	   0.0000000e+00	
  -2.4177874e+00	  -3.9380744e+00	  -1.7428917e+00	             NaN	             NaN	             NaN	             NaN	             NaN	             NaN	             NaN	             NaN	             NaN	             NaN	             NaN	   0.0000000e+00	   0.0000000e+00	   0.0000000e+00	   0.0000000e+00	   0.0000000e+00	   0.0000000e+00	   0.0000000e+00	   0.0000000e+00	   0.0000000e+00	   0.0000000e+00	   0.0000000e+00	   0.0000000e+00	   0.0000000e+00	   0.0000000e+00	   0.0000000e+00	   0.0000000e+00	   0.0000000e+00	   0.0000000e+00	   0.0000000e+00	
  -1.9655706e+00	  -2.2290932e+00	  -2.4253940e+00	  -6.5894725e-01	             NaN	             NaN	             NaN	             NaN	             NaN	             NaN	             NaN	             NaN	             NaN	             NaN	             NaN	   0.0000000e+00	   0.0000000e+00	   0.0000000e+00	   0.0000000e+00	   0.0000000e+00	   0.0000000e+00	   0.0000000e+00	   0.0000000e+00	   0.0000000e+00	   0.0000000e+00	   0.0000000e+00	   0.0000000e+00	   0.0000000e+00	   0.0000000e+00	   0.0000000e+00	   0.0000000e+00	   0.0000000e+00	   0.0000000e+00	
  -4.2589644e-01	  -1.3919785e+00	  -1.7599771e+00	  -1.2665714e-01	             NaN	             NaN	             NaN	             NaN	             NaN	             NaN	             NaN	             NaN	             NaN	             NaN	             NaN	   0.0000000e+00	   0.0000000e+00	   0.0000000e+00	   0.0000000e+00	   0.0000000e+00	   0.0000000e+00	   0.0000000e+00	   0.0000000e+00	   0.0000000e+00	   0.0000000e+00	   0.0000000e+00	   0.0000000e+00	   0.0000000e+00	   0.0000000e+00	   0.0000000e+00	   0.0000000e+00	   0.0000000e+00	   0.0000000e+00	
   1.3076013e+00	  -7.5660068e-01	   3.6676746e-01	   9.6725853e-01	   1.6101542e+00	             NaN	             NaN	             NaN	             NaN	             NaN	             NaN	             NaN	             NaN	             NaN	             NaN	             NaN	   0.0000000e+00	   0.0000000e+00	   0.0000000e+00	   0.0000000e+00	   0.0000000e+00	   0.0000000e+00	   0.0000000e+00	   0.0000000e+00	   0.0000000e+00	   0.0000000e+00	   0.0000000e+00	   0.0000000e+00	   0.0000000e+00	   0.0000000e+00	   0.0000000e+00	   0.0000000e+00	   0.0000000e+00	
  -6.4183404e-01	   3.9637663e-03	   6.9056795e-01	   1.8334128e+00	   1.9553416e+00	             NaN	             NaN	             NaN	             NaN	             NaN	             NaN	             NaN	             NaN	             NaN	             NaN	             NaN	   0.0000000e+00	   0.0000000e+00	   0.0000000e+00	   0.0000000e+00	   0.0000000e+00	   0.0000000e+00	   0.0000000e+00	   0.0000000e+00	   0.0000000e+00	   0.0000000e+00	   0.0000000e+00	   0.0000000e+00	   0.0000000e+00	   0.0000000e+00	   0.0000000e+00	   0.0000000e+00	   0.0000000e+00	
  -5.8661209e-01	   1.1366917e-01	   8.2522644e-03	   1.1532151e+00	   1.7396782e+00	             NaN	             NaN	             NaN	             NaN	             NaN	             NaN	             NaN	             NaN	             NaN	             NaN	             NaN	   0.0000000e+00	   0.0000000e+00	   0.0000000e+00	   0.0000000e+00	   0.0000000e+00	   0.0000000e+00	   0.0000000e+00	   0.0000000e+00	   0.0000000e+00	   0.0000000e+00	   0.0000000e+00	   0.0000000e+00	   0.0000000e+00	   0.0000000e+00	   0.0000000e+00	   0.0000000e+00	   0.0000000e+00	
  -2.6709002e-02	   1.3619069e+00	   7.1464210e-02	   2.1001879e+00	   2.7339207e+00	   3.3253722e+00	             NaN	             NaN	             NaN	             NaN	             NaN	             NaN	             NaN	             NaN	             NaN	             NaN	             NaN	   0.0000000e+00	   0.0000000e+00	   0.0000000e+00	   0.0000000e+00	   0.0000000e+00	   0.0000000e+00	   0.0000000e+00	   0.0000000e+00	   0.0000000e+00	   0.0000000e+00	   0.0000000e+00	   0.0000000e+00	   0.0000000e+00	   0.0000000e+00	   0.0000000e+00	   0.0000000e+00	
   9.7478494e-01	   1.0992575e+00	   1.3248494e+00	   1.8475825e+00	   2.6851962e+00	   2.9312372e+00	             NaN	             NaN	             NaN	             NaN	             NaN	             NaN	             NaN	             NaN	             NaN	             NaN	             NaN	   0.0000000e+00	   0.0000000e+00	   0.0000000e+00	   0.0000000e+00	   0.0000000e+00	   0.0000000e+00	   0.0000000e+00	   0.0000000e+00	   0.0000000e+00	   0.0000000e+00	   0.0000000e+00	   0.0000000e+00	   0.0000000e+00	   0.0000000e+00	   0.0000000e+00	   0.0000000e+00	
   4.4341936e-01	   4.6382690e-01	   2.1855539e+00	   1.8263784e+00	   2.7739740e+00	   3.2415884e+00	   3.0783262e+00	             NaN	             NaN	             NaN	             NaN	             NaN	             NaN	             NaN	             NaN	             NaN	             NaN	             NaN	   0.0000000e+00	   0.0000000e+00	   0.0000000e+00	   0.0000000e+00	   0.0000000e+00	   0.0000000e+00	   0.0000000e+00	   0.0000000e+00	   0.0000000e+00	   0.0000000e+00	   0.0000000e+00	   0.0000000e+00	   0.0000000e+00	   0.0000000e+00	   0.0000000e+00	
   2.4090639e+00	   1.7371808e+00	   1.3982218e+00	   2.2791841e+00	   2.8330932e+00	   3.0608269e+00	   3.2832832e+00	             NaN	             NaN	             NaN	             NaN	             NaN	             NaN	             NaN	             NaN	             NaN	             NaN	             NaN	   0.0000000e+00	   0.0000000e+00	   0.0000000e+00	   0.0000000e+00	   0.0000000e+00	   0.0000000e+00	   0.0000000e+00	   0.0000000e+00	   0.0000000e+00	   0.0000000e+00	   0.0000000e+00	   0.0000000e+00	   0.0000000e+00	   0.0000000e+00	   0.0000000e+00	
   1.6890538e+00	   1.8506806e+00	   2.6074551e+00	   2.9516216e+00	   3.1622752e+00	   3.2715439e+00	   3.0927342e+00	             NaN	             NaN	             NaN	             NaN	             NaN	             NaN	             NaN	             NaN	             NaN	             NaN	             NaN	   0.0000000e+00	   0.0000000e+00	   0.0000000e+00	   0.0000000e+00	   0.0000000e+00	   0.0000000e+00	   0.0000000e+00	   0.0000000e+00	   0.0000000e+00	   0.0000000e+00	   0.0000000e+00	   0.0000000e+00	   0.0000000e+00	   0.0000000e+00	   0.0000000e+00	
   6.5882430e-01	   1.8699670e+00	   2.4448410e+00	   3.0954898e+00	   3.4318573e+00	   3.5060341e+00	   3.1376129e+00	   2.6237089e+00	             NaN	             NaN	             NaN	             NaN	             NaN	             NaN	             NaN	             NaN	             NaN	             NaN	             NaN	   0.0000000e+00	   0.0000000e+00	   0.0000000e+00	   0.0000000e+00	   0.0000000e+00	   0.0000000e+00	   0.0000000e+00	   0.0000000e+00	   0.0000000e+00	   0.0000000e+00	   0.0000000e+00	   0.0000000e+00	   0.0000000e+00	   0.0000000e+00	
   1.5557363e+00	   1.6412421e+00	   2.6904193e+00	   3.3992492e+00	   3.4326669e+00	   3.3578052e+00	   3.2073426e+00	   2.8078483e+00	             NaN	             NaN	             NaN	             NaN	             NaN	             NaN	             NaN	             NaN	             NaN	             NaN	             NaN	   0.0000000e+00	   0.0000000e+00	   0.0000000e+00	   0.0000000e+00	   0.0000000e+00	   0.0000000e+00	   0.0000000e+00	   0.0000000e+00	   0.0000000e+00	   0.0000000e+00	   0.0000000e+00	   0.0000000e+00	   0.0000000e+00	   0.0000000e+00	
   1.4856758e+00	   2.1596491e+00	   2.6696864e+00	   3.4494638e+00	   3.6281992e+00	   3.4802313e+00	   2.9399111e+00	   2.5851252e+00	   1.8333522e+00	             NaN	             NaN	             NaN	             NaN	             NaN	             NaN	             NaN	             NaN	             NaN	             NaN	             NaN	   0.0000000e+00	   0.0000000e+00	   0.0000000e+00	   0.0000000e+00	   0.0000000e+00	   0.0000000e+00	   0.0000000e+00	   0.0000000e+00	   0.0000000e+00	   0.0000000e+00	   0.0000000e+00	   0.0000000e+00	   0.0000000e+00	
   1.5015289e+00	   2.3498504e+00	   3.1120323e+00	   3.8976241e+00	   3.6605548e+00	   3.2986399e+00	   3.0951928e+00	   2.6592604e+00	   1.8176440e+00	             NaN	             NaN	             NaN	             NaN	             NaN	             NaN	             NaN	             NaN	             NaN	             NaN	             NaN	   0.0000000e+00	   0.0000000e+00	   0.0000000e+00	   0.0000000e+00	   0.0000000e+00	   0.0000000e+00	   0.0000000e+00	   0.0000000e+00	   0.0000000e+00	   0.0000000e+00	   0.0000000e+00	   0.0000000e+00	   0.0000000e+00	
   2.9225065e+00	   2.7026085e+00	   3.2665854e+00	   3.4921958e+00	   3.4138349e+00	   3.1991289e+00	   3.0332671e+00	   2.5150751e+00	   1.7187197e+00	             NaN	             NaN	             NaN	             NaN	             NaN	             NaN	             NaN	             NaN	             NaN	             NaN	             NaN	   0.0000000e+00	   0.0000000e+00	   0.0000000e+00	   0.0000000e+00	   0.0000000e+00	   0.0000000e+00	   0.0000000e+00	   0.0000000e+00	   0.0000000e+00	   0.0000000e+00	   0.0000000e+00	   0.0000000e+00	   0.0000000e+00	
   1.8342184e+00	   2.3615521e+00	   2.8176045e+00	   3.3091802e+00	   3.5302137e+00	   3.2839194e+00	   2.8486677e+00	   2.3018537e+00	   1.7482487e+00	   1.1909093e+00	             NaN	             NaN	             NaN	             NaN	             NaN	             NaN	             NaN	             NaN	             NaN	             NaN	             NaN	   0.0000000e+00	   0.0000000e+00	   0.0000000e+00	   0.0000000e+00	   0.0000000e+00	   0.0000000e+00	   0.0000000e+00	   0.0000000e+00	   0.0000000e+00	   0.0000000e+00	   0.0000000e+00	   0.0000000e+00	
   1.6780961e+00	   2.0305094e+00	   2.8458308e+00	   3.3270101e+00	   3.2054846e+00	   3.3819754e+00	   2.9339101e+00	   2.4420459e+00	   1.6429023e+00	   1.1142673e+00	             NaN	             NaN	             NaN	             NaN	             NaN	             NaN	             NaN	             NaN	             NaN	             NaN	             NaN	   0.0000000e+00	   0.0000000e+00	   0.0000000e+00	   0.0000000e+00	   0.0000000e+00	   0.0000000e+00	   0.0000000e+00	   0.0000000e+00	   0.0000000e+00	   0.0000000e+00	   0.0000000e+00	   0.0000000e+00	
   2.1053297e+00	   2.7288663e+00	   2.9861676e+00	   2.9812279e+00	   3.0615007e+00	   3.1471769e+00	   2.8029971e+00	   1.9600682e+00	   1.5690511e+00	   1.1386420e+00	   7.9678503e-01	             NaN	             NaN	             NaN	             NaN	             NaN	             NaN	             NaN	             NaN	             NaN	             NaN	             NaN	   0.0000000e+00	   0.0000000e+00	   0.0000000e+00	   0.0000000e+00	   0.0000000e+00	   0.0000000e+00	   0.0000000e+00	   0.0000000e+00	   0.0000000e+00	   0.0000000e+00	   0.0000000e+00	
   2.4335122e+00	   2.0726510e+00	   2.8170878e+00	   3.1630354e+00	   3.4524296e+00	   2.8516733e+00	   2.6905836e+00	   2.1061613e+00	   1.6189333e+00	   9.4535492e-01	   7.0060539e-01	             NaN	             NaN	             NaN	             NaN	             NaN	             NaN	             NaN	             NaN	             NaN	             NaN	             NaN	   0.0000000e+00	   0.0000000e+00	   0.0000000e+00	   0.0000000e+00	   0.0000000e+00	   0.0000000e+00	   0.0000000e+00	   0.0000000e+00	   0.0000000e+00	   0.0000000e+00	   0.0000000e+00	
   1.8091397e+00	   2.2229508e+00	   2.7241208e+00	   3.0852710e+00	   2.9585220e+00	   2.9036252e+00	   2.4945107e+00	   2.0388924e+00	   1.4118965e+00	   1.0448432e+00	   7.9840928e-01	             NaN	             NaN	             NaN	             NaN	             NaN	             NaN	             NaN	             NaN	             NaN	             NaN	             NaN	   0.0000000e+00	   0.0000000e+00	   0.0000000e+00	   0.0000000e+00	   0.0000000e+00	   0.0000000e+00	   0.0000000e+00	   0.0000000e+00	   0.0000000e+00	   0.0000000e+00	   0.0000000e+00	
   1.6892424e+00	   2.7314094e+00	   3.1870795e+00	   3.0446287e+00	   3.1623012e+00	   2.7141622e+00	   2.3387452e+00	   1.9146234e+00	   1.4235964e+00	   9.0503725e-01	   7.5795927e-01	   5.1198749e-01	             NaN	             NaN	             NaN	             NaN	             NaN	             NaN	             NaN	             NaN	             NaN	             NaN	             NaN	   0.0000000e+00	   0.0000000e+00	   0.0000000e+00	   0.0000000e+00	   0.0000000e+00	   0.0000000e+00	   0.0000000e+00	   0.0000000e+00	   0.0000000e+00	   0.0000000e+00	
   1.7791305e+00	   2.3518523e+00	   2.4858945e+00	   2.8801553e+00	   2.5858825e+00	   2.4594097e+00	   2.1802675e+00	   1.8699086e+00	   1.4231648e+00	   9.9469231e-01	   7.2306962e-01	   6.8393255e-01	             NaN	             NaN	             NaN	             NaN	             NaN	             NaN	             NaN	             NaN	             NaN	             NaN	             NaN	   0.0000000e+00	   0.0000000e+00	   0.0000000e+00	   0.0000000e+00	   0.0000000e+00	   0.0000000e+00	   0.0000000e+00	   0.0000000e+00	   0.0000000e+00	   0.0000000e+00	
   1.8399384e+00	   1.7286126e+00	   2.4131003e+00	   2.8430947e+00	   2.7729163e+00	   2.5276123e+00	   2.1658468e+00	   1.7997633e+00	   1.3218326e+00	   1.0244936e+00	   7.2499868e-01	   6.2468207e-01	   4.4230714e-01	             NaN	             NaN	             NaN	             NaN	             NaN	             NaN	             NaN	             NaN	             NaN	             NaN	             NaN	   0.0000000e+00	   0.0000000e+00	   0.0000000e+00	   0.0000000e+00	   0.0000000e+00	   0.0000000e+00	   0.0000000e+00	   0.0000000e+00	   0.0000000e+00	
   1.2889906e+00	   1.7403692e+00	   2.2525784e+00	   2.6112039e+00	   2.3695755e+00	   2.1562340e+00	   2.0958562e+00	   1.6251968e+00	   1.2490030e+00	   9.7169415e-01	   7.4438495e-01	   5.4900289e-01	   6.1148262e-01	             NaN	             NaN	             NaN	             NaN	             NaN	             NaN	             NaN	             NaN	             NaN	             NaN	             NaN	   0.0000000e+00	   0.0000000e+00	   0.0000000e+00	   0.0000000e+00	   0.0000000e+00	   0.0000000e+00	   0.0000000e+00	   0.0000000e+00	   0.0000000e+00	
   2.0958668e+00	   2.0156866e+00	   2.2871477e+00	   2.3226406e+00	   2.1261959e+00	   2.1262853e+00	   1.8897282e+00	   1.4434931e+00	   1.2788997e+00	   9.1553678e-01	   7.4759872e-01	   6.7454861e-01	   5.0585884e-01	             NaN	             NaN	             NaN	             NaN	             NaN	             NaN	             NaN	             NaN	             NaN	             NaN	             NaN	   0.0000000e+00	   0.0000000e+00	   0.0000000e+00	   0.0000000e+00	   0.0000000e+00	   0.0000000e+00	   0.0000000e+00	   0.0000000e+00	   0.0000000e+00	
   1.5125653e+00	   1.7810051e+00	   2.1228324e+00	   2.3883838e+00	   2.0901310e+00	   2.1101901e+00	   1.8653568e+00	   1.4916142e+00	   1.2108498e+00	   8.8594390e-01	   7.5402451e-01	   5.8874518e-01	   4.7669211e-01	   3.5342406e-01	             NaN	             NaN	             NaN	             NaN	             NaN	             NaN	             NaN	             NaN	             NaN	             NaN	             NaN	   0.0000000e+00	   0.0000000e+00	   0.0000000e+00	   0.0000000e+00	   0.0000000e+00	   0.0000000e+00	   0.0000000e+00	   0.0000000e+00	
   1.5710727e+00	   1.1154133e+00	   1.9103873e+00	   2.1800226e+00	   2.2053186e+00	   1.8363275e+00	   1.6115702e+00	   1.4827478e+00	   1.1461953e+00	   8.1868430e-01	   7.2836563e-01	   5.6899096e-01	   4.7626650e-01	   3.5367202e-01	             NaN	             NaN	             NaN	             NaN	             NaN	             NaN	             NaN	             NaN	             NaN	             NaN	             NaN	   0.0000000e+00	   0.0000000e+00	   0.0000000e+00	   0.0000000e+00	   0.0000000e+00	   0.0000000e+00	   0.0000000e+00	   0.0000000e+00	
   6.5834657e-01	   1.3090051e+00	   1.6748872e+00	   2.2091168e+00	   1.9982481e+00	   1.7059677e+00	   1.6284573e+00	   1.3515639e+00	   1.0620682e+00	   9.0589820e-01	   7.4761196e-01	   5.8919291e-01	   5.1359150e-01	   4.3994948e-01	   1.4239112e-01	             NaN	             NaN	             NaN	             NaN	             NaN	             NaN	             NaN	             NaN	             NaN	             NaN	             NaN	   0.0000000e+00	   0.0000000e+00	   0.0000000e+00	   0.0000000e+00	   0.0000000e+00	   0.0000000e+00	   0.0000000e+00	
   9.1175675e-01	   1.0319702e+00	   1.2424346e+00	   1.7038549e+00	   2.0395765e+00	   1.5805629e+00	   1.4027421e+00	   1.2352407e+00	   1.0102231e+00	   8.8728133e-01	   7.1200771e-01	   6.3626130e-01	   5.5297284e-01	   4.7447244e-01	   2.0898742e-01	             NaN	             NaN	             NaN	             NaN	             NaN	             NaN	             NaN	             NaN	             NaN	             NaN	             NaN	   0.0000000e+00	   0.0000000e+00	   0.0000000e+00	   0.0000000e+00	   0.0000000e+00	   0.0000000e+00	   0.0000000e+00	
   6.5178100e-01	   7.6325239e-01	   1.2451014e+00	   1.7797158e+00	   1.7211804e+00	   1.5797276e+00	   1.4829652e+00	   1.2717574e+00	   1.0343750e+00	   9.0114113e-01	   7.2697241e-01	   6.3778867e-01	   5.4918710e-01	   4.8723903e-01	   4.1460656e-01	             NaN	             NaN	             NaN	             NaN	             NaN	             NaN	             NaN	             NaN	             NaN	             NaN	             NaN	   0.0000000e+00	   0.0000000e+00	   0.0000000e+00	   0.0000000e+00	   0.0000000e+00	   0.0000000e+00	   0.0000000e+00	
   4.5390481e-01	  -3.1656450e-01	   1.2680976e+00	   1.5850023e+00	   1.7104529e+00	   1.6011318e+00	   1.4421109e+00	   1.2446599e+00	   9.7049786e-01	   8.3378767e-01	   6.9270480e-01	   6.8734073e-01	   5.5408772e-01	   5.4295093e-01	   4.4660815e-01	   3.2034145e-01	             NaN	             NaN	             NaN	             NaN	             NaN	             NaN	             NaN	             NaN	             NaN	             NaN	             NaN	   0.0000000e+00	   0.0000000e+00	   0.0000000e+00	   0.0000000e+00	   0.0000000e+00	   0.0000000e+00	
  -6.5460920e-01	  -1.9098569e-01	   8.1524895e-01	   1.3609118e+00	   1.7042188e+00	   1.5469629e+00	   1.3304505e+00	   1.2071175e+00	   9.5916234e-01	   9.2858121e-01	   8.0066540e-01	   7.0458845e-01	   6.0916385e-01	   5.4661030e-01	   4.9389100e-01	   5.9111690e-01	             NaN	             NaN	             NaN	             NaN	             NaN	             NaN	             NaN	             NaN	             NaN	             NaN	             NaN	   0.0000000e+00	   0.0000000e+00	   0.0000000e+00	   0.0000000e+00	   0.0000000e+00	   0.0000000e+00	
  -1.1184897e+00	  -4.2596508e-01	   3.2320617e-01	   1.3766598e+00	   1.3893369e+00	   1.3681399e+00	   1.3586395e+00	   1.1228532e+00	   9.4101275e-01	   7.8385291e-01	   7.6196298e-01	   7.0566011e-01	   6.5706594e-01	   5.5151138e-01	   5.2520786e-01	   4.4269459e-01	   1.0499768e-01	             NaN	             NaN	             NaN	             NaN	             NaN	             NaN	             NaN	             NaN	             NaN	             NaN	             NaN	   0.0000000e+00	   0.0000000e+00	   0.0000000e+00	   0.0000000e+00	   0.0000000e+00	
  -1.5123380e+00	  -7.0300083e-01	   2.3296080e-02	   1.1867991e+00	   1.3309329e+00	   1.3876673e+00	   1.2480269e+00	   1.1045669e+00	   9.8050200e-01	   8.6164331e-01	   7.9582052e-01	   6.9754205e-01	   6.6722675e-01	   6.2237738e-01	   5.4350110e-01	   4.4558462e-01	   2.3427845e-01	             NaN	             NaN	             NaN	             NaN	             NaN	             NaN	             NaN	             NaN	             NaN	             NaN	             NaN	   0.0000000e+00	   0.0000000e+00	   0.0000000e+00	   0.0000000e+00	   0.0000000e+00	
  -8.5246360e-01	  -1.8053677e+00	  -3.8477334e-01	   1.3541079e+00	   1.4436513e+00	   1.2910789e+00	   1.2759081e+00	   1.0722766e+00	   9.7559961e-01	   8.4851280e-01	   7.8455670e-01	   7.2040023e-01	   6.6001592e-01	   6.4937175e-01	   5.8443988e-01	   5.3270771e-01	   3.7707251e-01	             NaN	             NaN	             NaN	             NaN	             NaN	             NaN	             NaN	             NaN	             NaN	             NaN	             NaN	   0.0000000e+00	   0.0000000e+00	   0.0000000e+00	   0.0000000e+00	   0.0000000e+00	
  -1.8916687e+00	  -2.7337051e+00	  -4.1521983e-01	   7.6370759e-01	   1.1656333e+00	   1.4044692e+00	   1.2670658e+00	   1.0655102e+00	   1.0215822e+00	   8.3722393e-01	   8.1563478e-01	   7.5809943e-01	   7.0091909e-01	   6.5165686e-01	   6.4483099e-01	   5.9564801e-01	   3.5707689e-01	   2.2429541e-01	             NaN	             NaN	             NaN	             NaN	             NaN	             NaN	             NaN	             NaN	             NaN	             NaN	             NaN	   0.0000000e+00	   0.0000000e+00	   0.0000000e+00	   0.0000000e+00	
  -1.2159318e+00	  -2.7864818e+00	  -8.2898192e-01	   5.3062056e-01	   1.1684961e+00	   1.4195673e+00	   1.2842975e+00	   1.1634326e+00	   1.0042076e+00	   9.2493471e-01	   8.8065960e-01	   8.2453792e-01	   7.6076355e-01	   7.4963784e-01	   6.3737246e-01	   5.8726071e-01	   5.3042525e-01	   3.5038682e-01	             NaN	             NaN	             NaN	             NaN	             NaN	             NaN	             NaN	             NaN	             NaN	             NaN	             NaN	   0.0000000e+00	   0.0000000e+00	   0.0000000e+00	   0.0000000e+00	
  -5.0412251e+00	  -3.3311182e+00	  -9.6547757e-01	   1.0419720e-01	   1.0750692e+00	   1.1501795e+00	   1.2179363e+00	   1.0308886e+00	   1.0378388e+00	   8.7566154e-01	   9.1149168e-01	   8.1791726e-01	   7.6658643e-01	   7.2297735e-01	   6.2912817e-01	   6.2250613e-01	   5.5679250e-01	   5.0280499e-01	   3.5849089e-01	             NaN	             NaN	             NaN	             NaN	             NaN	             NaN	             NaN	             NaN	             NaN	             NaN	             NaN	   0.0000000e+00	   0.0000000e+00	   0.0000000e+00	
  -2.4046940e+00	  -3.5136171e+00	  -1.5176541e+00	   6.5138104e-01	   7.7175206e-01	   1.2723736e+00	   1.1734441e+00	   1.1396122e+00	   9.3997364e-01	   9.4235491e-01	   9.4860132e-01	   8.6862301e-01	   7.8295646e-01	   7.9029937e-01	   7.1013130e-01	   6.6239779e-01	   6.0499664e-01	   5.6586350e-01	   3.9926786e-01	             NaN	             NaN	             NaN	             NaN	             NaN	             NaN	             NaN	             NaN	             NaN	             NaN	             NaN	   0.0000000e+00	   0.0000000e+00	   0.0000000e+00	
  -2.0504967e+00	  -3.5009286e+00	  -1.7977547e+00	  -1.9837010e-01	   1.2076265e+00	   1.2563719e+00	   1.1974632e+00	   1.1099979e+00	   1.0010364e+00	   9.8172353e-01	   8.8013283e-01	   9.4598410e-01	   8.2469508e-01	   8.2770708e-01	   8.2274377e-01	   7.3403290e-01	   6.3643444e-01	   5.9992785e-01	   4.0782682e-01	             NaN	             NaN	             NaN	             NaN	             NaN	             NaN	             NaN	             NaN	             NaN	             NaN	             NaN	   0.0000000e+00	   0.0000000e+00	   0.0000000e+00	
  -3.4302540e+00	  -3.0557234e+00	  -2.1544481e+00	   7.0006161e-03	   9.1705903e-01	   1.2485123e+00	   1.2174849e+00	   1.1729263e+00	   1.0786624e+00	   1.0295274e+00	   9.3929760e-01	   9.1156886e-01	   9.3389835e-01	   8.8403502e-01	   8.1338036e-01	   7.9040876e-01	   6.7863565e-01	   6.7534476e-01	   4.8877448e-01	   2.8143581e-01	             NaN	             NaN	             NaN	             NaN	             NaN	             NaN	             NaN	             NaN	             NaN	             NaN	             NaN	   0.0000000e+00	   0.0000000e+00	
  -3.6301797e+00	  -3.9100852e+00	  -1.8026995e+00	   1.6842929e-01	   1.0860331e+00	   1.2102870e+00	   1.2576483e+00	   1.1848090e+00	   1.0623464e+00	   1.0351595e+00	   1.0085337e+00	   9.9400983e-01	   9.5326997e-01	   9.1448971e-01	   8.9873508e-01	   8.4906365e-01	   7.6041050e-01	   7.2108882e-01	   6.1991557e-01	   4.1043943e-01	             NaN	             NaN	             NaN	             NaN	             NaN	             NaN	             NaN	             NaN	             NaN	             NaN	             NaN	   0.0000000e+00	   0.0000000e+00	
  -4.3891212e+00	  -4.4486922e+00	  -1.6273694e+00	   3.1690265e-02	   1.0040372e+00	   1.2644137e+00	   1.2082060e+00	   1.2149117e+00	   1.1857824e+00	   1.0391897e+00	   1.0207404e+00	   1.0096908e+00	   1.0118437e+00	   9.7446029e-01	   9.0876831e-01	   8.7559862e-01	   8.1608936e-01	   7.3608490e-01	   7.1906465e-01	   4.4017905e-01	   5.6623198e-01	             NaN	             NaN	             NaN	             NaN	             NaN	             NaN	             NaN	             NaN	             NaN	             NaN	             NaN	   0.0000000e+00	
  -3.3237851e+00	  -4.2840974e+00	  -2.6057625e+00	  -2.3827131e-02	   7.2027406e-01	   1.4769156e+00	   1.2224828e+00	   1.2014144e+00	   1.2204992e+00	   1.1330643e+00	   1.0857013e+00	   1.0454811e+00	   1.0302948e+00	   1.0379661e+00	   1.0257865e+00	   9.5219399e-01	   8.4113537e-01	   7.8996021e-01	   7.3868482e-01	   5.9195310e-01	   3.5182719e-01	             NaN	             NaN	             NaN	             NaN	             NaN	             NaN	             NaN	             NaN	             NaN	             NaN	             NaN	   0.0000000e+00	
  -4.0419443e+00	  -4.4368761e+00	  -2.4349712e+00	  -2.0073974e-01	   8.0595818e-01	   1.2532980e+00	   1.3186822e+00	   1.3179196e+00	   1.2374683e+00	   1.1420116e+00	   1.1667165e+00	   1.0913715e+00	   1.0975929e+00	   1.0886802e+00	   1.0397969e+00	   9.7682706e-01	   8.9330556e-01	   8.5447385e-01	   7.3518920e-01	   7.2779532e-01	   5.3188179e-01	             NaN	             NaN	             NaN	             NaN	             NaN	             NaN	             NaN	             NaN	             NaN	             NaN	             NaN	   0.0000000e+00	
  -2.8610407e+00	  -3.4090556e+00	  -2.5545343e+00	  -4.0852021e-01	   8.6388461e-01	   1.3048821e+00	   1.3514974e+00	   1.2941337e+00	   1.1747401e+00	   1.2132085e+00	   1.1562956e+00	   1.1592662e+00	   1.1337237e+00	   1.1199100e+00	   1.1338824e+00	   1.0109732e+00	   9.8231738e-01	   9.1467254e-01	   8.4519977e-01	   7.3555854e-01	   7.3125259e-01	   4.2520267e-01	             NaN	             NaN	             NaN	             NaN	             NaN	             NaN	             NaN	             NaN	             NaN	             NaN	             NaN	
  -4.1830913e+00	  -4.8464746e+00	  -2.6617638e+00	  -7.8668590e-01	   6.9029516e-01	   1.4396142e+00	   1.5004383e+00	   1.3814420e+00	   1.2678571e+00	   1.2639973e+00	   1.2057685e+00	   1.2377582e+00	   1.2065811e+00	   1.2044973e+00	   1.1439004e+00	   1.0670986e+00	   1.0732534e+00	   9.2023864e-01	   8.3675983e-01	   8.0651430e-01	   7.5254183e-01	   4.6809509e-01	             NaN	             NaN	             NaN	             NaN	             NaN	             NaN	             NaN	             NaN	             NaN	             NaN	             NaN	
  -3.7282123e+00	  -4.2433132e+00	  -2.1712722e+00	  -4.2589477e-01	   8.0826087e-01	   1.3131665e+00	   1.4510312e+00	   1.3425858e+00	   1.3143626e+00	   1.3243377e+00	   1.3016588e+00	   1.2289010e+00	   1.2861464e+00	   1.2637130e+00	   1.2040129e+00	   1.1661110e+00	   1.0656814e+00	   9.9272451e-01	   9.2101724e-01	   8.2503186e-01	   7.2406183e-01	   5.4818598e-01	   4.9432073e-01	             NaN	             NaN	             NaN	             NaN	             NaN	             NaN	             NaN	             NaN	             NaN	             NaN	
  -3.4926005e+00	  -4.9148737e+00	  -2.0981628e+00	   1.6126911e-01	   1.2801570e+00	   1.3194097e+00	   1.5155559e+00	   1.4659231e+00	   1.3613827e+00	   1.2985119e+00	   1.2859556e+00	   1.3382669e+00	   1.3195469e+00	   1.2430756e+00	   1.2483854e+00	   1.1913339e+00	   1.1619608e+00	   1.0576469e+00	   9.7163310e-01	   8.6409956e-01	   7.9793595e-01	   7.1252852e-01	   4.8897005e-01	             NaN	             NaN	             NaN	             NaN	             NaN	             NaN	             NaN	             NaN	             NaN	             NaN	
  -4.3324634e+00	  -3.7150844e+00	  -2.5713361e+00	  -9.0182016e-01	   7.3226738e-01	   1.4957669e+00	   1.4890241e+00	   1.5456816e+00	   1.4529735e+00	   1.4148439e+00	   1.3079706e+00	   1.3886368e+00	   1.4005194e+00	   1.3724472e+00	   1.3484737e+00	   1.2517455e+00	   1.2017554e+00	   1.1239637e+00	   1.0250566e+00	   9.0866324e-01	   8.8047429e-01	   8.3536650e-01	   4.8326119e-01	             NaN	             NaN	             NaN	             NaN	             NaN	             NaN	             NaN	             NaN	             NaN	             NaN	
  -4.3760679e+00	  -2.9256433e+00	  -2.5028017e+00	  -3.2541191e-01	   1.0323584e+00	   1.4066005e+00	   1.5763775e+00	   1.5641194e+00	   1.4844543e+00	   1.4492110e+00	   1.4550006e+00	   1.4355645e+00	   1.4322316e+00	   1.3348327e+00	   1.3927324e+00	   1.3395709e+00	   1.2281506e+00	   1.1762202e+00	   1.0918570e+00	   1.0012274e+00	   9.4335417e-01	   8.9773152e-01	   5.4801278e-01	   5.4199040e-01	             NaN	             NaN	             NaN	             NaN	             NaN	             NaN	             NaN	             NaN	             NaN	
  -3.7403653e+00	  -2.9952372e+00	  -2.5436461e+00	  -2.2746725e-01	   1.1907792e+00	   1.5513168e+00	   1.6648765e+00	   1.5894536e+00	   1.5151383e+00	   1.4960273e+00	   1.4165661e+00	   1.4153481e+00	   1.4712437e+00	   1.4746987e+00	   1.4235738e+00	   1.3844647e+00	   1.3145985e+00	   1.2002727e+00	   1.1283238e+00	   1.0817533e+00	   1.0103581e+00	   9.4771050e-01	   6.5789071e-01	   5.1134274e-01	             NaN	             NaN	             NaN	             NaN	             NaN	             NaN	             NaN	             NaN	             NaN	
  -3.0441844e+00	  -3.2506379e+00	  -2.0243651e+00	   1.1300469e-01	   9.6378479e-01	   1.5937678e+00	   1.7049517e+00	   1.6180259e+00	   1.5443113e+00	   1.4998147e+00	   1.4910999e+00	   1.4980553e+00	   1.4867313e+00	   1.4725196e+00	   1.5095020e+00	   1.4221473e+00	   1.3345778e+00	   1.2909817e+00	   1.1837812e+00	   1.0769564e+00	   1.0467833e+00	   9.6215489e-01	   8.5108620e-01	   4.7236836e-01	   5.2777543e-01	             NaN	             NaN	             NaN	             NaN	             NaN	             NaN	             NaN	             NaN	
  -2.1687159e+00	  -3.6672797e+00	  -1.5637345e+00	   1.6653034e-01	   1.1328758e+00	   1.7454690e+00	   1.7363720e+00	   1.8121326e+00	   1.5920677e+00	   1.6289804e+00	   1.5833374e+00	   1.5290960e+00	   1.5499333e+00	   1.5306055e+00	   1.5760639e+00	   1.4953259e+00	   1.4366468e+00	   1.3685660e+00	   1.2526295e+00	   1.1551739e+00	   1.0772438e+00	   9.4843108e-01	   8.8439928e-01	   5.8761213e-01	   5.6340817e-01	             NaN	             NaN	             NaN	             NaN	             NaN	             NaN	             NaN	             NaN	
  -2.4467564e+00	  -2.8317978e+00	  -1.3712995e+00	   6.8931156e-01	   1.4219536e+00	   1.9107795e+00	   1.7948561e+00	   1.7560998e+00	   1.6486942e+00	   1.6219281e+00	   1.5935199e+00	   1.5587779e+00	   1.6443534e+00	   1.5700916e+00	   1.5855325e+00	   1.5483390e+00	   1.4278659e+00	   1.3817149e+00	   1.3081397e+00	   1.1884824e+00	   1.1010637e+00	   1.0112293e+00	   9.6534396e-01	   7.2012318e-01	   5.9756423e-01	             NaN	             NaN	             NaN	             NaN	             NaN	             NaN	             NaN	             NaN	
  -1.2221374e+00	  -2.3594957e+00	  -8.9281910e-01	   3.1313315e-01	   1.2060521e+00	   1.8533290e+00	   2.0478177e+00	   1.8426448e+00	   1.6733460e+00	   1.6624048e+00	   1.6844393e+00	   1.6815252e+00	   1.6168515e+00	   1.7158270e+00	   1.5496585e+00	   1.6241161e+00	   1.4974940e+00	   1.4343448e+00	   1.3495292e+00	   1.2833211e+00	   1.1379131e+00	   1.0774762e+00	   9.6630660e-01	   7.6937345e-01	   5.9771541e-01	   5.7063085e-01	             NaN	             NaN	             NaN	             NaN	             NaN	             NaN	             NaN	
  -1.0106743e+00	  -8.6917105e-01	  -6.4618858e-01	   5.6982656e-01	   1.6037881e+00	   2.0879103e+00	   1.7960901e+00	   1.7784325e+00	   1.7838800e+00	   1.6852667e+00	   1.5803960e+00	   1.6750192e+00	   1.6270080e+00	   1.6894547e+00	   1.6801634e+00	   1.6550515e+00	   1.5821164e+00	   1.5091533e+00	   1.3826342e+00	   1.3189312e+00	   1.1798220e+00	   1.0749844e+00	   1.0099470e+00	   8.8614413e-01	   7.6510320e-01	   6.2398330e-01	             NaN	             NaN	             NaN	             NaN	             NaN	             NaN	             NaN	
  -2.3780410e+00	  -8.6803327e-01	  -2.3285400e-01	   8.9706035e-01	   2.0084501e+00	   2.1098312e+00	   2.0191024e+00	   1.8686253e+00	   1.8524725e+00	   1.7077632e+00	   1.6719877e+00	   1.6928269e+00	   1.7358620e+00	   1.7945612e+00	   1.7454835e+00	   1.6885191e+00	   1.5837855e+00	   1.5292244e+00	   1.4412128e+00	   1.3582557e+00	   1.2363817e+00	   1.1759859e+00	   1.0448263e+00	   8.9876155e-01	   7.5826890e-01	   7.1085238e-01	   5.9148350e-01	             NaN	             NaN	             NaN	             NaN	             NaN	             NaN	
  -2.0945372e+00	  -1.5316185e+00	  -4.0970383e-01	   9.0438517e-01	   1.7837147e+00	   2.0298736e+00	   2.1438612e+00	   2.0090438e+00	   1.8283873e+00	   1.7565567e+00	   1.7635931e+00	   1.7459082e+00	   1.7949632e+00	   1.7595327e+00	   1.8289163e+00	   1.7339907e+00	   1.6210152e+00	   1.5872482e+00	   1.4731012e+00	   1.4106988e+00	   1.3053569e+00	   1.2084571e+00	   1.0790033e+00	   9.4238467e-01	   7.3140579e-01	   6.4588549e-01	   6.0305242e-01	             NaN	             NaN	             NaN	             NaN	             NaN	             NaN	
  -9.4310556e-01	  -4.7407801e-01	   4.4832117e-01	   1.2546486e+00	   1.9630446e+00	   2.1371613e+00	   2.1224650e+00	   2.0519740e+00	   1.8314139e+00	   1.6729375e+00	   1.7629290e+00	   1.7651453e+00	   1.8215480e+00	   1.8297824e+00	   1.8503620e+00	   1.7708108e+00	   1.7002740e+00	   1.6351333e+00	   1.5515825e+00	   1.4844611e+00	   1.3140659e+00	   1.2243524e+00	   1.0817205e+00	   1.0093267e+00	   8.2395961e-01	   7.0416446e-01	   6.5881797e-01	             NaN	             NaN	             NaN	             NaN	             NaN	             NaN	
   8.0791371e-01	   3.7708240e-01	   4.8514444e-01	   9.8706018e-01	   1.8779529e+00	   2.2369904e+00	   2.0979765e+00	   2.0721726e+00	   1.9867779e+00	   1.8396335e+00	   1.8077430e+00	   1.8550594e+00	   1.8427889e+00	   1.8122101e+00	   1.8412419e+00	   1.7777627e+00	   1.7488359e+00	   1.6739419e+00	   1.6033114e+00	   1.4861988e+00	   1.4013644e+00	   1.2837444e+00	   1.1494674e+00	   1.0297551e+00	   9.4745483e-01	   7.3184591e-01	   6.3801255e-01	   5.8642771e-01	             NaN	             NaN	             NaN	             NaN	             NaN	
  -5.8858094e-02	  -4.4104425e-01	   3.4912942e-01	   1.6508230e+00	   2.0721705e+00	   2.1491366e+00	   2.2900545e+00	   2.1050353e+00	   1.9892113e+00	   1.8760545e+00	   1.8489271e+00	   1.8639854e+00	   1.8369540e+00	   1.9002835e+00	   1.8611980e+00	   1.7824893e+00	   1.7771188e+00	   1.7133827e+00	   1.6104807e+00	   1.4944209e+00	   1.3977132e+00	   1.3301510e+00	   1.1910638e+00	   1.0592015e+00	   9.7165931e-01	   7.9408690e-01	   6.0555037e-01	   6.2010719e-01	             NaN	             NaN	             NaN	             NaN	             NaN	
   1.4504840e-01	  -1.0877678e-01	   6.2677736e-01	   1.6690685e+00	   2.2704114e+00	   2.2627065e+00	   2.1787197e+00	   2.1364778e+00	   2.0757042e+00	   1.9011516e+00	   1.8743986e+00	   1.8780117e+00	   1.8926788e+00	   1.8961990e+00	   1.9296237e+00	   1.8979828e+00	   1.7890900e+00	   1.7313524e+00	   1.6518485e+00	   1.5514677e+00	   1.4902734e+00	   1.3617991e+00	   1.2315863e+00	   1.1442821e+00	   9.9923894e-01	   8.0425153e-01	   6.9616324e-01	   6.1639878e-01	   5.3941151e-01	             NaN	             NaN	             NaN	             NaN	
   5.0328531e-01	   7.5588785e-01	   1.1061854e+00	   1.7786054e+00	   2.1781096e+00	   2.5374938e+00	   2.2896803e+00	   2.2378172e+00	   2.1048840e+00	   1.9608171e+00	   1.8697977e+00	   1.8040085e+00	   1.9226139e+00	   1.8955076e+00	   1.8943269e+00	   1.8680537e+00	   1.8284342e+00	   1.7610694e+00	   1.6918119e+00	   1.6183186e+00	   1.5129627e+00	   1.4073160e+00	   1.2657185e+00	   1.1624201e+00	   1.0307188e+00	   8.4341885e-01	   7.0874528e-01	   6.7407841e-01	   5.7168958e-01	             NaN	             NaN	             NaN	             NaN	
   7.5805321e-01	   5.1312395e-01	   1.1830802e+00	   2.1129915e+00	   2.3758421e+00	   2.5072472e+00	   2.4108692e+00	   2.2706123e+00	   2.0658036e+00	   2.0045788e+00	   1.8747441e+00	   1.9156247e+00	   1.9374295e+00	   1.8959443e+00	   1.9199251e+00	   1.9185104e+00	   1.8469367e+00	   1.7632590e+00	   1.7217127e+00	   1.6030523e+00	   1.5429411e+00	   1.4621420e+00	   1.2833619e+00	   1.1601643e+00	   1.0778495e+00	   9.5334485e-01	   7.9255653e-01	   6.8199281e-01	   5.9774867e-01	             NaN	             NaN	             NaN	             NaN	
   7.6069040e-01	   1.5886945e+00	   1.4164065e+00	   2.1962911e+00	   2.4279727e+00	   2.3353555e+00	   2.3765047e+00	   2.2876968e+00	   2.0833727e+00	   2.0337508e+00	   1.9119585e+00	   1.9478888e+00	   1.9602271e+00	   1.9467225e+00	   1.8789841e+00	   1.9812643e+00	   1.8693233e+00	   1.8149211e+00	   1.7033148e+00	   1.6464193e+00	   1.5481444e+00	   1.4397068e+00	   1.3426521e+00	   1.2348688e+00	   1.1067123e+00	   9.7650134e-01	   7.8652421e-01	   7.5384918e-01	   6.1244763e-01	   5.4633872e-01	             NaN	             NaN	             NaN	
   1.1314781e+00	   8.1261375e-01	   1.1714547e+00	   1.9831638e+00	   2.5718244e+00	   2.5765676e+00	   2.5131105e+00	   2.3709083e+00	   2.1523720e+00	   2.0002597e+00	   1.9412652e+00	   1.9533595e+00	   1.9726016e+00	   1.9643098e+00	   1.9617906e+00	   1.9126291e+00	   1.8983422e+00	   1.8380941e+00	   1.7628165e+00	   1.6633132e+00	   1.6005456e+00	   1.4819621e+00	   1.3349004e+00	   1.2554412e+00	   1.1517375e+00	   1.0394777e+00	   8.7276634e-01	   7.0655789e-01	   6.2278841e-01	   5.5909968e-01	             NaN	             NaN	             NaN	
   1.7296510e+00	   1.9320889e+00	   1.5448248e+00	   2.2964932e+00	   2.3868371e+00	   2.6454849e+00	   2.5403196e+00	   2.2568983e+00	   2.1303388e+00	   2.1076194e+00	   1.9992815e+00	   1.9083663e+00	   1.9200510e+00	   1.9975665e+00	   2.0163993e+00	   1.9936167e+00	   1.8982628e+00	   1.8704483e+00	   1.7421700e+00	   1.6656367e+00	   1.6467879e+00	   1.5067157e+00	   1.3785046e+00	   1.2436962e+00	   1.1544365e+00	   1.0587173e+00	   9.6397859e-01	   7.4614204e-01	   7.2723449e-01	   6.0679424e-01	   5.1342196e-01	             NaN	             NaN	
   1.8187861e+00	   2.1106435e+00	   2.0347288e+00	   2.5249091e+00	   2.6767266e+00	   2.5818781e+00	   2.5463072e+00	   2.3435452e+00	   2.2495974e+00	   2.0457911e+00	   2.0085037e+00	   1.9989049e+00	   1.9685337e+00	   2.0234229e+00	   1.9730794e+00	   1.9937897e+00	   1.9115081e+00	   1.8719354e+00	   1.8330592e+00	   1.7027118e+00	   1.6063000e+00	   1.5482474e+00	   1.3999283e+00	   1.2966355e+00	   1.1964611e+00	   1.0857788e+00	   9.7105773e-01	   7.9949620e-01	   6.3521140e-01	   5.8717239e-01	   5.3617614e-01	             NaN	             NaN	
   5.2212910e-01	   1.9496239e+00	   2.4071970e+00	   2.6130429e+00	   2.6247037e+00	   2.7301444e+00	   2.6432036e+00	   2.3634078e+00	   2.2450259e+00	   2.0299012e+00	   1.9862122e+00	   1.9856042e+00	   1.9791472e+00	   2.0152385e+00	   1.9974556e+00	   1.9818531e+00	   1.9456441e+00	   1.8925999e+00	   1.8224227e+00	   1.7226428e+00	   1.6401897e+00	   1.5676743e+00	   1.4202083e+00	   1.2997413e+00	   1.2010199e+00	   1.1332530e+00	   1.0163198e+00	   8.1952119e-01	   6.6718020e-01	   6.2288142e-01	   5.7568945e-01	             NaN	             NaN	
   1.0076320e+00	   1.9950328e+00	   2.4472431e+00	   2.6206009e+00	   2.8472951e+00	   2.7933833e+00	   2.6130764e+00	   2.3204252e+00	   2.2454861e+00	   2.0859486e+00	   2.0616908e+00	   2.0121157e+00	   2.0133676e+00	   2.0119616e+00	   1.9971219e+00	   1.9823921e+00	   1.9368995e+00	   1.9225439e+00	   1.8379874e+00	   1.8052399e+00	   1.7049918e+00	   1.5515650e+00	   1.4569329e+00	   1.3460254e+00	   1.2623878e+00	   1.1639860e+00	   1.0284066e+00	   9.3408303e-01	   7.5933526e-01	   6.9650166e-01	   5.9090796e-01	   5.0901409e-01	             NaN	
   1.8638562e+00	   2.1929691e+00	   2.1590485e+00	   2.6618261e+00	   2.7368005e+00	   2.7869843e+00	   2.6519102e+00	   2.3805278e+00	   2.1813715e+00	   2.1064489e+00	   1.9999881e+00	   2.0340589e+00	   2.0017560e+00	   2.0258926e+00	   2.0034364e+00	   2.0316540e+00	   1.8992815e+00	   1.8842136e+00	   1.8555077e+00	   1.7997486e+00	   1.7077522e+00	   1.5853838e+00	   1.4628120e+00	   1.3754472e+00	   1.2437588e+00	   1.1606288e+00	   1.0610790e+00	   9.7305536e-01	   7.2471241e-01	   6.2105599e-01	   6.2701561e-01	   5.2996790e-01	             NaN	
   2.8206188e+00	   2.4919639e+00	   2.6476082e+00	   2.7036626e+00	   2.8906866e+00	   2.9323671e+00	   2.6672635e+00	   2.4031126e+00	   2.2787073e+00	   2.1026626e+00	   2.0767806e+00	   2.0574106e+00	   2.0025453e+00	   2.0455344e+00	   1.9673721e+00	   1.9837072e+00	   1.9364879e+00	   1.9449165e+00	   1.8492693e+00	   1.7514911e+00	   1.7233683e+00	   1.5968810e+00	   1.5144229e+00	   1.3733120e+00	   1.2772399e+00	   1.1791119e+00	   1.1136116e+00	   9.5142367e-01	   7.4506471e-01	   6.8346947e-01	   6.1752326e-01	   5.4509272e-01	   4.6187157e-01	
   1.7532782e+00	   2.5787742e+00	   2.3425325e+00	   2.7884995e+00	   2.8467373e+00	   2.9175144e+00	   2.7111486e+00	   2.5361369e+00	   2.2700370e+00	   2.1629831e+00	   2.0910005e+00	   1.9890021e+00	   1.9986754e+00	   2.0271377e+00	   2.0397905e+00	   1.9618674e+00	   1.9424999e+00	   1.9053686e+00	   1.8268414e+00	   1.8013456e+00	   1.7176240e+00	   1.6386783e+00	   1.5223415e+00	   1.4046637e+00	   1.2990845e+00	   1.1851277e+00	   1.0983233e+00	   1.0153257e+00	   9.0013631e-01	   7.4139773e-01	   6.7838911e-01	   5.8034312e-01	   4.9534558e-01	
   2.2120055e+00	   2.3871994e+00	   2.7487527e+00	   2.8377106e+00	   3.1759200e+00	   3.0272326e+00	   2.7976706e+00	   2.5799359e+00	   2.3616506e+00	   2.1753022e+00	   2.0573234e+00	   2.0907803e+00	   1.9974940e+00	   2.0541486e+00	   2.0639373e+00	   1.9837545e+00	   1.9270217e+00	   1.9022782e+00	   1.8337567e+00	   1.8013867e+00	   1.6815190e+00	   1.6723182e+00	   1.5231816e+00	   1.4266808e+00	   1.3288034e+00	   1.2227573e+00	   1.1500223e+00	   9.9555834e-01	   8.8487070e-01	   7.2524882e-01	   6.2739514e-01	   6.1312184e-01	   5.3137311e-01	
   2.7826871e+00	   2.9260387e+00	   3.1348216e+00	   3.1184345e+00	   2.8911192e+00	   3.0076354e+00	   2.7839933e+00	   2.5532929e+00	   2.3386983e+00	   2.1917066e+00	   2.0215103e+00	   2.0430633e+00	   2.0372326e+00	   2.0639953e+00	   1.9985483e+00	   1.9900730e+00	   1.9783332e+00	   1.9135376e+00	   1.8446177e+00	   1.8838657e+00	   1.7313628e+00	   1.6221377e+00	   1.5352553e+00	   1.4259079e+00	   1.3039474e+00	   1.2428898e+00	   1.1660194e+00	   1.0346327e+00	   9.1648952e-01	   8.1736818e-01	   6.5670032e-01	   6.3320540e-01	   5.1907496e-01	
   2.2795427e+00	   2.7925292e+00	   2.9254376e+00	   3.1678871e+00	   3.1358080e+00	   3.0024422e+00	   2.8335908e+00	   2.5673260e+00	   2.4755569e+00	   2.1730181e+00	   2.1132228e+00	   1.9913141e+00	   2.0368755e+00	   2.0568611e+00	   2.0530513e+00	   1.9812754e+00	   1.9831857e+00	   1.9199711e+00	   1.8781967e+00	   1.7927115e+00	   1.7718786e+00	   1.6490137e+00	   1.5430073e+00	   1.4414058e+00	   1.3409671e+00	   1.2510513e+00	   1.1858807e+00	   1.0377293e+00	   9.5257496e-01	   8.2302171e-01	   7.1660722e-01	   5.8333219e-01	   5.7600583e-01	
   2.2428934e+00	   3.1004892e+00	   2.9336898e+00	   2.9908721e+00	   3.3216848e+00	   3.0577646e+00	   2.7711863e+00	   2.5151064e+00	   2.3305652e+00	   2.1998871e+00	   2.0837894e+00	   2.0178773e+00	   1.9906109e+00	   2.0053142e+00	   1.9896765e+00	   2.0843413e+00	   1.9750515e+00	   1.8867914e+00	   1.8662579e+00	   1.8357375e+00	   1.7602588e+00	   1.6247448e+00	   1.5678880e+00	   1.4372870e+00	   1.3654161e+00	   1.2894181e+00	   1.1961213e+00	   1.0605292e+00	   9.8122839e-01	   8.7915701e-01	   8.1409750e-01	   6.6598166e-01	   5.8837411e-01	
             NaN	   2.9876409e+00	   3.1811866e+00	   3.0334333e+00	   3.0760017e+00	   3.1250454e+00	   2.8888620e+00	   2.6068254e+00	   2.4617353e+00	   2.1910085e+00	   2.2015486e+00	   2.0415442e+00	   1.9871872e+00	   2.0564546e+00	   2.0469754e+00	   1.9986398e+00	   1.9995457e+00	   1.9432906e+00	   1.8703586e+00	   1.7873661e+00	   1.7426864e+00	   1.6656414e+00	   1.5682839e+00	   1.4732099e+00	   1.3963031e+00	   1.3145089e+00	   1.1654438e+00	   1.1079218e+00	   1.0121518e+00	   8.8130439e-01	   6.6752018e-01	   6.8483071e-01	   6.1092441e-01	
             NaN	   3.0371562e+00	   3.5356983e+00	   3.0647579e+00	   3.3557425e+00	   3.1235640e+00	   2.9478711e+00	   2.5641444e+00	   2.4183771e+00	   2.3384548e+00	   2.1192027e+00	   2.0676666e+00	   2.0177028e+00	   1.9979944e+00	   2.0246228e+00	   1.9811655e+00	   1.9477366e+00	   1.9372488e+00	   1.8344676e+00	   1.8023283e+00	   1.7280217e+00	   1.6813481e+00	   1.5846313e+00	   1.4693291e+00	   1.3960092e+00	   1.3191345e+00	   1.1990250e+00	   1.0943309e+00	   1.0155966e+00	   9.0829343e-01	   8.1762240e-01	   6.6321184e-01	   6.2515078e-01	
             NaN	   3.1888925e+00	   3.2277762e+00	   3.1022712e+00	   3.2675920e+00	   3.1163838e+00	   2.8749387e+00	   2.6858016e+00	   2.4474124e+00	   2.3259047e+00	   2.1442808e+00	   2.0969441e+00	   2.0132049e+00	   1.9886524e+00	   1.9696366e+00	   1.9927626e+00	   1.9592560e+00	   1.9145253e+00	   1.8729035e+00	   1.8213313e+00	   1.7981173e+00	   1.6866927e+00	   1.5781062e+00	   1.4925338e+00	   1.4144313e+00	   1.3306473e+00	   1.2326028e+00	   1.1456071e+00	   1.0243387e+00	   9.0986409e-01	   8.8948543e-01	   7.2185953e-01	   5.9653126e-01	
             NaN	   3.2845322e+00	   2.9157427e+00	   3.3356072e+00	   3.3457787e+00	   3.1524641e+00	   2.8343699e+00	   2.7024594e+00	   2.5018025e+00	   2.3045726e+00	   2.1665030e+00	   2.0532980e+00	   2.0470631e+00	   2.0858791e+00	   2.0583359e+00	   1.9409081e+00	   1.9463545e+00	   1.9307752e+00	   1.8837602e+00	   1.8947952e+00	   1.7720115e+00	   1.6714804e+00	   1.5764322e+00	   1.4850811e+00	   1.4203309e+00	   1.3331262e+00	   1.2349170e+00	   1.1512934e+00	   1.0445522e+00	   9.5180226e-01	   8.3821003e-01	   7.6393619e-01	   6.7884687e-01	
             NaN	   3.0114608e+00	   3.2534685e+00	   3.4428925e+00	   3.5016411e+00	   3.1598490e+00	   2.9751138e+00	   2.7700092e+00	   2.5502424e+00	   2.3198342e+00	   2.1019496e+00	   2.1036234e+00	   2.0401288e+00	   1.9802221e+00	   1.9930729e+00	   1.9892884e+00	   1.9726576e+00	   1.8932265e+00	   1.8986568e+00	   1.8204101e+00	   1.7665209e+00	   1.6810760e+00	   1.5772401e+00	   1.5002400e+00	   1.4273923e+00	   1.3520321e+00	   1.2513470e+00	   1.1634561e+00	   1.0700030e+00	   9.9493578e-01	   9.1142338e-01	   7.7345520e-01	   6.5369040e-01	
             NaN	   3.2077987e+00	   3.2335568e+00	   3.3611780e+00	   3.2962955e+00	   3.0350461e+00	   2.9599964e+00	   2.7007744e+00	   2.5041098e+00	   2.3504421e+00	   2.2127352e+00	   2.0576157e+00	   1.9862996e+00	   1.9961771e+00	   1.9849999e+00	   1.9641556e+00	   1.9353092e+00	   1.8596351e+00	   1.8720984e+00	   1.8226194e+00	   1.7782257e+00	   1.6664121e+00	   1.5719899e+00	   1.5213992e+00	   1.4168162e+00	   1.3384708e+00	   1.2774590e+00	   1.1979649e+00	   1.0840507e+00	   9.8251347e-01	   9.0704213e-01	   7.8286048e-01	   6.5781053e-01	
             NaN	             NaN	   3.7032845e+00	   3.6423771e+00	   3.3116014e+00	   3.1323102e+00	   2.9280212e+00	   2.7808961e+00	   2.4592720e+00	   2.3650278e+00	   2.2080481e+00	   2.0417703e+00	   2.0322651e+00	   2.0002639e+00	   2.0302662e+00	   1.9743182e+00	   1.9298030e+00	   1.8645504e+00	   1.8562518e+00	   1.8051104e+00	   1.7827942e+00	   1.6570686e+00	   1.5526361e+00	   1.5055132e+00	   1.4785703e+00	   1.3886049e+00	   1.2333223e+00	   1.1436290e+00	   1.0665271e+00	   1.0036935e+00	   8.8482692e-01	   8.1729532e-01	   7.0794321e-01	
             NaN	             NaN	   3.0980232e+00	   3.3496243e+00	   3.4678067e+00	   3.2109663e+00	   3.0160629e+00	   2.7618654e+00	   2.4971825e+00	   2.3715594e+00	   2.1834465e+00	   2.0838326e+00	   2.0264236e+00	   2.0400714e+00	   1.9592859e+00	   1.9318395e+00	   1.8980468e+00	   1.8696011e+00	   1.8778584e+00	   1.8273851e+00	   1.7861758e+00	   1.6717534e+00	   1.5843159e+00	   1.4883490e+00	   1.4535331e+00	   1.3338434e+00	   1.2888195e+00	   1.2401358e+00	   1.0739751e+00	   9.8734279e-01	   9.4631191e-01	   8.5856457e-01	   7.5478977e-01	
             NaN	             NaN	   3.3177048e+00	   3.2740434e+00	   3.2131237e+00	   2.9234966e+00	   3.1569778e+00	   2.7410172e+00	   2.4664476e+00	   2.3174913e+00	   2.2686699e+00	   2.1332358e+00	   2.0270332e+00	   2.0367058e+00	   2.0099370e+00	   1.9575458e+00	   1.8840763e+00	   1.8806602e+00	   1.8681346e+00	   1.7788963e+00	   1.7371009e+00	   1.6577281e+00	   1.5612110e+00	   1.5390349e+00	   1.4471561e+00	   1.3480787e+00	   1.2716137e+00	   1.2261109e+00	   1.1399452e+00	   1.0308254e+00	   9.4373441e-01	   8.3218664e-01	   8.3620744e-01	
             NaN	             NaN	   3.2895370e+00	   3.0809573e+00	   3.3542178e+00	   3.2284174e+00	   2.9527417e+00	   2.7671745e+00	   2.5671581e+00	   2.3944980e+00	   2.1809564e+00	   2.1258938e+00	   2.0063709e+00	   2.0007273e+00	   2.0095815e+00	   1.9002720e+00	   1.8831704e+00	   1.8580822e+00	   1.8256045e+00	   1.7587196e+00	   1.7271361e+00	   1.5998515e+00	   1.5521180e+00	   1.5024726e+00	   1.4399306e+00	   1.3794600e+00	   1.2864115e+00	   1.1768684e+00	   1.1091337e+00	   1.0348015e+00	   9.7046902e-01	   8.6873744e-01	   8.4611621e-01	
             NaN	             NaN	   3.6647872e+00	   3.2597679e+00	   3.2895806e+00	   3.2756480e+00	   3.0176376e+00	   2.8673416e+00	   2.4772195e+00	   2.2879493e+00	   2.2404254e+00	   2.0594881e+00	   2.0233269e+00	   2.0259779e+00	   1.9868944e+00	   1.9615803e+00	   1.9087940e+00	   1.8523401e+00	   1.8159656e+00	   1.8048962e+00	   1.7292080e+00	   1.6813768e+00	   1.5648695e+00	   1.5150166e+00	   1.4690845e+00	   1.3870782e+00	   1.3129213e+00	   1.2291514e+00	   1.1134745e+00	   1.0460428e+00	   9.5599926e-01	   9.1116480e-01	   8.1357982e-01	
             NaN	             NaN	             NaN	   3.4214206e+00	   3.3536326e+00	   3.0654952e+00	   2.9204793e+00	   2.9234721e+00	   2.6628516e+00	   2.3372606e+00	   2.2753794e+00	   2.1081600e+00	   2.0816333e+00	   2.0131077e+00	   1.9421023e+00	   1.9518958e+00	   1.9076516e+00	   1.8435872e+00	   1.7927236e+00	   1.7730887e+00	   1.7279453e+00	   1.6341985e+00	   1.5877468e+00	   1.5308946e+00	   1.4353174e+00	   1.3810489e+00	   1.2739219e+00	   1.2009838e+00	   1.1289621e+00	   1.0560041e+00	   9.4118123e-01	   8.9228209e-01	   8.5555074e-01	
             NaN	             NaN	             NaN	   3.2218404e+00	   3.4636252e+00	   3.2522973e+00	   3.0936902e+00	   2.7394679e+00	   2.5359104e+00	   2.3715658e+00	   2.2380070e+00	   2.1225487e+00	   2.0409547e+00	   2.0140683e+00	   1.9140335e+00	   1.8503300e+00	   1.9050525e+00	   1.7866013e+00	   1.8066321e+00	   1.7100519e+00	   1.7301082e+00	   1.6450305e+00	   1.5593429e+00	   1.5100177e+00	   1.4250427e+00	   1.3960056e+00	   1.2762419e+00	   1.2242900e+00	   1.1554958e+00	   1.0389158e+00	   9.6663869e-01	   9.1742346e-01	   8.5397986e-01	
             NaN	             NaN	             NaN	   3.3555238e+00	   3.4746644e+00	   3.2129916e+00	   2.9248918e+00	   2.8465474e+00	   2.4095554e+00	   2.3601602e+00	   2.2126356e+00	   2.1818844e+00	   2.0413490e+00	   2.0146340e+00	   1.9263591e+00	   1.8904892e+00	   1.8666955e+00	   1.8411410e+00	   1.7987685e+00	   1.7385206e+00	   1.7119312e+00	   1.5881811e+00	   1.5590270e+00	   1.5176424e+00	   1.4442127e+00	   1.3650833e+00	   1.2973326e+00	   1.2500910e+00	   1.1234342e+00	   1.0896395e+00	   9.9214655e-01	   9.4807311e-01	   8.7247370e-01	
             NaN	             NaN	             NaN	   3.2056046e+00	   3.4827176e+00	   3.1578105e+00	   3.0234841e+00	   2.7902506e+00	   2.5889193e+00	   2.3920425e+00	   2.3147331e+00	   2.0914596e+00	   2.0547886e+00	   1.9691486e+00	   1.9540819e+00	   1.9576587e+00	   1.8766891e+00	   1.8164246e+00	   1.7513244e+00	   1.7306953e+00	   1.6713930e+00	   1.5910732e+00	   1.5480188e+00	   1.5057671e+00	   1.4143638e+00	   1.3449182e+00	   1.3041964e+00	   1.2296378e+00	   1.1295486e+00	   1.0950657e+00	   1.0035353e+00	   9.3394492e-01	   8.7544424e-01	
             NaN	             NaN	             NaN	   3.3632667e+00	   3.4569424e+00	   3.1169564e+00	   3.0009730e+00	   2.8414566e+00	   2.5743367e+00	   2.4028377e+00	   2.2059305e+00	   2.0942936e+00	   2.0155733e+00	   1.9946400e+00	   1.9307483e+00	   1.8834001e+00	   1.8372648e+00	   1.8053650e+00	   1.7311562e+00	   1.6932888e+00	   1.6697431e+00	   1.5522174e+00	   1.5533615e+00	   1.4768853e+00	   1.4610141e+00	   1.3593982e+00	   1.2947895e+00	   1.1901633e+00	   1.1530513e+00	   1.0832631e+00	   1.0138827e+00	   9.2862138e-01	   9.0041601e-01	
             NaN	             NaN	             NaN	             NaN	   3.6043759e+00	   3.1355658e+00	   3.1188028e+00	   2.7611766e+00	   2.5888825e+00	   2.3410090e+00	   2.1321584e+00	   2.0562305e+00	   2.0245494e+00	   1.9590684e+00	   1.8889299e+00	   1.8510959e+00	   1.8221382e+00	   1.7494735e+00	   1.7372303e+00	   1.6996149e+00	   1.6659093e+00	   1.6039009e+00	   1.5084059e+00	   1.4578859e+00	   1.3808686e+00	   1.3661977e+00	   1.2839702e+00	   1.2181126e+00	   1.1644119e+00	   1.0644529e+00	   1.0193475e+00	   9.3279301e-01	   8.7763239e-01	
             NaN	             NaN	             NaN	             NaN	   3.2301531e+00	   3.2420297e+00	   3.0148540e+00	   2.7610644e+00	   2.5861317e+00	   2.3310322e+00	   2.2393338e+00	   2.0936167e+00	   2.0387802e+00	   1.9693393e+00	   1.9298226e+00	   1.8324747e+00	   1.8320557e+00	   1.7636520e+00	   1.7379181e+00	   1.6816297e+00	   1.6685064e+00	   1.5974123e+00	   1.5036558e+00	   1.4796178e+00	   1.4116501e+00	   1.3416315e+00	   1.3225337e+00	   1.2346390e+00	   1.1752506e+00	   1.0902058e+00	   1.0079849e+00	   9.5323850e-01	   8.9267001e-01	
             NaN	             NaN	             NaN	             NaN	   3.4537928e+00	   3.2497514e+00	   3.0284259e+00	   2.6770632e+00	   2.4612523e+00	   2.3038082e+00	   2.1867291e+00	   2.0257129e+00	   2.0666359e+00	   2.0085569e+00	   1.9503409e+00	   1.8011761e+00	   1.8066126e+00	   1.7746322e+00	   1.6812129e+00	   1.6503157e+00	   1.6309051e+00	   1.5251447e+00	   1.4748902e+00	   1.4375680e+00	   1.3548048e+00	   1.3056276e+00	   1.2760677e+00	   1.2121883e+00	   1.1750811e+00	   1.0846921e+00	   1.0561610e+00	   9.7090719e-01	   8.8954027e-01	
             NaN	             NaN	             NaN	             NaN	   3.2281416e+00	   3.1307698e+00	   3.0074127e+00	   2.7570791e+00	   2.5611640e+00	   2.2517630e+00	   2.2299534e+00	   2.0898840e+00	   1.9309318e+00	   1.8867840e+00	   1.9383129e+00	   1.8205344e+00	   1.7821267e+00	   1.7443680e+00	   1.7076284e+00	   1.5998155e+00	   1.5868023e+00	   1.5480221e+00	   1.4941277e+00	   1.4315515e+00	   1.3714808e+00	   1.3186452e+00	   1.3027954e+00	   1.1909255e+00	   1.1172055e+00	   1.0834722e+00	   9.8206042e-01	   9.5606344e-01	   8.8652656e-01	
             NaN	             NaN	             NaN	             NaN	   3.4470826e+00	   3.2025013e+00	   2.8879203e+00	   2.7926295e+00	   2.5818043e+00	   2.3522297e+00	   2.1573975e+00	   2.0938299e+00	   1.9731575e+00	   1.9044414e+00	   1.8663413e+00	   1.8397529e+00	   1.7469390e+00	   1.6878356e+00	   1.6810207e+00	   1.6001109e+00	   1.5941380e+00	   1.5361370e+00	   1.5124288e+00	   1.4212654e+00	   1.4028470e+00	   1.3645496e+00	   1.2544511e+00	   1.2426149e+00	   1.1418833e+00	   1.0889317e+00	   1.0076056e+00	   9.6470075e-01	   8.9496449e-01	
             NaN	             NaN	             NaN	             NaN	             NaN	   2.9604295e+00	   2.8388075e+00	   2.6757967e+00	   2.5078108e+00	   2.3147038e+00	   2.2267222e+00	   2.0612801e+00	   1.9373536e+00	   1.9053768e+00	   1.9076250e+00	   1.7607380e+00	   1.7549360e+00	   1.6916298e+00	   1.6445451e+00	   1.6279879e+00	   1.5273976e+00	   1.4711024e+00	   1.4233695e+00	   1.3986624e+00	   1.3231114e+00	   1.3288970e+00	   1.2509464e+00	   1.1952851e+00	   1.1191702e+00	   1.0782338e+00	   1.0189807e+00	   9.5296021e-01	   8.8690930e-01	
             NaN	             NaN	             NaN	             NaN	             NaN	   2.9266646e+00	   2.9877103e+00	   2.6099205e+00	   2.5009940e+00	   2.3133180e+00	   2.1708107e+00	   2.0107948e+00	   1.9314871e+00	   1.8601937e+00	   1.8913868e+00	   1.7093453e+00	   1.6989449e+00	   1.6754929e+00	   1.6386747e+00	   1.5799366e+00	   1.5175265e+00	   1.4795193e+00	   1.3849901e+00	   1.3726738e+00	   1.3876799e+00	   1.3207098e+00	   1.2245066e+00	   1.1768232e+00	   1.1210298e+00	   1.0770545e+00	   9.8273043e-01	   9.2727839e-01	   9.0334585e-01	
             NaN	             NaN	             NaN	             NaN	             NaN	   3.1857440e+00	   2.7809159e+00	   2.6937396e+00	   2.4488472e+00	   2.2776280e+00	   2.1422597e+00	   2.0460894e+00	   1.9122832e+00	   1.9154405e+00	   1.8079835e+00	   1.7962774e+00	   1.7553824e+00	   1.6769269e+00	   1.5954581e+00	   1.6024750e+00	   1.5298077e+00	   1.4347005e+00	   1.3904912e+00	   1.4089855e+00	   1.3549503e+00	   1.2708624e+00	   1.2276631e+00	   1.1915099e+00	   1.1183800e+00	   1.0704339e+00	   1.0457321e+00	   9.2377215e-01	   9.2484115e-01	
             NaN	             NaN	             NaN	             NaN	             NaN	   2.9805442e+00	   2.9131417e+00	   2.6321096e+00	   2.4721006e+00	   2.2313129e+00	   2.2022790e+00	   2.0443384e+00	   1.9160542e+00	   1.8963917e+00	   1.7913862e+00	   1.7536183e+00	   1.6743786e+00	   1.6585553e+00	   1.5803133e+00	   1.5620309e+00	   1.4728712e+00	   1.4628407e+00	   1.3973349e+00	   1.3133594e+00	   1.3205260e+00	   1.2988063e+00	   1.2371563e+00	   1.1954294e+00	   1.1086582e+00	   1.0696605e+00	   9.7899921e-01	   9.2185424e-01	   9.2022715e-01	
             NaN	             NaN	             NaN	             NaN	             NaN	   3.0969714e+00	   2.8355719e+00	   2.6551955e+00	   2.4941325e+00	   2.2756003e+00	   2.1311686e+00	   1.9825708e+00	   1.9738481e+00	   1.8857120e+00	   1.7297368e+00	   1.6934071e+00	   1.6538284e+00	   1.6375687e+00	   1.5614430e+00	   1.5097502e+00	   1.5120118e+00	   1.4387789e+00	   1.3964395e+00	   1.3275092e+00	   1.2895941e+00	   1.3016474e+00	   1.2017813e+00	   1.1719224e+00	   1.1288911e+00	   1.0590034e+00	   1.0109756e+00	   9.3787403e-01	   9.0122999e-01	
             NaN	             NaN	             NaN	             NaN	             NaN	             NaN	   2.7473050e+00	   2.5903869e+00	   2.3077006e+00	   2.2993956e+00	   2.1744778e+00	   1.9111044e+00	   1.9587069e+00	   1.8638928e+00	   1.8350000e+00	   1.7492754e+00	   1.6711160e+00	   1.5778060e+00	   1.5256638e+00	   1.5431614e+00	   1.4546541e+00	   1.4280189e+00	   1.3847726e+00	   1.2943792e+00	   1.2960888e+00	   1.2387211e+00	   1.2382921e+00	   1.1371959e+00	   1.0978770e+00	   1.0596378e+00	   9.8735078e-01	   9.3175658e-01	   9.2450337e-01	
             NaN	             NaN	             NaN	             NaN	             NaN	             NaN	   2.7542147e+00	   2.6439027e+00	   2.4505272e+00	   2.3309332e+00	   2.0866516e+00	   2.0171375e+00	   1.9186806e+00	   1.8827549e+00	   1.8119498e+00	   1.6699847e+00	   1.6618518e+00	   1.6231439e+00	   1.5688486e+00	   1.5040340e+00	   1.4755474e+00	   1.4358403e+00	   1.3362303e+00	   1.2962145e+00	   1.3074952e+00	   1.2399044e+00	   1.2326680e+00	   1.1348150e+00	   1.0744257e+00	   1.0433079e+00	   9.3554580e-01	   9.3662999e-01	   8.8045281e-01	
   0.0000000e+00	             NaN	             NaN	             NaN	             NaN	             NaN	   2.7232769e+00	   2.6228469e+00	   2.3860969e+00	   2.2635350e+00	   2.1813136e+00	   1.9971352e+00	   1.8175846e+00	   1.8184518e+00	   1.7226951e+00	   1.6183053e+00	   1.5657222e+00	   1.5635910e+00	   1.5311718e+00	   1.4653335e+00	   1.4481238e+00	   1.3849348e+00	   1.3189931e+00	   1.2727039e+00	   1.2823278e+00	   1.1961364e+00	   1.1848670e+00	   1.1256518e+00	   1.1112448e+00	   9.9641251e-01	   9.6629287e-01	   9.3655330e-01	   9.0247273e-01	
   0.0000000e+00	             NaN	             NaN	             NaN	             NaN	             NaN	   2.8622785e+00	   2.6607397e+00	   2.3484673e+00	   2.1937730e+00	   2.0898486e+00	   1.8997296e+00	   1.8698232e+00	   1.8204044e+00	   1.6774624e+00	   1.6912362e+00	   1.5618216e+00	   1.5674258e+00	   1.4498487e+00	   1.4273273e+00	   1.3896832e+00	   1.3961319e+00	   1.2812112e+00	   1.2930358e+00	   1.2590996e+00	   1.2185478e+00	   1.1984834e+00	   1.0723380e+00	   1.0670741e+00	   1.0331764e+00	   9.9188969e-01	   9.0618405e-01	   8.7250416e-01	
   0.0000000e+00	             NaN	             NaN	             NaN	             NaN	             NaN	   2.7180027e+00	   2.6229336e+00	   2.2656562e+00	   2.1294390e+00	   2.0323835e+00	   1.9258532e+00	   1.8660378e+00	   1.8004488e+00	   1.7515805e+00	   1.6385179e+00	   1.5656232e+00	   1.5264452e+00	   1.4724492e+00	   1.4390147e+00	   1.4211609e+00	   1.3418227e+00	   1.3074652e+00	   1.2699650e+00	   1.2362433e+00	   1.1899442e+00	   1.1684318e+00	   1.0928609e+00	   1.0552400e+00	   1.0079957e+00	   9.2276439e-01	   9.0472846e-01	   8.7149465e-01	
   0.0000000e+00	             NaN	             NaN	             NaN	             NaN	             NaN	             NaN	   2.5687543e+00	   2.4009980e+00	   2.0727354e+00	   1.9448989e+00	   1.9535495e+00	   1.7375052e+00	   1.7286598e+00	   1.7029293e+00	   1.6432847e+00	   1.5534239e+00	   1.4912164e+00	   1.4358577e+00	   1.4124886e+00	   1.3983765e+00	   1.3258700e+00	   1.3080049e+00	   1.2605460e+00	   1.1892594e+00	   1.1998572e+00	   1.1165264e+00	   1.0867506e+00	   1.0409884e+00	   1.0113632e+00	   9.4811925e-01	   9.1439816e-01	   8.5639802e-01	
   0.0000000e+00	             NaN	             NaN	             NaN	             NaN	             NaN	             NaN	   2.6035972e+00	   2.3570761e+00	   2.1404246e+00	   1.9340404e+00	   2.0015902e+00	   1.7506424e+00	   1.7651691e+00	   1.6501835e+00	   1.6304327e+00	   1.5518371e+00	   1.4958460e+00	   1.4167827e+00	   1.4065911e+00	   1.3529898e+00	   1.3268356e+00	   1.2724833e+00	   1.2338597e+00	   1.2076850e+00	   1.1647584e+00	   1.0991277e+00	   1.0614327e+00	   1.0009136e+00	   9.6337113e-01	   9.4587677e-01	   9.0680610e-01	   8.7501516e-01	
   0.0000000e+00	   0.0000000e+00	             NaN	             NaN	             NaN	             NaN	             NaN	   2.5791549e+00	   2.3196043e+00	   2.0780087e+00	   1.9338760e+00	   1.8998896e+00	   1.7712991e+00	   1.6884249e+00	   1.6257091e+00	   1.5385440e+00	   1.4989347e+00	   1.5272306e+00	   1.4050799e+00	   1.3569955e+00	   1.3407552e+00	   1.3016245e+00	   1.2296193e+00	   1.2064936e+00	   1.1750055e+00	   1.1428625e+00	   1.0926629e+00	   1.0596197e+00	   1.0324064e+00	   9.7774329e-01	   9.1978485e-01	   9.0582116e-01	   8.4937687e-01	
   0.0000000e+00	   0.0000000e+00	             NaN	             NaN	             NaN	             NaN	             NaN	   2.4694361e+00	   2.1952291e+00	   2.0572882e+00	   1.8494875e+00	   1.7824890e+00	   1.7572088e+00	   1.6507585e+00	   1.5708847e+00	   1.5398169e+00	   1.4954676e+00	   1.3751649e+00	   1.3908382e+00	   1.3176320e+00	   1.3349536e+00	   1.2755212e+00	   1.2061356e+00	   1.1716521e+00	   1.1793615e+00	   1.1493511e+00	   1.1052857e+00	   1.0638715e+00	   1.0063476e+00	   9.5692579e-01	   9.0470823e-01	   8.6781707e-01	   8.6187353e-01	
   0.0000000e+00	   0.0000000e+00	             NaN	             NaN	             NaN	             NaN	             NaN	   2.6039089e+00	   2.0782059e+00	   2.0153681e+00	   1.9603582e+00	   1.8732910e+00	   1.8001159e+00	   1.6257089e+00	   1.6096281e+00	   1.5198681e+00	   1.5041099e+00	   1.3943597e+00	   1.3960062e+00	   1.3129117e+00	   1.3185845e+00	   1.2451282e+00	   1.2307781e+00	   1.1780112e+00	   1.1510182e+00	   1.1339403e+00	   1.0516507e+00	   1.0573406e+00	   1.0016050e+00	   9.3700721e-01	   9.0770429e-01	   8.4144632e-01	   8.4344085e-01	
   0.0000000e+00	   0.0000000e+00	             NaN	             NaN	             NaN	             NaN	             NaN	             NaN	   2.2556726e+00	   2.0761198e+00	   1.8608517e+00	   1.7402554e+00	   1.7320948e+00	   1.6336390e+00	   1.5335017e+00	   1.5336107e+00	   1.4217061e+00	   1.3707866e+00	   1.2893998e+00	   1.3004049e+00	   1.2769483e+00	   1.2292774e+00	   1.1491135e+00	   1.1688057e+00	   1.1726113e+00	   1.1403669e+00	   1.0806846e+00	   1.0076248e+00	   9.7070942e-01	   9.1750909e-01	   8.8792271e-01	   8.8288511e-01	   8.5066341e-01	
   0.0000000e+00	   0.0000000e+00	             NaN	             NaN	             NaN	             NaN	             NaN	             NaN	   2.1900400e+00	   2.1450427e+00	   1.8635750e+00	   1.8248175e+00	   1.6427567e+00	   1.6187847e+00	   1.5783162e+00	   1.4731768e+00	   1.4371087e+00	   1.3504560e+00	   1.3297547e+00	   1.2323237e+00	   1.2413810e+00	   1.2377448e+00	   1.1722320e+00	   1.1276777e+00	   1.1305132e+00	   1.0582470e+00	   1.0396882e+00	   9.8037297e-01	   9.6416581e-01	   9.3103692e-01	   8.8209836e-01	   8.4485837e-01	   8.0625562e-01	
   0.0000000e+00	   0.0000000e+00	   0.0000000e+00	             NaN	             NaN	             NaN	             NaN	             NaN	   2.1162176e+00	   1.9362591e+00	   1.8859981e+00	   1.7779729e+00	   1.7232723e+00	   1.6939258e+00	   1.5247628e+00	   1.4426925e+00	   1.3559594e+00	   1.3663355e+00	   1.3346343e+00	   1.2374248e+00	   1.2406828e+00	   1.1613975e+00	   1.1860917e+00	   1.1142250e+00	   1.0911723e+00	   1.0557773e+00	   1.0388669e+00	   9.9669820e-01	   9.4103436e-01	   8.8803711e-01	   8.4393021e-01	   8.3548977e-01	   7.9790505e-01	
   0.0000000e+00	   0.0000000e+00	   0.0000000e+00	             NaN	             NaN	             NaN	             NaN	             NaN	   2.0452657e+00	   2.0439397e+00	   1.8724336e+00	   1.6844968e+00	   1.6419993e+00	   1.6265140e+00	   1.4804843e+00	   1.4514402e+00	   1.3867060e+00	   1.2853901e+00	   1.3223272e+00	   1.2159827e+00	   1.1938530e+00	   1.1782668e+00	   1.1048184e+00	   1.0973788e+00	   1.0812424e+00	   1.0136052e+00	   1.0213993e+00	   9.9703292e-01	   9.2559716e-01	   8.8632327e-01	   8.5350052e-01	   7.9083027e-01	   7.9242219e-01	
   0.0000000e+00	   0.0000000e+00	   0.0000000e+00	             NaN	             NaN	             NaN	             NaN	             NaN	   2.1321866e+00	   1.9507514e+00	   1.9075748e+00	   1.6516438e+00	   1.5591004e+00	   1.4938584e+00	   1.5203155e+00	   1.3938903e+00	   1.2846460e+00	   1.3106230e+00	   1.2823960e+00	   1.2515164e+00	   1.1986799e+00	   1.1695181e+00	   1.0940799e+00	   1.0869360e+00	   1.0498318e+00	   1.0164427e+00	   1.0010961e+00	   9.4278384e-01	   9.0957512e-01	   8.5806814e-01	   8.4533707e-01	   8.2177177e-01	   7.8596742e-01	
   0.0000000e+00	   0.0000000e+00	   0.0000000e+00	             NaN	             NaN	             NaN	             NaN	             NaN	   2.0603927e+00	   1.9581632e+00	   1.8060579e+00	   1.6779717e+00	   1.7264100e+00	   1.5022109e+00	   1.4817305e+00	   1.3910039e+00	   1.3385033e+00	   1.2866060e+00	   1.2393553e+00	   1.2035688e+00	   1.1580991e+00	   1.1268535e+00	   1.0616633e+00	   1.0161779e+00	   1.0382053e+00	   1.0327011e+00	   9.5227693e-01	   9.5331840e-01	   8.9754602e-01	   8.4841458e-01	   8.0634378e-01	   7.9698756e-01	   7.5663109e-01	
   0.0000000e+00	   0.0000000e+00	   0.0000000e+00	             NaN	             NaN	             NaN	             NaN	             NaN	             NaN	   1.8256894e+00	   1.7196346e+00	   1.6483926e+00	   1.5912030e+00	   1.5035768e+00	   1.4562952e+00	   1.3796940e+00	   1.3076429e+00	   1.3343320e+00	   1.2351083e+00	   1.1181213e+00	   1.1408657e+00	   1.0613749e+00	   1.0725489e+00	   1.0262943e+00	   9.9439797e-01	   9.7835375e-01	   1.0064098e+00	   9.2357691e-01	   8.7932971e-01	   8.3474184e-01	   8.2117993e-01	   7.9626075e-01	   7.9536718e-01	
   0.0000000e+00	   0.0000000e+00	   0.0000000e+00	   0.0000000e+00	             NaN	             NaN	             NaN	             NaN	             NaN	   1.9439820e+00	   1.6810068e+00	   1.6258038e+00	   1.5389756e+00	   1.5037689e+00	   1.4091472e+00	   1.2748185e+00	   1.3163953e+00	   1.2379198e+00	   1.2182433e+00	   1.1407580e+00	   1.1345341e+00	   1.0596107e+00	   1.0859972e+00	   1.0262603e+00	   9.9694696e-01	   9.6503517e-01	   9.2882975e-01	   9.4949442e-01	   8.6691100e-01	   8.2871622e-01	   7.7347490e-01	   7.8314432e-01	   7.1606858e-01	
   0.0000000e+00	   0.0000000e+00	   0.0000000e+00	   0.0000000e+00	             NaN	             NaN	             NaN	             NaN	             NaN	   1.8991585e+00	   1.7309585e+00	   1.5383190e+00	   1.5845084e+00	   1.4153624e+00	   1.3668134e+00	   1.3558136e+00	   1.2594834e+00	   1.2205901e+00	   1.1951649e+00	   1.1091493e+00	   1.1233138e+00	   1.0619806e+00	   9.6273784e-01	   1.0356823e+00	   9.3204931e-01	   9.1354643e-01	   9.2305537e-01	   9.0833570e-01	   8.4606876e-01	   8.3507802e-01	   7.8783553e-01	   7.7358708e-01	   7.4263422e-01	
   0.0000000e+00	   0.0000000e+00	   0.0000000e+00	   0.0000000e+00	             NaN	             NaN	             NaN	             NaN	             NaN	   1.7867488e+00	   1.6733345e+00	   1.5740996e+00	   1.5013005e+00	   1.5087590e+00	   1.3561095e+00	   1.2856153e+00	   1.2823747e+00	   1.2066069e+00	   1.1284801e+00	   1.0913935e+00	   1.0653240e+00	   1.0804173e+00	   1.0372789e+00	   9.6563411e-01	   9.7021198e-01	   9.2331724e-01	   8.8169099e-01	   8.4255127e-01	   8.5815284e-01	   7.9189925e-01	   7.5584817e-01	   7.1707718e-01	   7.1676326e-01	
   0.0000000e+00	   0.0000000e+00	   0.0000000e+00	   0.0000000e+00	             NaN	             NaN	             NaN	             NaN	             NaN	   1.8378261e+00	   1.6334989e+00	   1.5073312e+00	   1.4496163e+00	   1.3802023e+00	   1.2749451e+00	   1.2470529e+00	   1.2262413e+00	   1.1434744e+00	   1.1719066e+00	   1.0988386e+00	   1.0056838e+00	   9.9013619e-01	   9.8652977e-01	   9.6130293e-01	   9.3721961e-01	   9.0911653e-01	   8.6397473e-01	   8.3618789e-01	   8.1620458e-01	   7.9407087e-01	   7.5671703e-01	   7.2313614e-01	   6.9790909e-01	
   0.0000000e+00	   0.0000000e+00	   0.0000000e+00	   0.0000000e+00	             NaN	             NaN	             NaN	             NaN	             NaN	             NaN	   1.7279629e+00	   1.5951719e+00	   1.4479673e+00	   1.3858295e+00	   1.3144304e+00	   1.2321189e+00	   1.1283663e+00	   1.1452725e+00	   1.1000991e+00	   1.0701987e+00	   9.9239627e-01	   9.7600427e-01	   9.6727503e-01	   9.5656451e-01	   9.4349523e-01	   8.8142435e-01	   8.5787830e-01	   8.2852613e-01	   8.3019353e-01	   7.3365829e-01	   7.3855862e-01	   6.9800580e-01	   7.1401692e-01	
   0.0000000e+00	   0.0000000e+00	   0.0000000e+00	   0.0000000e+00	             NaN	             NaN	             NaN	             NaN	             NaN	             NaN	   1.6460093e+00	   1.5264193e+00	   1.4754264e+00	   1.3398994e+00	   1.2467585e+00	   1.2941472e+00	   1.1913333e+00	   1.1274821e+00	   1.0781861e+00	   9.8722224e-01	   9.9056200e-01	   9.7018083e-01	   9.6777710e-01	   8.7212097e-01	   9.2050948e-01	   8.6831714e-01	   8.3460181e-01	   8.2020713e-01	   7.7386303e-01	   7.3909678e-01	   7.1391678e-01	   7.2938145e-01	   6.6495309e-01	
   0.0000000e+00	   0.0000000e+00	   0.0000000e+00	   0.0000000e+00	   0.0000000e+00	             NaN	             NaN	             NaN	             NaN	             NaN	   1.5325019e+00	   1.5532551e+00	   1.3950802e+00	   1.3616294e+00	   1.2255118e+00	   1.2277541e+00	   1.1330427e+00	   1.0759128e+00	   1.0754015e+00	   1.0480889e+00	   1.0326827e+00	   9.3208738e-01	   9.2262511e-01	   9.1182857e-01	   8.7850310e-01	   8.4280375e-01	   8.1649071e-01	   7.7361725e-01	   7.5697517e-01	   6.9717201e-01	   6.9575105e-01	   6.8892801e-01	   6.4681801e-01	
   0.0000000e+00	   0.0000000e+00	   0.0000000e+00	   0.0000000e+00	   0.0000000e+00	             NaN	             NaN	             NaN	             NaN	             NaN	   1.5032503e+00	   1.4352859e+00	   1.4198622e+00	   1.3746571e+00	   1.2461155e+00	   1.2133883e+00	   1.1378972e+00	   1.0985599e+00	   1.0289063e+00	   1.0243330e+00	   9.5750085e-01	   9.3053911e-01	   9.2637056e-01	   8.5215217e-01	   8.3049927e-01	   8.5774055e-01	   8.0878669e-01	   8.1538031e-01	   7.3459834e-01	   7.1510256e-01	   6.8908308e-01	   6.6573872e-01	   6.4272946e-01	
   0.0000000e+00	   0.0000000e+00	   0.0000000e+00	   0.0000000e+00	   0.0000000e+00	             NaN	             NaN	             NaN	             NaN	             NaN	   1.5214799e+00	   1.4382966e+00	   1.3271600e+00	   1.3297739e+00	   1.2287155e+00	   1.1157215e+00	   1.0641731e+00	   1.0719740e+00	   1.0258642e+00	   1.0139091e+00	   9.1994355e-01	   8.7728639e-01	   8.7701787e-01	   8.3289798e-01	   8.1215637e-01	   8.1381609e-01	   7.8952068e-01	   7.4339144e-01	   7.4640089e-01	   6.8848120e-01	   6.9552588e-01	   6.3638366e-01	   6.1810275e-01	
   0.0000000e+00	   0.0000000e+00	   0.0000000e+00	   0.0000000e+00	   0.0000000e+00	             NaN	             NaN	             NaN	             NaN	             NaN	             NaN	   1.4162498e+00	   1.3058769e+00	   1.2537034e+00	   1.2230999e+00	   1.1231255e+00	   1.0854241e+00	   1.0035775e+00	   1.0484437e+00	   9.1995812e-01	   8.8577639e-01	   8.8809023e-01	   8.5127209e-01	   8.2004632e-01	   8.0692444e-01	   8.0606665e-01	   7.5482590e-01	   7.6029281e-01	   7.0737324e-01	   6.8753515e-01	   6.6415459e-01	   6.1913185e-01	   6.4817532e-01	
   0.0000000e+00	   0.0000000e+00	   0.0000000e+00	   0.0000000e+00	   0.0000000e+00	             NaN	             NaN	             NaN	             NaN	             NaN	             NaN	   1.4137130e+00	   1.1894258e+00	   1.1996526e+00	   1.1938840e+00	   1.0853392e+00	   1.0976654e+00	   1.0006508e+00	   9.7157257e-01	   9.1936120e-01	   8.8211816e-01	   8.7559249e-01	   8.6045905e-01	   7.9869301e-01	   7.7129221e-01	   7.9132051e-01	   7.5718127e-01	   7.3445804e-01	   6.8959452e-01	   6.5791220e-01	   6.5815202e-01	   6.1818249e-01	   6.0035767e-01	
   0.0000000e+00	   0.0000000e+00	   0.0000000e+00	   0.0000000e+00	   0.0000000e+00	   0.0000000e+00	             NaN	             NaN	             NaN	             NaN	             NaN	   1.3011487e+00	   1.3684687e+00	   1.2206827e+00	   1.1481092e+00	   1.0670280e+00	   1.0056430e+00	   9.8568083e-01	   9.7713333e-01	   8.7945159e-01	   8.8295414e-01	   8.3837015e-01	   8.2811573e-01	   7.8864351e-01	   7.8216163e-01	   7.5188897e-01	   7.1091959e-01	   7.2804595e-01	   6.7777209e-01	   6.3859608e-01	   6.0477962e-01	   6.3441056e-01	   5.7025185e-01	
   0.0000000e+00	   0.0000000e+00	   0.0000000e+00	   0.0000000e+00	   0.0000000e+00	   0.0000000e+00	             NaN	             NaN	             NaN	             NaN	             NaN	   1.3490770e+00	   1.2191328e+00	   1.1425430e+00	   1.1281265e+00	   1.0216090e+00	   1.0440092e+00	   9.3812605e-01	   8.9778278e-01	   8.6007836e-01	   8.7834837e-01	   8.7367152e-01	   7.7253920e-01	   7.7812792e-01	   7.3134422e-01	   7.3383517e-01	   7.3460695e-01	   7.0496285e-01	   6.8525621e-01	   6.6839555e-01	   6.2911259e-01	   6.0137501e-01	   6.0495700e-01	
   0.0000000e+00	   0.0000000e+00	   0.0000000e+00	   0.0000000e+00	   0.0000000e+00	   0.0000000e+00	             NaN	             NaN	             NaN	             NaN	             NaN	   1.2607412e+00	   1.1420729e+00	   1.1105978e+00	   1.0444269e+00	   1.0795062e+00	   9.6685068e-01	   9.4143510e-01	   9.4985884e-01	   8.6448877e-01	   8.2111092e-01	   7.7479810e-01	   7.7453123e-01	   7.6695360e-01	   7.5761672e-01	   7.4002414e-01	   7.0209832e-01	   6.5263967e-01	   6.4986014e-01	   5.9227574e-01	   5.9833951e-01	   5.8089893e-01	   5.8038747e-01	
   0.0000000e+00	   0.0000000e+00	   0.0000000e+00	   0.0000000e+00	   0.0000000e+00	   0.0000000e+00	             NaN	             NaN	             NaN	             NaN	             NaN	             NaN	   1.1747515e+00	   1.1222113e+00	   1.1110606e+00	   9.8506744e-01	   9.9221566e-01	   9.1641717e-01	   8.7451784e-01	   8.5858050e-01	   8.8457374e-01	   7.6742256e-01	   7.5840586e-01	   7.4478966e-01	   7.2280668e-01	   7.2442334e-01	   6.9980746e-01	   6.6168655e-01	   6.2086378e-01	   5.9423656e-01	   5.6825402e-01	   5.7725743e-01	   5.5312741e-01	
   0.0000000e+00	   0.0000000e+00	   0.0000000e+00	   0.0000000e+00	   0.0000000e+00	   0.0000000e+00	             NaN	             NaN	             NaN	             NaN	             NaN	             NaN	   1.1753178e+00	   1.1452285e+00	   1.0096026e+00	   1.0681073e+00	   9.0909995e-01	   9.2046170e-01	   8.4876003e-01	   8.3866148e-01	   8.6181708e-01	   7.5272757e-01	   7.3757920e-01	   7.4723833e-01	   6.7725500e-01	   6.8140975e-01	   6.8148066e-01	   6.5747651e-01	   5.9620238e-01	   5.8184453e-01	   5.6676928e-01	   5.2251817e-01	   5.2699801e-01	
   0.0000000e+00	   0.0000000e+00	   0.0000000e+00	   0.0000000e+00	   0.0000000e+00	   0.0000000e+00	   0.0000000e+00	             NaN	             NaN	             NaN	             NaN	             NaN	   1.0938516e+00	   1.0286303e+00	   1.0011073e+00	   9.5307786e-01	   9.1267976e-01	   9.0890485e-01	   8.1033310e-01	   8.1502849e-01	   7.8529798e-01	   7.4912472e-01	   6.8451496e-01	   7.2465270e-01	   6.8192501e-01	   6.4645668e-01	   6.6436196e-01	   5.9336173e-01	   5.7159104e-01	   5.9492983e-01	   5.8096336e-01	   5.2238736e-01	   5.4684028e-01	
   0.0000000e+00	   0.0000000e+00	   0.0000000e+00	   0.0000000e+00	   0.0000000e+00	   0.0000000e+00	   0.0000000e+00	             NaN	             NaN	             NaN	             NaN	             NaN	   1.0867329e+00	   1.1072135e+00	   9.7969644e-01	   9.0886089e-01	   9.3692204e-01	   8.4569123e-01	   8.1172549e-01	   8.4555431e-01	   7.0282874e-01	   7.1216644e-01	   7.1669894e-01	   6.6415535e-01	   6.8779684e-01	   6.5889916e-01	   6.5225756e-01	   6.3892655e-01	   5.5704084e-01	   5.6959940e-01	   5.1429770e-01	   5.0093435e-01	   4.8997262e-01	
   0.0000000e+00	   0.0000000e+00	   0.0000000e+00	   0.0000000e+00	   0.0000000e+00	   0.0000000e+00	   0.0000000e+00	             NaN	             NaN	             NaN	             NaN	             NaN	   9.7249275e-01	   1.0023377e+00	   9.6109527e-01	   9.0813236e-01	   9.4333480e-01	   8.2486804e-01	   8.4903461e-01	   7.8705170e-01	   7.8328562e-01	   6.8882042e-01	   6.9611730e-01	   6.5071897e-01	   6.4171430e-01	   6.4393281e-01	   5.5885567e-01	   5.9496263e-01	   5.6094775e-01	   5.3048872e-01	   5.3168819e-01	   5.0258681e-01	   5.1001723e-01	
   0.0000000e+00	   0.0000000e+00	   0.0000000e+00	   0.0000000e+00	   0.0000000e+00	   0.0000000e+00	   0.0000000e+00	             NaN	             NaN	             NaN	             NaN	             NaN	             NaN	   1.0241455e+00	   9.6452140e-01	   8.7465773e-01	   8.0699104e-01	   8.1911153e-01	   7.7988327e-01	   7.4435837e-01	   7.2937075e-01	   6.6899395e-01	   6.5610357e-01	   6.2341959e-01	   6.3383237e-01	   6.4071383e-01	   6.0200658e-01	   5.6234114e-01	   5.4526705e-01	   5.0154130e-01	   5.3185747e-01	   4.9734691e-01	   4.7942086e-01	
   0.0000000e+00	   0.0000000e+00	   0.0000000e+00	   0.0000000e+00	   0.0000000e+00	   0.0000000e+00	   0.0000000e+00	             NaN	             NaN	             NaN	             NaN	             NaN	             NaN	   9.6640436e-01	   8.8773015e-01	   8.8084564e-01	   8.1809507e-01	   8.2261795e-01	   7.6420575e-01	   7.4911013e-01	   6.9698226e-01	   6.3715492e-01	   6.9254327e-01	   5.9961938e-01	   5.9804280e-01	   5.9793715e-01	   5.8675345e-01	   5.3429666e-01	   5.6590590e-01	   4.7480148e-01	   4.7869149e-01	   4.6426723e-01	   4.6442155e-01	
   0.0000000e+00	   0.0000000e+00	   0.0000000e+00	   0.0000000e+00	   0.0000000e+00	   0.0000000e+00	   0.0000000e+00	   0.0000000e+00	             NaN	             NaN	             NaN	             NaN	             NaN	   1.0323659e+00	   9.1625852e-01	   8.3938725e-01	   8.1371394e-01	   7.8794401e-01	   7.5827585e-01	   7.1170595e-01	   6.5226439e-01	   6.9353950e-01	   6.4296431e-01	   5.7522978e-01	   6.0342713e-01	   5.7687492e-01	   5.6572719e-01	   5.5384467e-01	   5.3606774e-01	   4.7851584e-01	   4.8727112e-01	   4.5374640e-01	   4.6784465e-01	
   0.0000000e+00	   0.0000000e+00	   0.0000000e+00	   0.0000000e+00	   0.0000000e+00	   0.0000000e+00	   0.0000000e+00	   0.0000000e+00	             NaN	             NaN	             NaN	             NaN	             NaN	   9.3519348e-01	   8.4704306e-01	   8.2670922e-01	   7.6674432e-01	   6.7997753e-01	   7.3105044e-01	   7.0505433e-01	   6.9634448e-01	   6.4291825e-01	   5.8478728e-01	   5.7912001e-01	   5.6848975e-01	   5.5731817e-01	   5.5328660e-01	   5.3009762e-01	   5.1217246e-01	   4.9206034e-01	   4.4954333e-01	   4.3869959e-01	   4.5997624e-01	
   0.0000000e+00	   0.0000000e+00	   0.0000000e+00	   0.0000000e+00	   0.0000000e+00	   0.0000000e+00	   0.0000000e+00	   0.0000000e+00	             NaN	             NaN	             NaN	             NaN	             NaN	   9.2414571e-01	   8.6773500e-01	   8.6484921e-01	   8.2301143e-01	   7.5163809e-01	   7.3310114e-01	   6.1648761e-01	   6.3640527e-01	   6.1265329e-01	   6.4908530e-01	   6.1656713e-01	   5.6440243e-01	   5.8143968e-01	   5.5371767e-01	   5.1458714e-01	   4.6538572e-01	   4.4121469e-01	   4.5944367e-01	   4.3647841e-01	   4.3919240e-01	
   0.0000000e+00	   0.0000000e+00	   0.0000000e+00	   0.0000000e+00	   0.0000000e+00	   0.0000000e+00	   0.0000000e+00	   0.0000000e+00	             NaN	             NaN	             NaN	             NaN	             NaN	             NaN	   9.6554838e-01	   7.9858920e-01	   7.2121046e-01	   7.3114747e-01	   6.9905945e-01	   6.8462877e-01	   6.6048648e-01	   6.1000733e-01	   6.0464651e-01	   5.4833539e-01	   5.7159776e-01	   5.3226286e-01	   5.3436477e-01	   5.0009877e-01	   4.7759017e-01	   4.7690075e-01	   4.5040657e-01	   4.4904008e-01	   4.3474078e-01	
   0.0000000e+00	   0.0000000e+00	   0.0000000e+00	   0.0000000e+00	   0.0000000e+00	   0.0000000e+00	   0.0000000e+00	   0.0000000e+00	             NaN	             NaN	             NaN	             NaN	             NaN	             NaN	   8.1582383e-01	   8.4104735e-01	   7.0619404e-01	   6.8108091e-01	   7.1880489e-01	   6.4272751e-01	   6.2470137e-01	   5.8972524e-01	   5.6208609e-01	   5.6926862e-01	   5.5989231e-01	   5.0901900e-01	   4.7243324e-01	   5.0087473e-01	   4.7824252e-01	   4.4350658e-01	   4.4431570e-01	   4.3961853e-01	   4.2407314e-01	
   0.0000000e+00	   0.0000000e+00	   0.0000000e+00	   0.0000000e+00	   0.0000000e+00	   0.0000000e+00	   0.0000000e+00	   0.0000000e+00	   0.0000000e+00	             NaN	             NaN	             NaN	             NaN	             NaN	   7.7643629e-01	   7.9355172e-01	   7.5683673e-01	   6.8018335e-01	   6.2134174e-01	   5.9623384e-01	   5.8568465e-01	   6.0300323e-01	   5.1861216e-01	   5.5174945e-01	   5.1392414e-01	   4.9364689e-01	   4.7325021e-01	   4.6313181e-01	   4.3876849e-01	   4.5290222e-01	   4.1929489e-01	   3.9985299e-01	   4.1829706e-01	
   0.0000000e+00	   0.0000000e+00	   0.0000000e+00	   0.0000000e+00	   0.0000000e+00	   0.0000000e+00	   0.0000000e+00	   0.0000000e+00	   0.0000000e+00	             NaN	             NaN	             NaN	             NaN	             NaN	   8.0479721e-01	   7.3339199e-01	   6.7046024e-01	   6.5372976e-01	   6.3130543e-01	   6.1725203e-01	   6.0073546e-01	   5.4987224e-01	   5.4454679e-01	   5.2783407e-01	   5.4738233e-01	   4.8520621e-01	   4.7083387e-01	   4.8567196e-01	   4.5643800e-01	   4.4477551e-01	   4.2983718e-01	   3.7632950e-01	   3.8587140e-01	
   0.0000000e+00	   0.0000000e+00	   0.0000000e+00	   0.0000000e+00	   0.0000000e+00	   0.0000000e+00	   0.0000000e+00	   0.0000000e+00	   0.0000000e+00	             NaN	             NaN	             NaN	             NaN	             NaN	   7.5057666e-01	   7.8274304e-01	   6.8884621e-01	   6.5790309e-01	   6.1973052e-01	   6.2789866e-01	   5.8910130e-01	   5.3011597e-01	   5.2931125e-01	   4.8882519e-01	   4.5657130e-01	   4.7768422e-01	   4.7275518e-01	   4.3509652e-01	   4.1248644e-01	   4.1577589e-01	   3.9987932e-01	   3.9154469e-01	   3.7483651e-01	
   0.0000000e+00	   0.0000000e+00	   0.0000000e+00	   0.0000000e+00	   0.0000000e+00	   0.0000000e+00	   0.0000000e+00	   0.0000000e+00	   0.0000000e+00	             NaN	             NaN	             NaN	             NaN	             NaN	             NaN	   6.5966658e-01	   7.2857219e-01	   6.4701709e-01	   6.0650459e-01	   5.9119080e-01	   5.6941089e-01	   5.2737510e-01	   4.9775060e-01	   5.1088992e-01	   5.0695847e-01	   4.8412063e-01	   4.6014251e-01	   4.4847798e-01	   4.4891233e-01	   3.9338609e-01	   4.0466349e-01	   3.8916033e-01	   3.7264817e-01	
   0.0000000e+00	   0.0000000e+00	   0.0000000e+00	   0.0000000e+00	   0.0000000e+00	   0.0000000e+00	   0.0000000e+00	   0.0000000e+00	   0.0000000e+00	             NaN	             NaN	             NaN	             NaN	             NaN	             NaN	   6.9864802e-01	   6.4852389e-01	   6.2243399e-01	   5.8137999e-01	   5.4838868e-01	   5.3915351e-01	   5.1778044e-01	   5.0688895e-01	   4.7108810e-01	   4.5383573e-01	   4.7430647e-01	   4.4079146e-01	   4.3651070e-01	   4.2427802e-01	   3.6928053e-01	   3.7518757e-01	   3.3739155e-01	   3.4767568e-01	
   0.0000000e+00	   0.0000000e+00	   0.0000000e+00	   0.0000000e+00	   0.0000000e+00	   0.0000000e+00	   0.0000000e+00	   0.0000000e+00	   0.0000000e+00	   0.0000000e+00	             NaN	             NaN	             NaN	             NaN	             NaN	   6.7433621e-01	   6.0791332e-01	   5.6619136e-01	   5.4081202e-01	   5.4628162e-01	   5.5069854e-01	   5.3479682e-01	   4.7272038e-01	   4.4805558e-01	   4.3025922e-01	   4.5621125e-01	   3.9946277e-01	   3.8575664e-01	   4.3167179e-01	   3.9929855e-01	   3.6898627e-01	   3.6331514e-01	   3.4401124e-01	
