  -2.3396484e+00	  -1.1208630e+00	  -2.1603930e+00	             NaN	             NaN	             NaN	             NaN	             NaN	             NaN	             NaN	             NaN	             NaN	             NaN	             NaN	   0.0000000e+00	   0.0000000e+00	   0.0000000e+00	   0.0000000e+00	   0.0000000e+00	   0.0000000e+00	   0.0000000e+00	   0.0000000e+00	   0.0000000e+00	   0.0000000e+00	   0.0000000e+00	   0.0000000e+00	   0.0000000e+00	   0.0000000e+00	   0.0000000e+00	   0.0000000e+00	   0.0000000e+00	   0.0000000e+00	   0.0000000e+00	
   9.2607721e-01	  -1.0818060e-02	  -1.4610846e+00	             NaN	             NaN	             NaN	             NaN	             NaN	             NaN	             NaN	             NaN	             NaN	             NaN	             NaN	   0.0000000e+00	   0.0000000e+00	   0.0000000e+00	   0.0000000e+00	   0.0000000e+00	   0.0000000e+00	   0.0000000e+00	   0.0000000e+00	   0.0000000e+00	   0.0000000e+00	   0.0000000e+00	   0.0000000e+00	   0.0000000e+00	   0.0000000e+00	   0.0000000e+00	   0.0000000e+00	   0.0000000e+00	   0.0000000e+00	   0.0000000e+00	
  -9.2436908e-02	  -2.3978137e+00	  -5.1085158e-01	             NaN	             NaN	             NaN	             NaN	             NaN	             NaN	             NaN	             NaN	             NaN	             NaN	             NaN	   0.0000000e+00	   0.0000000e+00	   0.0000000e+00	   0.0000000e+00	   0.0000000e+00	   0.0000000e+00	   0.0000000e+00	   0.0000000e+00	   0.0000000e+00	   0.0000000e+00	   0.0000000e+00	   0.0000000e+00	   0.0000000e+00	   0.0000000e+00	   0.0000000e+00	   0.0000000e+00	   0.0000000e+00	   0.0000000e+00	   0.0000000e+00	
  -9.5648512e-02	  -5.2828515e-02	  -8.1779657e-01	   5.6068622e-01	             NaN	             NaN	             NaN	             NaN	             NaN	             NaN	             NaN	             NaN	             NaN	             NaN	             NaN	   0.0000000e+00	   0.0000000e+00	   0.0000000e+00	   0.0000000e+00	   0.0000000e+00	   0.0000000e+00	   0.0000000e+00	   0.0000000e+00	   0.0000000e+00	   0.0000000e+00	   0.0000000e+00	   0.0000000e+00	   0.0000000e+00	   0.0000000e+00	   0.0000000e+00	   0.0000000e+00	   0.0000000e+00	   0.0000000e+00	
   9.8350060e-01	   3.4410350e-01	  -6.0819979e-01	   8.5329428e-01	             NaN	             NaN	             NaN	             NaN	             NaN	             NaN	             NaN	             NaN	             NaN	             NaN	             NaN	   0.0000000e+00	   0.0000000e+00	   0.0000000e+00	   0.0000000e+00	   0.0000000e+00	   0.0000000e+00	   0.0000000e+00	   0.0000000e+00	   0.0000000e+00	   0.0000000e+00	   0.0000000e+00	   0.0000000e+00	   0.0000000e+00	   0.0000000e+00	   0.0000000e+00	   0.0000000e+00	   0.0000000e+00	   0.0000000e+00	
   1.3023613e+00	  -2.0012155e-01	   7.6431712e-01	   2.2843002e+00	   2.1134208e+00	             NaN	             NaN	             NaN	             NaN	             NaN	             NaN	             NaN	             NaN	             NaN	             NaN	             NaN	   0.0000000e+00	   0.0000000e+00	   0.0000000e+00	   0.0000000e+00	   0.0000000e+00	   0.0000000e+00	   0.0000000e+00	   0.0000000e+00	   0.0000000e+00	   0.0000000e+00	   0.0000000e+00	   0.0000000e+00	   0.0000000e+00	   0.0000000e+00	   0.0000000e+00	   0.0000000e+00	   0.0000000e+00	
   1.8054533e+00	   1.0410551e+00	   2.5875873e+00	   2.0753740e+00	   2.6810672e+00	             NaN	             NaN	             NaN	             NaN	             NaN	             NaN	             NaN	             NaN	             NaN	             NaN	             NaN	   0.0000000e+00	   0.0000000e+00	   0.0000000e+00	   0.0000000e+00	   0.0000000e+00	   0.0000000e+00	   0.0000000e+00	   0.0000000e+00	   0.0000000e+00	   0.0000000e+00	   0.0000000e+00	   0.0000000e+00	   0.0000000e+00	   0.0000000e+00	   0.0000000e+00	   0.0000000e+00	   0.0000000e+00	
   1.1802678e+00	   1.4320026e+00	   1.2839894e+00	   1.6757392e+00	   2.6429931e+00	             NaN	             NaN	             NaN	             NaN	             NaN	             NaN	             NaN	             NaN	             NaN	             NaN	             NaN	   0.0000000e+00	   0.0000000e+00	   0.0000000e+00	   0.0000000e+00	   0.0000000e+00	   0.0000000e+00	   0.0000000e+00	   0.0000000e+00	   0.0000000e+00	   0.0000000e+00	   0.0000000e+00	   0.0000000e+00	   0.0000000e+00	   0.0000000e+00	   0.0000000e+00	   0.0000000e+00	   0.0000000e+00	
   1.9351816e+00	   1.9862215e+00	   1.0426820e+00	   2.4854607e+00	   3.0241617e+00	   3.3359679e+00	             NaN	             NaN	             NaN	             NaN	             NaN	             NaN	             NaN	             NaN	             NaN	             NaN	             NaN	   0.0000000e+00	   0.0000000e+00	   0.0000000e+00	   0.0000000e+00	   0.0000000e+00	   0.0000000e+00	   0.0000000e+00	   0.0000000e+00	   0.0000000e+00	   0.0000000e+00	   0.0000000e+00	   0.0000000e+00	   0.0000000e+00	   0.0000000e+00	   0.0000000e+00	   0.0000000e+00	
   1.9196006e+00	   2.1628946e+00	   1.9096317e+00	   2.4429262e+00	   3.0972474e+00	   3.3668217e+00	             NaN	             NaN	             NaN	             NaN	             NaN	             NaN	             NaN	             NaN	             NaN	             NaN	             NaN	   0.0000000e+00	   0.0000000e+00	   0.0000000e+00	   0.0000000e+00	   0.0000000e+00	   0.0000000e+00	   0.0000000e+00	   0.0000000e+00	   0.0000000e+00	   0.0000000e+00	   0.0000000e+00	   0.0000000e+00	   0.0000000e+00	   0.0000000e+00	   0.0000000e+00	   0.0000000e+00	
   1.2672996e+00	   1.8895823e+00	   2.6859931e+00	   2.3209246e+00	   2.6620047e+00	   3.3833085e+00	   3.3653619e+00	             NaN	             NaN	             NaN	             NaN	             NaN	             NaN	             NaN	             NaN	             NaN	             NaN	             NaN	   0.0000000e+00	   0.0000000e+00	   0.0000000e+00	   0.0000000e+00	   0.0000000e+00	   0.0000000e+00	   0.0000000e+00	   0.0000000e+00	   0.0000000e+00	   0.0000000e+00	   0.0000000e+00	   0.0000000e+00	   0.0000000e+00	   0.0000000e+00	   0.0000000e+00	
   2.4276261e+00	   2.1278622e+00	   2.1549058e+00	   2.6626413e+00	   3.1337831e+00	   3.5166518e+00	   3.4507909e+00	             NaN	             NaN	             NaN	             NaN	             NaN	             NaN	             NaN	             NaN	             NaN	             NaN	             NaN	   0.0000000e+00	   0.0000000e+00	   0.0000000e+00	   0.0000000e+00	   0.0000000e+00	   0.0000000e+00	   0.0000000e+00	   0.0000000e+00	   0.0000000e+00	   0.0000000e+00	   0.0000000e+00	   0.0000000e+00	   0.0000000e+00	   0.0000000e+00	   0.0000000e+00	
   2.7285704e+00	   1.7057424e+00	   2.3849508e+00	   2.9259597e+00	   3.3309845e+00	   3.8372893e+00	   3.6915888e+00	             NaN	             NaN	             NaN	             NaN	             NaN	             NaN	             NaN	             NaN	             NaN	             NaN	             NaN	   0.0000000e+00	   0.0000000e+00	   0.0000000e+00	   0.0000000e+00	   0.0000000e+00	   0.0000000e+00	   0.0000000e+00	   0.0000000e+00	   0.0000000e+00	   0.0000000e+00	   0.0000000e+00	   0.0000000e+00	   0.0000000e+00	   0.0000000e+00	   0.0000000e+00	
   2.1265049e+00	   2.5654786e+00	   3.0256712e+00	   3.0039942e+00	   3.4053232e+00	   3.4590481e+00	   3.6658165e+00	   2.9770690e+00	             NaN	             NaN	             NaN	             NaN	             NaN	             NaN	             NaN	             NaN	             NaN	             NaN	             NaN	   0.0000000e+00	   0.0000000e+00	   0.0000000e+00	   0.0000000e+00	   0.0000000e+00	   0.0000000e+00	   0.0000000e+00	   0.0000000e+00	   0.0000000e+00	   0.0000000e+00	   0.0000000e+00	   0.0000000e+00	   0.0000000e+00	   0.0000000e+00	
   2.2277665e+00	   2.4505262e+00	   2.4733248e+00	   3.5561523e+00	   3.6515334e+00	   3.6388882e+00	   3.2963542e+00	   2.9343523e+00	             NaN	             NaN	             NaN	             NaN	             NaN	             NaN	             NaN	             NaN	             NaN	             NaN	             NaN	   0.0000000e+00	   0.0000000e+00	   0.0000000e+00	   0.0000000e+00	   0.0000000e+00	   0.0000000e+00	   0.0000000e+00	   0.0000000e+00	   0.0000000e+00	   0.0000000e+00	   0.0000000e+00	   0.0000000e+00	   0.0000000e+00	   0.0000000e+00	
   2.6760683e+00	   2.2653075e+00	   2.4223399e+00	   3.1491725e+00	   3.4482826e+00	   3.5322938e+00	   3.2301996e+00	   2.9664280e+00	   2.3152282e+00	             NaN	             NaN	             NaN	             NaN	             NaN	             NaN	             NaN	             NaN	             NaN	             NaN	             NaN	   0.0000000e+00	   0.0000000e+00	   0.0000000e+00	   0.0000000e+00	   0.0000000e+00	   0.0000000e+00	   0.0000000e+00	   0.0000000e+00	   0.0000000e+00	   0.0000000e+00	   0.0000000e+00	   0.0000000e+00	   0.0000000e+00	
   1.8813966e+00	   2.2555120e+00	   2.7818381e+00	   3.2674000e+00	   3.6702704e+00	   3.2797870e+00	   3.5439559e+00	   2.9006896e+00	   2.2718063e+00	             NaN	             NaN	             NaN	             NaN	             NaN	             NaN	             NaN	             NaN	             NaN	             NaN	             NaN	   0.0000000e+00	   0.0000000e+00	   0.0000000e+00	   0.0000000e+00	   0.0000000e+00	   0.0000000e+00	   0.0000000e+00	   0.0000000e+00	   0.0000000e+00	   0.0000000e+00	   0.0000000e+00	   0.0000000e+00	   0.0000000e+00	
   2.8432497e+00	   2.5464740e+00	   2.8504828e+00	   3.5360324e+00	   3.2844308e+00	   3.4980589e+00	   3.2454134e+00	   2.8272991e+00	   2.1884337e+00	             NaN	             NaN	             NaN	             NaN	             NaN	             NaN	             NaN	             NaN	             NaN	             NaN	             NaN	   0.0000000e+00	   0.0000000e+00	   0.0000000e+00	   0.0000000e+00	   0.0000000e+00	   0.0000000e+00	   0.0000000e+00	   0.0000000e+00	   0.0000000e+00	   0.0000000e+00	   0.0000000e+00	   0.0000000e+00	   0.0000000e+00	
   2.7179056e+00	   2.5291224e+00	   2.9205939e+00	   3.0734685e+00	   3.3916588e+00	   3.1680140e+00	   3.2294645e+00	   2.8397740e+00	   2.1325781e+00	   1.4839353e+00	             NaN	             NaN	             NaN	             NaN	             NaN	             NaN	             NaN	             NaN	             NaN	             NaN	             NaN	   0.0000000e+00	   0.0000000e+00	   0.0000000e+00	   0.0000000e+00	   0.0000000e+00	   0.0000000e+00	   0.0000000e+00	   0.0000000e+00	   0.0000000e+00	   0.0000000e+00	   0.0000000e+00	   0.0000000e+00	
   2.5346930e+00	   2.6919358e+00	   3.4301110e+00	   3.2104839e+00	   3.0269405e+00	   3.2613672e+00	   3.1030100e+00	   2.7480080e+00	   2.1085946e+00	   1.3480085e+00	             NaN	             NaN	             NaN	             NaN	             NaN	             NaN	             NaN	             NaN	             NaN	             NaN	             NaN	   0.0000000e+00	   0.0000000e+00	   0.0000000e+00	   0.0000000e+00	   0.0000000e+00	   0.0000000e+00	   0.0000000e+00	   0.0000000e+00	   0.0000000e+00	   0.0000000e+00	   0.0000000e+00	   0.0000000e+00	
   2.8622455e+00	   2.9988116e+00	   2.7829769e+00	   2.9888299e+00	   3.1876606e+00	   3.0012587e+00	   2.7903157e+00	   2.4634241e+00	   2.0079560e+00	   1.4477061e+00	   1.0529500e+00	             NaN	             NaN	             NaN	             NaN	             NaN	             NaN	             NaN	             NaN	             NaN	             NaN	             NaN	   0.0000000e+00	   0.0000000e+00	   0.0000000e+00	   0.0000000e+00	   0.0000000e+00	   0.0000000e+00	   0.0000000e+00	   0.0000000e+00	   0.0000000e+00	   0.0000000e+00	   0.0000000e+00	
   2.2907842e+00	   2.5487073e+00	   2.5566061e+00	   2.9696223e+00	   2.9289901e+00	   2.8610833e+00	   2.8165395e+00	   2.4221106e+00	   1.9321794e+00	   1.4229860e+00	   1.0186605e+00	             NaN	             NaN	             NaN	             NaN	             NaN	             NaN	             NaN	             NaN	             NaN	             NaN	             NaN	   0.0000000e+00	   0.0000000e+00	   0.0000000e+00	   0.0000000e+00	   0.0000000e+00	   0.0000000e+00	   0.0000000e+00	   0.0000000e+00	   0.0000000e+00	   0.0000000e+00	   0.0000000e+00	
   2.0713176e+00	   2.5916830e+00	   2.9382607e+00	   3.0261989e+00	   2.9880245e+00	   2.8481239e+00	   2.8020127e+00	   2.3977172e+00	   1.9178516e+00	   1.3845353e+00	   1.0677767e+00	             NaN	             NaN	             NaN	             NaN	             NaN	             NaN	             NaN	             NaN	             NaN	             NaN	             NaN	   0.0000000e+00	   0.0000000e+00	   0.0000000e+00	   0.0000000e+00	   0.0000000e+00	   0.0000000e+00	   0.0000000e+00	   0.0000000e+00	   0.0000000e+00	   0.0000000e+00	   0.0000000e+00	
   1.4712582e+00	   2.3088180e+00	   2.5292495e+00	   2.4496899e+00	   2.8412341e+00	   2.7371415e+00	   2.5989853e+00	   2.3222686e+00	   1.9152573e+00	   1.4168361e+00	   1.0250559e+00	   8.0089396e-01	             NaN	             NaN	             NaN	             NaN	             NaN	             NaN	             NaN	             NaN	             NaN	             NaN	             NaN	   0.0000000e+00	   0.0000000e+00	   0.0000000e+00	   0.0000000e+00	   0.0000000e+00	   0.0000000e+00	   0.0000000e+00	   0.0000000e+00	   0.0000000e+00	   0.0000000e+00	
   2.6335752e+00	   2.3080361e+00	   2.3597211e+00	   2.6653410e+00	   2.6622930e+00	   2.5255361e+00	   2.4565901e+00	   2.1334475e+00	   1.9247851e+00	   1.5029747e+00	   9.9105405e-01	   6.8623592e-01	             NaN	             NaN	             NaN	             NaN	             NaN	             NaN	             NaN	             NaN	             NaN	             NaN	             NaN	   0.0000000e+00	   0.0000000e+00	   0.0000000e+00	   0.0000000e+00	   0.0000000e+00	   0.0000000e+00	   0.0000000e+00	   0.0000000e+00	   0.0000000e+00	   0.0000000e+00	
   2.0141789e+00	   2.0306802e+00	   2.3071727e+00	   2.4878448e+00	   2.5566253e+00	   2.5341560e+00	   2.4325097e+00	   2.0420896e+00	   1.6570179e+00	   1.3920109e+00	   9.5700632e-01	   6.3945750e-01	   7.2636375e-01	             NaN	             NaN	             NaN	             NaN	             NaN	             NaN	             NaN	             NaN	             NaN	             NaN	             NaN	   0.0000000e+00	   0.0000000e+00	   0.0000000e+00	   0.0000000e+00	   0.0000000e+00	   0.0000000e+00	   0.0000000e+00	   0.0000000e+00	   0.0000000e+00	
   1.3938302e+00	   1.5469949e+00	   1.9094011e+00	   2.2668982e+00	   2.2587625e+00	   2.2136258e+00	   2.1657013e+00	   1.9210887e+00	   1.6781539e+00	   1.3187862e+00	   9.9729733e-01	   6.4942419e-01	   5.1229097e-01	             NaN	             NaN	             NaN	             NaN	             NaN	             NaN	             NaN	             NaN	             NaN	             NaN	             NaN	   0.0000000e+00	   0.0000000e+00	   0.0000000e+00	   0.0000000e+00	   0.0000000e+00	   0.0000000e+00	   0.0000000e+00	   0.0000000e+00	   0.0000000e+00	
   1.7574181e+00	   1.3490458e+00	   2.0994666e+00	   2.2503911e+00	   2.1867235e+00	   2.4667861e+00	   2.2071112e+00	   1.7669235e+00	   1.6089618e+00	   1.2586753e+00	   9.6999587e-01	   7.2315899e-01	   5.4359492e-01	             NaN	             NaN	             NaN	             NaN	             NaN	             NaN	             NaN	             NaN	             NaN	             NaN	             NaN	   0.0000000e+00	   0.0000000e+00	   0.0000000e+00	   0.0000000e+00	   0.0000000e+00	   0.0000000e+00	   0.0000000e+00	   0.0000000e+00	   0.0000000e+00	
   1.6249654e+00	   2.0818498e+00	   1.7445419e+00	   2.1692690e+00	   2.1109717e+00	   1.9958500e+00	   2.1323080e+00	   1.7539924e+00	   1.5472230e+00	   1.2294089e+00	   1.0207931e+00	   6.3877081e-01	   4.8717949e-01	   4.0077666e-01	             NaN	             NaN	             NaN	             NaN	             NaN	             NaN	             NaN	             NaN	             NaN	             NaN	             NaN	   0.0000000e+00	   0.0000000e+00	   0.0000000e+00	   0.0000000e+00	   0.0000000e+00	   0.0000000e+00	   0.0000000e+00	   0.0000000e+00	
   1.3411279e+00	   1.5173234e+00	   1.8689807e+00	   2.0482937e+00	   1.9494605e+00	   2.0785428e+00	   1.8060660e+00	   1.8254830e+00	   1.4847396e+00	   1.1623620e+00	   9.7812955e-01	   6.3679409e-01	   4.5426818e-01	   4.7533255e-01	             NaN	             NaN	             NaN	             NaN	             NaN	             NaN	             NaN	             NaN	             NaN	             NaN	             NaN	   0.0000000e+00	   0.0000000e+00	   0.0000000e+00	   0.0000000e+00	   0.0000000e+00	   0.0000000e+00	   0.0000000e+00	   0.0000000e+00	
   1.0226828e+00	   1.2852942e+00	   1.4226325e+00	   1.8552846e+00	   1.7442186e+00	   1.8420159e+00	   1.6838454e+00	   1.6473537e+00	   1.3781345e+00	   1.1387836e+00	   9.4323889e-01	   5.9948383e-01	   4.7035590e-01	   3.7156883e-01	   3.9785696e-01	             NaN	             NaN	             NaN	             NaN	             NaN	             NaN	             NaN	             NaN	             NaN	             NaN	             NaN	   0.0000000e+00	   0.0000000e+00	   0.0000000e+00	   0.0000000e+00	   0.0000000e+00	   0.0000000e+00	   0.0000000e+00	
   1.9557529e+00	   1.7461945e+00	   1.2265738e+00	   1.7627029e+00	   1.9201246e+00	   1.7558133e+00	   1.6421346e+00	   1.5520132e+00	   1.2767580e+00	   1.1482897e+00	   9.1457998e-01	   5.6734734e-01	   4.4914197e-01	   4.3567176e-01	   2.8188224e-01	             NaN	             NaN	             NaN	             NaN	             NaN	             NaN	             NaN	             NaN	             NaN	             NaN	             NaN	   0.0000000e+00	   0.0000000e+00	   0.0000000e+00	   0.0000000e+00	   0.0000000e+00	   0.0000000e+00	   0.0000000e+00	
   1.7069677e+00	   8.8327702e-01	   1.2693131e+00	   1.6011273e+00	   1.5994283e+00	   1.6689570e+00	   1.6700493e+00	   1.4724503e+00	   1.3298645e+00	   1.1287374e+00	   8.4233855e-01	   6.1949187e-01	   4.4979600e-01	   3.5180710e-01	   2.3451811e-01	             NaN	             NaN	             NaN	             NaN	             NaN	             NaN	             NaN	             NaN	             NaN	             NaN	             NaN	   0.0000000e+00	   0.0000000e+00	   0.0000000e+00	   0.0000000e+00	   0.0000000e+00	   0.0000000e+00	   0.0000000e+00	
   2.1115221e+00	   2.0350604e-01	   9.1868959e-01	   1.2108880e+00	   1.5504599e+00	   1.6322599e+00	   1.5937018e+00	   1.3452037e+00	   1.3342768e+00	   1.0068337e+00	   8.1955563e-01	   6.5132445e-01	   4.7729217e-01	   4.0918920e-01	   2.6404517e-01	   2.3950359e-01	             NaN	             NaN	             NaN	             NaN	             NaN	             NaN	             NaN	             NaN	             NaN	             NaN	             NaN	   0.0000000e+00	   0.0000000e+00	   0.0000000e+00	   0.0000000e+00	   0.0000000e+00	   0.0000000e+00	
  -8.6332050e-02	   6.7350127e-02	   5.3784430e-01	   1.2623679e+00	   1.4430538e+00	   1.4226532e+00	   1.3239780e+00	   1.2448441e+00	   1.2106378e+00	   1.1094581e+00	   9.0021626e-01	   6.3753436e-01	   4.6706325e-01	   3.9354097e-01	   3.4525500e-01	   5.2994824e-01	             NaN	             NaN	             NaN	             NaN	             NaN	             NaN	             NaN	             NaN	             NaN	             NaN	             NaN	   0.0000000e+00	   0.0000000e+00	   0.0000000e+00	   0.0000000e+00	   0.0000000e+00	   0.0000000e+00	
  -3.2145094e-01	  -2.1124118e-02	   5.5308058e-01	   1.1957749e+00	   1.4086141e+00	   1.2886901e+00	   1.3912426e+00	   1.2903188e+00	   1.0787682e+00	   9.6492690e-01	   7.9948885e-01	   5.6855606e-01	   5.0379627e-01	   3.4298595e-01	   3.5752315e-01	   3.6645146e-01	   1.8014524e-01	             NaN	             NaN	             NaN	             NaN	             NaN	             NaN	             NaN	             NaN	             NaN	             NaN	             NaN	   0.0000000e+00	   0.0000000e+00	   0.0000000e+00	   0.0000000e+00	   0.0000000e+00	
  -4.9205220e-01	   4.7006977e-01	   1.8049953e-01	   7.5268255e-01	   1.1364390e+00	   1.3607909e+00	   1.2937197e+00	   1.2213182e+00	   1.1668920e+00	   9.5446935e-01	   8.3723902e-01	   5.6246334e-01	   5.3179173e-01	   4.1797938e-01	   3.7223966e-01	   2.9070375e-01	   3.2028473e-01	             NaN	             NaN	             NaN	             NaN	             NaN	             NaN	             NaN	             NaN	             NaN	             NaN	             NaN	   0.0000000e+00	   0.0000000e+00	   0.0000000e+00	   0.0000000e+00	   0.0000000e+00	
   9.1790024e-01	  -8.8090026e-01	  -2.6273354e-01	   1.1776913e+00	   1.2322207e+00	   1.2510022e+00	   1.1954269e+00	   1.1733485e+00	   1.1614410e+00	   1.0158630e+00	   7.9235332e-01	   5.7327602e-01	   4.8584601e-01	   4.2801625e-01	   3.7378239e-01	   3.6381394e-01	   3.4210274e-01	             NaN	             NaN	             NaN	             NaN	             NaN	             NaN	             NaN	             NaN	             NaN	             NaN	             NaN	   0.0000000e+00	   0.0000000e+00	   0.0000000e+00	   0.0000000e+00	   0.0000000e+00	
  -9.1401883e-01	  -1.3253741e+00	   8.6535189e-02	   7.6660444e-01	   1.1612273e+00	   1.2509415e+00	   1.1222661e+00	   1.1676295e+00	   1.1034884e+00	   9.6105582e-01	   8.3680126e-01	   5.9301865e-01	   5.0198352e-01	   4.5123851e-01	   3.6867740e-01	   3.6720852e-01	   3.0321337e-01	   9.7024206e-02	             NaN	             NaN	             NaN	             NaN	             NaN	             NaN	             NaN	             NaN	             NaN	             NaN	             NaN	   0.0000000e+00	   0.0000000e+00	   0.0000000e+00	   0.0000000e+00	
  -2.7544373e-01	  -1.8698961e+00	  -7.5683744e-01	   3.4609588e-01	   1.0555178e+00	   1.1114836e+00	   1.0588230e+00	   1.1299763e+00	   1.0809664e+00	   8.9795459e-01	   7.9653969e-01	   6.1751879e-01	   5.6742697e-01	   4.4764042e-01	   4.1069405e-01	   3.3531164e-01	   2.9427310e-01	   1.9056982e-01	             NaN	             NaN	             NaN	             NaN	             NaN	             NaN	             NaN	             NaN	             NaN	             NaN	             NaN	   0.0000000e+00	   0.0000000e+00	   0.0000000e+00	   0.0000000e+00	
  -3.2787427e+00	  -1.5530822e+00	  -2.6646696e-01	  -6.7654671e-02	   9.2511101e-01	   1.0490992e+00	   1.0528982e+00	   1.0694204e+00	   9.9500906e-01	   8.8858654e-01	   8.1535619e-01	   5.5487738e-01	   5.2975933e-01	   4.1313796e-01	   3.8276502e-01	   3.3439475e-01	   2.6931914e-01	   2.6328186e-01	   1.1092402e-01	             NaN	             NaN	             NaN	             NaN	             NaN	             NaN	             NaN	             NaN	             NaN	             NaN	             NaN	   0.0000000e+00	   0.0000000e+00	   0.0000000e+00	
  -6.3635729e-01	  -1.0236480e+00	  -9.1481406e-01	   5.6182103e-01	   7.0231563e-01	   9.6128263e-01	   1.0052455e+00	   1.0422220e+00	   9.8589139e-01	   9.0540389e-01	   7.6949459e-01	   6.4071220e-01	   5.3343815e-01	   4.7426478e-01	   4.1471124e-01	   3.7948086e-01	   3.2000924e-01	   2.8168529e-01	   1.8197155e-01	             NaN	             NaN	             NaN	             NaN	             NaN	             NaN	             NaN	             NaN	             NaN	             NaN	             NaN	   0.0000000e+00	   0.0000000e+00	   0.0000000e+00	
   4.2976130e-01	  -2.3300147e+00	  -7.8525542e-01	  -2.6899033e-01	   7.6319645e-01	   1.0281984e+00	   9.7368253e-01	   9.4311745e-01	   9.6376584e-01	   8.7606192e-01	   7.3684461e-01	   6.2450124e-01	   5.2580868e-01	   4.6437182e-01	   4.3084673e-01	   3.5410479e-01	   3.3474808e-01	   3.7702008e-01	   2.9128518e-01	             NaN	             NaN	             NaN	             NaN	             NaN	             NaN	             NaN	             NaN	             NaN	             NaN	             NaN	   0.0000000e+00	   0.0000000e+00	   0.0000000e+00	
  -2.8612517e+00	  -1.1952668e+00	  -1.4827711e+00	   9.0088154e-02	   6.2752426e-01	   9.9958863e-01	   9.6094577e-01	   9.1762080e-01	   9.6965926e-01	   8.6733431e-01	   7.1640216e-01	   6.3772936e-01	   5.1578036e-01	   5.0287881e-01	   4.7164777e-01	   4.2637797e-01	   3.4319449e-01	   3.5207551e-01	   3.6152063e-01	   5.8181400e-02	             NaN	             NaN	             NaN	             NaN	             NaN	             NaN	             NaN	             NaN	             NaN	             NaN	             NaN	   0.0000000e+00	   0.0000000e+00	
  -2.0132753e+00	  -2.1539771e+00	  -6.8392346e-01	   2.9186416e-02	   6.6064292e-01	   8.7785984e-01	   9.2617641e-01	   8.9512737e-01	   9.0412572e-01	   8.6677949e-01	   7.6376823e-01	   6.9145661e-01	   5.4859210e-01	   5.1128671e-01	   4.7600022e-01	   4.1112934e-01	   4.2163943e-01	   3.8903891e-01	   4.0782213e-01	   1.5210874e-01	             NaN	             NaN	             NaN	             NaN	             NaN	             NaN	             NaN	             NaN	             NaN	             NaN	             NaN	   0.0000000e+00	   0.0000000e+00	
  -2.6451098e+00	  -2.5623958e+00	  -6.3790423e-01	   4.7602787e-02	   6.2144710e-01	   9.8861955e-01	   9.0974382e-01	   9.5426711e-01	   9.4108707e-01	   8.4435612e-01	   7.6434544e-01	   6.4894358e-01	   5.8154119e-01	   5.1766970e-01	   4.8603506e-01	   4.4857364e-01	   3.9467452e-01	   3.9093977e-01	   3.5378172e-01	   2.6100150e-01	   1.3094883e-01	             NaN	             NaN	             NaN	             NaN	             NaN	             NaN	             NaN	             NaN	             NaN	             NaN	             NaN	   0.0000000e+00	
  -1.6641366e+00	  -2.0835739e+00	  -2.2612029e+00	   1.6151955e-01	   5.1369016e-01	   9.7945325e-01	   8.9017030e-01	   9.3288378e-01	   8.5065831e-01	   8.4043128e-01	   8.0487610e-01	   6.6414436e-01	   5.5924622e-01	   5.3753161e-01	   5.2425374e-01	   4.7201035e-01	   4.3343000e-01	   3.9653015e-01	   3.6292341e-01	   3.8288391e-01	   7.0820311e-02	             NaN	             NaN	             NaN	             NaN	             NaN	             NaN	             NaN	             NaN	             NaN	             NaN	             NaN	   0.0000000e+00	
  -1.1857827e+00	  -1.9336331e+00	  -1.5115166e+00	  -6.1673526e-01	   3.9596004e-01	   8.1833168e-01	   8.6289416e-01	   8.9258691e-01	   8.4793011e-01	   8.0718004e-01	   7.7608929e-01	   6.2978406e-01	   6.3372180e-01	   5.6495944e-01	   5.2331906e-01	   4.6360223e-01	   4.3531500e-01	   4.0579891e-01	   3.3426625e-01	   3.5202924e-01	   2.0375180e-01	             NaN	             NaN	             NaN	             NaN	             NaN	             NaN	             NaN	             NaN	             NaN	             NaN	             NaN	   0.0000000e+00	
  -3.0940662e+00	  -2.4040570e+00	  -1.7240610e+00	  -4.8301508e-01	   4.5806804e-01	   8.5064392e-01	   8.7050551e-01	   8.3065990e-01	   8.3441411e-01	   8.5462019e-01	   7.3431184e-01	   6.8986994e-01	   6.3798834e-01	   5.9552057e-01	   5.5897746e-01	   5.1458236e-01	   4.7551914e-01	   4.3240170e-01	   4.0762442e-01	   3.4453234e-01	   3.4305983e-01	   1.4610451e-01	             NaN	             NaN	             NaN	             NaN	             NaN	             NaN	             NaN	             NaN	             NaN	             NaN	             NaN	
  -2.7283124e+00	  -3.5932533e+00	  -2.3549512e+00	  -6.1967207e-01	   3.0793882e-01	   8.5293821e-01	   9.3340352e-01	   8.9993439e-01	   9.2786178e-01	   8.5625512e-01	   7.5297558e-01	   6.9768299e-01	   6.5922910e-01	   6.2058747e-01	   5.9453150e-01	   5.3534536e-01	   5.2860884e-01	   4.5377620e-01	   4.1303369e-01	   4.0994809e-01	   4.0927375e-01	   1.5002617e-01	             NaN	             NaN	             NaN	             NaN	             NaN	             NaN	             NaN	             NaN	             NaN	             NaN	             NaN	
  -1.9025984e+00	  -2.8304624e+00	  -1.2462957e+00	  -5.1302877e-01	   1.8299081e-01	   6.7029312e-01	   8.4649385e-01	   8.8621613e-01	   8.9381459e-01	   8.5951481e-01	   7.5478115e-01	   7.1813378e-01	   6.5118217e-01	   6.1429606e-01	   6.4137432e-01	   5.4737693e-01	   5.2666123e-01	   4.8143656e-01	   4.3454853e-01	   3.8353079e-01	   4.3798152e-01	   1.2471200e-01	   1.0796587e-01	             NaN	             NaN	             NaN	             NaN	             NaN	             NaN	             NaN	             NaN	             NaN	             NaN	
  -1.7849293e+00	  -2.4884319e+00	  -1.8659528e+00	  -5.3552107e-01	   4.9054568e-01	   7.2567184e-01	   8.2083348e-01	   9.1019748e-01	   8.1929013e-01	   8.3162252e-01	   7.8809202e-01	   7.2578585e-01	   6.8349299e-01	   6.5898238e-01	   6.0134748e-01	   5.8627341e-01	   5.4658310e-01	   5.1227878e-01	   4.4863645e-01	   3.9175923e-01	   4.2332583e-01	   2.3835811e-01	   9.6816077e-02	             NaN	             NaN	             NaN	             NaN	             NaN	             NaN	             NaN	             NaN	             NaN	             NaN	
  -3.0601784e+00	  -2.2212487e+00	  -2.0073328e+00	  -1.0845111e+00	   1.9322792e-01	   7.9468260e-01	   8.4944933e-01	   9.5741764e-01	   8.4980468e-01	   8.4706973e-01	   7.2358297e-01	   7.3724099e-01	   7.3152515e-01	   6.9540387e-01	   6.6052585e-01	   5.6915425e-01	   5.5796541e-01	   5.1652319e-01	   4.5196686e-01	   4.2243594e-01	   4.3595399e-01	   4.4364294e-01	   4.0374339e-02	             NaN	             NaN	             NaN	             NaN	             NaN	             NaN	             NaN	             NaN	             NaN	             NaN	
  -3.3008264e+00	  -1.9172186e+00	  -2.2137740e+00	  -8.1957379e-01	   2.1252668e-01	   7.7812826e-01	   8.0995968e-01	   9.2126904e-01	   9.2193566e-01	   8.1972349e-01	   8.5686128e-01	   7.7336116e-01	   6.9095406e-01	   7.0714685e-01	   6.6088760e-01	   5.9767230e-01	   5.6326931e-01	   5.5223193e-01	   4.9355908e-01	   4.1857916e-01	   4.5276132e-01	   5.0547358e-01	   1.6109060e-01	   1.8891124e-01	             NaN	             NaN	             NaN	             NaN	             NaN	             NaN	             NaN	             NaN	             NaN	
  -2.9028640e+00	  -2.1963123e+00	  -1.9410282e+00	  -5.2449791e-01	   3.3441792e-01	   7.9514309e-01	   8.6249618e-01	   9.0967785e-01	   8.6671216e-01	   8.5151241e-01	   7.7049945e-01	   7.0803693e-01	   7.1301164e-01	   6.9395174e-01	   7.0754314e-01	   6.5297756e-01	   6.0166253e-01	   5.8385701e-01	   5.3356146e-01	   4.7988733e-01	   4.3591796e-01	   4.8127620e-01	   2.7653744e-01	   1.0986497e-01	             NaN	             NaN	             NaN	             NaN	             NaN	             NaN	             NaN	             NaN	             NaN	
  -1.5420420e+00	  -1.8149460e+00	  -2.3027653e+00	  -5.4524393e-01	   7.1937264e-02	   6.5888892e-01	   9.0393627e-01	   8.8888544e-01	   9.4597576e-01	   9.1040741e-01	   8.1081924e-01	   8.2883866e-01	   7.2445460e-01	   7.0025108e-01	   6.9379348e-01	   6.6230957e-01	   6.2638897e-01	   5.8959730e-01	   5.5049848e-01	   5.0374807e-01	   4.7757783e-01	   4.9408282e-01	   4.6483307e-01	   1.0525603e-01	   2.1164281e-01	             NaN	             NaN	             NaN	             NaN	             NaN	             NaN	             NaN	             NaN	
  -2.1390931e+00	  -3.1134486e+00	  -1.4321047e+00	  -3.2596253e-01	   2.8702435e-01	   7.5679295e-01	   9.0867680e-01	   8.7383149e-01	   8.9636128e-01	   8.7647444e-01	   8.2015753e-01	   8.2265011e-01	   7.5001720e-01	   7.6975099e-01	   7.2002875e-01	   7.2834139e-01	   6.1791653e-01	   5.9786634e-01	   5.7729725e-01	   5.1266048e-01	   5.1218372e-01	   4.5366420e-01	   4.8050459e-01	   2.2367906e-01	   2.3101387e-01	             NaN	             NaN	             NaN	             NaN	             NaN	             NaN	             NaN	             NaN	
  -2.7504720e+00	  -1.7332738e+00	  -1.4482937e+00	  -6.6047348e-02	   3.3393707e-01	   8.8454248e-01	   8.6617928e-01	   9.8066122e-01	   9.2478601e-01	   9.0058927e-01	   8.5903013e-01	   7.6960443e-01	   8.1400111e-01	   7.8608166e-01	   7.4182242e-01	   7.1537943e-01	   6.7937277e-01	   6.1843802e-01	   5.8442609e-01	   5.4873830e-01	   5.1531659e-01	   4.6312106e-01	   5.1096534e-01	   3.0884752e-01	   2.4162730e-01	             NaN	             NaN	             NaN	             NaN	             NaN	             NaN	             NaN	             NaN	
  -1.5112691e+00	  -2.4928457e+00	  -1.0758339e+00	  -7.4547594e-01	   3.8650752e-01	   9.0598503e-01	   9.8732291e-01	   9.9483193e-01	   9.5572028e-01	   8.5366833e-01	   8.5454012e-01	   8.2691198e-01	   8.2664629e-01	   7.8368596e-01	   7.4245114e-01	   7.4402079e-01	   6.9524970e-01	   6.7343203e-01	   5.8132780e-01	   5.0940859e-01	   5.2281890e-01	   4.8023319e-01	   4.4962047e-01	   4.5831143e-01	   1.8013283e-01	   2.7861035e-01	             NaN	             NaN	             NaN	             NaN	             NaN	             NaN	             NaN	
  -1.3384058e+00	  -2.2647287e+00	  -1.0018780e+00	  -2.8169502e-01	   3.0570307e-01	   8.5932190e-01	   9.4858146e-01	   9.8670319e-01	   9.6160384e-01	   8.6305097e-01	   8.7386264e-01	   8.3708444e-01	   8.1810013e-01	   8.0075237e-01	   7.5734113e-01	   7.5431857e-01	   6.4763835e-01	   6.8853175e-01	   6.2166713e-01	   5.8474528e-01	   5.4443591e-01	   5.2159786e-01	   5.1430270e-01	   5.4576146e-01	   2.7292127e-01	   2.6139579e-01	             NaN	             NaN	             NaN	             NaN	             NaN	             NaN	             NaN	
  -1.8776485e+00	  -2.1310124e+00	  -4.2749517e-01	  -2.9207860e-01	   6.2340635e-01	   8.5757714e-01	   1.0592299e+00	   9.5920275e-01	   9.9314352e-01	   9.1422459e-01	   8.4050886e-01	   8.0941256e-01	   7.8465421e-01	   7.8423000e-01	   8.0901579e-01	   7.5934131e-01	   7.2761341e-01	   6.7953854e-01	   6.4183208e-01	   5.9524962e-01	   5.5656600e-01	   5.2463773e-01	   4.6867352e-01	   5.1986574e-01	   2.7636326e-01	   3.0455270e-01	   2.5950633e-01	             NaN	             NaN	             NaN	             NaN	             NaN	             NaN	
  -1.5306249e+00	  -2.2749580e+00	  -6.3223448e-01	   4.3010162e-01	   4.1162392e-01	   8.0004802e-01	   1.0040826e+00	   1.0110321e+00	   9.3831481e-01	   9.9162064e-01	   9.3657390e-01	   8.6001630e-01	   8.4707723e-01	   8.4021319e-01	   8.0432027e-01	   7.6330820e-01	   7.7785277e-01	   7.0418920e-01	   6.6488464e-01	   6.1675519e-01	   5.9698417e-01	   5.2343642e-01	   4.6869531e-01	   4.7822733e-01	   3.0081385e-01	   1.6527803e-01	   2.6217043e-01	             NaN	             NaN	             NaN	             NaN	             NaN	             NaN	
  -6.2263882e-01	  -3.9542782e-01	  -6.3167741e-01	   4.4437103e-01	   8.2869756e-01	   1.0374292e+00	   1.0129953e+00	   1.0799364e+00	   1.0228082e+00	   9.5981446e-01	   8.9404725e-01	   8.5630041e-01	   8.6054448e-01	   8.5727526e-01	   7.9467842e-01	   7.9147812e-01	   7.5854852e-01	   6.8910777e-01	   6.7300765e-01	   6.3321414e-01	   5.9121089e-01	   5.7589986e-01	   5.0124595e-01	   4.9935707e-01	   3.9516026e-01	   2.5150979e-01	   2.8793306e-01	             NaN	             NaN	             NaN	             NaN	             NaN	             NaN	
   1.0190070e+00	  -6.3838567e-01	  -1.3062142e-01	  -4.0623170e-01	   7.8989919e-01	   1.2086454e+00	   1.0920544e+00	   1.0775732e+00	   1.0982318e+00	   9.7159864e-01	   8.8812361e-01	   9.0226033e-01	   8.7017008e-01	   8.3750264e-01	   8.5240513e-01	   7.7984753e-01	   7.6283962e-01	   7.2502133e-01	   7.0252767e-01	   6.3957552e-01	   6.3993623e-01	   5.8803474e-01	   5.2604061e-01	   4.8727719e-01	   4.5200924e-01	   3.5827214e-01	   2.5157453e-01	   2.7706604e-01	             NaN	             NaN	             NaN	             NaN	             NaN	
  -5.5023167e-01	  -1.4266478e+00	  -4.7420474e-01	   3.1360669e-01	   7.2158536e-01	   9.9212937e-01	   1.0368203e+00	   9.9758043e-01	   1.0209965e+00	   9.9561053e-01	   9.4109458e-01	   8.8200819e-01	   8.3692408e-01	   8.7515165e-01	   8.2962240e-01	   8.0828309e-01	   7.9554158e-01	   7.5469674e-01	   7.2145971e-01	   6.6071190e-01	   6.7939917e-01	   6.1590542e-01	   5.4713869e-01	   4.9660137e-01	   5.3044849e-01	   4.8996419e-01	   1.6990375e-01	   3.0269419e-01	             NaN	             NaN	             NaN	             NaN	             NaN	
  -2.0834441e-01	  -6.0970505e-01	  -5.5265009e-01	   3.3373471e-01	   8.1359199e-01	   9.9892135e-01	   1.0464524e+00	   1.1554547e+00	   1.1034503e+00	   1.0147168e+00	   9.3218030e-01	   9.2847911e-01	   8.8326599e-01	   9.0003426e-01	   8.6033575e-01	   8.0611841e-01	   8.0024383e-01	   7.5707550e-01	   7.1459343e-01	   7.0594310e-01	   6.6572301e-01	   6.2678086e-01	   5.6491428e-01	   5.2398395e-01	   4.9067849e-01	   3.8886635e-01	   2.6412254e-01	   3.1625998e-01	   2.6407762e-01	             NaN	             NaN	             NaN	             NaN	
  -1.0067673e+00	  -4.9322946e-01	   3.1499748e-01	   1.0056449e-01	   5.9500750e-01	   1.1455437e+00	   1.1065333e+00	   1.1028474e+00	   1.0632851e+00	   9.0578625e-01	   9.4220294e-01	   8.9746271e-01	   8.8220492e-01	   8.8468392e-01	   8.8421585e-01	   8.4419507e-01	   8.1808543e-01	   7.8728839e-01	   7.4579609e-01	   7.1537846e-01	   6.6772927e-01	   6.2160301e-01	   5.6893532e-01	   5.5242269e-01	   4.8245464e-01	   4.9588036e-01	   3.0374005e-01	   2.7589674e-01	   2.6981861e-01	             NaN	             NaN	             NaN	             NaN	
  -4.7459105e-02	   2.1750781e-01	   2.8142838e-02	   3.4094285e-01	   1.1048930e+00	   9.9251799e-01	   1.1811502e+00	   1.0828259e+00	   1.1127839e+00	   1.0144873e+00	   9.6053476e-01	   9.0195711e-01	   9.0576702e-01	   8.7933221e-01	   8.6067282e-01	   8.5242190e-01	   8.1685189e-01	   7.6601141e-01	   7.4536786e-01	   6.8652043e-01	   6.9721340e-01	   6.6656520e-01	   6.1387227e-01	   5.4977857e-01	   4.8982161e-01	   4.5190305e-01	   3.6109352e-01	   2.6874760e-01	   2.8912428e-01	             NaN	             NaN	             NaN	             NaN	
   1.6769294e-01	   3.5904472e-01	   2.9607782e-01	   7.3836183e-01	   1.0031601e+00	   1.0652253e+00	   1.2085636e+00	   1.2435128e+00	   1.0756923e+00	   1.0260871e+00	   9.6120482e-01	   9.0315782e-01	   9.1155916e-01	   8.7108817e-01	   8.7587446e-01	   8.7062978e-01	   8.2011901e-01	   7.8801320e-01	   7.7578169e-01	   7.2522562e-01	   6.9454684e-01	   6.6525369e-01	   6.2062971e-01	   5.4105336e-01	   5.2659905e-01	   5.1509237e-01	   4.1623291e-01	   2.6468719e-01	   2.9080843e-01	   2.6319310e-01	             NaN	             NaN	             NaN	
  -4.9069526e-01	  -3.8708139e-01	   2.9129661e-01	   5.7371822e-01	   1.1020229e+00	   1.1037162e+00	   1.2469042e+00	   1.1959426e+00	   1.1068738e+00	   9.9582703e-01	   9.6063323e-01	   9.5238773e-01	   9.2067156e-01	   8.8625509e-01	   8.9976077e-01	   8.6230780e-01	   7.7955573e-01	   8.0108063e-01	   7.5615026e-01	   7.3022799e-01	   7.0103929e-01	   6.8723231e-01	   6.4426591e-01	   5.7909213e-01	   5.5047128e-01	   4.9851050e-01	   4.0739851e-01	   2.7346131e-01	   2.8240307e-01	   2.5680762e-01	             NaN	             NaN	             NaN	
   5.6789919e-01	   6.1154711e-01	   2.4268772e-02	   7.5403586e-01	   9.8469712e-01	   1.2145353e+00	   1.2089466e+00	   1.1565734e+00	   1.1027869e+00	   1.0518391e+00	   9.8018394e-01	   9.7852460e-01	   9.1281305e-01	   8.8437729e-01	   8.7912613e-01	   8.4019129e-01	   8.3133188e-01	   7.9489299e-01	   7.7469094e-01	   7.4468589e-01	   7.0668747e-01	   7.1129424e-01	   6.4401643e-01	   5.9198800e-01	   5.8349656e-01	   5.4331298e-01	   4.9474214e-01	   3.9277611e-01	   3.3689462e-01	   2.7990889e-01	   2.4671547e-01	             NaN	             NaN	
   1.2353626e-01	   4.3317491e-01	   8.4315519e-01	   9.3428322e-01	   1.0813235e+00	   1.0584923e+00	   1.2122176e+00	   1.2423725e+00	   1.1218321e+00	   1.0364411e+00	   9.6234308e-01	   9.4379397e-01	   9.2233697e-01	   9.1442451e-01	   8.8926286e-01	   8.9275942e-01	   8.2262171e-01	   7.6767457e-01	   8.0884964e-01	   7.9254080e-01	   7.4478068e-01	   7.1383611e-01	   6.7297676e-01	   6.2696885e-01	   5.7499312e-01	   5.1818342e-01	   5.0537201e-01	   3.8192533e-01	   2.6684459e-01	   2.8347811e-01	   2.4391637e-01	             NaN	             NaN	
   3.2830679e-02	   5.3309831e-01	   7.4986163e-01	   9.0468977e-01	   1.1126701e+00	   1.2541461e+00	   1.2583775e+00	   1.2469844e+00	   1.1609565e+00	   1.0906654e+00	   9.6298149e-01	   9.2545032e-01	   9.0002418e-01	   9.1237614e-01	   9.1164096e-01	   9.0042618e-01	   8.5933112e-01	   8.1558794e-01	   7.3673352e-01	   7.7962356e-01	   7.2110653e-01	   7.1513678e-01	   6.5707801e-01	   6.0569460e-01	   5.5856443e-01	   5.4675959e-01	   5.2579036e-01	   4.6027637e-01	   1.9031300e-01	   2.7363373e-01	   2.5575802e-01	             NaN	             NaN	
  -1.2248451e+00	   4.6872793e-01	   5.3243206e-01	   9.6185321e-01	   1.0617679e+00	   1.1961198e+00	   1.2590166e+00	   1.1897647e+00	   1.1287544e+00	   1.0357523e+00	   9.5269862e-01	   9.0359155e-01	   9.2600559e-01	   9.2101818e-01	   9.2397474e-01	   8.5210755e-01	   8.4161609e-01	   7.9010039e-01	   8.2779572e-01	   7.5494028e-01	   7.4283421e-01	   6.8805622e-01	   6.6436127e-01	   6.1413094e-01	   5.9755906e-01	   5.7210193e-01	   4.9215737e-01	   4.5558671e-01	   4.1010972e-01	   2.9026200e-01	   2.8574494e-01	   2.3509945e-01	             NaN	
   1.4189085e-01	   8.9920371e-01	   3.4874154e-01	   8.8855877e-01	   1.0981043e+00	   1.0921233e+00	   1.3244279e+00	   1.3247653e+00	   1.1591769e+00	   1.1326531e+00	   9.6882449e-01	   9.0122230e-01	   8.8121844e-01	   9.1478215e-01	   8.8794159e-01	   9.0369646e-01	   8.3876889e-01	   8.1025221e-01	   7.9727699e-01	   7.8911302e-01	   7.5601549e-01	   7.0266500e-01	   6.7711537e-01	   6.5814306e-01	   5.9191096e-01	   5.6547737e-01	   5.0827504e-01	   4.5477402e-01	   3.0821712e-01	   2.3515820e-01	   2.9240515e-01	   2.3238919e-01	             NaN	
   7.6461876e-01	   8.8393744e-01	   4.9356216e-01	   1.1677965e+00	   1.2174039e+00	   1.3320419e+00	   1.4334434e+00	   1.2794614e+00	   1.1134344e+00	   1.1198219e+00	   9.7995529e-01	   9.2328102e-01	   9.2073542e-01	   9.1203650e-01	   8.8132843e-01	   8.5782160e-01	   8.5371936e-01	   8.3891138e-01	   8.2367461e-01	   7.9214975e-01	   7.1274888e-01	   7.2047301e-01	   6.9497515e-01	   6.5211864e-01	   6.1703194e-01	   5.7767730e-01	   5.5163237e-01	   4.8563798e-01	   4.1809743e-01	   2.3088622e-01	   2.3421541e-01	   2.6211373e-01	   2.2652680e-01	
   1.3483171e-01	   6.0352135e-01	   8.9785820e-01	   9.4899844e-01	   1.2032242e+00	   1.2598821e+00	   1.2475984e+00	   1.2848512e+00	   1.1391148e+00	   9.8330145e-01	   9.8661796e-01	   9.6470203e-01	   8.9774826e-01	   9.6250964e-01	   9.2157453e-01	   8.7616564e-01	   8.7548232e-01	   8.0554377e-01	   7.8639166e-01	   7.5030126e-01	   7.5014915e-01	   7.0066175e-01	   6.6699032e-01	   6.3203380e-01	   6.0436916e-01	   5.8798889e-01	   5.4982536e-01	   4.6980860e-01	   4.1808656e-01	   2.9133637e-01	   3.0677891e-01	   2.5179302e-01	   2.3033770e-01	
   9.1132823e-01	   7.7754743e-01	   1.0764545e+00	   1.1372857e+00	   1.1891718e+00	   1.3218991e+00	   1.3546727e+00	   1.3068857e+00	   1.1984568e+00	   1.0306395e+00	   9.5611717e-01	   9.0287085e-01	   9.2271519e-01	   9.2341574e-01	   8.6845399e-01	   8.5741940e-01	   8.2538478e-01	   8.1974952e-01	   7.9019349e-01	   7.5928901e-01	   7.4042981e-01	   7.3333616e-01	   6.8406180e-01	   6.5182160e-01	   6.2410912e-01	   5.5773759e-01	   5.5447819e-01	   4.8042985e-01	   4.5278636e-01	   3.2782091e-01	   2.6638786e-01	   2.6099316e-01	   2.4875025e-01	
   3.2993772e-01	   6.0813862e-01	   1.3186005e+00	   1.2252199e+00	   1.2007426e+00	   1.2777301e+00	   1.3702432e+00	   1.3208827e+00	   1.2545642e+00	   1.0537449e+00	   9.6657631e-01	   9.7884135e-01	   9.4119155e-01	   9.0685358e-01	   8.8833402e-01	   8.6449655e-01	   8.3546058e-01	   7.9613639e-01	   8.2393412e-01	   7.8168725e-01	   7.4716490e-01	   7.2122858e-01	   6.6384569e-01	   6.6095497e-01	   6.2894268e-01	   6.1930527e-01	   5.2645866e-01	   4.7840184e-01	   4.2551553e-01	   3.9120922e-01	   2.7772673e-01	   2.5598669e-01	   2.3892981e-01	
   5.8675373e-01	   1.0140086e+00	   8.2046918e-01	   1.2429411e+00	   1.2774206e+00	   1.3031826e+00	   1.3290628e+00	   1.4000671e+00	   1.2014075e+00	   1.0421296e+00	   1.0315869e+00	   9.6276800e-01	   9.0500395e-01	   8.6531501e-01	   8.8906540e-01	   8.8487481e-01	   8.2917572e-01	   8.2670889e-01	   8.0334048e-01	   7.6925556e-01	   7.5447493e-01	   7.1251485e-01	   7.0817379e-01	   6.5769808e-01	   6.3855075e-01	   5.8682821e-01	   5.5715895e-01	   5.0197212e-01	   4.6166461e-01	   4.2987276e-01	   2.7001593e-01	   2.4642160e-01	   2.5038967e-01	
   8.2262697e-01	   9.2934167e-01	   1.0146979e+00	   1.2220695e+00	   1.2804039e+00	   1.2346574e+00	   1.1897784e+00	   1.2645857e+00	   1.1791017e+00	   1.1058868e+00	   1.0284767e+00	   9.4532647e-01	   8.6216017e-01	   8.7903045e-01	   8.6595832e-01	   8.4271064e-01	   8.2769672e-01	   8.0039920e-01	   7.8918067e-01	   7.4773290e-01	   7.5388925e-01	   7.3671867e-01	   6.8286961e-01	   6.5992368e-01	   6.6141712e-01	   5.9538629e-01	   5.5226284e-01	   5.1158639e-01	   4.6181279e-01	   4.2298414e-01	   3.9009782e-01	   2.6563779e-01	   2.7104760e-01	
             NaN	   2.0592855e-01	   1.0894349e+00	   1.1271461e+00	   1.0886446e+00	   1.3522228e+00	   1.3390123e+00	   1.3464929e+00	   1.1921098e+00	   1.0650805e+00	   9.7037328e-01	   9.3304634e-01	   8.9616412e-01	   9.0939262e-01	   8.8707102e-01	   8.5488886e-01	   7.9500976e-01	   8.2750965e-01	   8.2553647e-01	   7.7611595e-01	   7.6719301e-01	   7.2879255e-01	   7.0428799e-01	   6.2930413e-01	   6.3055820e-01	   5.9940534e-01	   5.7120238e-01	   5.0712728e-01	   4.4879809e-01	   4.5978729e-01	   2.8431520e-01	   2.4741652e-01	   2.5883796e-01	
             NaN	   1.0048955e+00	   1.0339002e+00	   1.3380912e+00	   1.4287659e+00	   1.3699539e+00	   1.3749308e+00	   1.2995391e+00	   1.1795164e+00	   1.0381398e+00	   9.5778712e-01	   8.9369015e-01	   9.4237574e-01	   9.0059601e-01	   8.8538082e-01	   8.2054800e-01	   8.2055930e-01	   7.8708688e-01	   7.7744670e-01	   7.6085601e-01	   7.4037569e-01	   7.1211117e-01	   6.8447212e-01	   6.6889300e-01	   6.4754695e-01	   5.9730850e-01	   5.5952627e-01	   5.2132326e-01	   4.5645061e-01	   4.4830364e-01	   3.3119690e-01	   2.5253194e-01	   2.6948463e-01	
             NaN	   1.2819283e+00	   9.5151545e-01	   1.2661067e+00	   1.3648748e+00	   1.2879678e+00	   1.3561871e+00	   1.3116914e+00	   1.1672400e+00	   1.0277804e+00	   9.5514211e-01	   9.5849192e-01	   8.9472669e-01	   9.0595727e-01	   9.1007270e-01	   8.6560020e-01	   8.2217101e-01	   8.1594314e-01	   8.0103093e-01	   7.7934739e-01	   7.5965390e-01	   7.0582420e-01	   6.8076098e-01	   6.5722029e-01	   6.4406659e-01	   6.1663524e-01	   5.8188897e-01	   5.2697901e-01	   4.6208827e-01	   4.3404478e-01	   4.2133710e-01	   2.5412864e-01	   2.4150811e-01	
             NaN	   1.1420841e+00	   9.3062767e-01	   1.2145027e+00	   1.1803953e+00	   1.3262147e+00	   1.3529165e+00	   1.2868394e+00	   1.1992579e+00	   1.1483475e+00	   9.9750644e-01	   9.0965367e-01	   9.4775745e-01	   8.9138643e-01	   8.3934090e-01	   8.3090151e-01	   8.0349227e-01	   8.1153916e-01	   8.0413531e-01	   7.6659055e-01	   7.3565884e-01	   7.2107616e-01	   6.8028660e-01	   6.7777457e-01	   6.5264788e-01	   6.1547177e-01	   5.9884665e-01	   5.5448744e-01	   4.8411941e-01	   4.2864122e-01	   4.4964074e-01	   3.6572609e-01	   2.9152386e-01	
             NaN	   1.0294602e+00	   9.1200948e-01	   1.3128434e+00	   1.3729305e+00	   1.3503624e+00	   1.3709306e+00	   1.2533961e+00	   1.2215386e+00	   1.1047174e+00	   9.1754752e-01	   9.0127640e-01	   8.6335427e-01	   8.7925396e-01	   8.8229614e-01	   8.5270337e-01	   8.2512032e-01	   8.0936002e-01	   8.0236233e-01	   7.7353998e-01	   7.3818367e-01	   7.2772927e-01	   7.1342840e-01	   6.7678812e-01	   6.1727350e-01	   6.1525673e-01	   5.9354157e-01	   5.1658465e-01	   4.9288981e-01	   4.5262079e-01	   4.2220163e-01	   3.4395586e-01	   2.2933087e-01	
             NaN	   1.1212017e+00	   1.1285142e+00	   1.2911292e+00	   1.2373379e+00	   1.3645568e+00	   1.4273962e+00	   1.2597788e+00	   1.2452476e+00	   1.0440422e+00	   9.6285943e-01	   9.1074280e-01	   8.6433880e-01	   9.1585062e-01	   8.9234630e-01	   8.4956395e-01	   8.2310536e-01	   7.6220991e-01	   7.7351617e-01	   7.7426511e-01	   7.2033940e-01	   7.0690621e-01	   6.7928306e-01	   6.5744336e-01	   6.4554711e-01	   6.1901450e-01	   5.8279317e-01	   5.4184050e-01	   4.7645120e-01	   4.5567306e-01	   4.1735797e-01	   4.0774012e-01	   2.5768648e-01	
             NaN	             NaN	   1.4393010e+00	   1.4005125e+00	   1.4333328e+00	   1.3056041e+00	   1.3626143e+00	   1.2515648e+00	   1.1733895e+00	   1.0605991e+00	   9.9280867e-01	   9.0802831e-01	   9.2795865e-01	   8.6098660e-01	   9.0183934e-01	   8.5145729e-01	   8.1141509e-01	   7.7471475e-01	   7.7624743e-01	   7.5605065e-01	   7.2682361e-01	   7.0411187e-01	   6.7635196e-01	   6.9219494e-01	   6.3419382e-01	   6.1637194e-01	   5.7542435e-01	   5.4451949e-01	   5.0204086e-01	   4.6369143e-01	   4.1456805e-01	   3.7817737e-01	   3.3638020e-01	
             NaN	             NaN	   1.2385137e+00	   1.0161615e+00	   1.2623427e+00	   1.4470582e+00	   1.2676333e+00	   1.2144186e+00	   1.1939996e+00	   1.0261401e+00	   8.8704706e-01	   9.0078318e-01	   8.8096797e-01	   8.4123143e-01	   8.0237357e-01	   8.6657439e-01	   8.1104860e-01	   7.7591592e-01	   7.9078294e-01	   7.6608791e-01	   7.1803639e-01	   6.9293147e-01	   6.7833005e-01	   6.3765447e-01	   6.3407808e-01	   6.1441418e-01	   5.8607890e-01	   5.4259215e-01	   4.8045725e-01	   4.3744458e-01	   4.2197863e-01	   3.6423568e-01	   3.2222036e-01	
             NaN	             NaN	   1.3003540e+00	   1.2590656e+00	   1.4441010e+00	   1.2879885e+00	   1.2993848e+00	   1.2465983e+00	   1.1128362e+00	   1.0495296e+00	   9.6121565e-01	   9.4598125e-01	   8.8095218e-01	   8.8338143e-01	   8.6357731e-01	   8.0810658e-01	   7.8105052e-01	   7.8828893e-01	   7.9765894e-01	   7.2548500e-01	   7.3660805e-01	   7.1914691e-01	   6.7838194e-01	   6.6705702e-01	   6.1141084e-01	   6.2820536e-01	   5.7315649e-01	   5.5418552e-01	   4.6966969e-01	   4.6279784e-01	   4.3024879e-01	   3.8721670e-01	   3.8908484e-01	
             NaN	             NaN	   1.1683490e+00	   1.3128376e+00	   1.3448099e+00	   1.3492167e+00	   1.3298894e+00	   1.2479369e+00	   1.1943757e+00	   1.0596393e+00	   9.7121940e-01	   8.7930538e-01	   9.2067575e-01	   8.6358111e-01	   8.5539359e-01	   8.4464233e-01	   8.0478648e-01	   7.8511248e-01	   7.5214135e-01	   7.0909673e-01	   6.9195709e-01	   6.6808126e-01	   6.3818699e-01	   6.6028811e-01	   6.1765051e-01	   6.1158113e-01	   5.6832684e-01	   5.2527253e-01	   5.0701546e-01	   4.6186725e-01	   4.3895013e-01	   3.9469550e-01	   4.0541906e-01	
             NaN	             NaN	   1.3168624e+00	   1.3231879e+00	   1.3556558e+00	   1.3734722e+00	   1.3085169e+00	   1.2042425e+00	   1.1718686e+00	   9.9355101e-01	   9.4547418e-01	   8.7786228e-01	   8.5558727e-01	   8.7813668e-01	   8.6481713e-01	   8.0099336e-01	   7.9910852e-01	   7.9923939e-01	   7.6842755e-01	   7.2935949e-01	   7.2823304e-01	   6.8622475e-01	   6.5349617e-01	   6.4755657e-01	   6.2772379e-01	   6.1534763e-01	   5.8866544e-01	   5.5808234e-01	   4.8104667e-01	   4.8158360e-01	   4.3075207e-01	   4.0585411e-01	   3.9499056e-01	
             NaN	             NaN	             NaN	   1.2760020e+00	   1.3217728e+00	   1.2975283e+00	   1.1681520e+00	   1.3023348e+00	   1.1648567e+00	   1.0315648e+00	   9.6338543e-01	   9.2136937e-01	   8.6563008e-01	   8.8596877e-01	   8.4965761e-01	   8.1699465e-01	   7.9175838e-01	   7.5080437e-01	   7.3048894e-01	   7.3283735e-01	   7.1290828e-01	   6.9152503e-01	   6.7191883e-01	   6.6727170e-01	   6.2767918e-01	   5.9677313e-01	   5.6949466e-01	   5.4579867e-01	   5.1013916e-01	   4.8324537e-01	   4.2520895e-01	   4.1067005e-01	   3.7319484e-01	
             NaN	             NaN	             NaN	   1.1398459e+00	   1.2527169e+00	   1.2593750e+00	   1.3146835e+00	   1.2694960e+00	   1.1326033e+00	   1.0639197e+00	   1.0026211e+00	   9.5099450e-01	   8.9705262e-01	   8.2089376e-01	   8.5542562e-01	   8.0168267e-01	   7.7719625e-01	   7.7568247e-01	   7.1648672e-01	   7.0802031e-01	   6.9328940e-01	   7.0108262e-01	   6.7064425e-01	   6.4789800e-01	   6.1976246e-01	   6.1915050e-01	   5.8199245e-01	   5.5551031e-01	   5.0169976e-01	   4.7635639e-01	   4.4742246e-01	   3.9462794e-01	   3.9010526e-01	
             NaN	             NaN	             NaN	   1.4510629e+00	   1.2965616e+00	   1.3787572e+00	   1.3112059e+00	   1.2762328e+00	   1.0780521e+00	   1.0317639e+00	   9.8195140e-01	   9.3790503e-01	   9.3490928e-01	   8.3153717e-01	   7.9571047e-01	   8.0318533e-01	   7.4917227e-01	   7.5052503e-01	   7.1962186e-01	   7.0512601e-01	   6.9522974e-01	   6.5680248e-01	   6.7144498e-01	   6.5785091e-01	   6.1416988e-01	   6.0180398e-01	   5.7171391e-01	   5.6047896e-01	   5.1585023e-01	   4.7810823e-01	   4.4620161e-01	   4.1886734e-01	   3.8063166e-01	
             NaN	             NaN	             NaN	   1.3513626e+00	   1.2745707e+00	   1.3340449e+00	   1.3627863e+00	   1.1830976e+00	   1.0656744e+00	   1.0240160e+00	   9.3274255e-01	   8.6978769e-01	   8.9139332e-01	   8.2510094e-01	   8.4888764e-01	   7.9279263e-01	   7.5889716e-01	   7.3336842e-01	   6.9198013e-01	   7.0302745e-01	   6.6046807e-01	   6.4751542e-01	   6.3323137e-01	   6.3530481e-01	   6.0702666e-01	   6.0451821e-01	   5.6395319e-01	   5.5038255e-01	   4.9348465e-01	   4.7751443e-01	   4.1510348e-01	   4.1151528e-01	   3.9811236e-01	
             NaN	             NaN	             NaN	   1.4942017e+00	   1.2027207e+00	   1.2778886e+00	   1.3209713e+00	   1.2406674e+00	   1.1063418e+00	   9.6690547e-01	   9.5923986e-01	   9.1380650e-01	   9.1936775e-01	   8.3667162e-01	   7.9422579e-01	   8.0328821e-01	   7.9820018e-01	   7.8508389e-01	   7.0352301e-01	   6.8941434e-01	   6.9644333e-01	   6.5892935e-01	   6.3078227e-01	   6.2548609e-01	   6.1844059e-01	   6.0673811e-01	   5.5249118e-01	   5.4604626e-01	   4.8216146e-01	   4.7711330e-01	   4.6030357e-01	   4.2259263e-01	   3.8733748e-01	
             NaN	             NaN	             NaN	             NaN	   1.3394694e+00	   1.2890050e+00	   1.2340891e+00	   1.1964237e+00	   1.0483065e+00	   9.6226248e-01	   9.7928845e-01	   9.2466040e-01	   8.0109465e-01	   8.9221628e-01	   8.2479863e-01	   8.2363239e-01	   7.7782529e-01	   7.1361057e-01	   7.4106199e-01	   6.9549765e-01	   6.7277367e-01	   6.6466536e-01	   6.3396693e-01	   6.4096282e-01	   5.9361815e-01	   5.8459294e-01	   5.7244350e-01	   5.3264972e-01	   4.8358943e-01	   4.6806905e-01	   4.6121788e-01	   4.1778526e-01	   3.9262642e-01	
             NaN	             NaN	             NaN	             NaN	   1.2469168e+00	   1.2815160e+00	   1.3361973e+00	   1.1350049e+00	   1.1455666e+00	   1.0526782e+00	   9.4560860e-01	   9.0523901e-01	   8.4518697e-01	   8.4321729e-01	   7.7050046e-01	   7.5456531e-01	   7.5573400e-01	   7.2812584e-01	   7.2071633e-01	   6.7556502e-01	   6.4365472e-01	   6.3121679e-01	   6.3103761e-01	   6.1887576e-01	   6.0270389e-01	   5.9046502e-01	   5.5618852e-01	   5.1712380e-01	   5.0782332e-01	   4.6481697e-01	   4.4738754e-01	   4.3124757e-01	   3.9066247e-01	
             NaN	             NaN	             NaN	             NaN	   1.4250050e+00	   1.2759784e+00	   1.2745262e+00	   1.1716071e+00	   1.1305726e+00	   1.0082945e+00	   9.5109598e-01	   8.5077710e-01	   8.4898568e-01	   8.2638299e-01	   8.0666759e-01	   7.8806349e-01	   7.5572727e-01	   7.1023553e-01	   7.0003901e-01	   6.6837500e-01	   6.6010207e-01	   6.6716882e-01	   6.2036448e-01	   6.0401686e-01	   5.9977003e-01	   5.7290852e-01	   5.7319896e-01	   5.2253424e-01	   4.8918864e-01	   4.7140591e-01	   4.3742014e-01	   4.2005521e-01	   3.8622297e-01	
             NaN	             NaN	             NaN	             NaN	   1.3432303e+00	   1.3291272e+00	   1.2633263e+00	   1.2021910e+00	   1.1576892e+00	   9.7921316e-01	   9.4002687e-01	   8.8600523e-01	   8.0304480e-01	   8.2780057e-01	   7.9527761e-01	   7.7803555e-01	   7.1236232e-01	   6.7419280e-01	   7.2964853e-01	   6.7374703e-01	   6.2249518e-01	   5.9064860e-01	   6.2083534e-01	   5.8343973e-01	   5.6135383e-01	   5.8256018e-01	   5.4690644e-01	   5.0853111e-01	   4.8371708e-01	   4.4874652e-01	   4.4015652e-01	   4.3457115e-01	   3.9478916e-01	
             NaN	             NaN	             NaN	             NaN	   1.4731071e+00	   1.3110237e+00	   1.3300508e+00	   1.1606638e+00	   1.0728637e+00	   9.9279834e-01	   9.4719651e-01	   8.7188136e-01	   8.7241528e-01	   8.2002995e-01	   7.9538050e-01	   7.7947941e-01	   7.6106622e-01	   7.2334102e-01	   6.8237093e-01	   6.4165622e-01	   6.1467800e-01	   5.9016262e-01	   5.9610862e-01	   5.9876009e-01	   5.5909835e-01	   5.7958909e-01	   5.1494085e-01	   5.3263399e-01	   5.0761960e-01	   4.7714345e-01	   4.2413365e-01	   4.3381358e-01	   3.9386964e-01	
             NaN	             NaN	             NaN	             NaN	             NaN	   1.2747106e+00	   1.1676053e+00	   1.1543669e+00	   1.0960925e+00	   1.0480403e+00	   9.1191465e-01	   8.6985286e-01	   8.6605052e-01	   8.2108315e-01	   7.6027753e-01	   7.3504804e-01	   7.2400376e-01	   6.6217437e-01	   6.5901286e-01	   6.7126571e-01	   6.4533891e-01	   5.8804594e-01	   6.0721349e-01	   5.9203817e-01	   5.4687645e-01	   5.5455455e-01	   5.4528988e-01	   5.0347356e-01	   4.9856443e-01	   4.5379891e-01	   4.4452372e-01	   4.2139734e-01	   3.7728598e-01	
             NaN	             NaN	             NaN	             NaN	             NaN	   1.2242169e+00	   1.2465931e+00	   1.1199554e+00	   1.0492406e+00	   1.0298508e+00	   9.1435694e-01	   8.5764391e-01	   8.6412419e-01	   8.1735095e-01	   7.7391293e-01	   7.5482095e-01	   7.2492909e-01	   6.7852289e-01	   6.9276496e-01	   6.7346044e-01	   6.5247144e-01	   6.0619614e-01	   5.9128410e-01	   5.7028637e-01	   5.5690277e-01	   5.3168136e-01	   5.4309368e-01	   4.8494657e-01	   4.6434954e-01	   4.5500994e-01	   4.3317215e-01	   4.2141237e-01	   3.9921888e-01	
             NaN	             NaN	             NaN	             NaN	             NaN	   1.3196420e+00	   1.1401816e+00	   1.1557212e+00	   1.0137070e+00	   9.9504455e-01	   8.8352397e-01	   8.3480643e-01	   8.4257296e-01	   7.8708191e-01	   7.5665824e-01	   7.4046433e-01	   6.9575536e-01	   6.8478965e-01	   6.6980704e-01	   6.5531940e-01	   6.2164600e-01	   5.7927406e-01	   5.9415343e-01	   5.8072765e-01	   5.6862670e-01	   5.6327426e-01	   5.1692516e-01	   4.9285277e-01	   4.8880497e-01	   4.5289071e-01	   4.3075228e-01	   4.1569557e-01	   4.1652568e-01	
             NaN	             NaN	             NaN	             NaN	             NaN	   1.2120695e+00	   1.2249354e+00	   1.1501507e+00	   1.0423675e+00	   9.8674764e-01	   8.6640225e-01	   8.0930827e-01	   8.2955491e-01	   7.7777652e-01	   7.6554319e-01	   7.5804078e-01	   7.2352709e-01	   6.8826230e-01	   6.9500807e-01	   6.3548340e-01	   6.1245313e-01	   6.2117270e-01	   5.7714368e-01	   5.6174335e-01	   5.4255758e-01	   5.2501583e-01	   5.0982987e-01	   5.1674031e-01	   4.8521813e-01	   4.6215482e-01	   4.0739823e-01	   4.1510867e-01	   4.1346681e-01	
             NaN	             NaN	             NaN	             NaN	             NaN	   1.2679768e+00	   1.2382398e+00	   1.1926325e+00	   1.0471182e+00	   9.4629250e-01	   9.4095186e-01	   8.1756600e-01	   8.1680038e-01	   7.7392739e-01	   7.1699387e-01	   6.9307790e-01	   6.7138290e-01	   6.7802276e-01	   6.2831964e-01	   6.4804108e-01	   6.0632897e-01	   5.9799488e-01	   5.6849413e-01	   5.5353599e-01	   5.3093644e-01	   5.3592615e-01	   5.0546855e-01	   5.0943130e-01	   4.6195101e-01	   4.4148771e-01	   4.1644989e-01	   4.1657731e-01	   4.0140777e-01	
             NaN	             NaN	             NaN	             NaN	             NaN	             NaN	   1.2023879e+00	   1.1583302e+00	   1.0408499e+00	   9.4389371e-01	   9.0628671e-01	   8.3557861e-01	   8.2567572e-01	   8.3437238e-01	   7.2707883e-01	   7.3219219e-01	   6.5569845e-01	   6.5673569e-01	   6.3954107e-01	   6.3138897e-01	   6.2911949e-01	   5.6800193e-01	   5.7060461e-01	   5.3255041e-01	   5.2388996e-01	   5.1806830e-01	   5.2963245e-01	   4.7378982e-01	   4.4719478e-01	   4.7185291e-01	   4.3015299e-01	   4.0686834e-01	   4.0375438e-01	
             NaN	             NaN	             NaN	             NaN	             NaN	             NaN	   1.2066456e+00	   1.0491951e+00	   1.0799104e+00	   9.4622470e-01	   8.4383349e-01	   8.7199552e-01	   7.9670277e-01	   7.5326151e-01	   7.6956280e-01	   7.1844203e-01	   6.6732733e-01	   6.6147970e-01	   6.5591576e-01	   6.0238416e-01	   5.8637345e-01	   5.9092557e-01	   5.4657560e-01	   5.3165347e-01	   5.1362984e-01	   5.2295600e-01	   4.9175355e-01	   4.9814487e-01	   4.5709372e-01	   4.5464812e-01	   4.1393974e-01	   4.2532094e-01	   4.0147602e-01	
   0.0000000e+00	             NaN	             NaN	             NaN	             NaN	             NaN	   1.2218302e+00	   1.1162073e+00	   9.5890174e-01	   9.6153086e-01	   8.9196903e-01	   8.2881468e-01	   7.8074287e-01	   7.2460713e-01	   7.5681847e-01	   6.7797477e-01	   6.8983989e-01	   6.2904904e-01	   6.2932039e-01	   5.9800794e-01	   5.8343612e-01	   5.6028009e-01	   5.6292899e-01	   5.1112210e-01	   5.4264856e-01	   5.1869598e-01	   4.9223066e-01	   5.0067307e-01	   4.7320861e-01	   4.2040614e-01	   4.2076926e-01	   4.2412713e-01	   3.9697912e-01	
   0.0000000e+00	             NaN	             NaN	             NaN	             NaN	             NaN	   1.1600761e+00	   1.0198551e+00	   1.0834700e+00	   9.1051817e-01	   8.3037484e-01	   8.3645090e-01	   8.3012656e-01	   7.6617252e-01	   7.3359897e-01	   7.1951358e-01	   7.1571158e-01	   6.3395591e-01	   6.3346338e-01	   6.2034713e-01	   5.5260180e-01	   5.5345515e-01	   5.4892553e-01	   5.2478395e-01	   5.1252899e-01	   5.1216557e-01	   4.7631877e-01	   4.6120879e-01	   4.6584635e-01	   4.4110081e-01	   4.0881118e-01	   4.0509797e-01	   3.8294198e-01	
   0.0000000e+00	             NaN	             NaN	             NaN	             NaN	             NaN	   1.2273458e+00	   1.1242104e+00	   1.0430992e+00	   9.0834688e-01	   8.5889860e-01	   8.0483588e-01	   8.4628683e-01	   7.5681568e-01	   7.7481987e-01	   6.9555005e-01	   6.7828638e-01	   6.1726479e-01	   6.5032465e-01	   5.9954952e-01	   5.9386838e-01	   5.4445120e-01	   5.4725122e-01	   5.4158176e-01	   5.2401434e-01	   4.9161731e-01	   5.0794074e-01	   4.6508269e-01	   4.4957118e-01	   4.5925701e-01	   4.4073804e-01	   4.0585078e-01	   3.8940452e-01	
   0.0000000e+00	             NaN	             NaN	             NaN	             NaN	             NaN	             NaN	   1.0684535e+00	   1.1197076e+00	   9.2518318e-01	   8.1113966e-01	   8.1552255e-01	   7.3873595e-01	   7.0853749e-01	   7.4819563e-01	   6.6418989e-01	   6.6485413e-01	   6.2820096e-01	   6.6080023e-01	   5.6288150e-01	   5.9165744e-01	   5.5354666e-01	   5.2462816e-01	   5.1695005e-01	   5.0717413e-01	   4.8626379e-01	   4.9817025e-01	   4.7317481e-01	   4.5131878e-01	   4.3597195e-01	   4.1199703e-01	   3.9293504e-01	   3.7272987e-01	
   0.0000000e+00	             NaN	             NaN	             NaN	             NaN	             NaN	             NaN	   1.0966321e+00	   1.0089857e+00	   8.4282542e-01	   8.7505364e-01	   8.5889500e-01	   7.5810694e-01	   7.5080650e-01	   6.9449667e-01	   6.7141214e-01	   6.3981874e-01	   6.2963850e-01	   6.1910118e-01	   5.6742920e-01	   5.5900246e-01	   5.6133065e-01	   5.0813824e-01	   5.1106137e-01	   4.8507536e-01	   4.9243955e-01	   4.6282099e-01	   4.2668011e-01	   4.5927467e-01	   4.1353891e-01	   4.2197376e-01	   3.8642920e-01	   3.8433944e-01	
   0.0000000e+00	   0.0000000e+00	             NaN	             NaN	             NaN	             NaN	             NaN	   1.0923497e+00	   9.6910602e-01	   9.6864427e-01	   8.5075368e-01	   8.0361589e-01	   7.0316612e-01	   7.1320233e-01	   7.2673430e-01	   6.5995222e-01	   6.6680152e-01	   6.4733039e-01	   6.0371592e-01	   5.8573852e-01	   5.6855018e-01	   5.2506528e-01	   5.1598266e-01	   5.4626914e-01	   5.0167134e-01	   5.0472655e-01	   4.7668803e-01	   4.5407337e-01	   4.5338259e-01	   4.3614038e-01	   4.0074564e-01	   3.9666506e-01	   3.7146538e-01	
   0.0000000e+00	   0.0000000e+00	             NaN	             NaN	             NaN	             NaN	             NaN	   1.0529086e+00	   9.6721865e-01	   8.4739153e-01	   8.3063808e-01	   7.7047328e-01	   7.3594451e-01	   7.2164950e-01	   6.7812769e-01	   6.7304094e-01	   6.3121634e-01	   5.9652612e-01	   5.5479428e-01	   5.9014049e-01	   5.8698714e-01	   5.1851319e-01	   5.3126038e-01	   4.9005126e-01	   4.9506904e-01	   4.7500265e-01	   4.4736478e-01	   4.5396460e-01	   4.2062352e-01	   4.1016956e-01	   3.9287784e-01	   3.9700419e-01	   3.7230717e-01	
   0.0000000e+00	   0.0000000e+00	             NaN	             NaN	             NaN	             NaN	             NaN	   1.0528464e+00	   9.2250397e-01	   8.9565491e-01	   8.4796784e-01	   7.4092680e-01	   8.0478903e-01	   7.0143932e-01	   6.9787683e-01	   6.3398310e-01	   6.6689391e-01	   6.2923567e-01	   5.6626694e-01	   5.9365389e-01	   5.2577693e-01	   5.5704612e-01	   5.1029035e-01	   4.7730432e-01	   4.6377956e-01	   4.6110465e-01	   4.2469160e-01	   4.2646092e-01	   4.3446258e-01	   4.0814704e-01	   3.7219606e-01	   3.9796147e-01	   3.9103299e-01	
   0.0000000e+00	   0.0000000e+00	             NaN	             NaN	             NaN	             NaN	             NaN	             NaN	   9.5029440e-01	   8.8223414e-01	   8.0707809e-01	   7.4815458e-01	   7.3546109e-01	   6.7959854e-01	   6.7323547e-01	   6.4623529e-01	   6.3756814e-01	   6.2738903e-01	   6.0123013e-01	   5.6182521e-01	   5.2170849e-01	   5.1763667e-01	   4.7084286e-01	   4.8050342e-01	   4.4903252e-01	   4.8801679e-01	   4.4979375e-01	   4.1004276e-01	   3.8580917e-01	   4.1621112e-01	   3.7459568e-01	   3.7134795e-01	   3.6797916e-01	
   0.0000000e+00	   0.0000000e+00	             NaN	             NaN	             NaN	             NaN	             NaN	             NaN	   9.3989914e-01	   8.4171542e-01	   8.0890121e-01	   7.5872322e-01	   6.6389518e-01	   6.8715158e-01	   6.8764688e-01	   6.4261739e-01	   6.1263317e-01	   5.6249322e-01	   5.6528989e-01	   5.5660632e-01	   5.0281947e-01	   5.0938013e-01	   4.8936262e-01	   4.6292917e-01	   4.5066702e-01	   4.6074735e-01	   4.3719270e-01	   4.0628001e-01	   4.0714085e-01	   3.7842677e-01	   3.4407526e-01	   3.6760563e-01	   3.4029735e-01	
   0.0000000e+00	   0.0000000e+00	   0.0000000e+00	             NaN	             NaN	             NaN	             NaN	             NaN	   9.0531284e-01	   8.9395469e-01	   7.7847026e-01	   7.8694991e-01	   7.1732990e-01	   7.0124164e-01	   6.5632666e-01	   5.9872334e-01	   6.0860009e-01	   5.8515210e-01	   5.7019317e-01	   5.3369714e-01	   5.0754495e-01	   4.6951575e-01	   4.8316181e-01	   4.8840269e-01	   4.4118670e-01	   4.3494145e-01	   4.2411390e-01	   4.2191347e-01	   4.2116382e-01	   4.1039300e-01	   3.4861472e-01	   3.7913852e-01	   3.4733885e-01	
   0.0000000e+00	   0.0000000e+00	   0.0000000e+00	             NaN	             NaN	             NaN	             NaN	             NaN	   9.7018529e-01	   8.4494485e-01	   8.1352761e-01	   7.2334439e-01	   7.0787987e-01	   6.5090448e-01	   6.8353235e-01	   6.1516102e-01	   5.8156966e-01	   5.4998195e-01	   5.6172822e-01	   4.9726851e-01	   4.9887102e-01	   4.8051884e-01	   4.7209758e-01	   4.5272438e-01	   4.3396749e-01	   4.3440441e-01	   4.1569885e-01	   4.2203389e-01	   3.8912665e-01	   3.7355293e-01	   3.7235171e-01	   3.6010551e-01	   3.6097140e-01	
   0.0000000e+00	   0.0000000e+00	   0.0000000e+00	             NaN	             NaN	             NaN	             NaN	             NaN	   8.4364511e-01	   7.5812284e-01	   8.1637206e-01	   7.2577974e-01	   6.8563289e-01	   6.7014174e-01	   6.4362463e-01	   6.3674332e-01	   5.7278578e-01	   5.5788664e-01	   5.7014295e-01	   5.2230096e-01	   4.9691453e-01	   4.8209046e-01	   4.7404083e-01	   4.3735052e-01	   4.5087919e-01	   4.4882424e-01	   4.3877244e-01	   3.9954266e-01	   3.8318152e-01	   3.9236129e-01	   3.7664794e-01	   3.4825961e-01	   3.4049844e-01	
   0.0000000e+00	   0.0000000e+00	   0.0000000e+00	             NaN	             NaN	             NaN	             NaN	             NaN	   8.6672747e-01	   8.6917027e-01	   7.4912297e-01	   7.3764319e-01	   6.9638994e-01	   6.8653503e-01	   6.4016047e-01	   5.7604106e-01	   5.7707602e-01	   5.9930576e-01	   5.3651634e-01	   5.0806313e-01	   4.8403964e-01	   4.7170727e-01	   4.5501607e-01	   4.2818133e-01	   4.5173007e-01	   4.0462598e-01	   4.2356438e-01	   3.9192186e-01	   3.8168741e-01	   3.7005169e-01	   3.7117466e-01	   3.6898184e-01	   3.4920573e-01	
   0.0000000e+00	   0.0000000e+00	   0.0000000e+00	             NaN	             NaN	             NaN	             NaN	             NaN	             NaN	   8.1963973e-01	   6.8214549e-01	   6.9144243e-01	   7.0335456e-01	   6.6399172e-01	   6.0824854e-01	   6.2287742e-01	   5.5314713e-01	   5.6427169e-01	   5.1406397e-01	   5.0747730e-01	   5.0460219e-01	   4.7011024e-01	   4.3891319e-01	   4.3430150e-01	   4.4316079e-01	   4.2912944e-01	   3.9024743e-01	   3.9560897e-01	   3.7949950e-01	   3.7803008e-01	   3.6143109e-01	   3.3658447e-01	   3.5117955e-01	
   0.0000000e+00	   0.0000000e+00	   0.0000000e+00	   0.0000000e+00	             NaN	             NaN	             NaN	             NaN	             NaN	   8.5221420e-01	   7.9618894e-01	   6.9206910e-01	   7.0269989e-01	   6.1072181e-01	   6.1868612e-01	   5.9326855e-01	   5.7001591e-01	   5.3073373e-01	   5.4797871e-01	   4.8944787e-01	   4.9320758e-01	   4.8631394e-01	   4.6259364e-01	   4.1062080e-01	   4.1296088e-01	   4.1310418e-01	   3.8408879e-01	   3.6831316e-01	   3.6599468e-01	   3.4919409e-01	   3.2103053e-01	   3.4527206e-01	   3.4124056e-01	
   0.0000000e+00	   0.0000000e+00	   0.0000000e+00	   0.0000000e+00	             NaN	             NaN	             NaN	             NaN	             NaN	   8.6160567e-01	   7.8825940e-01	   7.0182453e-01	   6.9291344e-01	   6.3323512e-01	   6.3246641e-01	   5.7866859e-01	   5.9214039e-01	   5.5090960e-01	   5.1477340e-01	   4.9698178e-01	   4.4477422e-01	   4.3669908e-01	   4.4491373e-01	   4.2355405e-01	   3.8555530e-01	   4.1937307e-01	   3.7792181e-01	   3.5862660e-01	   3.5612251e-01	   3.4348051e-01	   3.3135860e-01	   3.4130829e-01	   3.3894697e-01	
   0.0000000e+00	   0.0000000e+00	   0.0000000e+00	   0.0000000e+00	             NaN	             NaN	             NaN	             NaN	             NaN	   8.5010697e-01	   7.7231281e-01	   6.8208049e-01	   6.7648459e-01	   6.2170563e-01	   6.0489100e-01	   5.7967019e-01	   5.6060657e-01	   5.1756032e-01	   5.2258272e-01	   4.8879624e-01	   4.5864595e-01	   4.7083002e-01	   4.0422542e-01	   4.0407619e-01	   3.8262054e-01	   3.7807160e-01	   3.8100321e-01	   3.3802459e-01	   3.4899799e-01	   3.3109320e-01	   3.2145642e-01	   3.1133045e-01	   3.1142737e-01	
   0.0000000e+00	   0.0000000e+00	   0.0000000e+00	   0.0000000e+00	             NaN	             NaN	             NaN	             NaN	             NaN	   8.1852866e-01	   7.3043202e-01	   6.8208587e-01	   7.2414319e-01	   5.9598092e-01	   6.1052000e-01	   5.2792283e-01	   5.2508486e-01	   5.3036226e-01	   5.1155735e-01	   4.6181187e-01	   4.5902910e-01	   4.2981798e-01	   4.2499229e-01	   4.1644427e-01	   4.0153910e-01	   3.6231606e-01	   3.7378064e-01	   3.5617549e-01	   3.6856135e-01	   3.5627503e-01	   3.2215075e-01	   3.4079731e-01	   3.1412452e-01	
   0.0000000e+00	   0.0000000e+00	   0.0000000e+00	   0.0000000e+00	             NaN	             NaN	             NaN	             NaN	             NaN	             NaN	   7.4983431e-01	   6.7532031e-01	   5.7607792e-01	   6.0059840e-01	   5.7818542e-01	   5.4401939e-01	   5.2595436e-01	   5.1435926e-01	   4.8122479e-01	   4.8466482e-01	   4.2939780e-01	   4.2055466e-01	   4.2953461e-01	   4.2765774e-01	   3.7191908e-01	   3.7631231e-01	   3.7810696e-01	   3.5445974e-01	   3.2975049e-01	   3.0307214e-01	   3.2524491e-01	   3.1994432e-01	   3.3068428e-01	
   0.0000000e+00	   0.0000000e+00	   0.0000000e+00	   0.0000000e+00	             NaN	             NaN	             NaN	             NaN	             NaN	             NaN	   7.1434322e-01	   6.6865384e-01	   6.4377596e-01	   6.0833211e-01	   6.0233875e-01	   5.6667856e-01	   4.8942451e-01	   4.9523822e-01	   5.0859193e-01	   4.5886998e-01	   4.2899704e-01	   4.4326926e-01	   3.8327032e-01	   3.7752103e-01	   3.5471618e-01	   3.6305427e-01	   3.5645534e-01	   3.6388155e-01	   3.2543257e-01	   3.0734037e-01	   3.1136091e-01	   2.9838995e-01	   3.0657232e-01	
   0.0000000e+00	   0.0000000e+00	   0.0000000e+00	   0.0000000e+00	   0.0000000e+00	             NaN	             NaN	             NaN	             NaN	             NaN	   7.5932373e-01	   6.2895532e-01	   6.4071813e-01	   6.0008105e-01	   5.7841178e-01	   5.7292436e-01	   5.2827006e-01	   5.1096655e-01	   4.6703034e-01	   4.6888412e-01	   4.2154451e-01	   3.8594594e-01	   3.6928497e-01	   3.7147590e-01	   3.8588937e-01	   3.5683339e-01	   3.4145422e-01	   3.4228378e-01	   3.3698727e-01	   3.2598288e-01	   2.9671604e-01	   3.1950498e-01	   3.0205939e-01	
   0.0000000e+00	   0.0000000e+00	   0.0000000e+00	   0.0000000e+00	   0.0000000e+00	             NaN	             NaN	             NaN	             NaN	             NaN	   6.8079772e-01	   6.6761705e-01	   6.2574629e-01	   6.0125381e-01	   5.8583185e-01	   5.8660989e-01	   5.1350163e-01	   4.6643900e-01	   4.7551617e-01	   4.4742584e-01	   4.2969693e-01	   3.9489034e-01	   3.6303073e-01	   3.7539852e-01	   3.7140661e-01	   3.4635600e-01	   3.3675003e-01	   3.6511198e-01	   3.2062651e-01	   2.8156148e-01	   3.1734145e-01	   3.0746500e-01	   2.7146692e-01	
   0.0000000e+00	   0.0000000e+00	   0.0000000e+00	   0.0000000e+00	   0.0000000e+00	             NaN	             NaN	             NaN	             NaN	             NaN	   6.7837137e-01	   6.3327445e-01	   6.3114559e-01	   5.8098253e-01	   5.6754161e-01	   5.1098102e-01	   5.0139616e-01	   4.9285654e-01	   4.7471655e-01	   4.2016810e-01	   4.1232866e-01	   3.8666290e-01	   3.8084383e-01	   3.4911407e-01	   3.3828482e-01	   3.4659510e-01	   3.4627451e-01	   3.3183798e-01	   3.0989382e-01	   3.0757052e-01	   2.9831640e-01	   2.9025540e-01	   2.8414560e-01	
   0.0000000e+00	   0.0000000e+00	   0.0000000e+00	   0.0000000e+00	   0.0000000e+00	             NaN	             NaN	             NaN	             NaN	             NaN	             NaN	   6.4176791e-01	   6.0567658e-01	   5.7784624e-01	   5.7809241e-01	   5.1862080e-01	   4.5277529e-01	   4.8021140e-01	   4.6035993e-01	   4.2896284e-01	   4.2269513e-01	   3.9266458e-01	   3.5854997e-01	   3.7594893e-01	   3.4984174e-01	   3.6067163e-01	   3.2175754e-01	   3.3947313e-01	   3.2585756e-01	   3.0292811e-01	   3.0199714e-01	   2.8744416e-01	   2.5235987e-01	
   0.0000000e+00	   0.0000000e+00	   0.0000000e+00	   0.0000000e+00	   0.0000000e+00	             NaN	             NaN	             NaN	             NaN	             NaN	             NaN	   6.0036560e-01	   5.7200549e-01	   5.9296301e-01	   5.6370321e-01	   4.9744297e-01	   4.9136970e-01	   4.5636093e-01	   4.5457230e-01	   4.2301736e-01	   3.9920002e-01	   4.0062739e-01	   3.5638800e-01	   3.6853039e-01	   3.5076385e-01	   3.2401366e-01	   3.3019637e-01	   3.3939092e-01	   3.1077783e-01	   3.3613042e-01	   3.1003406e-01	   2.9445733e-01	   2.6946096e-01	
   0.0000000e+00	   0.0000000e+00	   0.0000000e+00	   0.0000000e+00	   0.0000000e+00	   0.0000000e+00	             NaN	             NaN	             NaN	             NaN	             NaN	   6.0116209e-01	   5.7056538e-01	   5.5234178e-01	   5.5346516e-01	   5.0448658e-01	   4.4685429e-01	   4.9223639e-01	   4.2285809e-01	   4.1160894e-01	   3.7537673e-01	   3.5817034e-01	   3.7631670e-01	   3.2980405e-01	   3.3346619e-01	   3.3135054e-01	   3.2872805e-01	   2.9732116e-01	   2.9081321e-01	   2.8921748e-01	   2.7980694e-01	   2.6430362e-01	   2.6263046e-01	
   0.0000000e+00	   0.0000000e+00	   0.0000000e+00	   0.0000000e+00	   0.0000000e+00	   0.0000000e+00	             NaN	             NaN	             NaN	             NaN	             NaN	   6.5622057e-01	   6.0578228e-01	   5.2487414e-01	   5.6073398e-01	   5.0794431e-01	   4.6200719e-01	   4.2294292e-01	   4.2845875e-01	   3.9230592e-01	   3.6510145e-01	   3.6498019e-01	   3.6730618e-01	   3.4802686e-01	   3.7376809e-01	   3.4628971e-01	   3.0889900e-01	   3.2587232e-01	   2.8959867e-01	   2.8196483e-01	   2.8034720e-01	   2.5669871e-01	   2.8417539e-01	
   0.0000000e+00	   0.0000000e+00	   0.0000000e+00	   0.0000000e+00	   0.0000000e+00	   0.0000000e+00	             NaN	             NaN	             NaN	             NaN	             NaN	   6.2066920e-01	   5.4538664e-01	   5.5083082e-01	   5.2604925e-01	   5.0350431e-01	   4.6313026e-01	   4.4605251e-01	   4.4542905e-01	   3.6674776e-01	   3.8358556e-01	   3.3895044e-01	   3.4166782e-01	   3.5039660e-01	   3.0983585e-01	   3.2380454e-01	   3.0369844e-01	   2.9769862e-01	   2.8082733e-01	   2.4666853e-01	   2.6488806e-01	   2.4014593e-01	   2.6562765e-01	
   0.0000000e+00	   0.0000000e+00	   0.0000000e+00	   0.0000000e+00	   0.0000000e+00	   0.0000000e+00	             NaN	             NaN	             NaN	             NaN	             NaN	             NaN	   5.5513387e-01	   5.2554146e-01	   4.9330806e-01	   4.7889483e-01	   4.7018839e-01	   4.2060676e-01	   4.3178763e-01	   3.4145283e-01	   3.5171360e-01	   3.7711755e-01	   3.4477667e-01	   3.1988463e-01	   3.1394093e-01	   3.1404616e-01	   3.0558985e-01	   2.6228726e-01	   2.5898638e-01	   2.6609010e-01	   2.4907322e-01	   2.6483076e-01	   2.4820519e-01	
   0.0000000e+00	   0.0000000e+00	   0.0000000e+00	   0.0000000e+00	   0.0000000e+00	   0.0000000e+00	             NaN	             NaN	             NaN	             NaN	             NaN	             NaN	   5.7449685e-01	   5.5651507e-01	   5.0381452e-01	   4.9311822e-01	   4.4570879e-01	   4.3131292e-01	   3.8614295e-01	   3.6511243e-01	   3.7506773e-01	   3.4742975e-01	   3.5001895e-01	   3.0985214e-01	   2.9188892e-01	   3.3534100e-01	   3.1186128e-01	   2.9645130e-01	   2.7323185e-01	   2.6213913e-01	   2.5720908e-01	   2.4248382e-01	   2.3944772e-01	
   0.0000000e+00	   0.0000000e+00	   0.0000000e+00	   0.0000000e+00	   0.0000000e+00	   0.0000000e+00	   0.0000000e+00	             NaN	             NaN	             NaN	             NaN	             NaN	   4.9366043e-01	   5.1342505e-01	   4.9365302e-01	   4.7708304e-01	   4.2241013e-01	   4.1898814e-01	   3.3337652e-01	   3.7420154e-01	   3.2165004e-01	   3.2169309e-01	   3.2172537e-01	   3.1270242e-01	   3.1744825e-01	   3.0728777e-01	   2.9417520e-01	   2.8218681e-01	   2.6207914e-01	   2.6558375e-01	   2.1676868e-01	   2.4967845e-01	   2.3096877e-01	
   0.0000000e+00	   0.0000000e+00	   0.0000000e+00	   0.0000000e+00	   0.0000000e+00	   0.0000000e+00	   0.0000000e+00	             NaN	             NaN	             NaN	             NaN	             NaN	   5.6334388e-01	   5.3314988e-01	   4.4009646e-01	   4.4442328e-01	   4.4369867e-01	   3.7644209e-01	   3.7984658e-01	   3.5904922e-01	   3.4787412e-01	   3.5094051e-01	   3.1353571e-01	   3.0264392e-01	   3.1315045e-01	   3.0030455e-01	   2.8167016e-01	   2.6969558e-01	   2.4103180e-01	   2.6526390e-01	   2.1790433e-01	   2.2455605e-01	   2.2958452e-01	
   0.0000000e+00	   0.0000000e+00	   0.0000000e+00	   0.0000000e+00	   0.0000000e+00	   0.0000000e+00	   0.0000000e+00	             NaN	             NaN	             NaN	             NaN	             NaN	   4.5451946e-01	   5.0100737e-01	   4.1409144e-01	   4.6148526e-01	   4.5184727e-01	   3.9239199e-01	   3.9076199e-01	   3.5820172e-01	   3.4985871e-01	   3.3021271e-01	   3.1424096e-01	   2.9324593e-01	   2.8776772e-01	   2.6903766e-01	   2.7445534e-01	   2.5058832e-01	   2.6106169e-01	   2.4410523e-01	   2.3205194e-01	   2.2614844e-01	   2.3956391e-01	
   0.0000000e+00	   0.0000000e+00	   0.0000000e+00	   0.0000000e+00	   0.0000000e+00	   0.0000000e+00	   0.0000000e+00	             NaN	             NaN	             NaN	             NaN	             NaN	             NaN	   5.0145288e-01	   4.3952567e-01	   4.8044650e-01	   4.2365476e-01	   3.4749531e-01	   3.9182044e-01	   3.2245501e-01	   3.5730327e-01	   3.1421335e-01	   3.1541592e-01	   3.1024173e-01	   2.9304173e-01	   2.8860017e-01	   2.7459304e-01	   2.3831110e-01	   2.3809864e-01	   2.1084708e-01	   2.1660938e-01	   2.1749251e-01	   2.3121360e-01	
   0.0000000e+00	   0.0000000e+00	   0.0000000e+00	   0.0000000e+00	   0.0000000e+00	   0.0000000e+00	   0.0000000e+00	             NaN	             NaN	             NaN	             NaN	             NaN	             NaN	   5.0511105e-01	   4.5614802e-01	   4.1038307e-01	   3.8317161e-01	   3.6472660e-01	   3.5185441e-01	   3.1623098e-01	   3.3541249e-01	   2.7772715e-01	   2.9797594e-01	   3.0752882e-01	   2.7293851e-01	   2.7044563e-01	   2.6128099e-01	   2.4054738e-01	   2.4843563e-01	   2.3811519e-01	   2.2486522e-01	   2.0061146e-01	   2.3742864e-01	
   0.0000000e+00	   0.0000000e+00	   0.0000000e+00	   0.0000000e+00	   0.0000000e+00	   0.0000000e+00	   0.0000000e+00	   0.0000000e+00	             NaN	             NaN	             NaN	             NaN	             NaN	   4.7091918e-01	   4.6707175e-01	   4.1723304e-01	   4.0375155e-01	   3.4822942e-01	   3.5755241e-01	   2.8794267e-01	   3.4598395e-01	   3.1797281e-01	   2.6168295e-01	   2.9127392e-01	   2.4230621e-01	   2.8835299e-01	   2.3136586e-01	   2.2877798e-01	   2.2488340e-01	   2.2551405e-01	   2.2734248e-01	   2.2570410e-01	   2.3074648e-01	
   0.0000000e+00	   0.0000000e+00	   0.0000000e+00	   0.0000000e+00	   0.0000000e+00	   0.0000000e+00	   0.0000000e+00	   0.0000000e+00	             NaN	             NaN	             NaN	             NaN	             NaN	   5.2385854e-01	   4.1173235e-01	   4.2089561e-01	   3.9510818e-01	   3.3663428e-01	   3.4472084e-01	   3.5930619e-01	   2.9290410e-01	   2.8179048e-01	   3.0973332e-01	   2.7487968e-01	   2.5529388e-01	   2.6442011e-01	   2.5782737e-01	   2.7682806e-01	   2.3459465e-01	   2.1144475e-01	   2.2816295e-01	   2.1384018e-01	   2.3177233e-01	
   0.0000000e+00	   0.0000000e+00	   0.0000000e+00	   0.0000000e+00	   0.0000000e+00	   0.0000000e+00	   0.0000000e+00	   0.0000000e+00	             NaN	             NaN	             NaN	             NaN	             NaN	   4.5361957e-01	   4.5102595e-01	   3.7965062e-01	   3.5416079e-01	   3.8439617e-01	   3.2941254e-01	   3.1215017e-01	   2.9888654e-01	   2.7421504e-01	   3.0080780e-01	   2.8229991e-01	   2.4714796e-01	   2.1458192e-01	   2.3273103e-01	   2.5116518e-01	   2.1206837e-01	   2.0871921e-01	   2.1774349e-01	   2.1645908e-01	   1.9054177e-01	
   0.0000000e+00	   0.0000000e+00	   0.0000000e+00	   0.0000000e+00	   0.0000000e+00	   0.0000000e+00	   0.0000000e+00	   0.0000000e+00	             NaN	             NaN	             NaN	             NaN	             NaN	             NaN	   4.6341410e-01	   3.7752475e-01	   3.7417539e-01	   3.6057859e-01	   3.4332781e-01	   2.6862826e-01	   3.0883482e-01	   2.8653208e-01	   2.5866943e-01	   2.5161039e-01	   2.5709974e-01	   2.4783879e-01	   2.4385059e-01	   2.2878022e-01	   2.4907918e-01	   2.4173864e-01	   2.0654142e-01	   1.8695516e-01	   1.9467333e-01	
   0.0000000e+00	   0.0000000e+00	   0.0000000e+00	   0.0000000e+00	   0.0000000e+00	   0.0000000e+00	   0.0000000e+00	   0.0000000e+00	             NaN	             NaN	             NaN	             NaN	             NaN	             NaN	   4.3047690e-01	   3.8104089e-01	   3.8013990e-01	   2.9074555e-01	   3.4833822e-01	   3.1847443e-01	   3.0267562e-01	   2.7254957e-01	   2.7130179e-01	   2.3387870e-01	   2.6817075e-01	   2.2925652e-01	   2.3635118e-01	   2.1406997e-01	   2.2886966e-01	   2.0721996e-01	   1.9436194e-01	   1.9369574e-01	   1.8894896e-01	
   0.0000000e+00	   0.0000000e+00	   0.0000000e+00	   0.0000000e+00	   0.0000000e+00	   0.0000000e+00	   0.0000000e+00	   0.0000000e+00	   0.0000000e+00	             NaN	             NaN	             NaN	             NaN	             NaN	   3.9621866e-01	   4.0875843e-01	   3.8104518e-01	   3.6130322e-01	   3.2609191e-01	   2.8749007e-01	   3.3100993e-01	   2.8877641e-01	   2.6118266e-01	   2.3478046e-01	   2.5082685e-01	   2.8060808e-01	   2.4048950e-01	   2.2429526e-01	   2.2654427e-01	   2.0648750e-01	   1.9975554e-01	   1.9845694e-01	   1.9671082e-01	
   0.0000000e+00	   0.0000000e+00	   0.0000000e+00	   0.0000000e+00	   0.0000000e+00	   0.0000000e+00	   0.0000000e+00	   0.0000000e+00	   0.0000000e+00	             NaN	             NaN	             NaN	             NaN	             NaN	   4.0657560e-01	   3.4662785e-01	   3.7023209e-01	   3.1253088e-01	   3.2503844e-01	   3.1134364e-01	   2.6664655e-01	   2.8226962e-01	   2.7287708e-01	   2.3393210e-01	   2.7289613e-01	   2.0673123e-01	   2.1979317e-01	   1.7382332e-01	   2.0117949e-01	   1.9477233e-01	   1.9125782e-01	   1.9476702e-01	   2.0191181e-01	
   0.0000000e+00	   0.0000000e+00	   0.0000000e+00	   0.0000000e+00	   0.0000000e+00	   0.0000000e+00	   0.0000000e+00	   0.0000000e+00	   0.0000000e+00	             NaN	             NaN	             NaN	             NaN	             NaN	   4.3185807e-01	   3.9969417e-01	   3.0464138e-01	   3.2245842e-01	   3.4286254e-01	   2.9929498e-01	   3.1170607e-01	   3.0262690e-01	   2.4287489e-01	   2.4146171e-01	   2.1915624e-01	   2.2960799e-01	   2.4193843e-01	   1.9389016e-01	   2.1234980e-01	   1.7138010e-01	   1.7341553e-01	   1.7654937e-01	   1.8460007e-01	
   0.0000000e+00	   0.0000000e+00	   0.0000000e+00	   0.0000000e+00	   0.0000000e+00	   0.0000000e+00	   0.0000000e+00	   0.0000000e+00	   0.0000000e+00	             NaN	             NaN	             NaN	             NaN	             NaN	             NaN	   3.4422322e-01	   3.4342888e-01	   3.1447884e-01	   3.0693474e-01	   2.6950815e-01	   2.7278021e-01	   2.4547215e-01	   2.5169139e-01	   2.1408526e-01	   2.6045017e-01	   2.1444517e-01	   2.2274207e-01	   2.1855059e-01	   1.9797656e-01	   2.0529961e-01	   1.9372599e-01	   1.9115708e-01	   1.8770201e-01	
   0.0000000e+00	   0.0000000e+00	   0.0000000e+00	   0.0000000e+00	   0.0000000e+00	   0.0000000e+00	   0.0000000e+00	   0.0000000e+00	   0.0000000e+00	             NaN	             NaN	             NaN	             NaN	             NaN	             NaN	   3.4118130e-01	   3.2757411e-01	   3.6630069e-01	   3.0430297e-01	   2.8226871e-01	   2.6004872e-01	   2.9606055e-01	   2.2664012e-01	   2.0538420e-01	   2.2804099e-01	   2.2706089e-01	   2.1478550e-01	   1.7615365e-01	   1.8194827e-01	   1.8438232e-01	   1.8420746e-01	   1.6881109e-01	   1.7764927e-01	
   0.0000000e+00	   0.0000000e+00	   0.0000000e+00	   0.0000000e+00	   0.0000000e+00	   0.0000000e+00	   0.0000000e+00	   0.0000000e+00	   0.0000000e+00	   0.0000000e+00	             NaN	             NaN	             NaN	             NaN	             NaN	   3.5781838e-01	   3.3150638e-01	   3.1623806e-01	   3.2217947e-01	   2.8190871e-01	   2.8323728e-01	   2.5075985e-01	   2.3872601e-01	   2.2554177e-01	   2.1005663e-01	   2.5044405e-01	   2.2277117e-01	   2.0834598e-01	   1.9252467e-01	   1.9508826e-01	   1.9365315e-01	   1.8869819e-01	   1.9061982e-01	
