  -5.3108557e+00	  -4.6912493e+00	  -4.9888099e+00	             NaN	             NaN	             NaN	             NaN	             NaN	             NaN	             NaN	             NaN	             NaN	             NaN	             NaN	   0.0000000e+00	   0.0000000e+00	   0.0000000e+00	   0.0000000e+00	   0.0000000e+00	   0.0000000e+00	   0.0000000e+00	   0.0000000e+00	   0.0000000e+00	   0.0000000e+00	   0.0000000e+00	   0.0000000e+00	   0.0000000e+00	   0.0000000e+00	   0.0000000e+00	   0.0000000e+00	   0.0000000e+00	   0.0000000e+00	   0.0000000e+00	
  -2.9097083e+00	  -3.9610922e+00	  -4.5757647e+00	             NaN	             NaN	             NaN	             NaN	             NaN	             NaN	             NaN	             NaN	             NaN	             NaN	             NaN	   0.0000000e+00	   0.0000000e+00	   0.0000000e+00	   0.0000000e+00	   0.0000000e+00	   0.0000000e+00	   0.0000000e+00	   0.0000000e+00	   0.0000000e+00	   0.0000000e+00	   0.0000000e+00	   0.0000000e+00	   0.0000000e+00	   0.0000000e+00	   0.0000000e+00	   0.0000000e+00	   0.0000000e+00	   0.0000000e+00	   0.0000000e+00	
  -6.2670282e-01	  -2.7061820e+00	  -3.1570424e+00	             NaN	             NaN	             NaN	             NaN	             NaN	             NaN	             NaN	             NaN	             NaN	             NaN	             NaN	   0.0000000e+00	   0.0000000e+00	   0.0000000e+00	   0.0000000e+00	   0.0000000e+00	   0.0000000e+00	   0.0000000e+00	   0.0000000e+00	   0.0000000e+00	   0.0000000e+00	   0.0000000e+00	   0.0000000e+00	   0.0000000e+00	   0.0000000e+00	   0.0000000e+00	   0.0000000e+00	   0.0000000e+00	   0.0000000e+00	   0.0000000e+00	
  -2.3523396e+00	  -2.5055980e+00	  -3.0478833e+00	  -8.6741877e-01	             NaN	             NaN	             NaN	             NaN	             NaN	             NaN	             NaN	             NaN	             NaN	             NaN	             NaN	   0.0000000e+00	   0.0000000e+00	   0.0000000e+00	   0.0000000e+00	   0.0000000e+00	   0.0000000e+00	   0.0000000e+00	   0.0000000e+00	   0.0000000e+00	   0.0000000e+00	   0.0000000e+00	   0.0000000e+00	   0.0000000e+00	   0.0000000e+00	   0.0000000e+00	   0.0000000e+00	   0.0000000e+00	   0.0000000e+00	
   4.6526190e-01	  -2.4977355e+00	  -2.4841686e+00	  -4.4927921e-01	             NaN	             NaN	             NaN	             NaN	             NaN	             NaN	             NaN	             NaN	             NaN	             NaN	             NaN	   0.0000000e+00	   0.0000000e+00	   0.0000000e+00	   0.0000000e+00	   0.0000000e+00	   0.0000000e+00	   0.0000000e+00	   0.0000000e+00	   0.0000000e+00	   0.0000000e+00	   0.0000000e+00	   0.0000000e+00	   0.0000000e+00	   0.0000000e+00	   0.0000000e+00	   0.0000000e+00	   0.0000000e+00	   0.0000000e+00	
  -2.7088360e-01	  -1.1087427e+00	  -1.0483230e+00	   6.5431820e-01	   1.2182900e+00	             NaN	             NaN	             NaN	             NaN	             NaN	             NaN	             NaN	             NaN	             NaN	             NaN	             NaN	   0.0000000e+00	   0.0000000e+00	   0.0000000e+00	   0.0000000e+00	   0.0000000e+00	   0.0000000e+00	   0.0000000e+00	   0.0000000e+00	   0.0000000e+00	   0.0000000e+00	   0.0000000e+00	   0.0000000e+00	   0.0000000e+00	   0.0000000e+00	   0.0000000e+00	   0.0000000e+00	   0.0000000e+00	
  -5.6648931e-01	  -1.7050929e-01	   1.3290498e-01	   1.1404584e+00	   2.1270410e+00	             NaN	             NaN	             NaN	             NaN	             NaN	             NaN	             NaN	             NaN	             NaN	             NaN	             NaN	   0.0000000e+00	   0.0000000e+00	   0.0000000e+00	   0.0000000e+00	   0.0000000e+00	   0.0000000e+00	   0.0000000e+00	   0.0000000e+00	   0.0000000e+00	   0.0000000e+00	   0.0000000e+00	   0.0000000e+00	   0.0000000e+00	   0.0000000e+00	   0.0000000e+00	   0.0000000e+00	   0.0000000e+00	
   1.1143232e-01	   2.0015506e-01	  -5.2158766e-01	   1.8369357e-01	   2.0528570e+00	             NaN	             NaN	             NaN	             NaN	             NaN	             NaN	             NaN	             NaN	             NaN	             NaN	             NaN	   0.0000000e+00	   0.0000000e+00	   0.0000000e+00	   0.0000000e+00	   0.0000000e+00	   0.0000000e+00	   0.0000000e+00	   0.0000000e+00	   0.0000000e+00	   0.0000000e+00	   0.0000000e+00	   0.0000000e+00	   0.0000000e+00	   0.0000000e+00	   0.0000000e+00	   0.0000000e+00	   0.0000000e+00	
   7.6655771e-02	  -6.1489878e-02	  -2.9028868e-01	   1.1287602e+00	   2.0006019e+00	   3.0453159e+00	             NaN	             NaN	             NaN	             NaN	             NaN	             NaN	             NaN	             NaN	             NaN	             NaN	             NaN	   0.0000000e+00	   0.0000000e+00	   0.0000000e+00	   0.0000000e+00	   0.0000000e+00	   0.0000000e+00	   0.0000000e+00	   0.0000000e+00	   0.0000000e+00	   0.0000000e+00	   0.0000000e+00	   0.0000000e+00	   0.0000000e+00	   0.0000000e+00	   0.0000000e+00	   0.0000000e+00	
   1.0113987e+00	   6.2643004e-01	   1.3338366e+00	   1.0892060e+00	   2.6924503e+00	   2.8172034e+00	             NaN	             NaN	             NaN	             NaN	             NaN	             NaN	             NaN	             NaN	             NaN	             NaN	             NaN	   0.0000000e+00	   0.0000000e+00	   0.0000000e+00	   0.0000000e+00	   0.0000000e+00	   0.0000000e+00	   0.0000000e+00	   0.0000000e+00	   0.0000000e+00	   0.0000000e+00	   0.0000000e+00	   0.0000000e+00	   0.0000000e+00	   0.0000000e+00	   0.0000000e+00	   0.0000000e+00	
  -2.7596268e-02	   2.2553896e-01	   8.8500266e-01	   1.5406224e+00	   2.6191888e+00	   3.1380652e+00	   3.5587477e+00	             NaN	             NaN	             NaN	             NaN	             NaN	             NaN	             NaN	             NaN	             NaN	             NaN	             NaN	   0.0000000e+00	   0.0000000e+00	   0.0000000e+00	   0.0000000e+00	   0.0000000e+00	   0.0000000e+00	   0.0000000e+00	   0.0000000e+00	   0.0000000e+00	   0.0000000e+00	   0.0000000e+00	   0.0000000e+00	   0.0000000e+00	   0.0000000e+00	   0.0000000e+00	
   9.7178512e-01	   1.2747587e+00	   1.0141612e+00	   1.7736085e+00	   2.6596001e+00	   3.3829463e+00	   3.5306679e+00	             NaN	             NaN	             NaN	             NaN	             NaN	             NaN	             NaN	             NaN	             NaN	             NaN	             NaN	   0.0000000e+00	   0.0000000e+00	   0.0000000e+00	   0.0000000e+00	   0.0000000e+00	   0.0000000e+00	   0.0000000e+00	   0.0000000e+00	   0.0000000e+00	   0.0000000e+00	   0.0000000e+00	   0.0000000e+00	   0.0000000e+00	   0.0000000e+00	   0.0000000e+00	
   2.3965286e+00	   1.3117095e+00	   1.9222183e+00	   2.0719472e+00	   2.7592590e+00	   3.5431291e+00	   3.4405743e+00	             NaN	             NaN	             NaN	             NaN	             NaN	             NaN	             NaN	             NaN	             NaN	             NaN	             NaN	   0.0000000e+00	   0.0000000e+00	   0.0000000e+00	   0.0000000e+00	   0.0000000e+00	   0.0000000e+00	   0.0000000e+00	   0.0000000e+00	   0.0000000e+00	   0.0000000e+00	   0.0000000e+00	   0.0000000e+00	   0.0000000e+00	   0.0000000e+00	   0.0000000e+00	
   1.1792631e+00	   1.7919091e+00	   2.0859822e+00	   2.2443207e+00	   2.8110939e+00	   3.3723606e+00	   3.7289595e+00	   3.6174726e+00	             NaN	             NaN	             NaN	             NaN	             NaN	             NaN	             NaN	             NaN	             NaN	             NaN	             NaN	   0.0000000e+00	   0.0000000e+00	   0.0000000e+00	   0.0000000e+00	   0.0000000e+00	   0.0000000e+00	   0.0000000e+00	   0.0000000e+00	   0.0000000e+00	   0.0000000e+00	   0.0000000e+00	   0.0000000e+00	   0.0000000e+00	   0.0000000e+00	
   1.6354088e+00	   1.2919292e+00	   1.9775242e+00	   2.3622338e+00	   2.7402540e+00	   3.4089246e+00	   3.7010775e+00	   3.5226939e+00	             NaN	             NaN	             NaN	             NaN	             NaN	             NaN	             NaN	             NaN	             NaN	             NaN	             NaN	   0.0000000e+00	   0.0000000e+00	   0.0000000e+00	   0.0000000e+00	   0.0000000e+00	   0.0000000e+00	   0.0000000e+00	   0.0000000e+00	   0.0000000e+00	   0.0000000e+00	   0.0000000e+00	   0.0000000e+00	   0.0000000e+00	   0.0000000e+00	
   2.8086841e+00	   1.4464562e+00	   2.4059856e+00	   2.6608722e+00	   3.1258891e+00	   3.4183086e+00	   3.7437220e+00	   3.3428633e+00	   3.3249993e+00	             NaN	             NaN	             NaN	             NaN	             NaN	             NaN	             NaN	             NaN	             NaN	             NaN	             NaN	   0.0000000e+00	   0.0000000e+00	   0.0000000e+00	   0.0000000e+00	   0.0000000e+00	   0.0000000e+00	   0.0000000e+00	   0.0000000e+00	   0.0000000e+00	   0.0000000e+00	   0.0000000e+00	   0.0000000e+00	   0.0000000e+00	
   2.2199307e+00	   2.3237257e+00	   2.3679333e+00	   2.5201447e+00	   2.9620727e+00	   3.2372437e+00	   3.7128297e+00	   3.4497361e+00	   3.1758247e+00	             NaN	             NaN	             NaN	             NaN	             NaN	             NaN	             NaN	             NaN	             NaN	             NaN	             NaN	   0.0000000e+00	   0.0000000e+00	   0.0000000e+00	   0.0000000e+00	   0.0000000e+00	   0.0000000e+00	   0.0000000e+00	   0.0000000e+00	   0.0000000e+00	   0.0000000e+00	   0.0000000e+00	   0.0000000e+00	   0.0000000e+00	
   2.5656347e+00	   1.9989838e+00	   2.4301849e+00	   2.9798921e+00	   3.0413354e+00	   3.4988499e+00	   3.4212961e+00	   3.6926906e+00	   3.2209106e+00	             NaN	             NaN	             NaN	             NaN	             NaN	             NaN	             NaN	             NaN	             NaN	             NaN	             NaN	   0.0000000e+00	   0.0000000e+00	   0.0000000e+00	   0.0000000e+00	   0.0000000e+00	   0.0000000e+00	   0.0000000e+00	   0.0000000e+00	   0.0000000e+00	   0.0000000e+00	   0.0000000e+00	   0.0000000e+00	   0.0000000e+00	
   1.9526391e+00	   1.9516394e+00	   2.6255913e+00	   2.7563395e+00	   3.1395798e+00	   3.3376334e+00	   3.5706745e+00	   3.4560418e+00	   3.3300230e+00	   2.5698053e+00	             NaN	             NaN	             NaN	             NaN	             NaN	             NaN	             NaN	             NaN	             NaN	             NaN	             NaN	   0.0000000e+00	   0.0000000e+00	   0.0000000e+00	   0.0000000e+00	   0.0000000e+00	   0.0000000e+00	   0.0000000e+00	   0.0000000e+00	   0.0000000e+00	   0.0000000e+00	   0.0000000e+00	   0.0000000e+00	
   2.1397143e+00	   1.9260298e+00	   2.6724271e+00	   2.5367603e+00	   3.2807734e+00	   3.3906981e+00	   3.4256728e+00	   3.5387392e+00	   3.1302756e+00	   2.5814800e+00	             NaN	             NaN	             NaN	             NaN	             NaN	             NaN	             NaN	             NaN	             NaN	             NaN	             NaN	   0.0000000e+00	   0.0000000e+00	   0.0000000e+00	   0.0000000e+00	   0.0000000e+00	   0.0000000e+00	   0.0000000e+00	   0.0000000e+00	   0.0000000e+00	   0.0000000e+00	   0.0000000e+00	   0.0000000e+00	
   2.9233103e+00	   2.4957758e+00	   2.4826981e+00	   2.6633590e+00	   2.9190376e+00	   3.2161666e+00	   3.4654254e+00	   3.4319208e+00	   3.1634581e+00	   2.5676181e+00	   2.0520477e+00	             NaN	             NaN	             NaN	             NaN	             NaN	             NaN	             NaN	             NaN	             NaN	             NaN	             NaN	   0.0000000e+00	   0.0000000e+00	   0.0000000e+00	   0.0000000e+00	   0.0000000e+00	   0.0000000e+00	   0.0000000e+00	   0.0000000e+00	   0.0000000e+00	   0.0000000e+00	   0.0000000e+00	
   2.5395097e+00	   2.5524529e+00	   2.3109903e+00	   2.6047525e+00	   3.1245245e+00	   3.1415123e+00	   3.4079446e+00	   3.3746444e+00	   3.0219266e+00	   2.5592320e+00	   1.9969957e+00	             NaN	             NaN	             NaN	             NaN	             NaN	             NaN	             NaN	             NaN	             NaN	             NaN	             NaN	   0.0000000e+00	   0.0000000e+00	   0.0000000e+00	   0.0000000e+00	   0.0000000e+00	   0.0000000e+00	   0.0000000e+00	   0.0000000e+00	   0.0000000e+00	   0.0000000e+00	   0.0000000e+00	
   2.7328606e+00	   2.6361571e+00	   2.3336462e+00	   2.5868334e+00	   3.0088130e+00	   3.1844734e+00	   3.1608123e+00	   3.3042078e+00	   2.9843885e+00	   2.5616738e+00	   2.0123109e+00	             NaN	             NaN	             NaN	             NaN	             NaN	             NaN	             NaN	             NaN	             NaN	             NaN	             NaN	   0.0000000e+00	   0.0000000e+00	   0.0000000e+00	   0.0000000e+00	   0.0000000e+00	   0.0000000e+00	   0.0000000e+00	   0.0000000e+00	   0.0000000e+00	   0.0000000e+00	   0.0000000e+00	
   2.3539254e+00	   2.2400657e+00	   2.5780140e+00	   2.5797416e+00	   3.0470749e+00	   3.0107751e+00	   3.3097488e+00	   3.2265429e+00	   3.0471368e+00	   2.5151946e+00	   2.0037019e+00	   1.3659978e+00	             NaN	             NaN	             NaN	             NaN	             NaN	             NaN	             NaN	             NaN	             NaN	             NaN	             NaN	   0.0000000e+00	   0.0000000e+00	   0.0000000e+00	   0.0000000e+00	   0.0000000e+00	   0.0000000e+00	   0.0000000e+00	   0.0000000e+00	   0.0000000e+00	   0.0000000e+00	
   2.4924086e+00	   1.8721268e+00	   2.0138160e+00	   2.5801715e+00	   2.7969137e+00	   3.0754815e+00	   3.1106533e+00	   3.1736084e+00	   2.8513012e+00	   2.5187333e+00	   2.0227265e+00	   1.2881457e+00	             NaN	             NaN	             NaN	             NaN	             NaN	             NaN	             NaN	             NaN	             NaN	             NaN	             NaN	   0.0000000e+00	   0.0000000e+00	   0.0000000e+00	   0.0000000e+00	   0.0000000e+00	   0.0000000e+00	   0.0000000e+00	   0.0000000e+00	   0.0000000e+00	   0.0000000e+00	
   2.6705830e+00	   2.1770501e+00	   2.0151724e+00	   2.6535308e+00	   2.7505194e+00	   3.0014624e+00	   3.1761229e+00	   3.2087203e+00	   2.9991026e+00	   2.3843941e+00	   2.0224627e+00	   1.2817394e+00	   7.8460894e-01	             NaN	             NaN	             NaN	             NaN	             NaN	             NaN	             NaN	             NaN	             NaN	             NaN	             NaN	   0.0000000e+00	   0.0000000e+00	   0.0000000e+00	   0.0000000e+00	   0.0000000e+00	   0.0000000e+00	   0.0000000e+00	   0.0000000e+00	   0.0000000e+00	
   1.9079073e+00	   1.3904655e+00	   2.2705351e+00	   2.2688962e+00	   2.6655125e+00	   2.8777866e+00	   3.0662446e+00	   3.0586669e+00	   2.7641000e+00	   2.5598060e+00	   1.9465603e+00	   1.2487962e+00	   9.5755768e-01	             NaN	             NaN	             NaN	             NaN	             NaN	             NaN	             NaN	             NaN	             NaN	             NaN	             NaN	   0.0000000e+00	   0.0000000e+00	   0.0000000e+00	   0.0000000e+00	   0.0000000e+00	   0.0000000e+00	   0.0000000e+00	   0.0000000e+00	   0.0000000e+00	
   2.4775172e+00	   1.9493947e+00	   2.1536677e+00	   2.3834412e+00	   2.3778162e+00	   2.7800916e+00	   2.7174559e+00	   2.8414441e+00	   2.7634617e+00	   2.3825742e+00	   1.8915893e+00	   1.2811519e+00	   8.0161506e-01	             NaN	             NaN	             NaN	             NaN	             NaN	             NaN	             NaN	             NaN	             NaN	             NaN	             NaN	   0.0000000e+00	   0.0000000e+00	   0.0000000e+00	   0.0000000e+00	   0.0000000e+00	   0.0000000e+00	   0.0000000e+00	   0.0000000e+00	   0.0000000e+00	
   1.5764601e+00	   1.7497000e+00	   2.1328982e+00	   2.2917047e+00	   2.3485832e+00	   2.5776908e+00	   2.8127876e+00	   2.7425281e+00	   2.7410793e+00	   2.3484201e+00	   1.9510109e+00	   1.2274017e+00	   8.5701746e-01	   7.8804006e-01	             NaN	             NaN	             NaN	             NaN	             NaN	             NaN	             NaN	             NaN	             NaN	             NaN	             NaN	   0.0000000e+00	   0.0000000e+00	   0.0000000e+00	   0.0000000e+00	   0.0000000e+00	   0.0000000e+00	   0.0000000e+00	   0.0000000e+00	
   1.5035285e+00	   1.6794937e+00	   2.1048940e+00	   2.2062904e+00	   2.2154387e+00	   2.4583669e+00	   2.6549316e+00	   2.8330711e+00	   2.5626708e+00	   2.3061882e+00	   1.8467793e+00	   1.3546055e+00	   8.4642692e-01	   8.2364444e-01	             NaN	             NaN	             NaN	             NaN	             NaN	             NaN	             NaN	             NaN	             NaN	             NaN	             NaN	   0.0000000e+00	   0.0000000e+00	   0.0000000e+00	   0.0000000e+00	   0.0000000e+00	   0.0000000e+00	   0.0000000e+00	   0.0000000e+00	
   1.1167333e+00	   1.5632542e+00	   1.7418202e+00	   2.2075692e+00	   2.1438507e+00	   2.3144553e+00	   2.5469185e+00	   2.5693086e+00	   2.4707678e+00	   2.1360380e+00	   1.8445188e+00	   1.3012247e+00	   8.6192335e-01	   7.1618811e-01	   4.5153989e-01	             NaN	             NaN	             NaN	             NaN	             NaN	             NaN	             NaN	             NaN	             NaN	             NaN	             NaN	   0.0000000e+00	   0.0000000e+00	   0.0000000e+00	   0.0000000e+00	   0.0000000e+00	   0.0000000e+00	   0.0000000e+00	
   1.3425214e+00	   1.1790482e+00	   1.2614026e+00	   2.0666498e+00	   2.2487971e+00	   2.2041725e+00	   2.3828063e+00	   2.5467013e+00	   2.4034843e+00	   2.3148763e+00	   1.8235366e+00	   1.1715994e+00	   8.9150995e-01	   7.4709750e-01	   5.6530484e-01	             NaN	             NaN	             NaN	             NaN	             NaN	             NaN	             NaN	             NaN	             NaN	             NaN	             NaN	   0.0000000e+00	   0.0000000e+00	   0.0000000e+00	   0.0000000e+00	   0.0000000e+00	   0.0000000e+00	   0.0000000e+00	
   3.4305552e-01	   7.7109098e-01	   1.0371660e+00	   1.6829709e+00	   2.0526967e+00	   2.3256757e+00	   2.3470152e+00	   2.3972455e+00	   2.4377209e+00	   2.0598589e+00	   1.7526005e+00	   1.2985531e+00	   9.0315542e-01	   7.0763407e-01	   6.3799891e-01	             NaN	             NaN	             NaN	             NaN	             NaN	             NaN	             NaN	             NaN	             NaN	             NaN	             NaN	   0.0000000e+00	   0.0000000e+00	   0.0000000e+00	   0.0000000e+00	   0.0000000e+00	   0.0000000e+00	   0.0000000e+00	
  -4.3179771e-01	   2.4928561e-01	   8.5164776e-01	   1.6423827e+00	   2.0347607e+00	   2.1622092e+00	   2.3946585e+00	   2.4129116e+00	   2.1678843e+00	   2.0085301e+00	   1.6539121e+00	   1.2936294e+00	   9.4254482e-01	   7.9769666e-01	   6.7537903e-01	   2.9900037e-01	             NaN	             NaN	             NaN	             NaN	             NaN	             NaN	             NaN	             NaN	             NaN	             NaN	             NaN	   0.0000000e+00	   0.0000000e+00	   0.0000000e+00	   0.0000000e+00	   0.0000000e+00	   0.0000000e+00	
  -6.5273093e-01	  -6.0896926e-01	   5.3301285e-01	   1.1380627e+00	   1.7549356e+00	   2.0288650e+00	   2.3272725e+00	   2.2639400e+00	   2.2743277e+00	   2.0186047e+00	   1.6714113e+00	   1.2522835e+00	   9.9007971e-01	   8.2848625e-01	   7.7902685e-01	   8.6539953e-01	             NaN	             NaN	             NaN	             NaN	             NaN	             NaN	             NaN	             NaN	             NaN	             NaN	             NaN	   0.0000000e+00	   0.0000000e+00	   0.0000000e+00	   0.0000000e+00	   0.0000000e+00	   0.0000000e+00	
  -1.7932205e+00	  -9.3021597e-01	   4.2089737e-01	   1.2788045e+00	   1.8985295e+00	   2.1226767e+00	   2.1821924e+00	   2.2481967e+00	   2.1925446e+00	   1.9493948e+00	   1.6973018e+00	   1.2269756e+00	   1.0234645e+00	   8.0858768e-01	   8.1721190e-01	   7.4453118e-01	   2.9162751e-01	             NaN	             NaN	             NaN	             NaN	             NaN	             NaN	             NaN	             NaN	             NaN	             NaN	             NaN	   0.0000000e+00	   0.0000000e+00	   0.0000000e+00	   0.0000000e+00	   0.0000000e+00	
  -4.1485348e-01	  -1.1104128e+00	   7.0491309e-02	   1.3316567e+00	   1.4549265e+00	   1.9480433e+00	   2.0900744e+00	   2.0561962e+00	   2.1311816e+00	   1.9166304e+00	   1.6420496e+00	   1.2450663e+00	   1.0416093e+00	   8.4338630e-01	   8.2189612e-01	   7.2542882e-01	   5.3743990e-01	             NaN	             NaN	             NaN	             NaN	             NaN	             NaN	             NaN	             NaN	             NaN	             NaN	             NaN	   0.0000000e+00	   0.0000000e+00	   0.0000000e+00	   0.0000000e+00	   0.0000000e+00	
  -1.0809097e+00	  -1.0684992e+00	  -4.2314252e-01	   1.2175845e+00	   1.6016880e+00	   1.8392227e+00	   2.0011576e+00	   2.0068056e+00	   2.0674276e+00	   1.8217345e+00	   1.5801479e+00	   1.2619559e+00	   1.0315106e+00	   9.1162714e-01	   8.4062918e-01	   8.5163330e-01	   7.7110102e-01	             NaN	             NaN	             NaN	             NaN	             NaN	             NaN	             NaN	             NaN	             NaN	             NaN	             NaN	   0.0000000e+00	   0.0000000e+00	   0.0000000e+00	   0.0000000e+00	   0.0000000e+00	
  -3.4480334e+00	  -2.7315411e+00	  -3.4191247e-01	   1.0624803e+00	   1.5012244e+00	   1.9062274e+00	   1.9905929e+00	   1.9143049e+00	   2.0205007e+00	   1.8434731e+00	   1.6282384e+00	   1.2620216e+00	   1.0818898e+00	   1.0013449e+00	   8.7221298e-01	   8.2904174e-01	   7.4418503e-01	   4.5712699e-01	             NaN	             NaN	             NaN	             NaN	             NaN	             NaN	             NaN	             NaN	             NaN	             NaN	             NaN	   0.0000000e+00	   0.0000000e+00	   0.0000000e+00	   0.0000000e+00	
  -2.7965263e+00	  -3.3503290e+00	  -9.5715851e-01	   6.0890594e-01	   1.5601060e+00	   1.9840101e+00	   1.9779413e+00	   1.9249225e+00	   1.8795357e+00	   1.7820878e+00	   1.6470116e+00	   1.2850166e+00	   1.0747546e+00	   1.0391193e+00	   9.0262185e-01	   8.2937413e-01	   7.8567976e-01	   4.9504045e-01	             NaN	             NaN	             NaN	             NaN	             NaN	             NaN	             NaN	             NaN	             NaN	             NaN	             NaN	   0.0000000e+00	   0.0000000e+00	   0.0000000e+00	   0.0000000e+00	
  -4.5714756e+00	  -3.8740346e+00	  -1.1711585e+00	   6.6120155e-02	   1.4526196e+00	   1.6417931e+00	   1.8140978e+00	   1.8978075e+00	   1.8129392e+00	   1.7917773e+00	   1.6081740e+00	   1.3313157e+00	   1.0588699e+00	   1.0070337e+00	   9.3481424e-01	   8.6048735e-01	   7.5812777e-01	   6.5872140e-01	   4.0099073e-01	             NaN	             NaN	             NaN	             NaN	             NaN	             NaN	             NaN	             NaN	             NaN	             NaN	             NaN	   0.0000000e+00	   0.0000000e+00	   0.0000000e+00	
  -3.9769037e+00	  -4.5399229e+00	  -1.8389857e+00	   5.2602747e-01	   1.0667237e+00	   1.5697700e+00	   1.8515545e+00	   1.8637575e+00	   1.8345469e+00	   1.7767357e+00	   1.5859111e+00	   1.2892046e+00	   1.1346590e+00	   1.0074807e+00	   9.8565084e-01	   9.0199137e-01	   8.1968214e-01	   7.5819418e-01	   4.1506155e-01	             NaN	             NaN	             NaN	             NaN	             NaN	             NaN	             NaN	             NaN	             NaN	             NaN	             NaN	   0.0000000e+00	   0.0000000e+00	   0.0000000e+00	
  -3.0881055e+00	  -4.0756485e+00	  -1.6468970e+00	  -1.3744337e-01	   1.1786511e+00	   1.6899397e+00	   1.7368216e+00	   1.8374068e+00	   1.7978895e+00	   1.7558134e+00	   1.5718869e+00	   1.3080431e+00	   1.1119071e+00	   1.0441969e+00	   9.9830089e-01	   9.3421270e-01	   8.1668509e-01	   8.5100102e-01	   5.1608879e-01	             NaN	             NaN	             NaN	             NaN	             NaN	             NaN	             NaN	             NaN	             NaN	             NaN	             NaN	   0.0000000e+00	   0.0000000e+00	   0.0000000e+00	
  -4.3060222e+00	  -3.3571755e+00	  -2.8960278e+00	   1.7590616e-01	   1.1347090e+00	   1.4437004e+00	   1.7090206e+00	   1.7875499e+00	   1.7477136e+00	   1.6567133e+00	   1.5592833e+00	   1.3010773e+00	   1.2160750e+00	   1.0969634e+00	   1.0221707e+00	   9.8334431e-01	   8.7569604e-01	   8.1904839e-01	   6.9077258e-01	   2.3441392e-01	             NaN	             NaN	             NaN	             NaN	             NaN	             NaN	             NaN	             NaN	             NaN	             NaN	             NaN	   0.0000000e+00	   0.0000000e+00	
  -4.8868299e+00	  -4.7884841e+00	  -2.2780970e+00	  -1.0857144e-02	   1.0713796e+00	   1.5947154e+00	   1.6759752e+00	   1.7063160e+00	   1.7758433e+00	   1.6272485e+00	   1.5622411e+00	   1.3390981e+00	   1.1784708e+00	   1.1405871e+00	   1.1625763e+00	   1.0473533e+00	   9.3714081e-01	   8.8035253e-01	   7.9625104e-01	   5.0121205e-01	             NaN	             NaN	             NaN	             NaN	             NaN	             NaN	             NaN	             NaN	             NaN	             NaN	             NaN	   0.0000000e+00	   0.0000000e+00	
  -6.2308131e+00	  -5.5983124e+00	  -2.1985576e+00	  -4.7983382e-01	   7.6410957e-01	   1.5517398e+00	   1.6674568e+00	   1.7023672e+00	   1.6860323e+00	   1.6768998e+00	   1.4716409e+00	   1.3385437e+00	   1.2099764e+00	   1.1785259e+00	   1.1224619e+00	   1.0816150e+00	   9.7422908e-01	   9.3353152e-01	   8.1921848e-01	   5.4524728e-01	   3.5899257e-01	             NaN	             NaN	             NaN	             NaN	             NaN	             NaN	             NaN	             NaN	             NaN	             NaN	             NaN	   0.0000000e+00	
  -5.5101388e+00	  -4.7957275e+00	  -3.2635825e+00	  -5.5076130e-01	   8.5213671e-01	   1.6150104e+00	   1.6893359e+00	   1.6541928e+00	   1.6231394e+00	   1.6324092e+00	   1.4680206e+00	   1.3719823e+00	   1.3048725e+00	   1.1946633e+00	   1.2092202e+00	   1.1456027e+00	   1.0784559e+00	   9.3492835e-01	   8.3705882e-01	   6.9992544e-01	   3.9099916e-01	             NaN	             NaN	             NaN	             NaN	             NaN	             NaN	             NaN	             NaN	             NaN	             NaN	             NaN	   0.0000000e+00	
  -4.3139109e+00	  -4.4767124e+00	  -3.1939576e+00	  -5.7651482e-01	   9.4763924e-01	   1.4687041e+00	   1.6743211e+00	   1.6671966e+00	   1.7085617e+00	   1.6395182e+00	   1.5438371e+00	   1.3744002e+00	   1.2346483e+00	   1.2979326e+00	   1.2382847e+00	   1.1391664e+00	   1.0710725e+00	   9.5636215e-01	   8.5302598e-01	   6.5875845e-01	   5.3842463e-01	             NaN	             NaN	             NaN	             NaN	             NaN	             NaN	             NaN	             NaN	             NaN	             NaN	             NaN	   0.0000000e+00	
  -5.1608361e+00	  -4.5967553e+00	  -4.0544123e+00	  -1.0950914e+00	   7.8835059e-01	   1.4785260e+00	   1.6103554e+00	   1.6743331e+00	   1.7245497e+00	   1.5997332e+00	   1.5089002e+00	   1.3683841e+00	   1.3726888e+00	   1.3049484e+00	   1.2394013e+00	   1.2454979e+00	   1.1181379e+00	   1.0453221e+00	   9.5373767e-01	   8.3875943e-01	   6.1364639e-01	   3.7978935e-01	             NaN	             NaN	             NaN	             NaN	             NaN	             NaN	             NaN	             NaN	             NaN	             NaN	             NaN	
  -5.6130565e+00	  -6.1142936e+00	  -3.9050916e+00	  -1.1831066e+00	   6.7765615e-01	   1.5371207e+00	   1.6498713e+00	   1.7392188e+00	   1.6806147e+00	   1.6075085e+00	   1.5442527e+00	   1.4474852e+00	   1.3673508e+00	   1.3927314e+00	   1.3277631e+00	   1.2583864e+00	   1.1809822e+00	   1.1013750e+00	   9.5565592e-01	   8.2742283e-01	   7.3347801e-01	   4.1908447e-01	             NaN	             NaN	             NaN	             NaN	             NaN	             NaN	             NaN	             NaN	             NaN	             NaN	             NaN	
  -5.7421033e+00	  -5.9588945e+00	  -3.0621052e+00	  -3.5544200e-01	   6.7169616e-01	   1.3849108e+00	   1.6458313e+00	   1.6382538e+00	   1.8071816e+00	   1.6127684e+00	   1.6200514e+00	   1.4442149e+00	   1.4311957e+00	   1.3925904e+00	   1.3559904e+00	   1.2831670e+00	   1.1833250e+00	   1.1123065e+00	   9.7408199e-01	   9.0027017e-01	   8.8673589e-01	   4.2868389e-01	   4.2170349e-01	             NaN	             NaN	             NaN	             NaN	             NaN	             NaN	             NaN	             NaN	             NaN	             NaN	
  -6.1298016e+00	  -6.6085574e+00	  -2.7934753e+00	  -4.4015341e-01	   9.5269399e-01	   1.4825746e+00	   1.6850915e+00	   1.7459736e+00	   1.7174116e+00	   1.6392165e+00	   1.6019562e+00	   1.4971050e+00	   1.4240462e+00	   1.3853388e+00	   1.4124594e+00	   1.3422491e+00	   1.2300012e+00	   1.1467469e+00	   1.0451626e+00	   9.1715362e-01	   8.3033145e-01	   6.1672234e-01	   4.4939687e-01	             NaN	             NaN	             NaN	             NaN	             NaN	             NaN	             NaN	             NaN	             NaN	             NaN	
  -5.3550637e+00	  -6.1042553e+00	  -3.4452395e+00	  -1.2877485e+00	   7.0461770e-01	   1.5498814e+00	   1.6294241e+00	   1.7279709e+00	   1.7421706e+00	   1.6349440e+00	   1.5944473e+00	   1.4837626e+00	   1.3935793e+00	   1.4617106e+00	   1.4454590e+00	   1.3523066e+00	   1.3230007e+00	   1.2127942e+00	   1.1032809e+00	   9.9809539e-01	   8.9576290e-01	   8.7735416e-01	   4.0179442e-01	             NaN	             NaN	             NaN	             NaN	             NaN	             NaN	             NaN	             NaN	             NaN	             NaN	
  -7.2317745e+00	  -4.4730481e+00	  -3.4634005e+00	  -1.0155923e+00	   7.8143043e-01	   1.4560329e+00	   1.6101543e+00	   1.7035847e+00	   1.7676464e+00	   1.6577761e+00	   1.6866127e+00	   1.5345944e+00	   1.4293877e+00	   1.4927766e+00	   1.5042996e+00	   1.3896579e+00	   1.3930564e+00	   1.2789965e+00	   1.1228985e+00	   1.0299675e+00	   9.3987517e-01	   9.8409430e-01	   4.6145576e-01	   5.1738942e-01	             NaN	             NaN	             NaN	             NaN	             NaN	             NaN	             NaN	             NaN	             NaN	
  -6.0378112e+00	  -5.1547221e+00	  -3.3489232e+00	  -8.5164117e-01	   7.9584350e-01	   1.6923632e+00	   1.7313403e+00	   1.7911594e+00	   1.7764285e+00	   1.7645166e+00	   1.6400939e+00	   1.4829337e+00	   1.5140396e+00	   1.5594670e+00	   1.5217842e+00	   1.4550927e+00	   1.3945729e+00	   1.2853981e+00	   1.2313388e+00	   1.1105056e+00	   9.5705538e-01	   9.6304930e-01	   6.8075333e-01	   4.3514118e-01	             NaN	             NaN	             NaN	             NaN	             NaN	             NaN	             NaN	             NaN	             NaN	
  -4.3864289e+00	  -4.6593037e+00	  -3.2692601e+00	  -6.4460107e-01	   8.0046329e-01	   1.5792771e+00	   1.7733546e+00	   1.8166811e+00	   1.7416215e+00	   1.7312410e+00	   1.5687452e+00	   1.5971004e+00	   1.5559450e+00	   1.5677323e+00	   1.5270117e+00	   1.5111060e+00	   1.3970959e+00	   1.3645323e+00	   1.2627738e+00	   1.1640496e+00	   1.0572106e+00	   9.7738349e-01	   8.8386646e-01	   3.9633153e-01	   5.6816489e-01	             NaN	             NaN	             NaN	             NaN	             NaN	             NaN	             NaN	             NaN	
  -4.9245456e+00	  -5.5476571e+00	  -2.6152730e+00	  -3.2478069e-01	   8.3628679e-01	   1.7129363e+00	   1.7217990e+00	   1.8511373e+00	   1.8502609e+00	   1.7680336e+00	   1.6621223e+00	   1.5829908e+00	   1.6423789e+00	   1.6003522e+00	   1.5994701e+00	   1.5666678e+00	   1.4586909e+00	   1.4532924e+00	   1.3360578e+00	   1.1776721e+00	   1.0824024e+00	   1.0105299e+00	   9.1168179e-01	   6.2575461e-01	   5.5613195e-01	             NaN	             NaN	             NaN	             NaN	             NaN	             NaN	             NaN	             NaN	
  -3.7027151e+00	  -4.1561594e+00	  -2.4718614e+00	   9.6094165e-02	   1.1730360e+00	   1.8252819e+00	   1.8273095e+00	   1.9666617e+00	   1.8934153e+00	   1.7835077e+00	   1.6980708e+00	   1.5857315e+00	   1.6581201e+00	   1.6687595e+00	   1.6433182e+00	   1.5446844e+00	   1.4994853e+00	   1.4486048e+00	   1.3294586e+00	   1.2724157e+00	   1.1399167e+00	   1.0824715e+00	   1.0084955e+00	   6.6366328e-01	   5.9330074e-01	             NaN	             NaN	             NaN	             NaN	             NaN	             NaN	             NaN	             NaN	
  -3.2644676e+00	  -3.9368162e+00	  -1.7380630e+00	  -4.1093279e-01	   8.2897192e-01	   1.7977656e+00	   2.0492101e+00	   1.9296202e+00	   1.9268628e+00	   1.8635454e+00	   1.7290569e+00	   1.7083919e+00	   1.6818864e+00	   1.6788069e+00	   1.6769992e+00	   1.6224076e+00	   1.5599009e+00	   1.4896965e+00	   1.3726003e+00	   1.2883701e+00	   1.2095458e+00	   1.0709972e+00	   9.5235485e-01	   9.0655799e-01	   5.6744565e-01	   6.4513379e-01	             NaN	             NaN	             NaN	             NaN	             NaN	             NaN	             NaN	
  -2.1000845e+00	  -3.1556164e+00	  -1.8406904e+00	  -8.8021024e-02	   1.4005813e+00	   1.8194075e+00	   1.9322137e+00	   1.9847586e+00	   2.0658287e+00	   1.7994551e+00	   1.6907593e+00	   1.6777768e+00	   1.6877861e+00	   1.7243840e+00	   1.6878186e+00	   1.6131145e+00	   1.5977234e+00	   1.5617719e+00	   1.4558782e+00	   1.3401281e+00	   1.2669817e+00	   1.1526109e+00	   1.0320188e+00	   9.8718002e-01	   6.5499743e-01	   6.4470832e-01	             NaN	             NaN	             NaN	             NaN	             NaN	             NaN	             NaN	
  -3.8917111e+00	  -2.7629503e+00	  -8.8395374e-01	   5.8733399e-01	   1.4108492e+00	   1.9878437e+00	   2.0448888e+00	   2.1113825e+00	   2.0056897e+00	   1.9162584e+00	   1.8251133e+00	   1.6360717e+00	   1.6737741e+00	   1.7639008e+00	   1.7137194e+00	   1.6883764e+00	   1.6254495e+00	   1.5891507e+00	   1.4735025e+00	   1.4130683e+00	   1.3050982e+00	   1.2294605e+00	   1.1225283e+00	   1.0307983e+00	   8.3810482e-01	   6.7042051e-01	   6.1661651e-01	             NaN	             NaN	             NaN	             NaN	             NaN	             NaN	
  -2.7371495e+00	  -2.1823327e+00	  -1.4050489e+00	   3.5694413e-01	   1.2516757e+00	   1.8485009e+00	   2.2248847e+00	   2.1352230e+00	   2.0671871e+00	   1.8959430e+00	   1.7653012e+00	   1.7281319e+00	   1.7134428e+00	   1.7645034e+00	   1.7786443e+00	   1.7191281e+00	   1.6552784e+00	   1.6045223e+00	   1.5479049e+00	   1.4068898e+00	   1.3453512e+00	   1.2833415e+00	   1.1890637e+00	   1.1102226e+00	   8.4345423e-01	   6.1002233e-01	   6.7288193e-01	             NaN	             NaN	             NaN	             NaN	             NaN	             NaN	
  -1.1438929e+00	  -1.6347408e+00	  -6.5723116e-01	   9.9064878e-01	   1.7314294e+00	   2.1712875e+00	   2.3983180e+00	   2.2775638e+00	   2.1584747e+00	   1.9464091e+00	   1.7554529e+00	   1.7168670e+00	   1.7166819e+00	   1.7558156e+00	   1.8106711e+00	   1.7961108e+00	   1.7070742e+00	   1.6617249e+00	   1.5484361e+00	   1.4446263e+00	   1.3885106e+00	   1.3332434e+00	   1.2146661e+00	   1.1183428e+00	   9.9561196e-01	   6.9168413e-01	   7.2588724e-01	             NaN	             NaN	             NaN	             NaN	             NaN	             NaN	
  -1.2082360e+00	  -9.9228301e-01	  -2.5919163e-01	   6.1105898e-01	   1.8205467e+00	   2.2676702e+00	   2.4037824e+00	   2.3800346e+00	   2.2426453e+00	   1.9494182e+00	   1.8175491e+00	   1.7228970e+00	   1.7363543e+00	   1.7599042e+00	   1.7979421e+00	   1.7722632e+00	   1.7070526e+00	   1.6953961e+00	   1.6016284e+00	   1.5514211e+00	   1.4546711e+00	   1.3809063e+00	   1.2732178e+00	   1.2092425e+00	   1.1623841e+00	   7.8811283e-01	   7.1457761e-01	   6.6067565e-01	             NaN	             NaN	             NaN	             NaN	             NaN	
  -2.1769938e+00	  -1.5385823e+00	  -2.2986805e-01	   1.1112483e+00	   1.9763263e+00	   2.1745731e+00	   2.4317219e+00	   2.4479471e+00	   2.2881086e+00	   1.9561044e+00	   1.8449545e+00	   1.7409903e+00	   1.7470111e+00	   1.8442139e+00	   1.8311996e+00	   1.8442372e+00	   1.7764668e+00	   1.7349756e+00	   1.6322083e+00	   1.5516437e+00	   1.5216152e+00	   1.4123513e+00	   1.3111716e+00	   1.2213309e+00	   1.1075791e+00	   1.0156823e+00	   7.0554604e-01	   7.1669522e-01	             NaN	             NaN	             NaN	             NaN	             NaN	
  -4.8724428e-01	  -1.0802662e+00	  -4.7652559e-01	   1.1485963e+00	   2.0253870e+00	   2.3286350e+00	   2.6798509e+00	   2.4834130e+00	   2.4064345e+00	   2.0281509e+00	   1.8783641e+00	   1.8014987e+00	   1.8264333e+00	   1.7788390e+00	   1.8269701e+00	   1.8323005e+00	   1.7569264e+00	   1.7428057e+00	   1.6880613e+00	   1.6305301e+00	   1.5443722e+00	   1.4375623e+00	   1.3565260e+00	   1.2662508e+00	   1.1788073e+00	   9.5827161e-01	   7.8320837e-01	   6.8979967e-01	   5.9215928e-01	             NaN	             NaN	             NaN	             NaN	
  -6.4801863e-01	  -3.0708117e-01	   1.1523532e-01	   1.2841718e+00	   1.9540135e+00	   2.6168999e+00	   2.4352735e+00	   2.4824410e+00	   2.3291508e+00	   2.0670792e+00	   1.9641997e+00	   1.7746531e+00	   1.8763365e+00	   1.8455919e+00	   1.8544925e+00	   1.8372986e+00	   1.8180929e+00	   1.8003581e+00	   1.7292382e+00	   1.6556481e+00	   1.6031269e+00	   1.5272414e+00	   1.3956799e+00	   1.3367868e+00	   1.2234137e+00	   1.0964556e+00	   8.4613640e-01	   7.4371958e-01	   6.7662642e-01	             NaN	             NaN	             NaN	             NaN	
   3.9202143e-01	  -7.6255936e-02	   3.2040108e-01	   1.6942334e+00	   2.1369363e+00	   2.6021598e+00	   2.5903642e+00	   2.5591925e+00	   2.3610040e+00	   2.1356085e+00	   1.9191863e+00	   1.8159150e+00	   1.8042771e+00	   1.8160629e+00	   1.9138186e+00	   1.8645330e+00	   1.7943489e+00	   1.8087160e+00	   1.7777071e+00	   1.7054994e+00	   1.6458422e+00	   1.5855210e+00	   1.4372460e+00	   1.3276293e+00	   1.2717565e+00	   1.1739366e+00	   9.5615251e-01	   7.4826734e-01	   6.9648624e-01	             NaN	             NaN	             NaN	             NaN	
  -2.7049439e-01	   3.5384570e-01	   6.8786324e-01	   1.7213004e+00	   2.1903853e+00	   2.6005680e+00	   2.7950128e+00	   2.6749231e+00	   2.4737115e+00	   2.1486434e+00	   1.9026454e+00	   1.8522362e+00	   1.8513731e+00	   1.8896927e+00	   1.8856451e+00	   1.9079747e+00	   1.8411605e+00	   1.8256152e+00	   1.7898082e+00	   1.7361524e+00	   1.6762409e+00	   1.5333162e+00	   1.5413221e+00	   1.4309349e+00	   1.3075555e+00	   1.2151867e+00	   1.0624828e+00	   8.3112528e-01	   7.1098338e-01	   5.9508928e-01	             NaN	             NaN	             NaN	
  -3.8176768e-01	   5.3706536e-01	   7.3411366e-01	   1.5094577e+00	   2.3802632e+00	   2.5730883e+00	   2.7474736e+00	   2.6647478e+00	   2.5170263e+00	   2.2382825e+00	   1.9073787e+00	   1.8773405e+00	   1.8693212e+00	   1.8814076e+00	   1.9293328e+00	   1.8985152e+00	   1.8354061e+00	   1.8276374e+00	   1.7868860e+00	   1.7491644e+00	   1.6732173e+00	   1.6205347e+00	   1.6048689e+00	   1.4629609e+00	   1.3684494e+00	   1.2381473e+00	   1.0972103e+00	   7.9056518e-01	   7.0443748e-01	   6.3227327e-01	             NaN	             NaN	             NaN	
   1.4039805e+00	   6.2493442e-01	   7.5065170e-01	   2.1642818e+00	   2.4147065e+00	   2.8728739e+00	   2.7304350e+00	   2.6883816e+00	   2.5669390e+00	   2.1765768e+00	   1.9337181e+00	   1.8896170e+00	   1.8116813e+00	   1.8859575e+00	   1.9739976e+00	   1.8481507e+00	   1.8584489e+00	   1.8884913e+00	   1.7939122e+00	   1.8147855e+00	   1.7215981e+00	   1.6619587e+00	   1.6155163e+00	   1.4669946e+00	   1.4022416e+00	   1.2758422e+00	   1.1573370e+00	   8.8009672e-01	   7.8665256e-01	   6.4901123e-01	   5.4737920e-01	             NaN	             NaN	
   9.2327829e-01	   1.0466544e+00	   1.4018949e+00	   2.0997907e+00	   2.6381563e+00	   2.7985370e+00	   2.7448106e+00	   2.8019375e+00	   2.5355071e+00	   2.2284270e+00	   1.9967058e+00	   1.8792444e+00	   1.8701946e+00	   1.8833371e+00	   1.9303410e+00	   1.8957759e+00	   1.8833800e+00	   1.8441219e+00	   1.8633026e+00	   1.8065160e+00	   1.7932927e+00	   1.7053582e+00	   1.6187837e+00	   1.5429532e+00	   1.4427204e+00	   1.2911403e+00	   1.2038672e+00	   9.3877921e-01	   7.3175213e-01	   6.8288709e-01	   5.5887230e-01	             NaN	             NaN	
  -1.4654338e-01	   7.5539946e-01	   1.8568060e+00	   2.2099348e+00	   2.5567467e+00	   2.9630675e+00	   2.9337590e+00	   2.9354938e+00	   2.5623445e+00	   2.1882131e+00	   1.9333405e+00	   1.8431476e+00	   1.8754110e+00	   1.8609146e+00	   1.9041608e+00	   1.9297942e+00	   1.9046822e+00	   1.8686754e+00	   1.8482968e+00	   1.8070309e+00	   1.7468872e+00	   1.6815639e+00	   1.5988014e+00	   1.5233053e+00	   1.4984263e+00	   1.3450024e+00	   1.2432369e+00	   1.0796289e+00	   7.3737589e-01	   7.0623068e-01	   6.2156493e-01	             NaN	             NaN	
  -2.8529130e-01	   1.0931971e+00	   2.3011152e+00	   2.2713167e+00	   2.6448606e+00	   2.9293859e+00	   3.0278713e+00	   2.8862442e+00	   2.5637031e+00	   2.2738888e+00	   1.9123402e+00	   1.9031054e+00	   1.8650287e+00	   1.9051390e+00	   1.9247175e+00	   1.8910283e+00	   1.8557055e+00	   1.8613386e+00	   1.8829245e+00	   1.8389603e+00	   1.8268911e+00	   1.6832316e+00	   1.6267690e+00	   1.5626709e+00	   1.4689827e+00	   1.4068417e+00	   1.2126639e+00	   1.1165860e+00	   8.8943947e-01	   7.1428874e-01	   6.2720167e-01	   5.1717285e-01	             NaN	
   1.3996973e+00	   2.3770930e+00	   1.8236149e+00	   2.1993020e+00	   2.6558735e+00	   2.8180615e+00	   3.0255457e+00	   2.9720180e+00	   2.6165045e+00	   2.3579841e+00	   1.9270323e+00	   1.8731856e+00	   1.8950932e+00	   1.9285493e+00	   1.9189350e+00	   1.9042891e+00	   1.9254080e+00	   1.8855452e+00	   1.9333305e+00	   1.8550473e+00	   1.7889947e+00	   1.7536342e+00	   1.6888116e+00	   1.5703216e+00	   1.4820606e+00	   1.4018285e+00	   1.2686454e+00	   1.1225026e+00	   8.8190181e-01	   6.8188183e-01	   6.4794661e-01	   5.4581337e-01	             NaN	
   1.3321642e+00	   1.6483109e+00	   1.8641439e+00	   2.3924286e+00	   2.9633823e+00	   2.9310972e+00	   3.1109070e+00	   2.9217411e+00	   2.7002147e+00	   2.1948184e+00	   1.9871907e+00	   1.8806988e+00	   1.8715955e+00	   1.8936861e+00	   1.8886922e+00	   1.9224696e+00	   1.8734811e+00	   1.8637956e+00	   1.8687297e+00	   1.8661686e+00	   1.7641444e+00	   1.7509651e+00	   1.7021110e+00	   1.5935848e+00	   1.4880135e+00	   1.4352945e+00	   1.3020696e+00	   1.1556652e+00	   8.8823380e-01	   6.7966966e-01	   6.3728446e-01	   5.8360976e-01	   4.7505214e-01	
   5.6519083e-01	   1.5578206e+00	   2.4343826e+00	   2.7573593e+00	   2.6942537e+00	   2.9676944e+00	   3.1033950e+00	   2.9334257e+00	   2.7737976e+00	   2.2096943e+00	   2.0161537e+00	   1.8168514e+00	   1.8254020e+00	   1.9162807e+00	   1.9598248e+00	   1.9070511e+00	   1.9170115e+00	   1.8753593e+00	   1.8697340e+00	   1.8502826e+00	   1.8022295e+00	   1.7888729e+00	   1.7035842e+00	   1.5984637e+00	   1.5616609e+00	   1.4441012e+00	   1.3451671e+00	   1.1375507e+00	   1.0194800e+00	   7.7650239e-01	   6.6596554e-01	   5.9430745e-01	   4.9266269e-01	
   1.6868881e+00	   1.8616455e+00	   2.3094905e+00	   2.5022019e+00	   3.0142382e+00	   3.1177972e+00	   3.2050389e+00	   2.9945668e+00	   2.7356053e+00	   2.3030033e+00	   1.9484543e+00	   1.8158973e+00	   1.9017099e+00	   1.8964532e+00	   1.9609811e+00	   1.9245594e+00	   1.9494958e+00	   1.8846176e+00	   1.8834539e+00	   1.8836716e+00	   1.8348012e+00	   1.7789309e+00	   1.6871426e+00	   1.6212633e+00	   1.5815923e+00	   1.4363316e+00	   1.3251262e+00	   1.2186046e+00	   1.0402063e+00	   8.2473687e-01	   6.7251203e-01	   6.0585669e-01	   5.4590885e-01	
   1.9772641e+00	   1.9909652e+00	   2.7139033e+00	   2.7000712e+00	   2.9256368e+00	   3.2196364e+00	   3.1717589e+00	   3.0073821e+00	   2.8265492e+00	   2.2359174e+00	   1.9594870e+00	   1.9028319e+00	   1.9129809e+00	   1.8496149e+00	   1.9662525e+00	   1.9045497e+00	   1.8739355e+00	   1.9069422e+00	   1.8386172e+00	   1.8192218e+00	   1.8085999e+00	   1.8130258e+00	   1.7519155e+00	   1.6451418e+00	   1.6124599e+00	   1.4919592e+00	   1.3328667e+00	   1.2170725e+00	   1.0524320e+00	   9.6530330e-01	   7.0319672e-01	   6.4568153e-01	   5.5571343e-01	
   2.1645927e+00	   2.2594274e+00	   2.3012682e+00	   2.8708619e+00	   2.9642190e+00	   3.1497180e+00	   2.9948457e+00	   3.0126735e+00	   2.7833158e+00	   2.2472660e+00	   1.9591857e+00	   1.8300635e+00	   1.8363830e+00	   1.8629299e+00	   1.9544006e+00	   1.8973477e+00	   1.8465882e+00	   1.8761164e+00	   1.8572628e+00	   1.9089131e+00	   1.8400148e+00	   1.8278749e+00	   1.7130394e+00	   1.6286451e+00	   1.6006758e+00	   1.4665259e+00	   1.3606782e+00	   1.2421428e+00	   1.1251815e+00	   9.5909040e-01	   7.0785389e-01	   5.9265297e-01	   5.9101228e-01	
   1.7222789e+00	   2.4618236e+00	   2.4778886e+00	   2.9329002e+00	   3.0297043e+00	   3.0014365e+00	   3.1304132e+00	   3.0536153e+00	   2.5954643e+00	   2.3524989e+00	   1.9783599e+00	   1.8218693e+00	   1.8725459e+00	   1.8679278e+00	   1.9332843e+00	   1.9338343e+00	   1.8871717e+00	   1.8986239e+00	   1.8465241e+00	   1.8332860e+00	   1.8179125e+00	   1.8019373e+00	   1.7515881e+00	   1.7034567e+00	   1.5913648e+00	   1.5674845e+00	   1.3851023e+00	   1.2186563e+00	   1.1060623e+00	   9.4181533e-01	   7.8728220e-01	   6.6546102e-01	   6.0617335e-01	
             NaN	   1.8570262e+00	   2.3475258e+00	   2.8388796e+00	   3.0790634e+00	   3.2764387e+00	   3.2656930e+00	   3.0122628e+00	   2.7309038e+00	   2.3177073e+00	   2.0034672e+00	   1.8534224e+00	   1.8159264e+00	   1.8859744e+00	   1.8690478e+00	   1.9263114e+00	   1.8505558e+00	   1.8773943e+00	   1.8307910e+00	   1.8456703e+00	   1.8194522e+00	   1.7769018e+00	   1.7104939e+00	   1.6257566e+00	   1.6037508e+00	   1.5172934e+00	   1.3802019e+00	   1.2486322e+00	   1.0929011e+00	   9.9367233e-01	   7.5963096e-01	   6.5425806e-01	   6.0528222e-01	
             NaN	   2.7230828e+00	   2.5216272e+00	   2.8218032e+00	   3.2531557e+00	   3.1722992e+00	   3.2119074e+00	   3.0296845e+00	   2.7639940e+00	   2.2823740e+00	   2.0751232e+00	   1.8741301e+00	   1.8634015e+00	   1.8719083e+00	   1.8387054e+00	   1.8711678e+00	   1.8823267e+00	   1.9230241e+00	   1.8499651e+00	   1.8333805e+00	   1.8193139e+00	   1.7666838e+00	   1.7059411e+00	   1.6771597e+00	   1.6274155e+00	   1.4943984e+00	   1.3907557e+00	   1.2570611e+00	   1.1152909e+00	   1.0247307e+00	   8.7464438e-01	   6.3779207e-01	   6.3685216e-01	
             NaN	   2.9571037e+00	   2.5387973e+00	   2.6889531e+00	   3.0555562e+00	   3.0862151e+00	   3.2104417e+00	   3.1355711e+00	   2.7438553e+00	   2.2635954e+00	   1.9865131e+00	   1.8581130e+00	   1.7409173e+00	   1.8274694e+00	   1.7681299e+00	   1.9168185e+00	   1.8559583e+00	   1.8405808e+00	   1.8495484e+00	   1.8241067e+00	   1.7882778e+00	   1.8048527e+00	   1.7108605e+00	   1.6837424e+00	   1.6062190e+00	   1.5266579e+00	   1.4247665e+00	   1.2604746e+00	   1.1498926e+00	   1.0200530e+00	   8.9036934e-01	   7.4764277e-01	   6.4795241e-01	
             NaN	   2.3228099e+00	   2.4384576e+00	   3.1898548e+00	   2.9086707e+00	   3.0689667e+00	   3.1203756e+00	   3.0599663e+00	   2.7753853e+00	   2.3672003e+00	   1.9465870e+00	   1.8674179e+00	   1.7988844e+00	   1.8909645e+00	   1.8247973e+00	   1.8399689e+00	   1.8437918e+00	   1.8483646e+00	   1.8179391e+00	   1.8266043e+00	   1.7497948e+00	   1.7648636e+00	   1.7237624e+00	   1.6337965e+00	   1.5942178e+00	   1.5427515e+00	   1.4393699e+00	   1.2839922e+00	   1.1499700e+00	   1.0217987e+00	   9.0930773e-01	   7.7042069e-01	   6.3508452e-01	
             NaN	   2.4366680e+00	   2.7006461e+00	   3.0934808e+00	   3.2196145e+00	   3.1375628e+00	   3.1532168e+00	   3.0806573e+00	   2.6352692e+00	   2.3312110e+00	   1.9652755e+00	   1.9124825e+00	   1.8164716e+00	   1.8088126e+00	   1.8197956e+00	   1.8825104e+00	   1.7740217e+00	   1.7523065e+00	   1.8488268e+00	   1.7717670e+00	   1.7891757e+00	   1.7223652e+00	   1.6838998e+00	   1.6475904e+00	   1.6026431e+00	   1.5044776e+00	   1.4259920e+00	   1.2990227e+00	   1.1849103e+00	   1.0538812e+00	   9.3912359e-01	   8.1828219e-01	   6.0449154e-01	
             NaN	   2.4853713e+00	   2.7433654e+00	   2.9291907e+00	   3.1364477e+00	   3.1015557e+00	   3.1923038e+00	   3.0550813e+00	   2.7011980e+00	   2.2651369e+00	   1.9803255e+00	   1.8388467e+00	   1.8597226e+00	   1.8078070e+00	   1.8171780e+00	   1.8163399e+00	   1.7931996e+00	   1.8088897e+00	   1.8309137e+00	   1.8497336e+00	   1.7795988e+00	   1.7852552e+00	   1.7129591e+00	   1.6196944e+00	   1.6067158e+00	   1.5262421e+00	   1.4337330e+00	   1.3091905e+00	   1.1450321e+00	   1.0276155e+00	   9.2825918e-01	   7.9078295e-01	   6.8607496e-01	
             NaN	             NaN	   2.7496678e+00	   2.6450108e+00	   3.2192532e+00	   3.0746143e+00	   3.1041504e+00	   3.0515380e+00	   2.6277678e+00	   2.3180512e+00	   1.9907803e+00	   1.8615518e+00	   1.6917201e+00	   1.8293148e+00	   1.8217519e+00	   1.7957297e+00	   1.7672786e+00	   1.8038232e+00	   1.7990302e+00	   1.7636360e+00	   1.7800135e+00	   1.7629778e+00	   1.6782917e+00	   1.6010582e+00	   1.5747386e+00	   1.5211006e+00	   1.4283943e+00	   1.2904403e+00	   1.1941892e+00	   1.0444708e+00	   9.5595678e-01	   8.3662879e-01	   7.4761221e-01	
             NaN	             NaN	   2.4777089e+00	   2.7346003e+00	   3.1446938e+00	   3.1639673e+00	   3.1460820e+00	   2.9201377e+00	   2.6670531e+00	   2.2633550e+00	   2.0221185e+00	   1.9190499e+00	   1.8261959e+00	   1.7847932e+00	   1.7561175e+00	   1.8684830e+00	   1.7145137e+00	   1.7733782e+00	   1.7534024e+00	   1.7548015e+00	   1.7847334e+00	   1.7041214e+00	   1.6093573e+00	   1.6379500e+00	   1.5305018e+00	   1.5280233e+00	   1.4181760e+00	   1.2893104e+00	   1.1947941e+00	   1.0361434e+00	   9.2099352e-01	   8.5035377e-01	   7.7968701e-01	
             NaN	             NaN	   3.0075347e+00	   2.9341896e+00	   3.0658513e+00	   3.1187018e+00	   3.2752004e+00	   2.8912556e+00	   2.6873272e+00	   2.3292190e+00	   1.9391441e+00	   1.7861792e+00	   1.6782963e+00	   1.7838156e+00	   1.8129543e+00	   1.7533139e+00	   1.7724510e+00	   1.7415429e+00	   1.7572758e+00	   1.7656791e+00	   1.7256304e+00	   1.7225746e+00	   1.6855489e+00	   1.6231228e+00	   1.5441239e+00	   1.4873898e+00	   1.4206007e+00	   1.2875738e+00	   1.2059870e+00	   1.0756292e+00	   9.6973688e-01	   8.7775328e-01	   8.6298133e-01	
             NaN	             NaN	   2.7309766e+00	   2.8462258e+00	   3.0225769e+00	   3.1761383e+00	   3.0939796e+00	   2.9996325e+00	   2.7428823e+00	   2.2435251e+00	   1.9423694e+00	   1.7910545e+00	   1.8441262e+00	   1.7149463e+00	   1.7278688e+00	   1.7759910e+00	   1.7144453e+00	   1.7480552e+00	   1.7433823e+00	   1.7372032e+00	   1.7115557e+00	   1.7172655e+00	   1.6274308e+00	   1.6040566e+00	   1.5796555e+00	   1.5112182e+00	   1.4011555e+00	   1.2991121e+00	   1.2201021e+00	   1.0894687e+00	   1.0063238e+00	   8.8038383e-01	   8.2374280e-01	
             NaN	             NaN	   2.8336751e+00	   3.0977148e+00	   3.0695376e+00	   3.1078465e+00	   3.0242727e+00	   2.9184809e+00	   2.5940893e+00	   2.2534365e+00	   1.8914094e+00	   1.8247820e+00	   1.7704339e+00	   1.7417075e+00	   1.7728647e+00	   1.7304960e+00	   1.7252566e+00	   1.7528786e+00	   1.6827244e+00	   1.7318449e+00	   1.6826117e+00	   1.6523993e+00	   1.6376156e+00	   1.5611015e+00	   1.5389148e+00	   1.4929394e+00	   1.3719577e+00	   1.2985040e+00	   1.1605089e+00	   1.0906564e+00	   9.6484783e-01	   9.0411980e-01	   8.2487876e-01	
             NaN	             NaN	             NaN	   3.1043476e+00	   3.1573414e+00	   3.0211304e+00	   2.9459408e+00	   2.9794491e+00	   2.7039237e+00	   2.3374537e+00	   2.0528743e+00	   1.8361457e+00	   1.7959478e+00	   1.7496389e+00	   1.7618157e+00	   1.7850976e+00	   1.7198634e+00	   1.7236828e+00	   1.7113599e+00	   1.6568110e+00	   1.6372689e+00	   1.6426075e+00	   1.5856650e+00	   1.5909931e+00	   1.5346618e+00	   1.4645217e+00	   1.3639311e+00	   1.2939880e+00	   1.1928667e+00	   1.0655668e+00	   1.0182170e+00	   9.1818358e-01	   8.4347169e-01	
             NaN	             NaN	             NaN	   2.7984010e+00	   2.9719071e+00	   3.1203118e+00	   2.8770318e+00	   2.9115244e+00	   2.6485007e+00	   2.3146946e+00	   2.0633831e+00	   1.8246946e+00	   1.7725412e+00	   1.7957201e+00	   1.7293921e+00	   1.6822484e+00	   1.7020430e+00	   1.6700129e+00	   1.6768110e+00	   1.6580153e+00	   1.6039974e+00	   1.6142663e+00	   1.6241517e+00	   1.5593448e+00	   1.5142485e+00	   1.4466693e+00	   1.3788423e+00	   1.2699316e+00	   1.1785265e+00	   1.1019151e+00	   9.9003800e-01	   9.2037247e-01	   8.5950144e-01	
             NaN	             NaN	             NaN	   2.8120363e+00	   2.9418046e+00	   3.0884132e+00	   2.8358752e+00	   2.7356880e+00	   2.6095610e+00	   2.2819908e+00	   1.9642902e+00	   1.7925824e+00	   1.8685125e+00	   1.7266912e+00	   1.7267087e+00	   1.6801783e+00	   1.6682865e+00	   1.6818235e+00	   1.6187491e+00	   1.5814065e+00	   1.6779027e+00	   1.6311343e+00	   1.5860788e+00	   1.5533055e+00	   1.5043999e+00	   1.4329240e+00	   1.3905877e+00	   1.2951872e+00	   1.1869614e+00	   1.0898106e+00	   1.0105487e+00	   9.3566237e-01	   8.1632617e-01	
             NaN	             NaN	             NaN	   2.8198799e+00	   3.0566059e+00	   2.9474037e+00	   3.0183767e+00	   2.7717876e+00	   2.4793306e+00	   2.2239871e+00	   1.8311942e+00	   1.8554630e+00	   1.7182132e+00	   1.7766752e+00	   1.6701052e+00	   1.6561260e+00	   1.6598336e+00	   1.6304514e+00	   1.6518792e+00	   1.6433477e+00	   1.6330222e+00	   1.5934538e+00	   1.5368151e+00	   1.5531089e+00	   1.4636723e+00	   1.4579008e+00	   1.3679708e+00	   1.2618939e+00	   1.1851738e+00	   1.0755155e+00	   1.0061396e+00	   9.3285579e-01	   8.6362525e-01	
             NaN	             NaN	             NaN	   3.0215549e+00	   2.9383388e+00	   3.1034597e+00	   2.9547452e+00	   2.7958464e+00	   2.5853426e+00	   2.1222406e+00	   1.9192152e+00	   1.7981420e+00	   1.7440904e+00	   1.7140319e+00	   1.6937261e+00	   1.6958556e+00	   1.6322185e+00	   1.6410636e+00	   1.6313761e+00	   1.6175265e+00	   1.6358906e+00	   1.5676654e+00	   1.5193280e+00	   1.4843410e+00	   1.4515128e+00	   1.4352357e+00	   1.3775559e+00	   1.2792887e+00	   1.1864471e+00	   1.1014344e+00	   9.9944194e-01	   9.2600735e-01	   8.5054406e-01	
             NaN	             NaN	             NaN	             NaN	   2.8993592e+00	   3.0029630e+00	   2.8861560e+00	   2.8387324e+00	   2.5718991e+00	   2.1911802e+00	   1.8811385e+00	   1.8039591e+00	   1.7963380e+00	   1.7483116e+00	   1.6961385e+00	   1.7166555e+00	   1.6090105e+00	   1.5946241e+00	   1.5955764e+00	   1.6090307e+00	   1.5771271e+00	   1.5535724e+00	   1.5255453e+00	   1.4865571e+00	   1.4307724e+00	   1.4046797e+00	   1.3437020e+00	   1.2533837e+00	   1.1745936e+00	   1.0873995e+00	   9.9889211e-01	   9.2062291e-01	   8.6191310e-01	
             NaN	             NaN	             NaN	             NaN	   2.9639546e+00	   2.8094917e+00	   2.9473020e+00	   2.7573487e+00	   2.5014070e+00	   2.1928966e+00	   1.9187537e+00	   1.7706068e+00	   1.7422872e+00	   1.7082030e+00	   1.6872383e+00	   1.6345965e+00	   1.6520762e+00	   1.5773138e+00	   1.5459407e+00	   1.5805147e+00	   1.5272835e+00	   1.5387450e+00	   1.4998799e+00	   1.4653534e+00	   1.4203880e+00	   1.4087392e+00	   1.3363723e+00	   1.2161498e+00	   1.1620207e+00	   1.0877053e+00	   9.7555313e-01	   9.5207373e-01	   8.6245750e-01	
             NaN	             NaN	             NaN	             NaN	   2.9060217e+00	   2.7659707e+00	   2.7471187e+00	   2.7573810e+00	   2.3683996e+00	   2.1525208e+00	   1.8767145e+00	   1.7715646e+00	   1.7158668e+00	   1.7154610e+00	   1.6936594e+00	   1.6250508e+00	   1.6380258e+00	   1.5941399e+00	   1.5301951e+00	   1.6013667e+00	   1.5277227e+00	   1.4748051e+00	   1.4988059e+00	   1.4162958e+00	   1.3606366e+00	   1.3638756e+00	   1.3362952e+00	   1.2707925e+00	   1.1472401e+00	   1.0860398e+00	   1.0047903e+00	   9.4543511e-01	   8.8978574e-01	
             NaN	             NaN	             NaN	             NaN	   2.9902696e+00	   2.8276205e+00	   2.8777161e+00	   2.8115949e+00	   2.4556529e+00	   2.1601724e+00	   1.8742440e+00	   1.7763708e+00	   1.6809752e+00	   1.6656199e+00	   1.6112442e+00	   1.5949460e+00	   1.6308900e+00	   1.5320221e+00	   1.5973617e+00	   1.5237452e+00	   1.4947987e+00	   1.4923554e+00	   1.4624834e+00	   1.4112168e+00	   1.4033352e+00	   1.3662635e+00	   1.2845013e+00	   1.1983389e+00	   1.1429733e+00	   1.0547841e+00	   9.9569774e-01	   9.3459202e-01	   8.8466823e-01	
             NaN	             NaN	             NaN	             NaN	   2.9337993e+00	   2.9730899e+00	   2.8824410e+00	   2.7091397e+00	   2.3749179e+00	   2.0596910e+00	   1.9368461e+00	   1.7662406e+00	   1.7171331e+00	   1.6029766e+00	   1.6410913e+00	   1.6406921e+00	   1.5889457e+00	   1.5218199e+00	   1.4979897e+00	   1.5231643e+00	   1.4843415e+00	   1.4950323e+00	   1.4288386e+00	   1.4031956e+00	   1.3578113e+00	   1.3384205e+00	   1.2427980e+00	   1.1928856e+00	   1.1164293e+00	   1.0765446e+00	   9.6667079e-01	   9.3410880e-01	   8.8857574e-01	
             NaN	             NaN	             NaN	             NaN	             NaN	   2.8110854e+00	   2.7804400e+00	   2.6049222e+00	   2.3818331e+00	   2.0681934e+00	   1.7927349e+00	   1.6763178e+00	   1.6678128e+00	   1.6859488e+00	   1.6107339e+00	   1.5646080e+00	   1.4922291e+00	   1.5301962e+00	   1.5020498e+00	   1.5022402e+00	   1.4760026e+00	   1.4598612e+00	   1.4302130e+00	   1.3802112e+00	   1.3665216e+00	   1.3254533e+00	   1.2715912e+00	   1.2287278e+00	   1.1289615e+00	   1.0290477e+00	   1.0100325e+00	   9.3780856e-01	   8.9501043e-01	
             NaN	             NaN	             NaN	             NaN	             NaN	   2.8593230e+00	   2.8069396e+00	   2.5144621e+00	   2.3938394e+00	   2.1969900e+00	   1.7968812e+00	   1.7644205e+00	   1.6797439e+00	   1.5958280e+00	   1.6168112e+00	   1.5620720e+00	   1.5535011e+00	   1.4767017e+00	   1.4578495e+00	   1.4385805e+00	   1.4223410e+00	   1.4285528e+00	   1.3758506e+00	   1.3693324e+00	   1.3274020e+00	   1.3052107e+00	   1.2534844e+00	   1.1647382e+00	   1.1086837e+00	   1.0151047e+00	   9.8031128e-01	   9.4662765e-01	   8.6386260e-01	
             NaN	             NaN	             NaN	             NaN	             NaN	   2.8888639e+00	   2.7095676e+00	   2.6230791e+00	   2.2970300e+00	   1.9258494e+00	   1.8392641e+00	   1.7757996e+00	   1.6345169e+00	   1.6151769e+00	   1.6191850e+00	   1.5958833e+00	   1.5332109e+00	   1.4670552e+00	   1.4176185e+00	   1.4229613e+00	   1.4204278e+00	   1.3866601e+00	   1.3630241e+00	   1.3247593e+00	   1.3133480e+00	   1.3172993e+00	   1.2182360e+00	   1.1731298e+00	   1.0803612e+00	   1.0264987e+00	   9.7316612e-01	   9.3972522e-01	   8.9494598e-01	
             NaN	             NaN	             NaN	             NaN	             NaN	   2.8725598e+00	   2.6131516e+00	   2.5093366e+00	   2.3590517e+00	   1.9695405e+00	   1.7874346e+00	   1.7827887e+00	   1.6614764e+00	   1.5758727e+00	   1.5618304e+00	   1.5270535e+00	   1.4817637e+00	   1.4789193e+00	   1.4830703e+00	   1.4200806e+00	   1.3643863e+00	   1.3870732e+00	   1.3628135e+00	   1.3247222e+00	   1.3131975e+00	   1.2879941e+00	   1.2135801e+00	   1.1602982e+00	   1.0778859e+00	   1.0171918e+00	   9.7289085e-01	   9.3765407e-01	   8.9068768e-01	
             NaN	             NaN	             NaN	             NaN	             NaN	   2.7516622e+00	   2.5912459e+00	   2.4956725e+00	   2.2616683e+00	   2.0740285e+00	   1.8099439e+00	   1.6293148e+00	   1.6372110e+00	   1.5111845e+00	   1.5657157e+00	   1.5103206e+00	   1.5052821e+00	   1.4387656e+00	   1.4077534e+00	   1.4333131e+00	   1.4196673e+00	   1.3489541e+00	   1.3374046e+00	   1.2863750e+00	   1.3066394e+00	   1.2531620e+00	   1.1803081e+00	   1.1650956e+00	   1.0846998e+00	   1.0335356e+00	   9.6847469e-01	   8.9396329e-01	   8.8523827e-01	
             NaN	             NaN	             NaN	             NaN	             NaN	             NaN	   2.5851100e+00	   2.4734678e+00	   2.2776130e+00	   2.0611545e+00	   1.7119456e+00	   1.6637731e+00	   1.5767575e+00	   1.5541640e+00	   1.5490249e+00	   1.4804352e+00	   1.4680281e+00	   1.4378649e+00	   1.4407195e+00	   1.3671140e+00	   1.3732403e+00	   1.3381487e+00	   1.2797745e+00	   1.2753385e+00	   1.2435804e+00	   1.2306991e+00	   1.2124662e+00	   1.1245991e+00	   1.0982139e+00	   1.0211103e+00	   9.2952106e-01	   9.0659561e-01	   8.6680886e-01	
             NaN	             NaN	             NaN	             NaN	             NaN	             NaN	   2.4938837e+00	   2.4077711e+00	   2.1653821e+00	   1.9142968e+00	   1.7819379e+00	   1.6512953e+00	   1.6767912e+00	   1.5712898e+00	   1.5510990e+00	   1.4626497e+00	   1.4765386e+00	   1.4453904e+00	   1.3824074e+00	   1.4127517e+00	   1.3554848e+00	   1.2985991e+00	   1.3089129e+00	   1.2705953e+00	   1.2217811e+00	   1.1960009e+00	   1.1815444e+00	   1.1466411e+00	   1.0768023e+00	   1.0160947e+00	   9.3721492e-01	   9.2477843e-01	   9.0950002e-01	
   0.0000000e+00	             NaN	             NaN	             NaN	             NaN	             NaN	   2.5264576e+00	   2.4513269e+00	   2.2069215e+00	   1.9552206e+00	   1.7960121e+00	   1.6687031e+00	   1.5841611e+00	   1.5264425e+00	   1.5521579e+00	   1.4895063e+00	   1.4104674e+00	   1.3401189e+00	   1.4263917e+00	   1.3467457e+00	   1.3027003e+00	   1.2994089e+00	   1.2813890e+00	   1.2369041e+00	   1.2231206e+00	   1.1853023e+00	   1.1335486e+00	   1.1348796e+00	   1.0707788e+00	   1.0056435e+00	   9.3251535e-01	   9.0472447e-01	   8.5375115e-01	
   0.0000000e+00	             NaN	             NaN	             NaN	             NaN	             NaN	   2.3967189e+00	   2.5137237e+00	   2.3008781e+00	   2.0263329e+00	   1.8002159e+00	   1.6245392e+00	   1.5494286e+00	   1.5771409e+00	   1.5622993e+00	   1.4509101e+00	   1.4387091e+00	   1.3863332e+00	   1.3192304e+00	   1.3165629e+00	   1.2805169e+00	   1.3082645e+00	   1.2513531e+00	   1.2539589e+00	   1.2183754e+00	   1.1551516e+00	   1.1122981e+00	   1.1071896e+00	   1.0390514e+00	   9.6346897e-01	   9.3693119e-01	   8.9375271e-01	   8.7455462e-01	
   0.0000000e+00	             NaN	             NaN	             NaN	             NaN	             NaN	   2.4534835e+00	   2.2729693e+00	   2.1791244e+00	   1.8923145e+00	   1.7210212e+00	   1.6368020e+00	   1.5435787e+00	   1.5043601e+00	   1.4458689e+00	   1.4281385e+00	   1.3584939e+00	   1.3521895e+00	   1.3547248e+00	   1.2912949e+00	   1.2746764e+00	   1.3172105e+00	   1.2607598e+00	   1.1934230e+00	   1.1696639e+00	   1.1586621e+00	   1.1324240e+00	   1.0698551e+00	   1.0150232e+00	   9.7193055e-01	   9.3302547e-01	   9.2197332e-01	   8.3112721e-01	
   0.0000000e+00	             NaN	             NaN	             NaN	             NaN	             NaN	             NaN	   2.3894624e+00	   2.1553833e+00	   1.7991849e+00	   1.7790598e+00	   1.5754420e+00	   1.5426822e+00	   1.5084536e+00	   1.4535119e+00	   1.4555420e+00	   1.4034314e+00	   1.3471503e+00	   1.3451564e+00	   1.2566850e+00	   1.2454886e+00	   1.2366139e+00	   1.2346950e+00	   1.1833427e+00	   1.1603996e+00	   1.1563521e+00	   1.1025345e+00	   1.0612570e+00	   1.0333973e+00	   1.0086445e+00	   9.2541475e-01	   8.7096112e-01	   8.5428380e-01	
   0.0000000e+00	             NaN	             NaN	             NaN	             NaN	             NaN	             NaN	   2.3529072e+00	   2.1225818e+00	   1.9521486e+00	   1.7954871e+00	   1.6451034e+00	   1.5829138e+00	   1.4378071e+00	   1.4019543e+00	   1.4260716e+00	   1.3499183e+00	   1.3647477e+00	   1.2560824e+00	   1.2607632e+00	   1.2821519e+00	   1.1958860e+00	   1.2129561e+00	   1.1613982e+00	   1.1905685e+00	   1.1122650e+00	   1.1279680e+00	   1.0639925e+00	   9.8366989e-01	   9.5834521e-01	   8.9374749e-01	   8.8542772e-01	   8.3277544e-01	
   0.0000000e+00	   0.0000000e+00	             NaN	             NaN	             NaN	             NaN	             NaN	   2.3688304e+00	   2.0687087e+00	   1.8049088e+00	   1.6586133e+00	   1.6549382e+00	   1.5502067e+00	   1.4686098e+00	   1.5050342e+00	   1.4070977e+00	   1.3214764e+00	   1.2713796e+00	   1.3304048e+00	   1.2817725e+00	   1.2216994e+00	   1.2194237e+00	   1.1774739e+00	   1.1725474e+00	   1.1141171e+00	   1.1341544e+00	   1.0943343e+00	   1.0480869e+00	   9.7913815e-01	   9.2711337e-01	   9.0866197e-01	   8.5297438e-01	   8.4638822e-01	
   0.0000000e+00	   0.0000000e+00	             NaN	             NaN	             NaN	             NaN	             NaN	   2.2456648e+00	   2.0278950e+00	   1.8660499e+00	   1.6839298e+00	   1.5254378e+00	   1.5359810e+00	   1.4832040e+00	   1.4162683e+00	   1.4020269e+00	   1.3178786e+00	   1.3024813e+00	   1.2608483e+00	   1.2081744e+00	   1.2512498e+00	   1.1721694e+00	   1.1420147e+00	   1.1544691e+00	   1.1159631e+00	   1.1061756e+00	   1.0529135e+00	   1.0311287e+00	   1.0171350e+00	   9.2804933e-01	   8.9065878e-01	   8.7614686e-01	   8.6596845e-01	
   0.0000000e+00	   0.0000000e+00	             NaN	             NaN	             NaN	             NaN	             NaN	   2.1221370e+00	   1.8755547e+00	   1.8667368e+00	   1.6423778e+00	   1.5211058e+00	   1.5121923e+00	   1.3963851e+00	   1.4187833e+00	   1.3518703e+00	   1.2899242e+00	   1.2721546e+00	   1.2194272e+00	   1.1983207e+00	   1.2413156e+00	   1.1504427e+00	   1.1467689e+00	   1.0733035e+00	   1.0592496e+00	   1.0633472e+00	   1.0281030e+00	   1.0037003e+00	   9.8813562e-01	   9.0558781e-01	   8.7045481e-01	   8.4811610e-01	   8.0288188e-01	
   0.0000000e+00	   0.0000000e+00	             NaN	             NaN	             NaN	             NaN	             NaN	             NaN	   2.0364017e+00	   1.7696338e+00	   1.6426781e+00	   1.5334176e+00	   1.4743162e+00	   1.4471344e+00	   1.3513513e+00	   1.3299257e+00	   1.2822995e+00	   1.2461011e+00	   1.2757191e+00	   1.2312349e+00	   1.1477050e+00	   1.1371684e+00	   1.1227873e+00	   1.0895031e+00	   1.0883188e+00	   1.0462422e+00	   9.9422569e-01	   1.0121593e+00	   9.4020468e-01	   8.8682830e-01	   8.7395643e-01	   8.1299560e-01	   8.1479262e-01	
   0.0000000e+00	   0.0000000e+00	             NaN	             NaN	             NaN	             NaN	             NaN	             NaN	   2.0118409e+00	   1.7943238e+00	   1.6373539e+00	   1.4855300e+00	   1.4428699e+00	   1.4303617e+00	   1.4095659e+00	   1.3045229e+00	   1.2507220e+00	   1.2029698e+00	   1.2432847e+00	   1.1615714e+00	   1.1811321e+00	   1.1687372e+00	   1.1136725e+00	   1.0340742e+00	   1.0460890e+00	   1.0085685e+00	   9.8722637e-01	   9.6081830e-01	   9.1503215e-01	   8.9029496e-01	   8.5851879e-01	   8.5035494e-01	   7.8459259e-01	
   0.0000000e+00	   0.0000000e+00	   0.0000000e+00	             NaN	             NaN	             NaN	             NaN	             NaN	   1.9119516e+00	   1.7021893e+00	   1.6240309e+00	   1.4756716e+00	   1.4234280e+00	   1.4166379e+00	   1.3200938e+00	   1.3209111e+00	   1.2184188e+00	   1.2336115e+00	   1.1629537e+00	   1.1228794e+00	   1.1323736e+00	   1.0697984e+00	   1.0926816e+00	   1.0802848e+00	   1.0520531e+00	   9.8108015e-01	   9.9197606e-01	   9.3924431e-01	   9.0179802e-01	   8.8117591e-01	   8.3433836e-01	   8.1358687e-01	   7.7688822e-01	
   0.0000000e+00	   0.0000000e+00	   0.0000000e+00	             NaN	             NaN	             NaN	             NaN	             NaN	   1.8743008e+00	   1.7585870e+00	   1.5544658e+00	   1.4507875e+00	   1.4291369e+00	   1.3421688e+00	   1.2817310e+00	   1.2679711e+00	   1.2384555e+00	   1.2183453e+00	   1.1692065e+00	   1.1512029e+00	   1.1255282e+00	   1.0803579e+00	   1.0479922e+00	   9.8772886e-01	   1.0390270e+00	   9.7473404e-01	   9.7113741e-01	   9.2558552e-01	   9.1708172e-01	   8.5539705e-01	   8.2968731e-01	   7.8653548e-01	   8.0225789e-01	
   0.0000000e+00	   0.0000000e+00	   0.0000000e+00	             NaN	             NaN	             NaN	             NaN	             NaN	   1.8835876e+00	   1.6376107e+00	   1.4822428e+00	   1.4754914e+00	   1.3832315e+00	   1.4129888e+00	   1.3178327e+00	   1.3015736e+00	   1.2017785e+00	   1.1766244e+00	   1.1422479e+00	   1.1077958e+00	   1.0745345e+00	   1.0385578e+00	   1.0109274e+00	   1.0399128e+00	   9.8473754e-01	   9.6931671e-01	   9.4099382e-01	   9.4032673e-01	   9.0418843e-01	   8.9142564e-01	   8.1195484e-01	   7.8898618e-01	   7.7160586e-01	
   0.0000000e+00	   0.0000000e+00	   0.0000000e+00	             NaN	             NaN	             NaN	             NaN	             NaN	   1.8244284e+00	   1.7898157e+00	   1.5913343e+00	   1.4677825e+00	   1.3795236e+00	   1.2872841e+00	   1.3356358e+00	   1.2766369e+00	   1.1524385e+00	   1.2115269e+00	   1.0955081e+00	   1.1347599e+00	   1.0487934e+00	   1.0577663e+00	   1.0091898e+00	   1.0061353e+00	   9.4568153e-01	   9.5714853e-01	   9.4166173e-01	   9.0258509e-01	   8.7092837e-01	   8.3950247e-01	   7.7589631e-01	   7.8515916e-01	   7.5916468e-01	
   0.0000000e+00	   0.0000000e+00	   0.0000000e+00	             NaN	             NaN	             NaN	             NaN	             NaN	             NaN	   1.6566206e+00	   1.4906542e+00	   1.4644497e+00	   1.3333807e+00	   1.2722360e+00	   1.2092480e+00	   1.2277246e+00	   1.1827345e+00	   1.1479402e+00	   1.1045154e+00	   1.0763986e+00	   1.0630512e+00	   9.9837491e-01	   9.6928760e-01	   9.7632368e-01	   9.6354633e-01	   9.6932022e-01	   9.1706333e-01	   8.6255898e-01	   8.6495717e-01	   8.3643843e-01	   8.1237077e-01	   7.4489232e-01	   7.1694537e-01	
   0.0000000e+00	   0.0000000e+00	   0.0000000e+00	   0.0000000e+00	             NaN	             NaN	             NaN	             NaN	             NaN	   1.5400409e+00	   1.4957329e+00	   1.4093588e+00	   1.3665274e+00	   1.1936399e+00	   1.2573932e+00	   1.2091231e+00	   1.1725498e+00	   1.1492506e+00	   1.0993727e+00	   1.0722617e+00	   1.0517696e+00	   1.0011470e+00	   9.9456165e-01	   9.4883593e-01	   9.3324014e-01	   9.3652682e-01	   8.8375273e-01	   8.7854767e-01	   8.3787112e-01	   7.7661169e-01	   7.7768296e-01	   7.6044681e-01	   7.1433776e-01	
   0.0000000e+00	   0.0000000e+00	   0.0000000e+00	   0.0000000e+00	             NaN	             NaN	             NaN	             NaN	             NaN	   1.5686707e+00	   1.4372644e+00	   1.3833783e+00	   1.3497950e+00	   1.2804229e+00	   1.2477708e+00	   1.1652346e+00	   1.1776239e+00	   1.0920000e+00	   1.0788881e+00	   1.0751015e+00	   1.0187228e+00	   9.7693085e-01	   9.4911338e-01	   9.4592773e-01	   9.1661247e-01	   9.2510552e-01	   8.6488295e-01	   8.3547865e-01	   8.0037560e-01	   7.8964545e-01	   7.6923284e-01	   7.4196330e-01	   7.0439089e-01	
   0.0000000e+00	   0.0000000e+00	   0.0000000e+00	   0.0000000e+00	             NaN	             NaN	             NaN	             NaN	             NaN	   1.6384466e+00	   1.4535346e+00	   1.3661100e+00	   1.3220128e+00	   1.2600369e+00	   1.2580460e+00	   1.1322015e+00	   1.1211580e+00	   1.0912888e+00	   9.8460488e-01	   1.0080721e+00	   1.0400162e+00	   9.4619139e-01	   9.2133869e-01	   9.3066718e-01	   9.0203226e-01	   8.8352926e-01	   8.7564111e-01	   8.2793177e-01	   7.8721493e-01	   7.6581343e-01	   7.7289132e-01	   7.0913905e-01	   7.5711368e-01	
   0.0000000e+00	   0.0000000e+00	   0.0000000e+00	   0.0000000e+00	             NaN	             NaN	             NaN	             NaN	             NaN	   1.6122908e+00	   1.4000569e+00	   1.3736185e+00	   1.3036706e+00	   1.2244097e+00	   1.2088028e+00	   1.1422739e+00	   1.1091449e+00	   9.9792828e-01	   1.0297231e+00	   1.0102663e+00	   9.4226174e-01	   9.6265030e-01	   9.3881498e-01	   8.6546352e-01	   8.5791522e-01	   8.6743600e-01	   8.1343780e-01	   8.2083471e-01	   7.7940648e-01	   7.6128217e-01	   7.6055349e-01	   7.1544127e-01	   6.9811662e-01	
   0.0000000e+00	   0.0000000e+00	   0.0000000e+00	   0.0000000e+00	             NaN	             NaN	             NaN	             NaN	             NaN	             NaN	   1.4703637e+00	   1.2787937e+00	   1.3354249e+00	   1.1649469e+00	   1.1373629e+00	   1.0948937e+00	   1.0432560e+00	   1.0192442e+00	   1.0076338e+00	   9.8397551e-01	   9.6869687e-01	   9.5095848e-01	   8.9342764e-01	   8.8220979e-01	   8.8449730e-01	   8.2265295e-01	   8.1373571e-01	   8.2265534e-01	   7.5620195e-01	   7.3159904e-01	   7.4281793e-01	   6.8997689e-01	   6.8602585e-01	
   0.0000000e+00	   0.0000000e+00	   0.0000000e+00	   0.0000000e+00	             NaN	             NaN	             NaN	             NaN	             NaN	             NaN	   1.4496724e+00	   1.3487679e+00	   1.1777554e+00	   1.2236052e+00	   1.1379434e+00	   1.0901145e+00	   1.0559966e+00	   1.0219980e+00	   1.0338902e+00	   9.3757325e-01	   9.1900969e-01	   9.2512939e-01	   8.6537358e-01	   8.7109073e-01	   8.8411458e-01	   8.4446782e-01	   8.1367175e-01	   7.8501607e-01	   7.4360354e-01	   7.0317173e-01	   7.3646563e-01	   6.9436555e-01	   6.7873263e-01	
   0.0000000e+00	   0.0000000e+00	   0.0000000e+00	   0.0000000e+00	   0.0000000e+00	             NaN	             NaN	             NaN	             NaN	             NaN	   1.3468914e+00	   1.2790771e+00	   1.2389950e+00	   1.1483717e+00	   1.1324439e+00	   1.0829830e+00	   1.0268205e+00	   1.0085980e+00	   9.8492188e-01	   1.0016434e+00	   9.3508039e-01	   9.1539205e-01	   8.7874669e-01	   8.5489513e-01	   8.0078000e-01	   8.0200104e-01	   7.8520418e-01	   7.9063579e-01	   7.5153957e-01	   6.8562697e-01	   7.0751567e-01	   6.6133108e-01	   6.3669690e-01	
   0.0000000e+00	   0.0000000e+00	   0.0000000e+00	   0.0000000e+00	   0.0000000e+00	             NaN	             NaN	             NaN	             NaN	             NaN	   1.2930789e+00	   1.2266959e+00	   1.1717038e+00	   1.2318352e+00	   1.1575470e+00	   1.0944436e+00	   9.9678996e-01	   9.3371848e-01	   9.3776376e-01	   9.2842691e-01	   9.1638327e-01	   8.5469908e-01	   8.0322005e-01	   8.2784157e-01	   7.9081648e-01	   8.0178947e-01	   8.1301924e-01	   7.6629811e-01	   6.9935480e-01	   6.6273130e-01	   6.7939294e-01	   6.6418751e-01	   6.3555461e-01	
   0.0000000e+00	   0.0000000e+00	   0.0000000e+00	   0.0000000e+00	   0.0000000e+00	             NaN	             NaN	             NaN	             NaN	             NaN	   1.3578727e+00	   1.2592334e+00	   1.1683050e+00	   1.1018056e+00	   1.0233186e+00	   1.0126867e+00	   9.9896685e-01	   1.0302352e+00	   9.7602654e-01	   9.2486870e-01	   8.6546893e-01	   8.5782022e-01	   8.5662387e-01	   7.9499889e-01	   7.8347627e-01	   7.6863796e-01	   7.5422104e-01	   7.1538081e-01	   6.7851864e-01	   6.9914215e-01	   7.0661537e-01	   6.5219367e-01	   6.0734941e-01	
   0.0000000e+00	   0.0000000e+00	   0.0000000e+00	   0.0000000e+00	   0.0000000e+00	             NaN	             NaN	             NaN	             NaN	             NaN	             NaN	   1.1866625e+00	   1.1153387e+00	   1.1095588e+00	   1.0915257e+00	   1.0257615e+00	   9.3374812e-01	   9.1851582e-01	   9.2682571e-01	   8.3713846e-01	   8.4484543e-01	   8.0896869e-01	   8.1259709e-01	   7.8580856e-01	   8.0244150e-01	   7.4139034e-01	   7.2165495e-01	   7.3676160e-01	   6.6665795e-01	   6.8151015e-01	   6.2305188e-01	   6.3495277e-01	   6.3203067e-01	
   0.0000000e+00	   0.0000000e+00	   0.0000000e+00	   0.0000000e+00	   0.0000000e+00	             NaN	             NaN	             NaN	             NaN	             NaN	             NaN	   1.1677505e+00	   1.0904932e+00	   1.0967297e+00	   1.0782091e+00	   9.8800280e-01	   9.8684526e-01	   9.3962575e-01	   8.9861941e-01	   8.7793598e-01	   8.6088153e-01	   7.9285652e-01	   7.7779180e-01	   7.6590057e-01	   7.2753145e-01	   7.4284136e-01	   7.2030453e-01	   7.0168582e-01	   6.6440315e-01	   6.5188511e-01	   6.3982008e-01	   6.0667010e-01	   5.8336448e-01	
   0.0000000e+00	   0.0000000e+00	   0.0000000e+00	   0.0000000e+00	   0.0000000e+00	   0.0000000e+00	             NaN	             NaN	             NaN	             NaN	             NaN	   1.1959645e+00	   1.1536330e+00	   1.0725316e+00	   1.0168387e+00	   9.6487780e-01	   9.0925956e-01	   8.9196805e-01	   8.7009301e-01	   8.2666538e-01	   8.4442991e-01	   7.8725742e-01	   7.6951746e-01	   7.5564775e-01	   8.0279227e-01	   7.2275190e-01	   6.8743447e-01	   6.6420624e-01	   6.6454322e-01	   6.2751871e-01	   6.0677564e-01	   6.1154660e-01	   5.6302880e-01	
   0.0000000e+00	   0.0000000e+00	   0.0000000e+00	   0.0000000e+00	   0.0000000e+00	   0.0000000e+00	             NaN	             NaN	             NaN	             NaN	             NaN	   1.1892708e+00	   1.1599514e+00	   1.0388631e+00	   1.0718268e+00	   9.9879834e-01	   9.3738275e-01	   8.2728560e-01	   8.6911502e-01	   8.2177888e-01	   8.4445782e-01	   8.1722245e-01	   7.7926959e-01	   7.5481076e-01	   7.3204690e-01	   7.1085824e-01	   7.0991411e-01	   6.4849973e-01	   6.4922813e-01	   6.2424663e-01	   6.1402649e-01	   5.8125023e-01	   5.9297735e-01	
   0.0000000e+00	   0.0000000e+00	   0.0000000e+00	   0.0000000e+00	   0.0000000e+00	   0.0000000e+00	             NaN	             NaN	             NaN	             NaN	             NaN	   1.1205309e+00	   1.0091813e+00	   1.0510872e+00	   9.4765672e-01	   1.0027468e+00	   9.3955815e-01	   9.0716718e-01	   8.5236733e-01	   7.9515479e-01	   7.9142421e-01	   7.3952145e-01	   7.1740035e-01	   7.5636983e-01	   7.3187559e-01	   6.9018557e-01	   6.5975526e-01	   6.3959298e-01	   6.1554096e-01	   5.9555083e-01	   5.9217650e-01	   5.8489284e-01	   5.4276409e-01	
   0.0000000e+00	   0.0000000e+00	   0.0000000e+00	   0.0000000e+00	   0.0000000e+00	   0.0000000e+00	             NaN	             NaN	             NaN	             NaN	             NaN	             NaN	   1.0849186e+00	   9.2608732e-01	   9.6967580e-01	   9.4244992e-01	   8.9566464e-01	   8.6480546e-01	   8.2865415e-01	   8.2295261e-01	   7.3955895e-01	   7.4650573e-01	   7.4457171e-01	   6.7175573e-01	   7.1838675e-01	   6.8269073e-01	   6.6179612e-01	   6.5729509e-01	   6.0236594e-01	   6.0999535e-01	   5.6978007e-01	   5.7061312e-01	   5.3409347e-01	
   0.0000000e+00	   0.0000000e+00	   0.0000000e+00	   0.0000000e+00	   0.0000000e+00	   0.0000000e+00	             NaN	             NaN	             NaN	             NaN	             NaN	             NaN	   1.0854375e+00	   9.4491279e-01	   9.5560237e-01	   9.5505459e-01	   8.8260865e-01	   8.7304510e-01	   8.3032608e-01	   7.6117412e-01	   7.9527300e-01	   7.3369859e-01	   6.9808874e-01	   6.5592736e-01	   6.6357950e-01	   6.8071526e-01	   6.1950034e-01	   6.0830758e-01	   5.8664571e-01	   5.8429825e-01	   5.4854207e-01	   5.4141833e-01	   5.3147818e-01	
   0.0000000e+00	   0.0000000e+00	   0.0000000e+00	   0.0000000e+00	   0.0000000e+00	   0.0000000e+00	   0.0000000e+00	             NaN	             NaN	             NaN	             NaN	             NaN	   1.0314077e+00	   9.9112222e-01	   9.5960973e-01	   9.1132370e-01	   8.1849533e-01	   8.2051581e-01	   7.9052233e-01	   7.4310380e-01	   7.7896961e-01	   7.1092244e-01	   6.7254151e-01	   6.6471514e-01	   6.5332896e-01	   6.5378826e-01	   6.1014400e-01	   6.1535965e-01	   5.9456055e-01	   5.7519605e-01	   5.6916363e-01	   5.2281585e-01	   5.4021198e-01	
   0.0000000e+00	   0.0000000e+00	   0.0000000e+00	   0.0000000e+00	   0.0000000e+00	   0.0000000e+00	   0.0000000e+00	             NaN	             NaN	             NaN	             NaN	             NaN	   1.0011419e+00	   9.0257827e-01	   9.0754613e-01	   9.6069421e-01	   8.2328978e-01	   8.1246000e-01	   7.5650284e-01	   7.7381320e-01	   7.2839816e-01	   6.9052418e-01	   7.0303074e-01	   6.4211661e-01	   6.4952297e-01	   6.2497447e-01	   6.2009409e-01	   6.2089030e-01	   5.9317850e-01	   5.5135167e-01	   5.2583602e-01	   5.4229491e-01	   5.1198862e-01	
   0.0000000e+00	   0.0000000e+00	   0.0000000e+00	   0.0000000e+00	   0.0000000e+00	   0.0000000e+00	   0.0000000e+00	             NaN	             NaN	             NaN	             NaN	             NaN	   9.4313161e-01	   9.1189333e-01	   8.8391619e-01	   8.8249646e-01	   8.1535144e-01	   7.6648512e-01	   7.2159681e-01	   7.1030764e-01	   7.4163702e-01	   6.8502394e-01	   6.7281077e-01	   5.9762979e-01	   6.3095336e-01	   6.2452125e-01	   5.8849233e-01	   5.9658151e-01	   5.7939964e-01	   5.3480813e-01	   5.1535908e-01	   5.0929466e-01	   5.0038192e-01	
   0.0000000e+00	   0.0000000e+00	   0.0000000e+00	   0.0000000e+00	   0.0000000e+00	   0.0000000e+00	   0.0000000e+00	             NaN	             NaN	             NaN	             NaN	             NaN	             NaN	   8.9152774e-01	   8.5317350e-01	   7.7783077e-01	   7.9155765e-01	   7.8955124e-01	   7.3246620e-01	   6.5529152e-01	   6.7834447e-01	   6.6875959e-01	   6.3871801e-01	   6.0995112e-01	   6.1518902e-01	   5.9480113e-01	   5.7633491e-01	   5.6380730e-01	   5.3894111e-01	   5.2264412e-01	   5.1991305e-01	   4.8824765e-01	   4.8758202e-01	
   0.0000000e+00	   0.0000000e+00	   0.0000000e+00	   0.0000000e+00	   0.0000000e+00	   0.0000000e+00	   0.0000000e+00	             NaN	             NaN	             NaN	             NaN	             NaN	             NaN	   9.7810225e-01	   8.4970669e-01	   8.1704986e-01	   7.4428027e-01	   7.4407510e-01	   6.9475859e-01	   6.8700920e-01	   7.0669826e-01	   6.3481892e-01	   6.2911394e-01	   5.9861622e-01	   5.7395486e-01	   5.9796576e-01	   5.6313945e-01	   5.7182177e-01	   5.2494514e-01	   5.0085034e-01	   4.9372847e-01	   5.0959346e-01	   4.6702371e-01	
   0.0000000e+00	   0.0000000e+00	   0.0000000e+00	   0.0000000e+00	   0.0000000e+00	   0.0000000e+00	   0.0000000e+00	   0.0000000e+00	             NaN	             NaN	             NaN	             NaN	             NaN	   8.9776395e-01	   8.6679730e-01	   7.7399070e-01	   8.1119830e-01	   7.1490790e-01	   6.8038434e-01	   6.7539011e-01	   6.9114397e-01	   6.4319926e-01	   6.1019771e-01	   5.9006897e-01	   5.7108451e-01	   5.8723731e-01	   5.1570801e-01	   5.0412459e-01	   5.2060685e-01	   5.0348968e-01	   4.8499307e-01	   4.7960011e-01	   4.6580641e-01	
   0.0000000e+00	   0.0000000e+00	   0.0000000e+00	   0.0000000e+00	   0.0000000e+00	   0.0000000e+00	   0.0000000e+00	   0.0000000e+00	             NaN	             NaN	             NaN	             NaN	             NaN	   8.7005871e-01	   8.2817261e-01	   8.3169443e-01	   7.1774802e-01	   7.3240989e-01	   7.5350359e-01	   6.5370820e-01	   6.2975034e-01	   6.3451807e-01	   6.1313895e-01	   5.7682400e-01	   5.6178205e-01	   5.5073035e-01	   5.7860971e-01	   5.0561881e-01	   4.9078722e-01	   4.6401348e-01	   4.4436042e-01	   4.8279750e-01	   4.7084330e-01	
   0.0000000e+00	   0.0000000e+00	   0.0000000e+00	   0.0000000e+00	   0.0000000e+00	   0.0000000e+00	   0.0000000e+00	   0.0000000e+00	             NaN	             NaN	             NaN	             NaN	             NaN	   8.2686997e-01	   8.1897573e-01	   8.3234507e-01	   7.8144199e-01	   7.1838577e-01	   6.7392405e-01	   6.4223685e-01	   6.1792105e-01	   6.0894043e-01	   5.8204722e-01	   5.6167591e-01	   5.3025620e-01	   5.1277450e-01	   5.4534731e-01	   5.1192603e-01	   4.9670727e-01	   4.6092414e-01	   4.5524633e-01	   4.3253166e-01	   4.5475024e-01	
   0.0000000e+00	   0.0000000e+00	   0.0000000e+00	   0.0000000e+00	   0.0000000e+00	   0.0000000e+00	   0.0000000e+00	   0.0000000e+00	             NaN	             NaN	             NaN	             NaN	             NaN	             NaN	   8.6812082e-01	   8.1687668e-01	   7.3052161e-01	   6.6627349e-01	   6.9271723e-01	   6.7508118e-01	   6.2695882e-01	   5.8732565e-01	   6.1476218e-01	   5.5968316e-01	   5.6472448e-01	   5.3086024e-01	   5.1239307e-01	   4.7923927e-01	   4.6863267e-01	   4.7207602e-01	   4.3725680e-01	   4.6151945e-01	   4.3874007e-01	
   0.0000000e+00	   0.0000000e+00	   0.0000000e+00	   0.0000000e+00	   0.0000000e+00	   0.0000000e+00	   0.0000000e+00	   0.0000000e+00	             NaN	             NaN	             NaN	             NaN	             NaN	             NaN	   8.2928336e-01	   7.1038447e-01	   6.9137403e-01	   6.7754168e-01	   6.4011765e-01	   5.7998601e-01	   6.0263886e-01	   5.8316981e-01	   5.2907305e-01	   5.7970964e-01	   5.2386763e-01	   5.0202301e-01	   4.7351383e-01	   4.6566020e-01	   4.7313115e-01	   4.5601096e-01	   4.3380293e-01	   4.2661608e-01	   4.0952716e-01	
   0.0000000e+00	   0.0000000e+00	   0.0000000e+00	   0.0000000e+00	   0.0000000e+00	   0.0000000e+00	   0.0000000e+00	   0.0000000e+00	   0.0000000e+00	             NaN	             NaN	             NaN	             NaN	             NaN	   8.1108726e-01	   7.0024288e-01	   7.2574835e-01	   6.8562794e-01	   6.2189597e-01	   5.7928790e-01	   6.0136551e-01	   5.7302477e-01	   5.4782121e-01	   5.1901698e-01	   5.2158110e-01	   4.8006080e-01	   4.9870986e-01	   4.9413781e-01	   4.6715060e-01	   4.4208077e-01	   4.3456536e-01	   4.1995242e-01	   4.4411655e-01	
   0.0000000e+00	   0.0000000e+00	   0.0000000e+00	   0.0000000e+00	   0.0000000e+00	   0.0000000e+00	   0.0000000e+00	   0.0000000e+00	   0.0000000e+00	             NaN	             NaN	             NaN	             NaN	             NaN	   7.7847592e-01	   6.6202829e-01	   6.9447616e-01	   6.5231464e-01	   6.2947973e-01	   6.6083096e-01	   5.2785818e-01	   5.2932965e-01	   4.6906303e-01	   5.0317239e-01	   5.2843227e-01	   4.6356877e-01	   4.7721044e-01	   4.8883546e-01	   4.5402549e-01	   4.2889890e-01	   3.9526133e-01	   4.0653004e-01	   4.0023846e-01	
   0.0000000e+00	   0.0000000e+00	   0.0000000e+00	   0.0000000e+00	   0.0000000e+00	   0.0000000e+00	   0.0000000e+00	   0.0000000e+00	   0.0000000e+00	             NaN	             NaN	             NaN	             NaN	             NaN	   7.5974605e-01	   7.2940792e-01	   6.2173738e-01	   6.2376707e-01	   6.1903640e-01	   5.9582050e-01	   6.0474256e-01	   5.4127435e-01	   5.4162081e-01	   5.0132882e-01	   5.0714743e-01	   4.9367074e-01	   4.6235732e-01	   4.1725567e-01	   4.1878633e-01	   4.0647817e-01	   4.0422655e-01	   3.6835026e-01	   4.1277636e-01	
   0.0000000e+00	   0.0000000e+00	   0.0000000e+00	   0.0000000e+00	   0.0000000e+00	   0.0000000e+00	   0.0000000e+00	   0.0000000e+00	   0.0000000e+00	             NaN	             NaN	             NaN	             NaN	             NaN	             NaN	   7.1373512e-01	   6.6579042e-01	   6.6485449e-01	   5.7460934e-01	   5.7820708e-01	   5.5159191e-01	   5.4318112e-01	   5.0847978e-01	   4.6984678e-01	   4.7663279e-01	   4.7957191e-01	   4.7898460e-01	   4.2891962e-01	   4.4737006e-01	   4.0382347e-01	   4.0137684e-01	   3.9811830e-01	   3.8586008e-01	
   0.0000000e+00	   0.0000000e+00	   0.0000000e+00	   0.0000000e+00	   0.0000000e+00	   0.0000000e+00	   0.0000000e+00	   0.0000000e+00	   0.0000000e+00	             NaN	             NaN	             NaN	             NaN	             NaN	             NaN	   6.9682245e-01	   6.4765899e-01	   6.2370040e-01	   6.0689388e-01	   5.9281610e-01	   5.3404410e-01	   5.3982815e-01	   4.7568372e-01	   5.0403095e-01	   4.6093153e-01	   5.0256892e-01	   4.7367904e-01	   3.6145517e-01	   3.8949476e-01	   3.8894761e-01	   3.5206855e-01	   3.8329858e-01	   3.8958496e-01	
   0.0000000e+00	   0.0000000e+00	   0.0000000e+00	   0.0000000e+00	   0.0000000e+00	   0.0000000e+00	   0.0000000e+00	   0.0000000e+00	   0.0000000e+00	   0.0000000e+00	             NaN	             NaN	             NaN	             NaN	             NaN	   6.5622649e-01	   6.2312984e-01	   6.1275569e-01	   5.5212827e-01	   5.2852242e-01	   5.5565787e-01	   5.0770890e-01	   4.7101667e-01	   4.6151747e-01	   4.6121976e-01	   4.5550586e-01	   4.2034746e-01	   4.3155421e-01	   4.0058987e-01	   3.8740888e-01	   3.6200710e-01	   3.8057110e-01	   3.9115959e-01	
