  -3.0272523e+00	  -1.8425866e+00	  -5.3391439e-01	             NaN	             NaN	             NaN	             NaN	             NaN	             NaN	             NaN	             NaN	             NaN	             NaN	             NaN	   0.0000000e+00	   0.0000000e+00	   0.0000000e+00	   0.0000000e+00	   0.0000000e+00	   0.0000000e+00	   0.0000000e+00	   0.0000000e+00	   0.0000000e+00	   0.0000000e+00	   0.0000000e+00	   0.0000000e+00	   0.0000000e+00	   0.0000000e+00	   0.0000000e+00	   0.0000000e+00	   0.0000000e+00	   0.0000000e+00	   0.0000000e+00	
  -2.0834283e-01	   1.4233618e+00	  -9.6557382e-01	             NaN	             NaN	             NaN	             NaN	             NaN	             NaN	             NaN	             NaN	             NaN	             NaN	             NaN	   0.0000000e+00	   0.0000000e+00	   0.0000000e+00	   0.0000000e+00	   0.0000000e+00	   0.0000000e+00	   0.0000000e+00	   0.0000000e+00	   0.0000000e+00	   0.0000000e+00	   0.0000000e+00	   0.0000000e+00	   0.0000000e+00	   0.0000000e+00	   0.0000000e+00	   0.0000000e+00	   0.0000000e+00	   0.0000000e+00	   0.0000000e+00	
  -3.0504365e-03	  -1.5647996e+00	  -1.4396894e-01	             NaN	             NaN	             NaN	             NaN	             NaN	             NaN	             NaN	             NaN	             NaN	             NaN	             NaN	   0.0000000e+00	   0.0000000e+00	   0.0000000e+00	   0.0000000e+00	   0.0000000e+00	   0.0000000e+00	   0.0000000e+00	   0.0000000e+00	   0.0000000e+00	   0.0000000e+00	   0.0000000e+00	   0.0000000e+00	   0.0000000e+00	   0.0000000e+00	   0.0000000e+00	   0.0000000e+00	   0.0000000e+00	   0.0000000e+00	   0.0000000e+00	
  -3.5005177e-01	   3.0081224e-01	  -1.9166334e-01	   4.3416603e-01	             NaN	             NaN	             NaN	             NaN	             NaN	             NaN	             NaN	             NaN	             NaN	             NaN	             NaN	   0.0000000e+00	   0.0000000e+00	   0.0000000e+00	   0.0000000e+00	   0.0000000e+00	   0.0000000e+00	   0.0000000e+00	   0.0000000e+00	   0.0000000e+00	   0.0000000e+00	   0.0000000e+00	   0.0000000e+00	   0.0000000e+00	   0.0000000e+00	   0.0000000e+00	   0.0000000e+00	   0.0000000e+00	   0.0000000e+00	
  -3.2082775e-02	   1.4104221e+00	   1.6592751e-01	   1.2917327e+00	             NaN	             NaN	             NaN	             NaN	             NaN	             NaN	             NaN	             NaN	             NaN	             NaN	             NaN	   0.0000000e+00	   0.0000000e+00	   0.0000000e+00	   0.0000000e+00	   0.0000000e+00	   0.0000000e+00	   0.0000000e+00	   0.0000000e+00	   0.0000000e+00	   0.0000000e+00	   0.0000000e+00	   0.0000000e+00	   0.0000000e+00	   0.0000000e+00	   0.0000000e+00	   0.0000000e+00	   0.0000000e+00	   0.0000000e+00	
   1.8917292e+00	   8.3996523e-02	   9.6674410e-01	   1.6098882e+00	   2.8161628e+00	             NaN	             NaN	             NaN	             NaN	             NaN	             NaN	             NaN	             NaN	             NaN	             NaN	             NaN	   0.0000000e+00	   0.0000000e+00	   0.0000000e+00	   0.0000000e+00	   0.0000000e+00	   0.0000000e+00	   0.0000000e+00	   0.0000000e+00	   0.0000000e+00	   0.0000000e+00	   0.0000000e+00	   0.0000000e+00	   0.0000000e+00	   0.0000000e+00	   0.0000000e+00	   0.0000000e+00	   0.0000000e+00	
   2.3480431e+00	   1.6395033e+00	   2.0255508e+00	   2.1047030e+00	   2.5324874e+00	             NaN	             NaN	             NaN	             NaN	             NaN	             NaN	             NaN	             NaN	             NaN	             NaN	             NaN	   0.0000000e+00	   0.0000000e+00	   0.0000000e+00	   0.0000000e+00	   0.0000000e+00	   0.0000000e+00	   0.0000000e+00	   0.0000000e+00	   0.0000000e+00	   0.0000000e+00	   0.0000000e+00	   0.0000000e+00	   0.0000000e+00	   0.0000000e+00	   0.0000000e+00	   0.0000000e+00	   0.0000000e+00	
   2.3512831e+00	   1.8712619e+00	   1.4796362e+00	   2.2315610e+00	   2.7708990e+00	             NaN	             NaN	             NaN	             NaN	             NaN	             NaN	             NaN	             NaN	             NaN	             NaN	             NaN	   0.0000000e+00	   0.0000000e+00	   0.0000000e+00	   0.0000000e+00	   0.0000000e+00	   0.0000000e+00	   0.0000000e+00	   0.0000000e+00	   0.0000000e+00	   0.0000000e+00	   0.0000000e+00	   0.0000000e+00	   0.0000000e+00	   0.0000000e+00	   0.0000000e+00	   0.0000000e+00	   0.0000000e+00	
   1.8606177e+00	   2.2316146e+00	   1.2752339e+00	   2.3815656e+00	   3.0965373e+00	   3.5145717e+00	             NaN	             NaN	             NaN	             NaN	             NaN	             NaN	             NaN	             NaN	             NaN	             NaN	             NaN	   0.0000000e+00	   0.0000000e+00	   0.0000000e+00	   0.0000000e+00	   0.0000000e+00	   0.0000000e+00	   0.0000000e+00	   0.0000000e+00	   0.0000000e+00	   0.0000000e+00	   0.0000000e+00	   0.0000000e+00	   0.0000000e+00	   0.0000000e+00	   0.0000000e+00	   0.0000000e+00	
   2.3463282e+00	   1.9279628e+00	   2.3532773e+00	   2.6189546e+00	   3.6472312e+00	   3.6980168e+00	             NaN	             NaN	             NaN	             NaN	             NaN	             NaN	             NaN	             NaN	             NaN	             NaN	             NaN	   0.0000000e+00	   0.0000000e+00	   0.0000000e+00	   0.0000000e+00	   0.0000000e+00	   0.0000000e+00	   0.0000000e+00	   0.0000000e+00	   0.0000000e+00	   0.0000000e+00	   0.0000000e+00	   0.0000000e+00	   0.0000000e+00	   0.0000000e+00	   0.0000000e+00	   0.0000000e+00	
   1.3561086e+00	   1.9451535e+00	   2.9446938e+00	   2.4299908e+00	   3.4075757e+00	   3.6718156e+00	   3.5431185e+00	             NaN	             NaN	             NaN	             NaN	             NaN	             NaN	             NaN	             NaN	             NaN	             NaN	             NaN	   0.0000000e+00	   0.0000000e+00	   0.0000000e+00	   0.0000000e+00	   0.0000000e+00	   0.0000000e+00	   0.0000000e+00	   0.0000000e+00	   0.0000000e+00	   0.0000000e+00	   0.0000000e+00	   0.0000000e+00	   0.0000000e+00	   0.0000000e+00	   0.0000000e+00	
   2.7762347e+00	   2.4969336e+00	   2.4429136e+00	   2.6788882e+00	   3.7258683e+00	   3.6024804e+00	   3.6934465e+00	             NaN	             NaN	             NaN	             NaN	             NaN	             NaN	             NaN	             NaN	             NaN	             NaN	             NaN	   0.0000000e+00	   0.0000000e+00	   0.0000000e+00	   0.0000000e+00	   0.0000000e+00	   0.0000000e+00	   0.0000000e+00	   0.0000000e+00	   0.0000000e+00	   0.0000000e+00	   0.0000000e+00	   0.0000000e+00	   0.0000000e+00	   0.0000000e+00	   0.0000000e+00	
   2.8148086e+00	   1.9444382e+00	   3.5321269e+00	   3.2388782e+00	   3.3559207e+00	   3.6986239e+00	   3.8355796e+00	             NaN	             NaN	             NaN	             NaN	             NaN	             NaN	             NaN	             NaN	             NaN	             NaN	             NaN	   0.0000000e+00	   0.0000000e+00	   0.0000000e+00	   0.0000000e+00	   0.0000000e+00	   0.0000000e+00	   0.0000000e+00	   0.0000000e+00	   0.0000000e+00	   0.0000000e+00	   0.0000000e+00	   0.0000000e+00	   0.0000000e+00	   0.0000000e+00	   0.0000000e+00	
   2.6164330e+00	   2.2110833e+00	   2.8228762e+00	   3.1045319e+00	   3.8816419e+00	   3.6516089e+00	   3.8476643e+00	   3.5409580e+00	             NaN	             NaN	             NaN	             NaN	             NaN	             NaN	             NaN	             NaN	             NaN	             NaN	             NaN	   0.0000000e+00	   0.0000000e+00	   0.0000000e+00	   0.0000000e+00	   0.0000000e+00	   0.0000000e+00	   0.0000000e+00	   0.0000000e+00	   0.0000000e+00	   0.0000000e+00	   0.0000000e+00	   0.0000000e+00	   0.0000000e+00	   0.0000000e+00	
   2.7076156e+00	   2.2222526e+00	   2.9036163e+00	   3.4438225e+00	   3.6006604e+00	   3.7434321e+00	   3.6993504e+00	   3.1438256e+00	             NaN	             NaN	             NaN	             NaN	             NaN	             NaN	             NaN	             NaN	             NaN	             NaN	             NaN	   0.0000000e+00	   0.0000000e+00	   0.0000000e+00	   0.0000000e+00	   0.0000000e+00	   0.0000000e+00	   0.0000000e+00	   0.0000000e+00	   0.0000000e+00	   0.0000000e+00	   0.0000000e+00	   0.0000000e+00	   0.0000000e+00	   0.0000000e+00	
   2.6926249e+00	   2.8477583e+00	   3.0368293e+00	   3.6031488e+00	   3.4308411e+00	   3.6818618e+00	   3.8005959e+00	   3.4531792e+00	   2.6927748e+00	             NaN	             NaN	             NaN	             NaN	             NaN	             NaN	             NaN	             NaN	             NaN	             NaN	             NaN	   0.0000000e+00	   0.0000000e+00	   0.0000000e+00	   0.0000000e+00	   0.0000000e+00	   0.0000000e+00	   0.0000000e+00	   0.0000000e+00	   0.0000000e+00	   0.0000000e+00	   0.0000000e+00	   0.0000000e+00	   0.0000000e+00	
   2.6810118e+00	   2.6312330e+00	   3.7058208e+00	   3.7958248e+00	   3.6175963e+00	   3.8242739e+00	   3.6277517e+00	   3.3583300e+00	   2.7214286e+00	             NaN	             NaN	             NaN	             NaN	             NaN	             NaN	             NaN	             NaN	             NaN	             NaN	             NaN	   0.0000000e+00	   0.0000000e+00	   0.0000000e+00	   0.0000000e+00	   0.0000000e+00	   0.0000000e+00	   0.0000000e+00	   0.0000000e+00	   0.0000000e+00	   0.0000000e+00	   0.0000000e+00	   0.0000000e+00	   0.0000000e+00	
   3.4634768e+00	   2.8861517e+00	   3.5438374e+00	   3.4466600e+00	   3.6758800e+00	   3.6163481e+00	   3.3502074e+00	   3.3030230e+00	   2.7468066e+00	             NaN	             NaN	             NaN	             NaN	             NaN	             NaN	             NaN	             NaN	             NaN	             NaN	             NaN	   0.0000000e+00	   0.0000000e+00	   0.0000000e+00	   0.0000000e+00	   0.0000000e+00	   0.0000000e+00	   0.0000000e+00	   0.0000000e+00	   0.0000000e+00	   0.0000000e+00	   0.0000000e+00	   0.0000000e+00	   0.0000000e+00	
   2.6965537e+00	   2.3708601e+00	   3.8374255e+00	   3.4674119e+00	   3.5580998e+00	   3.4687017e+00	   3.5961216e+00	   3.0014023e+00	   2.7330438e+00	   1.9544764e+00	             NaN	             NaN	             NaN	             NaN	             NaN	             NaN	             NaN	             NaN	             NaN	             NaN	             NaN	   0.0000000e+00	   0.0000000e+00	   0.0000000e+00	   0.0000000e+00	   0.0000000e+00	   0.0000000e+00	   0.0000000e+00	   0.0000000e+00	   0.0000000e+00	   0.0000000e+00	   0.0000000e+00	   0.0000000e+00	
   3.2728480e+00	   2.7547438e+00	   3.2153240e+00	   3.6637486e+00	   3.4896859e+00	   3.3418913e+00	   3.3486808e+00	   3.0397576e+00	   2.7154480e+00	   2.0000036e+00	             NaN	             NaN	             NaN	             NaN	             NaN	             NaN	             NaN	             NaN	             NaN	             NaN	             NaN	   0.0000000e+00	   0.0000000e+00	   0.0000000e+00	   0.0000000e+00	   0.0000000e+00	   0.0000000e+00	   0.0000000e+00	   0.0000000e+00	   0.0000000e+00	   0.0000000e+00	   0.0000000e+00	   0.0000000e+00	
   3.0376901e+00	   2.9878215e+00	   3.5765604e+00	   3.2788102e+00	   3.3815857e+00	   3.4511382e+00	   3.2895738e+00	   2.9539492e+00	   2.6445034e+00	   2.1222627e+00	   1.4168903e+00	             NaN	             NaN	             NaN	             NaN	             NaN	             NaN	             NaN	             NaN	             NaN	             NaN	             NaN	   0.0000000e+00	   0.0000000e+00	   0.0000000e+00	   0.0000000e+00	   0.0000000e+00	   0.0000000e+00	   0.0000000e+00	   0.0000000e+00	   0.0000000e+00	   0.0000000e+00	   0.0000000e+00	
   2.4157625e+00	   2.8795543e+00	   3.2054435e+00	   3.6064037e+00	   3.1266906e+00	   3.1945217e+00	   3.0995653e+00	   2.9506788e+00	   2.5426436e+00	   2.1345135e+00	   1.3106145e+00	             NaN	             NaN	             NaN	             NaN	             NaN	             NaN	             NaN	             NaN	             NaN	             NaN	             NaN	   0.0000000e+00	   0.0000000e+00	   0.0000000e+00	   0.0000000e+00	   0.0000000e+00	   0.0000000e+00	   0.0000000e+00	   0.0000000e+00	   0.0000000e+00	   0.0000000e+00	   0.0000000e+00	
   3.1625288e+00	   3.1410215e+00	   3.1187850e+00	   3.3018747e+00	   3.2033700e+00	   3.0571078e+00	   2.9525301e+00	   2.7388267e+00	   2.4770455e+00	   1.8953922e+00	   1.5557262e+00	             NaN	             NaN	             NaN	             NaN	             NaN	             NaN	             NaN	             NaN	             NaN	             NaN	             NaN	   0.0000000e+00	   0.0000000e+00	   0.0000000e+00	   0.0000000e+00	   0.0000000e+00	   0.0000000e+00	   0.0000000e+00	   0.0000000e+00	   0.0000000e+00	   0.0000000e+00	   0.0000000e+00	
   2.7317724e+00	   3.3602470e+00	   3.1974104e+00	   3.0974574e+00	   3.2601704e+00	   3.1778603e+00	   2.9747040e+00	   2.6972954e+00	   2.2638064e+00	   1.8790702e+00	   1.4139317e+00	   8.6478968e-01	             NaN	             NaN	             NaN	             NaN	             NaN	             NaN	             NaN	             NaN	             NaN	             NaN	             NaN	   0.0000000e+00	   0.0000000e+00	   0.0000000e+00	   0.0000000e+00	   0.0000000e+00	   0.0000000e+00	   0.0000000e+00	   0.0000000e+00	   0.0000000e+00	   0.0000000e+00	
   2.3601929e+00	   2.7875578e+00	   2.6786028e+00	   2.8835731e+00	   3.0081804e+00	   2.8382585e+00	   2.7630323e+00	   2.5353431e+00	   2.2439577e+00	   1.8304436e+00	   1.5070874e+00	   1.1525566e+00	             NaN	             NaN	             NaN	             NaN	             NaN	             NaN	             NaN	             NaN	             NaN	             NaN	             NaN	   0.0000000e+00	   0.0000000e+00	   0.0000000e+00	   0.0000000e+00	   0.0000000e+00	   0.0000000e+00	   0.0000000e+00	   0.0000000e+00	   0.0000000e+00	   0.0000000e+00	
   2.6643213e+00	   2.5099862e+00	   2.6976289e+00	   2.9506034e+00	   2.8612661e+00	   2.6289008e+00	   2.6718597e+00	   2.6230595e+00	   2.2199584e+00	   1.9065913e+00	   1.4583080e+00	   1.1379054e+00	   8.6408047e-01	             NaN	             NaN	             NaN	             NaN	             NaN	             NaN	             NaN	             NaN	             NaN	             NaN	             NaN	   0.0000000e+00	   0.0000000e+00	   0.0000000e+00	   0.0000000e+00	   0.0000000e+00	   0.0000000e+00	   0.0000000e+00	   0.0000000e+00	   0.0000000e+00	
   1.9855673e+00	   2.3716754e+00	   2.3244316e+00	   2.7902502e+00	   2.7167972e+00	   2.5934453e+00	   2.4243651e+00	   2.4801658e+00	   2.2035513e+00	   1.7802525e+00	   1.3736535e+00	   1.0670105e+00	   8.0042604e-01	             NaN	             NaN	             NaN	             NaN	             NaN	             NaN	             NaN	             NaN	             NaN	             NaN	             NaN	   0.0000000e+00	   0.0000000e+00	   0.0000000e+00	   0.0000000e+00	   0.0000000e+00	   0.0000000e+00	   0.0000000e+00	   0.0000000e+00	   0.0000000e+00	
   2.6628522e+00	   2.5512816e+00	   2.5089126e+00	   2.7311880e+00	   2.8480076e+00	   2.4081066e+00	   2.4297354e+00	   2.1265659e+00	   2.0883229e+00	   1.7834813e+00	   1.4535620e+00	   1.1680161e+00	   8.9578316e-01	             NaN	             NaN	             NaN	             NaN	             NaN	             NaN	             NaN	             NaN	             NaN	             NaN	             NaN	   0.0000000e+00	   0.0000000e+00	   0.0000000e+00	   0.0000000e+00	   0.0000000e+00	   0.0000000e+00	   0.0000000e+00	   0.0000000e+00	   0.0000000e+00	
   2.2840462e+00	   2.5929525e+00	   2.5167623e+00	   2.5777989e+00	   2.4535027e+00	   2.4156368e+00	   2.4523770e+00	   2.3097630e+00	   2.1285269e+00	   1.7815866e+00	   1.5010082e+00	   1.1417453e+00	   9.5450893e-01	   4.5942141e-01	             NaN	             NaN	             NaN	             NaN	             NaN	             NaN	             NaN	             NaN	             NaN	             NaN	             NaN	   0.0000000e+00	   0.0000000e+00	   0.0000000e+00	   0.0000000e+00	   0.0000000e+00	   0.0000000e+00	   0.0000000e+00	   0.0000000e+00	
   2.2869033e+00	   2.3638214e+00	   2.3203996e+00	   2.8002370e+00	   2.3647654e+00	   2.2759328e+00	   2.2631335e+00	   2.1620019e+00	   2.0083644e+00	   1.6417389e+00	   1.4743182e+00	   1.1602747e+00	   9.1408407e-01	   7.2429187e-01	             NaN	             NaN	             NaN	             NaN	             NaN	             NaN	             NaN	             NaN	             NaN	             NaN	             NaN	   0.0000000e+00	   0.0000000e+00	   0.0000000e+00	   0.0000000e+00	   0.0000000e+00	   0.0000000e+00	   0.0000000e+00	   0.0000000e+00	
   1.5744001e+00	   2.0734678e+00	   2.2769831e+00	   2.3975951e+00	   2.3429936e+00	   2.2239586e+00	   2.2440138e+00	   1.9310467e+00	   1.9277347e+00	   1.7392854e+00	   1.4739384e+00	   1.1228616e+00	   9.9096969e-01	   7.5569117e-01	   2.8369280e-01	             NaN	             NaN	             NaN	             NaN	             NaN	             NaN	             NaN	             NaN	             NaN	             NaN	             NaN	   0.0000000e+00	   0.0000000e+00	   0.0000000e+00	   0.0000000e+00	   0.0000000e+00	   0.0000000e+00	   0.0000000e+00	
   2.1937871e+00	   2.1252543e+00	   1.9464781e+00	   2.5234940e+00	   2.3052037e+00	   2.1656786e+00	   2.0007050e+00	   2.0435610e+00	   1.8316712e+00	   1.6896987e+00	   1.4113992e+00	   1.1585770e+00	   1.0099621e+00	   8.9902972e-01	   5.4824196e-01	             NaN	             NaN	             NaN	             NaN	             NaN	             NaN	             NaN	             NaN	             NaN	             NaN	             NaN	   0.0000000e+00	   0.0000000e+00	   0.0000000e+00	   0.0000000e+00	   0.0000000e+00	   0.0000000e+00	   0.0000000e+00	
   1.8789309e+00	   2.0964287e+00	   1.9169753e+00	   2.3038541e+00	   2.2263648e+00	   2.1933338e+00	   2.0943585e+00	   1.9558318e+00	   1.9475813e+00	   1.7574262e+00	   1.4860508e+00	   1.1362788e+00	   1.0646144e+00	   9.2359630e-01	   6.4155458e-01	             NaN	             NaN	             NaN	             NaN	             NaN	             NaN	             NaN	             NaN	             NaN	             NaN	             NaN	   0.0000000e+00	   0.0000000e+00	   0.0000000e+00	   0.0000000e+00	   0.0000000e+00	   0.0000000e+00	   0.0000000e+00	
   1.7533984e+00	   1.2512254e+00	   2.1528653e+00	   1.9378712e+00	   2.2156557e+00	   2.1671627e+00	   2.0986621e+00	   2.0089942e+00	   1.8563101e+00	   1.6306124e+00	   1.5021743e+00	   1.2916557e+00	   1.0603876e+00	   1.0312554e+00	   8.6850843e-01	   5.6678407e-01	             NaN	             NaN	             NaN	             NaN	             NaN	             NaN	             NaN	             NaN	             NaN	             NaN	             NaN	   0.0000000e+00	   0.0000000e+00	   0.0000000e+00	   0.0000000e+00	   0.0000000e+00	   0.0000000e+00	
   8.7289247e-01	   1.1079794e+00	   1.8355940e+00	   1.9088495e+00	   2.3585711e+00	   2.0760857e+00	   2.0156849e+00	   2.0560584e+00	   1.8981161e+00	   1.6715010e+00	   1.5340284e+00	   1.3287616e+00	   1.2669756e+00	   1.1221387e+00	   1.0174377e+00	   9.3770172e-01	             NaN	             NaN	             NaN	             NaN	             NaN	             NaN	             NaN	             NaN	             NaN	             NaN	             NaN	   0.0000000e+00	   0.0000000e+00	   0.0000000e+00	   0.0000000e+00	   0.0000000e+00	   0.0000000e+00	
   1.2173668e+00	   1.8799002e+00	   1.9336859e+00	   2.4332211e+00	   2.0777293e+00	   2.1886249e+00	   2.0718888e+00	   1.9657293e+00	   1.8217807e+00	   1.7249077e+00	   1.5147833e+00	   1.4201279e+00	   1.2514847e+00	   1.1287964e+00	   1.0656364e+00	   9.3465651e-01	   5.1948626e-01	             NaN	             NaN	             NaN	             NaN	             NaN	             NaN	             NaN	             NaN	             NaN	             NaN	             NaN	   0.0000000e+00	   0.0000000e+00	   0.0000000e+00	   0.0000000e+00	   0.0000000e+00	
   1.2562545e+00	   1.2190178e+00	   1.3635484e+00	   1.8756021e+00	   2.0899158e+00	   2.2584850e+00	   2.0844140e+00	   2.0255178e+00	   1.9514158e+00	   1.8081287e+00	   1.6460579e+00	   1.4393263e+00	   1.3353053e+00	   1.2448345e+00	   1.1319414e+00	   1.0315423e+00	   7.3242392e-01	             NaN	             NaN	             NaN	             NaN	             NaN	             NaN	             NaN	             NaN	             NaN	             NaN	             NaN	   0.0000000e+00	   0.0000000e+00	   0.0000000e+00	   0.0000000e+00	   0.0000000e+00	
   6.9624834e-01	   1.0666629e+00	   9.1279279e-01	   2.1346561e+00	   2.0665292e+00	   2.0433845e+00	   2.0959846e+00	   2.1157436e+00	   1.9227521e+00	   1.7563425e+00	   1.6223184e+00	   1.4831655e+00	   1.4169224e+00	   1.3629865e+00	   1.1884863e+00	   1.1464230e+00	   8.3260520e-01	             NaN	             NaN	             NaN	             NaN	             NaN	             NaN	             NaN	             NaN	             NaN	             NaN	             NaN	   0.0000000e+00	   0.0000000e+00	   0.0000000e+00	   0.0000000e+00	   0.0000000e+00	
  -4.1518826e-01	  -2.9717140e-01	   1.4063645e+00	   2.1267033e+00	   2.1226903e+00	   2.2232836e+00	   2.2339102e+00	   2.1256696e+00	   1.9880860e+00	   1.8513888e+00	   1.6734810e+00	   1.5582560e+00	   1.5149149e+00	   1.3431242e+00	   1.3463850e+00	   1.2451674e+00	   9.5031203e-01	   8.6814918e-01	             NaN	             NaN	             NaN	             NaN	             NaN	             NaN	             NaN	             NaN	             NaN	             NaN	             NaN	   0.0000000e+00	   0.0000000e+00	   0.0000000e+00	   0.0000000e+00	
   7.7145534e-02	   2.2470139e-01	   6.1878219e-01	   2.1300099e+00	   2.2853392e+00	   2.2880986e+00	   2.1653255e+00	   2.2236324e+00	   2.0447986e+00	   1.9561738e+00	   1.7786189e+00	   1.6346148e+00	   1.5332905e+00	   1.4769487e+00	   1.4051239e+00	   1.3423527e+00	   1.2229968e+00	   9.6307499e-01	             NaN	             NaN	             NaN	             NaN	             NaN	             NaN	             NaN	             NaN	             NaN	             NaN	             NaN	   0.0000000e+00	   0.0000000e+00	   0.0000000e+00	   0.0000000e+00	
  -1.3508366e+00	   1.5163719e-01	   1.4957921e+00	   1.7272832e+00	   2.3629027e+00	   2.2940547e+00	   2.3408473e+00	   2.1293795e+00	   2.0824097e+00	   1.9709233e+00	   1.8484278e+00	   1.7723480e+00	   1.5710682e+00	   1.5770573e+00	   1.5091724e+00	   1.3892017e+00	   1.3079149e+00	   1.2386278e+00	   9.9393232e-01	             NaN	             NaN	             NaN	             NaN	             NaN	             NaN	             NaN	             NaN	             NaN	             NaN	             NaN	   0.0000000e+00	   0.0000000e+00	   0.0000000e+00	
   8.4008191e-01	  -3.2905754e-01	   4.7402160e-01	   2.7284092e+00	   2.2278332e+00	   2.4318095e+00	   2.2621054e+00	   2.1749801e+00	   2.0648723e+00	   2.0186410e+00	   1.8860510e+00	   1.7949432e+00	   1.7182990e+00	   1.6975509e+00	   1.5515731e+00	   1.5738615e+00	   1.4505600e+00	   1.2920256e+00	   9.7925730e-01	             NaN	             NaN	             NaN	             NaN	             NaN	             NaN	             NaN	             NaN	             NaN	             NaN	             NaN	   0.0000000e+00	   0.0000000e+00	   0.0000000e+00	
   1.8844644e+00	  -1.0148391e+00	   9.7428101e-01	   1.7316083e+00	   2.4140859e+00	   2.4281913e+00	   2.3765512e+00	   2.2644513e+00	   2.1081713e+00	   2.0783550e+00	   2.0092786e+00	   1.9157718e+00	   1.7965001e+00	   1.7809438e+00	   1.7436891e+00	   1.6676009e+00	   1.5647416e+00	   1.5155856e+00	   1.1285641e+00	             NaN	             NaN	             NaN	             NaN	             NaN	             NaN	             NaN	             NaN	             NaN	             NaN	             NaN	   0.0000000e+00	   0.0000000e+00	   0.0000000e+00	
  -1.2958392e-01	  -4.4815328e-01	   6.1566303e-01	   1.7945959e+00	   2.6381519e+00	   2.5681810e+00	   2.4347572e+00	   2.3768645e+00	   2.2147157e+00	   2.2475792e+00	   1.9901222e+00	   1.9548320e+00	   1.8894749e+00	   1.9177366e+00	   1.8299818e+00	   1.8352856e+00	   1.6393160e+00	   1.6104780e+00	   1.3737963e+00	   1.0476329e+00	             NaN	             NaN	             NaN	             NaN	             NaN	             NaN	             NaN	             NaN	             NaN	             NaN	             NaN	   0.0000000e+00	   0.0000000e+00	
  -1.1425931e+00	   2.8687969e-01	   1.9026988e+00	   2.2244495e+00	   2.5681659e+00	   2.8049122e+00	   2.6552756e+00	   2.4887834e+00	   2.3525931e+00	   2.2134076e+00	   2.1918375e+00	   2.0609778e+00	   2.0325738e+00	   2.0032661e+00	   1.9807238e+00	   1.9108904e+00	   1.8101832e+00	   1.7080962e+00	   1.4587799e+00	   1.2091818e+00	             NaN	             NaN	             NaN	             NaN	             NaN	             NaN	             NaN	             NaN	             NaN	             NaN	             NaN	   0.0000000e+00	   0.0000000e+00	
  -1.1877882e+00	  -8.6386891e-02	   1.4345731e+00	   2.2493558e+00	   2.7112555e+00	   2.7478050e+00	   2.6910447e+00	   2.6950305e+00	   2.5088436e+00	   2.2521333e+00	   2.1471915e+00	   2.0831422e+00	   2.1562673e+00	   2.1576257e+00	   2.0870449e+00	   2.0500202e+00	   1.9410006e+00	   1.7912563e+00	   1.6798691e+00	   1.3230190e+00	   1.1956649e+00	             NaN	             NaN	             NaN	             NaN	             NaN	             NaN	             NaN	             NaN	             NaN	             NaN	             NaN	   0.0000000e+00	
   9.5718239e-01	  -3.5199027e-01	   7.4904837e-01	   2.7352848e+00	   2.7192947e+00	   2.8690996e+00	   2.8405465e+00	   2.7192103e+00	   2.5691399e+00	   2.4702889e+00	   2.3433885e+00	   2.3342476e+00	   2.2888245e+00	   2.2468043e+00	   2.2248126e+00	   2.2038047e+00	   2.0465433e+00	   1.9885368e+00	   1.7825798e+00	   1.5090601e+00	   1.2914881e+00	             NaN	             NaN	             NaN	             NaN	             NaN	             NaN	             NaN	             NaN	             NaN	             NaN	             NaN	   0.0000000e+00	
   1.6732283e+00	   5.1901189e-02	   1.2355216e+00	   2.2691616e+00	   3.0529955e+00	   2.9639392e+00	   2.8986200e+00	   2.8442198e+00	   2.7526506e+00	   2.5193502e+00	   2.4894286e+00	   2.3761295e+00	   2.4362106e+00	   2.4474079e+00	   2.3660965e+00	   2.2817223e+00	   2.2408069e+00	   2.0890464e+00	   1.8832178e+00	   1.6758786e+00	   1.4248473e+00	             NaN	             NaN	             NaN	             NaN	             NaN	             NaN	             NaN	             NaN	             NaN	             NaN	             NaN	   0.0000000e+00	
  -4.5844755e-01	   9.7548126e-01	   4.9713631e-01	   2.4513594e+00	   3.1706899e+00	   3.0243380e+00	   2.9487372e+00	   2.9095446e+00	   2.8586553e+00	   2.5938598e+00	   2.5417433e+00	   2.6187964e+00	   2.4861517e+00	   2.5725622e+00	   2.4877281e+00	   2.4026148e+00	   2.3122138e+00	   2.3082802e+00	   2.0266697e+00	   1.8397160e+00	   1.5331918e+00	   1.3953396e+00	             NaN	             NaN	             NaN	             NaN	             NaN	             NaN	             NaN	             NaN	             NaN	             NaN	             NaN	
  -3.3182419e-01	  -3.3820539e-01	   9.5751750e-01	   2.5607632e+00	   3.0941520e+00	   3.1520458e+00	   3.2039762e+00	   3.1131324e+00	   2.9191204e+00	   2.8407884e+00	   2.7659610e+00	   2.6631914e+00	   2.6423960e+00	   2.7168828e+00	   2.5873207e+00	   2.5481883e+00	   2.4311044e+00	   2.3770129e+00	   2.1552216e+00	   2.0020271e+00	   1.7491713e+00	   1.5281715e+00	             NaN	             NaN	             NaN	             NaN	             NaN	             NaN	             NaN	             NaN	             NaN	             NaN	             NaN	
   1.3353797e-01	   3.5069695e-01	   1.9668596e+00	   2.6174905e+00	   3.2780765e+00	   3.5608004e+00	   3.3067695e+00	   3.2170521e+00	   3.0107622e+00	   3.0022373e+00	   2.8826130e+00	   2.8220588e+00	   2.8009890e+00	   2.7626644e+00	   2.7021190e+00	   2.7258358e+00	   2.5586480e+00	   2.4483566e+00	   2.3088651e+00	   2.1208429e+00	   1.9510841e+00	   1.6155119e+00	   1.4181368e+00	             NaN	             NaN	             NaN	             NaN	             NaN	             NaN	             NaN	             NaN	             NaN	             NaN	
   1.7072203e+00	   4.6871070e-01	   1.8691967e+00	   3.3011178e+00	   3.8026669e+00	   3.6331873e+00	   3.4893361e+00	   3.4242604e+00	   3.1211988e+00	   3.0761878e+00	   2.9322021e+00	   2.9620487e+00	   2.8165356e+00	   2.8687183e+00	   2.8723572e+00	   2.8299758e+00	   2.7581032e+00	   2.5818824e+00	   2.4499605e+00	   2.2616220e+00	   2.0357808e+00	   1.7247839e+00	   1.4556087e+00	             NaN	             NaN	             NaN	             NaN	             NaN	             NaN	             NaN	             NaN	             NaN	             NaN	
   1.2982415e+00	   9.0930855e-01	   1.6417934e+00	   2.7333879e+00	   3.5217793e+00	   3.7611570e+00	   3.7463762e+00	   3.4097576e+00	   3.3076437e+00	   3.1222062e+00	   3.0364321e+00	   3.0489220e+00	   3.0540794e+00	   3.0912542e+00	   3.0731147e+00	   3.0116627e+00	   2.7962747e+00	   2.7553425e+00	   2.5485538e+00	   2.3768698e+00	   2.1866692e+00	   1.8885790e+00	   1.4796233e+00	             NaN	             NaN	             NaN	             NaN	             NaN	             NaN	             NaN	             NaN	             NaN	             NaN	
   2.9428145e-01	   1.6905591e+00	   1.8545639e+00	   2.9798257e+00	   3.7644701e+00	   3.7818472e+00	   3.6407295e+00	   3.5602220e+00	   3.4279838e+00	   3.3160597e+00	   3.2141882e+00	   3.2212333e+00	   3.1163569e+00	   3.2266221e+00	   3.1748952e+00	   3.1580723e+00	   3.0961406e+00	   2.9306587e+00	   2.6375321e+00	   2.5232226e+00	   2.3665865e+00	   2.1467633e+00	   1.6568477e+00	   1.5605498e+00	             NaN	             NaN	             NaN	             NaN	             NaN	             NaN	             NaN	             NaN	             NaN	
   1.1922572e+00	   1.9000881e+00	   2.3671591e+00	   3.4403482e+00	   4.0355718e+00	   4.1217143e+00	   3.9264688e+00	   3.9041968e+00	   3.5107215e+00	   3.3995405e+00	   3.3511752e+00	   3.2879807e+00	   3.3483881e+00	   3.3165584e+00	   3.3774816e+00	   3.2440224e+00	   3.1752688e+00	   3.0018270e+00	   2.8481175e+00	   2.6919705e+00	   2.4841237e+00	   2.2673557e+00	   1.8333245e+00	   1.5977345e+00	             NaN	             NaN	             NaN	             NaN	             NaN	             NaN	             NaN	             NaN	             NaN	
   1.4501058e+00	   2.4750032e+00	   2.4062003e+00	   3.8151576e+00	   4.0368362e+00	   4.3229049e+00	   4.1312933e+00	   3.8835892e+00	   3.6844807e+00	   3.5278367e+00	   3.4444020e+00	   3.4210265e+00	   3.4809537e+00	   3.5124211e+00	   3.5075587e+00	   3.4639465e+00	   3.2728544e+00	   3.1353549e+00	   2.9383142e+00	   2.7888000e+00	   2.6008498e+00	   2.3923084e+00	   2.1814917e+00	   1.6510871e+00	   1.5468532e+00	             NaN	             NaN	             NaN	             NaN	             NaN	             NaN	             NaN	             NaN	
   3.2671918e+00	   1.8270045e+00	   3.3441922e+00	   3.7402132e+00	   4.2689955e+00	   4.4865220e+00	   4.3689815e+00	   4.0585117e+00	   3.9033098e+00	   3.6085314e+00	   3.6789137e+00	   3.5200973e+00	   3.5274302e+00	   3.6219319e+00	   3.5754326e+00	   3.4607877e+00	   3.3615770e+00	   3.2714648e+00	   3.1615649e+00	   2.8676794e+00	   2.6843085e+00	   2.4874467e+00	   2.1920831e+00	   1.8144295e+00	   1.6172207e+00	             NaN	             NaN	             NaN	             NaN	             NaN	             NaN	             NaN	             NaN	
   1.9047504e+00	   2.7286050e+00	   3.7597966e+00	   4.7147369e+00	   4.6959274e+00	   4.7185925e+00	   4.4033915e+00	   4.1926363e+00	   3.8599299e+00	   3.7897293e+00	   3.7104619e+00	   3.6952370e+00	   3.6882703e+00	   3.7433056e+00	   3.6887346e+00	   3.6247466e+00	   3.5185783e+00	   3.3859386e+00	   3.2307972e+00	   3.0326287e+00	   2.8087995e+00	   2.6173124e+00	   2.3114696e+00	   2.0175975e+00	   1.7944131e+00	             NaN	             NaN	             NaN	             NaN	             NaN	             NaN	             NaN	             NaN	
   4.2415634e+00	   2.8967092e+00	   3.3295092e+00	   4.0994937e+00	   4.7526978e+00	   4.8822499e+00	   4.6733918e+00	   4.3955933e+00	   4.0359548e+00	   3.9191665e+00	   3.8634529e+00	   3.7657234e+00	   3.8149101e+00	   3.8748328e+00	   3.7808566e+00	   3.7253635e+00	   3.6563987e+00	   3.5366407e+00	   3.2805096e+00	   3.1582939e+00	   2.9477883e+00	   2.6912803e+00	   2.4616003e+00	   2.0932353e+00	   1.8129445e+00	   1.6922203e+00	             NaN	             NaN	             NaN	             NaN	             NaN	             NaN	             NaN	
   4.1913370e+00	   3.4401621e+00	   4.1284976e+00	   4.8529519e+00	   5.0215121e+00	   4.8796930e+00	   4.8025271e+00	   4.3926845e+00	   4.2367797e+00	   4.0652493e+00	   3.9244924e+00	   3.8826116e+00	   3.9923252e+00	   3.9775874e+00	   4.0049689e+00	   3.9327730e+00	   3.7667956e+00	   3.6427346e+00	   3.4600119e+00	   3.2609994e+00	   3.0566873e+00	   2.8276928e+00	   2.5691446e+00	   2.1891871e+00	   2.0348572e+00	   1.7721389e+00	             NaN	             NaN	             NaN	             NaN	             NaN	             NaN	             NaN	
   3.3404730e+00	   3.2812604e+00	   4.5148228e+00	   5.1761756e+00	   5.4526539e+00	   5.2096907e+00	   4.8868661e+00	   4.8094531e+00	   4.3392090e+00	   4.2225094e+00	   4.0325438e+00	   4.0266384e+00	   4.0197718e+00	   4.0478587e+00	   4.0514567e+00	   4.0365896e+00	   3.9612334e+00	   3.7423001e+00	   3.5684819e+00	   3.3807998e+00	   3.1916499e+00	   2.9342394e+00	   2.6636628e+00	   2.4462724e+00	   2.1459987e+00	   1.9182668e+00	   1.6083511e+00	             NaN	             NaN	             NaN	             NaN	             NaN	             NaN	
   3.6211604e+00	   4.2890297e+00	   4.2729315e+00	   5.3631747e+00	   5.1281648e+00	   5.3866292e+00	   4.9657723e+00	   4.9182570e+00	   4.4075754e+00	   4.2398597e+00	   4.1999687e+00	   4.1372134e+00	   4.1690956e+00	   4.1582792e+00	   4.1328106e+00	   4.1037569e+00	   4.0178234e+00	   3.8430688e+00	   3.6755952e+00	   3.5217320e+00	   3.2355991e+00	   3.0348703e+00	   2.8287553e+00	   2.5336601e+00	   2.1224850e+00	   1.9803564e+00	   1.7345244e+00	             NaN	             NaN	             NaN	             NaN	             NaN	             NaN	
   5.0751274e+00	   4.8036783e+00	   5.1226195e+00	   5.5868443e+00	   5.9028848e+00	   5.7627248e+00	   5.2952781e+00	   4.9525313e+00	   4.6247614e+00	   4.4419525e+00	   4.2442380e+00	   4.2071135e+00	   4.3156570e+00	   4.4149584e+00	   4.3057600e+00	   4.3169596e+00	   4.1159431e+00	   3.9340414e+00	   3.7794467e+00	   3.6843774e+00	   3.3530051e+00	   3.1645847e+00	   2.9353047e+00	   2.6166708e+00	   2.3001400e+00	   1.9480669e+00	   1.8585955e+00	             NaN	             NaN	             NaN	             NaN	             NaN	             NaN	
   5.7718292e+00	   5.0447048e+00	   5.1468422e+00	   5.5116444e+00	   5.9287836e+00	   5.6676847e+00	   5.4530919e+00	   5.1006871e+00	   4.7340326e+00	   4.4998556e+00	   4.3785176e+00	   4.3009507e+00	   4.3290979e+00	   4.4360689e+00	   4.3867774e+00	   4.3898654e+00	   4.2504688e+00	   4.0753353e+00	   3.9861338e+00	   3.6761641e+00	   3.5740739e+00	   3.2222812e+00	   3.0003505e+00	   2.7752005e+00	   2.5018476e+00	   2.1252491e+00	   1.9387480e+00	   1.6832246e+00	             NaN	             NaN	             NaN	             NaN	             NaN	
   4.7729426e+00	   4.7816670e+00	   5.6267048e+00	   6.0638182e+00	   6.0197408e+00	   5.8391990e+00	   5.5528757e+00	   5.2342662e+00	   4.7918703e+00	   4.6357107e+00	   4.5052434e+00	   4.4013485e+00	   4.3590364e+00	   4.5241356e+00	   4.4965317e+00	   4.4215483e+00	   4.3353557e+00	   4.2038698e+00	   4.0227991e+00	   3.8071714e+00	   3.6652248e+00	   3.3307971e+00	   3.0764704e+00	   2.8586749e+00	   2.5699903e+00	   2.2156630e+00	   2.0305283e+00	   1.7861596e+00	             NaN	             NaN	             NaN	             NaN	             NaN	
   4.0045029e+00	   5.2439061e+00	   4.9928990e+00	   5.6166972e+00	   6.0582349e+00	   5.8452493e+00	   5.6880199e+00	   5.3034526e+00	   4.9703211e+00	   4.7823157e+00	   4.6013556e+00	   4.4992399e+00	   4.6215992e+00	   4.5352617e+00	   4.5444273e+00	   4.4973712e+00	   4.4232776e+00	   4.3168064e+00	   4.0586555e+00	   3.8859623e+00	   3.6632906e+00	   3.4159667e+00	   3.1629666e+00	   2.9143652e+00	   2.6760366e+00	   2.3771951e+00	   2.1106095e+00	   1.8944045e+00	   1.5958943e+00	             NaN	             NaN	             NaN	             NaN	
   4.4301356e+00	   5.1939469e+00	   5.9154754e+00	   6.4252501e+00	   6.4834234e+00	   6.3596678e+00	   5.9008915e+00	   5.6371952e+00	   5.1748147e+00	   4.8509118e+00	   4.7118435e+00	   4.5699942e+00	   4.5749808e+00	   4.6842504e+00	   4.5788053e+00	   4.5867341e+00	   4.4885621e+00	   4.3558004e+00	   4.1916200e+00	   4.0176188e+00	   3.7738509e+00	   3.5206193e+00	   3.3272751e+00	   3.0732967e+00	   2.8491585e+00	   2.4672318e+00	   2.1674262e+00	   1.9900411e+00	   1.6685188e+00	             NaN	             NaN	             NaN	             NaN	
   5.6032660e+00	   6.1332257e+00	   6.6258062e+00	   6.5283376e+00	   6.4714385e+00	   6.2416828e+00	   5.8449062e+00	   5.4886837e+00	   5.0563275e+00	   4.9304089e+00	   4.8039188e+00	   4.6593561e+00	   4.6353130e+00	   4.7208055e+00	   4.7576029e+00	   4.6639679e+00	   4.5382428e+00	   4.4201164e+00	   4.2826512e+00	   4.0394215e+00	   3.9120945e+00	   3.5908584e+00	   3.3967045e+00	   3.1207707e+00	   2.9065974e+00	   2.5825915e+00	   2.2360568e+00	   1.9889627e+00	   1.8297281e+00	             NaN	             NaN	             NaN	             NaN	
   5.5497938e+00	   6.8109867e+00	   6.3734872e+00	   7.3070832e+00	   6.4606526e+00	   6.4829022e+00	   6.1354133e+00	   5.7011688e+00	   5.3048070e+00	   5.0652263e+00	   4.8168545e+00	   4.7065931e+00	   4.7564825e+00	   4.7121800e+00	   4.9018799e+00	   4.7273710e+00	   4.6694975e+00	   4.4625099e+00	   4.3579335e+00	   4.1545342e+00	   3.9710222e+00	   3.7271687e+00	   3.4426191e+00	   3.2080364e+00	   2.9795711e+00	   2.7664177e+00	   2.3087533e+00	   2.1170053e+00	   1.8854899e+00	   1.5918887e+00	             NaN	             NaN	             NaN	
   4.6000945e+00	   5.9891237e+00	   6.4939488e+00	   6.5762595e+00	   6.7559943e+00	   6.5939540e+00	   6.1232675e+00	   5.8124492e+00	   5.3637372e+00	   5.1757486e+00	   4.9375428e+00	   4.8246948e+00	   4.7604586e+00	   4.9199403e+00	   4.8381494e+00	   4.7674694e+00	   4.6082661e+00	   4.6579983e+00	   4.4057285e+00	   4.2152408e+00	   4.0497562e+00	   3.7243278e+00	   3.5408052e+00	   3.2435460e+00	   3.0495415e+00	   2.7777909e+00	   2.4586851e+00	   2.1486205e+00	   1.9510946e+00	   1.6845346e+00	             NaN	             NaN	             NaN	
   7.3820398e+00	   7.1986903e+00	   6.3847323e+00	   7.1990449e+00	   7.2358416e+00	   6.8958366e+00	   6.3827751e+00	   6.0770980e+00	   5.4014575e+00	   5.1617936e+00	   4.9880395e+00	   4.9279879e+00	   4.8908814e+00	   4.8337673e+00	   4.9084489e+00	   4.8582197e+00	   4.7718075e+00	   4.5002998e+00	   4.3761828e+00	   4.2452199e+00	   4.1129637e+00	   3.9068985e+00	   3.6239712e+00	   3.3420243e+00	   3.1742126e+00	   2.8765918e+00	   2.6196490e+00	   2.2441139e+00	   2.0932896e+00	   1.7744744e+00	   1.5190569e+00	             NaN	             NaN	
   6.0465167e+00	   6.6751068e+00	   7.3799342e+00	   7.0702396e+00	   6.9949855e+00	   6.6489844e+00	   6.6191377e+00	   6.0577865e+00	   5.6833327e+00	   5.2425679e+00	   5.1846950e+00	   5.0703312e+00	   4.9697589e+00	   5.0102486e+00	   4.9204195e+00	   4.8802429e+00	   4.7494067e+00	   4.6660803e+00	   4.5093985e+00	   4.3295479e+00	   4.1287108e+00	   3.9468799e+00	   3.7112121e+00	   3.4115350e+00	   3.2161790e+00	   2.9568481e+00	   2.6969066e+00	   2.3808189e+00	   2.0666836e+00	   1.8775877e+00	   1.6172301e+00	             NaN	             NaN	
   5.7741460e+00	   6.5228460e+00	   7.2808644e+00	   7.4040781e+00	   7.3008082e+00	   7.1570617e+00	   6.6236348e+00	   6.0434224e+00	   5.7251189e+00	   5.2520864e+00	   5.1454714e+00	   5.1041252e+00	   5.0175169e+00	   5.0692496e+00	   5.0305853e+00	   4.9511187e+00	   4.7943731e+00	   4.7133944e+00	   4.5593436e+00	   4.4408656e+00	   4.2047530e+00	   4.0576637e+00	   3.7437069e+00	   3.4917050e+00	   3.3075099e+00	   3.0533202e+00	   2.7906710e+00	   2.4593291e+00	   2.0809551e+00	   1.9582607e+00	   1.7101050e+00	             NaN	             NaN	
   5.0303755e+00	   7.5888179e+00	   7.3317708e+00	   7.3691301e+00	   7.2573954e+00	   7.1127372e+00	   6.8312464e+00	   6.1802509e+00	   5.8200547e+00	   5.4717479e+00	   5.2555046e+00	   5.1160304e+00	   5.1263188e+00	   5.1567663e+00	   5.0718989e+00	   5.0181222e+00	   4.8475820e+00	   4.6692194e+00	   4.6690985e+00	   4.4572418e+00	   4.2550334e+00	   3.9736795e+00	   3.8523975e+00	   3.5202542e+00	   3.3796613e+00	   3.1139916e+00	   2.8383952e+00	   2.5958430e+00	   2.2580161e+00	   1.9956091e+00	   1.7577042e+00	   1.5361358e+00	             NaN	
   6.5041438e+00	   7.7879031e+00	   7.6714624e+00	   7.5611925e+00	   7.5674406e+00	   7.2178601e+00	   6.9312688e+00	   6.4456549e+00	   5.7356896e+00	   5.4514714e+00	   5.3334756e+00	   5.0994170e+00	   5.1095069e+00	   5.0700701e+00	   5.0259395e+00	   5.0493930e+00	   4.9485959e+00	   4.7696375e+00	   4.6261294e+00	   4.5148385e+00	   4.3408796e+00	   4.0565806e+00	   3.8614053e+00	   3.6443375e+00	   3.4145699e+00	   3.1364416e+00	   2.8933243e+00	   2.6675405e+00	   2.3307841e+00	   1.9923249e+00	   1.8328350e+00	   1.6067794e+00	             NaN	
   6.9683903e+00	   7.4661186e+00	   7.5598460e+00	   7.8984757e+00	   7.7222491e+00	   7.3735759e+00	   6.9901191e+00	   6.4807672e+00	   5.9166961e+00	   5.5545508e+00	   5.2848829e+00	   5.1768348e+00	   5.2246067e+00	   5.1682566e+00	   5.1723352e+00	   5.0443661e+00	   4.8840081e+00	   4.8111078e+00	   4.6831355e+00	   4.5173106e+00	   4.3270764e+00	   4.1017024e+00	   3.9505925e+00	   3.6173481e+00	   3.4586116e+00	   3.2442374e+00	   2.9785908e+00	   2.7238530e+00	   2.3747358e+00	   2.1152627e+00	   1.8800544e+00	   1.7143141e+00	   1.4559841e+00	
   6.1520289e+00	   7.3331968e+00	   8.0072921e+00	   7.9303427e+00	   7.7609728e+00	   7.5087389e+00	   7.1045125e+00	   6.5780130e+00	   6.1478610e+00	   5.6876436e+00	   5.5382951e+00	   5.2712172e+00	   5.1706128e+00	   5.1650415e+00	   5.1391592e+00	   5.0985250e+00	   5.0108861e+00	   4.8247156e+00	   4.8219131e+00	   4.6326971e+00	   4.3655856e+00	   4.1545485e+00	   3.9117615e+00	   3.6967169e+00	   3.5376443e+00	   3.3894160e+00	   3.0633295e+00	   2.7701020e+00	   2.4953255e+00	   2.2001654e+00	   2.0537216e+00	   1.7469611e+00	   1.5429559e+00	
   6.8723485e+00	   7.4324205e+00	   8.3008847e+00	   8.0380547e+00	   7.8799959e+00	   7.7605091e+00	   7.1974355e+00	   6.6634029e+00	   6.1220386e+00	   5.7589185e+00	   5.4812420e+00	   5.2602231e+00	   5.1659725e+00	   5.1679691e+00	   5.1578092e+00	   5.1212986e+00	   5.0025217e+00	   4.9007062e+00	   4.8047841e+00	   4.6207264e+00	   4.4840717e+00	   4.2675095e+00	   4.0179974e+00	   3.8078676e+00	   3.5543504e+00	   3.3725584e+00	   3.1331566e+00	   2.8655149e+00	   2.5953639e+00	   2.1899399e+00	   2.0121469e+00	   1.8321558e+00	   1.5929692e+00	
   7.6980125e+00	   7.9514545e+00	   8.3627220e+00	   8.0865524e+00	   8.1591649e+00	   7.7270218e+00	   7.3877867e+00	   6.6632378e+00	   6.1600414e+00	   5.7929814e+00	   5.7062512e+00	   5.4712709e+00	   5.2755141e+00	   5.2437986e+00	   5.1753367e+00	   5.0929670e+00	   5.0893959e+00	   4.8815318e+00	   4.7791876e+00	   4.6173533e+00	   4.4986084e+00	   4.2789695e+00	   4.0481124e+00	   3.7998093e+00	   3.6374471e+00	   3.4857385e+00	   3.1863506e+00	   2.9001285e+00	   2.6423493e+00	   2.3958186e+00	   2.1456298e+00	   1.9376820e+00	   1.7121134e+00	
   8.0875022e+00	   7.6703702e+00	   8.2742746e+00	   8.4967292e+00	   8.2432047e+00	   7.6345023e+00	   7.2940757e+00	   6.9775974e+00	   6.3492237e+00	   5.8017436e+00	   5.7080503e+00	   5.4889636e+00	   5.3462681e+00	   5.2776876e+00	   5.2192271e+00	   5.2614110e+00	   5.1338928e+00	   4.9301149e+00	   4.7601090e+00	   4.6734663e+00	   4.5238030e+00	   4.2944833e+00	   4.1003478e+00	   3.9162631e+00	   3.6643525e+00	   3.5389539e+00	   3.2726998e+00	   3.0148326e+00	   2.8099719e+00	   2.5117943e+00	   2.1698671e+00	   1.9607950e+00	   1.7722065e+00	
   7.0478396e+00	   7.7603563e+00	   8.4512771e+00	   8.5405305e+00	   8.1653514e+00	   8.0357000e+00	   7.6649936e+00	   6.8470419e+00	   6.3319755e+00	   5.9584190e+00	   5.6968001e+00	   5.5369167e+00	   5.3193773e+00	   5.3326549e+00	   5.2305574e+00	   5.2369265e+00	   5.0472916e+00	   4.9862839e+00	   4.8777802e+00	   4.6804843e+00	   4.5541426e+00	   4.3638802e+00	   4.1669471e+00	   3.9229547e+00	   3.7173713e+00	   3.5085363e+00	   3.3551342e+00	   3.0452440e+00	   2.8006239e+00	   2.5865409e+00	   2.2840000e+00	   2.0959748e+00	   1.8438702e+00	
             NaN	   7.8150271e+00	   8.2651209e+00	   8.6645707e+00	   8.5516828e+00	   8.2189511e+00	   7.4735183e+00	   7.0016277e+00	   6.4476924e+00	   6.0295574e+00	   5.6866414e+00	   5.4218741e+00	   5.3695537e+00	   5.4602283e+00	   5.3005887e+00	   5.2547361e+00	   5.1562130e+00	   5.0429061e+00	   4.7931627e+00	   4.7360121e+00	   4.5216993e+00	   4.3777438e+00	   4.0989832e+00	   3.9443625e+00	   3.8015342e+00	   3.5457398e+00	   3.3643583e+00	   3.1191217e+00	   2.9444792e+00	   2.6514969e+00	   2.2700457e+00	   2.1002238e+00	   1.8966994e+00	
             NaN	   7.9740049e+00	   8.4706015e+00	   8.4679106e+00	   8.3928972e+00	   8.1079638e+00	   7.7532790e+00	   7.2076854e+00	   6.6638591e+00	   6.0676792e+00	   5.8898741e+00	   5.5578253e+00	   5.5503339e+00	   5.4332440e+00	   5.3704212e+00	   5.2671636e+00	   5.0822142e+00	   5.0143781e+00	   4.8915059e+00	   4.7812654e+00	   4.5308759e+00	   4.4396009e+00	   4.1082861e+00	   3.9989507e+00	   3.7498328e+00	   3.6516308e+00	   3.3443708e+00	   3.1489998e+00	   2.9416570e+00	   2.6773576e+00	   2.4111903e+00	   2.1467342e+00	   1.9924607e+00	
             NaN	   8.1375347e+00	   8.2225776e+00	   8.3138380e+00	   8.5936558e+00	   8.2621581e+00	   7.6939808e+00	   7.2640525e+00	   6.7227072e+00	   6.1493926e+00	   5.8809537e+00	   5.6648134e+00	   5.4904745e+00	   5.5052470e+00	   5.2974846e+00	   5.2143469e+00	   5.1804266e+00	   5.0237907e+00	   4.9710173e+00	   4.8390948e+00	   4.6199913e+00	   4.4017695e+00	   4.1668668e+00	   3.9934500e+00	   3.8357064e+00	   3.5916618e+00	   3.4221815e+00	   3.2207769e+00	   2.9934593e+00	   2.7433190e+00	   2.4604189e+00	   2.2527969e+00	   2.0342786e+00	
             NaN	   8.5029015e+00	   7.9816131e+00	   8.7763396e+00	   8.5043765e+00	   8.2711206e+00	   7.7071690e+00	   7.1562448e+00	   6.7332560e+00	   6.2809696e+00	   5.9246856e+00	   5.7268625e+00	   5.4862239e+00	   5.5789763e+00	   5.3965973e+00	   5.3642009e+00	   5.1657428e+00	   4.9931727e+00	   4.8927118e+00	   4.8729349e+00	   4.6265381e+00	   4.3802100e+00	   4.1729145e+00	   4.0092452e+00	   3.7993556e+00	   3.6629519e+00	   3.5014328e+00	   3.2723852e+00	   3.0236610e+00	   2.8345138e+00	   2.5327298e+00	   2.3464897e+00	   2.1356580e+00	
             NaN	   8.6701953e+00	   8.9114053e+00	   9.0613757e+00	   8.6525895e+00	   8.3276928e+00	   7.8391161e+00	   7.2051244e+00	   6.7720368e+00	   6.3542480e+00	   5.9775994e+00	   5.7274882e+00	   5.6627969e+00	   5.5626918e+00	   5.4625782e+00	   5.3257259e+00	   5.2213597e+00	   4.9932336e+00	   4.9190131e+00	   4.8043892e+00	   4.5779287e+00	   4.4126944e+00	   4.2393869e+00	   4.0120536e+00	   3.9681162e+00	   3.7187746e+00	   3.5385986e+00	   3.3123695e+00	   3.1026836e+00	   2.8618150e+00	   2.6409962e+00	   2.3593183e+00	   2.1199556e+00	
             NaN	   9.1583264e+00	   9.2745530e+00	   8.5856533e+00	   8.6804011e+00	   8.1635494e+00	   8.0068807e+00	   7.3880902e+00	   6.9588017e+00	   6.4131932e+00	   6.0043891e+00	   5.7759889e+00	   5.6339630e+00	   5.5978079e+00	   5.5250307e+00	   5.2685617e+00	   5.2364364e+00	   5.0040866e+00	   4.9037638e+00	   4.8124062e+00	   4.6087271e+00	   4.4502204e+00	   4.2717632e+00	   4.0152147e+00	   3.9081527e+00	   3.7057140e+00	   3.5524697e+00	   3.3856519e+00	   3.1682863e+00	   2.9036369e+00	   2.7038380e+00	   2.3996935e+00	   2.3030958e+00	
             NaN	             NaN	   8.8715590e+00	   8.9074177e+00	   8.8476199e+00	   8.4839202e+00	   8.0134521e+00	   7.4971519e+00	   7.0234083e+00	   6.4267169e+00	   6.1679044e+00	   5.6681448e+00	   5.6839278e+00	   5.4988195e+00	   5.4876086e+00	   5.2599947e+00	   5.2566772e+00	   5.0596797e+00	   4.8794927e+00	   4.8910337e+00	   4.6453932e+00	   4.4446403e+00	   4.2434847e+00	   4.0426300e+00	   3.9448762e+00	   3.7895370e+00	   3.6025846e+00	   3.4122627e+00	   3.1570195e+00	   2.9856368e+00	   2.7620737e+00	   2.5489611e+00	   2.3197446e+00	
             NaN	             NaN	   8.7867558e+00	   9.0598314e+00	   8.6569004e+00	   8.5975160e+00	   8.1225770e+00	   7.6364437e+00	   6.9646755e+00	   6.4950246e+00	   6.3773909e+00	   5.8565736e+00	   5.7473563e+00	   5.5440333e+00	   5.5354278e+00	   5.3387506e+00	   5.1927013e+00	   5.0774838e+00	   5.0592645e+00	   4.8041656e+00	   4.7246319e+00	   4.4507812e+00	   4.2660282e+00	   4.0908722e+00	   3.9739896e+00	   3.8761904e+00	   3.6162739e+00	   3.3744638e+00	   3.1988183e+00	   2.9814458e+00	   2.7859436e+00	   2.5956586e+00	   2.3529876e+00	
             NaN	             NaN	   9.2539424e+00	   8.8561978e+00	   8.8456419e+00	   8.5025554e+00	   8.2849824e+00	   7.6995689e+00	   7.1374298e+00	   6.7140654e+00	   6.3195306e+00	   5.8776219e+00	   5.8041871e+00	   5.5950259e+00	   5.5000855e+00	   5.3895280e+00	   5.2660922e+00	   5.0564597e+00	   4.9636375e+00	   4.7755462e+00	   4.6660347e+00	   4.5135990e+00	   4.2604779e+00	   4.0780850e+00	   3.9635579e+00	   3.8412597e+00	   3.6928820e+00	   3.4639168e+00	   3.2532560e+00	   3.0887537e+00	   2.8718712e+00	   2.7041570e+00	   2.4316164e+00	
             NaN	             NaN	   9.6748171e+00	   8.9348665e+00	   9.2972569e+00	   8.6327208e+00	   8.4188594e+00	   7.6147761e+00	   7.0246984e+00	   6.5943876e+00	   6.3757373e+00	   5.9339340e+00	   5.7880461e+00	   5.6354184e+00	   5.5143111e+00	   5.3436759e+00	   5.2092498e+00	   5.0323551e+00	   4.9374530e+00	   4.8038918e+00	   4.6506369e+00	   4.4875979e+00	   4.3219373e+00	   4.1360800e+00	   3.9069857e+00	   3.8626138e+00	   3.6616086e+00	   3.5063327e+00	   3.2900523e+00	   3.1376560e+00	   2.8868193e+00	   2.7149224e+00	   2.4990828e+00	
             NaN	             NaN	   9.2689861e+00	   9.1390111e+00	   8.8845423e+00	   8.7857579e+00	   8.2298367e+00	   7.7475455e+00	   7.2997764e+00	   6.6845610e+00	   6.3816142e+00	   5.9511304e+00	   5.8666750e+00	   5.7477541e+00	   5.6008577e+00	   5.3204191e+00	   5.2455419e+00	   5.1121543e+00	   4.9156296e+00	   4.7890047e+00	   4.6810944e+00	   4.4665078e+00	   4.2632194e+00	   4.1393505e+00	   3.9926073e+00	   3.8661197e+00	   3.6644599e+00	   3.4783295e+00	   3.2656532e+00	   3.1043451e+00	   2.9170853e+00	   2.7439746e+00	   2.6035826e+00	
             NaN	             NaN	             NaN	   9.3598700e+00	   9.3068121e+00	   8.7470652e+00	   8.2192637e+00	   7.8290058e+00	   7.2723785e+00	   6.7905459e+00	   6.3725355e+00	   6.1476168e+00	   5.9409932e+00	   5.7619686e+00	   5.5401007e+00	   5.4994447e+00	   5.1830512e+00	   5.0765864e+00	   4.8503146e+00	   4.8315308e+00	   4.7016088e+00	   4.5308884e+00	   4.3131445e+00	   4.1251093e+00	   4.0477231e+00	   3.8504426e+00	   3.7113720e+00	   3.5539410e+00	   3.3422220e+00	   3.1302992e+00	   2.9623352e+00	   2.8075268e+00	   2.6381355e+00	
             NaN	             NaN	             NaN	   9.4089783e+00	   9.0616907e+00	   8.5982595e+00	   8.2958969e+00	   7.8627001e+00	   7.3806149e+00	   6.8705063e+00	   6.4371443e+00	   6.2855109e+00	   5.9171834e+00	   5.7144709e+00	   5.6856118e+00	   5.3873337e+00	   5.1245483e+00	   5.1008576e+00	   4.9373133e+00	   4.7852949e+00	   4.6272787e+00	   4.5165728e+00	   4.3047173e+00	   4.1146326e+00	   3.9934591e+00	   3.9002766e+00	   3.7471134e+00	   3.5358694e+00	   3.3367131e+00	   3.1329138e+00	   2.9720929e+00	   2.7725429e+00	   2.6797279e+00	
             NaN	             NaN	             NaN	   9.2154197e+00	   8.9420275e+00	   8.8235158e+00	   8.4119389e+00	   7.9307499e+00	   7.2720266e+00	   6.9159683e+00	   6.4077552e+00	   6.2822781e+00	   5.9246609e+00	   5.7404215e+00	   5.5860800e+00	   5.3846646e+00	   5.2357099e+00	   5.0856303e+00	   4.9320354e+00	   4.8074913e+00	   4.5705963e+00	   4.4785534e+00	   4.2729865e+00	   4.1214047e+00	   4.0035221e+00	   3.9009440e+00	   3.7604107e+00	   3.5365082e+00	   3.3598345e+00	   3.2104745e+00	   3.0250419e+00	   2.8495320e+00	   2.7061105e+00	
             NaN	             NaN	             NaN	   9.5079781e+00	   9.4548221e+00	   8.9163831e+00	   8.4300356e+00	   7.8434003e+00	   7.3841758e+00	   6.9999851e+00	   6.4054040e+00	   6.1415036e+00	   5.8939623e+00	   5.7455799e+00	   5.5786597e+00	   5.4936200e+00	   5.2286202e+00	   5.0315438e+00	   4.8404841e+00	   4.8346615e+00	   4.6299635e+00	   4.4725135e+00	   4.2302259e+00	   4.1108394e+00	   4.0008347e+00	   3.9079956e+00	   3.7821789e+00	   3.5902810e+00	   3.3787681e+00	   3.2390552e+00	   2.9988206e+00	   2.9055746e+00	   2.7479401e+00	
             NaN	             NaN	             NaN	   9.0931253e+00	   9.3383534e+00	   8.9203877e+00	   8.3982965e+00	   7.8181944e+00	   7.4669451e+00	   7.0390070e+00	   6.4296179e+00	   6.3326600e+00	   6.0688822e+00	   5.6865297e+00	   5.6764082e+00	   5.3282738e+00	   5.2014215e+00	   5.0277365e+00	   4.9044784e+00	   4.8101707e+00	   4.5925605e+00	   4.3874392e+00	   4.2919762e+00	   4.1287242e+00	   4.0069513e+00	   3.8678150e+00	   3.7316451e+00	   3.6084930e+00	   3.4167986e+00	   3.2362792e+00	   3.0282503e+00	   2.9016435e+00	   2.7387079e+00	
             NaN	             NaN	             NaN	             NaN	   9.5351315e+00	   9.0494091e+00	   8.4455243e+00	   8.0263092e+00	   7.4428563e+00	   6.9136779e+00	   6.6916851e+00	   6.2976303e+00	   6.0288787e+00	   5.8686521e+00	   5.6652198e+00	   5.3712858e+00	   5.2059362e+00	   5.0583005e+00	   4.9100331e+00	   4.7018602e+00	   4.5914958e+00	   4.4001075e+00	   4.2191344e+00	   4.1206666e+00	   3.9609494e+00	   3.9007951e+00	   3.7294643e+00	   3.6221733e+00	   3.3523677e+00	   3.2662984e+00	   3.0667002e+00	   2.9203388e+00	   2.7761270e+00	
             NaN	             NaN	             NaN	             NaN	   9.0404904e+00	   8.6801827e+00	   8.5377173e+00	   7.9765780e+00	   7.5342002e+00	   6.9179404e+00	   6.6153461e+00	   6.3349043e+00	   6.0584615e+00	   5.8275599e+00	   5.6320114e+00	   5.3761241e+00	   5.2926909e+00	   5.0073745e+00	   4.8074207e+00	   4.6958273e+00	   4.5999125e+00	   4.3749126e+00	   4.2399826e+00	   4.1254294e+00	   3.9742307e+00	   3.8787926e+00	   3.7629356e+00	   3.5856056e+00	   3.4165294e+00	   3.2259468e+00	   3.1075498e+00	   2.9391422e+00	   2.8197954e+00	
             NaN	             NaN	             NaN	             NaN	   9.2408879e+00	   8.8115754e+00	   8.3455567e+00	   7.9722592e+00	   7.4361998e+00	   6.8656563e+00	   6.6113161e+00	   6.2185577e+00	   6.1256934e+00	   5.8549725e+00	   5.5221564e+00	   5.3809998e+00	   5.2387874e+00	   5.0553249e+00	   4.8639833e+00	   4.7496771e+00	   4.4719201e+00	   4.4060348e+00	   4.2301706e+00	   4.0917183e+00	   4.0227152e+00	   3.8990155e+00	   3.6921882e+00	   3.5579176e+00	   3.4745259e+00	   3.2582783e+00	   3.1329873e+00	   3.0052959e+00	   2.8807254e+00	
             NaN	             NaN	             NaN	             NaN	   9.1393303e+00	   8.8252755e+00	   8.5053447e+00	   8.0498723e+00	   7.3357011e+00	   7.0212465e+00	   6.6065842e+00	   6.3366004e+00	   6.1163079e+00	   5.8319923e+00	   5.6252192e+00	   5.4408949e+00	   5.1746601e+00	   4.9861137e+00	   4.8598963e+00	   4.6953039e+00	   4.4770712e+00	   4.3592344e+00	   4.1671095e+00	   4.0339604e+00	   3.9062211e+00	   3.8637093e+00	   3.7588775e+00	   3.5535384e+00	   3.3814011e+00	   3.3021644e+00	   3.0963398e+00	   2.9665850e+00	   2.8734706e+00	
             NaN	             NaN	             NaN	             NaN	   9.2376165e+00	   9.0823205e+00	   8.5311752e+00	   7.9281134e+00	   7.3654116e+00	   6.9794824e+00	   6.4883164e+00	   6.2323774e+00	   5.9999216e+00	   5.8448967e+00	   5.5108649e+00	   5.3853080e+00	   5.1199811e+00	   4.9536224e+00	   4.7388291e+00	   4.6950128e+00	   4.4700362e+00	   4.3559118e+00	   4.1845503e+00	   3.9766980e+00	   3.9321755e+00	   3.8947656e+00	   3.7280664e+00	   3.4933820e+00	   3.4563423e+00	   3.2147369e+00	   3.1344816e+00	   2.9313320e+00	   2.8818701e+00	
             NaN	             NaN	             NaN	             NaN	             NaN	   9.0898241e+00	   8.4690256e+00	   8.0596147e+00	   7.2761383e+00	   7.0572483e+00	   6.5777296e+00	   6.2929596e+00	   6.0473632e+00	   5.7150528e+00	   5.6506599e+00	   5.3156210e+00	   5.0573639e+00	   4.9552124e+00	   4.6754842e+00	   4.7023015e+00	   4.4785623e+00	   4.2443955e+00	   4.1782033e+00	   4.0149700e+00	   3.9194990e+00	   3.7764863e+00	   3.6139257e+00	   3.5262834e+00	   3.3870338e+00	   3.2342532e+00	   3.0990763e+00	   2.9715570e+00	   2.8562990e+00	
             NaN	             NaN	             NaN	             NaN	             NaN	   8.9129253e+00	   8.4179077e+00	   7.9791356e+00	   7.5005931e+00	   6.9904595e+00	   6.4547058e+00	   6.1624014e+00	   5.8966058e+00	   5.8166851e+00	   5.6191318e+00	   5.3888451e+00	   5.0918635e+00	   4.8853194e+00	   4.7982877e+00	   4.5437410e+00	   4.4971360e+00	   4.3211548e+00	   4.1337093e+00	   3.9386519e+00	   3.8672783e+00	   3.8017556e+00	   3.6916213e+00	   3.4688545e+00	   3.3349603e+00	   3.2347350e+00	   3.1360392e+00	   2.9773785e+00	   2.8722059e+00	
             NaN	             NaN	             NaN	             NaN	             NaN	   8.7077558e+00	   8.6943743e+00	   8.0116864e+00	   7.4332069e+00	   7.0581888e+00	   6.4672752e+00	   6.1485553e+00	   5.8815032e+00	   5.7103721e+00	   5.4729198e+00	   5.1686029e+00	   5.0151090e+00	   4.8877373e+00	   4.6710875e+00	   4.4881115e+00	   4.3580502e+00	   4.2699498e+00	   4.0344048e+00	   3.9636736e+00	   3.8309243e+00	   3.7876217e+00	   3.6103300e+00	   3.4066506e+00	   3.3453768e+00	   3.1894963e+00	   3.0657098e+00	   3.0027269e+00	   2.8615439e+00	
             NaN	             NaN	             NaN	             NaN	             NaN	   8.9407998e+00	   8.3771744e+00	   7.9721362e+00	   7.3195092e+00	   6.9921605e+00	   6.5813962e+00	   6.2265541e+00	   5.9053646e+00	   5.8010523e+00	   5.5434143e+00	   5.2509327e+00	   5.0132281e+00	   4.8459761e+00	   4.6021133e+00	   4.4952038e+00	   4.3035229e+00	   4.1175560e+00	   4.0356966e+00	   3.8863450e+00	   3.7530115e+00	   3.7549138e+00	   3.5845133e+00	   3.4796440e+00	   3.3241840e+00	   3.1361526e+00	   3.0882898e+00	   2.9546198e+00	   2.8654976e+00	
             NaN	             NaN	             NaN	             NaN	             NaN	   8.8308961e+00	   8.4609017e+00	   7.9912028e+00	   7.4165867e+00	   6.8296175e+00	   6.6076146e+00	   6.2531316e+00	   5.9147712e+00	   5.7953353e+00	   5.5088956e+00	   5.2091691e+00	   5.0764887e+00	   4.8038855e+00	   4.5522847e+00	   4.5607661e+00	   4.3145934e+00	   4.1529155e+00	   4.0538422e+00	   3.8682320e+00	   3.7879757e+00	   3.7289895e+00	   3.6156060e+00	   3.4430772e+00	   3.3585472e+00	   3.1411852e+00	   3.0856205e+00	   2.9263420e+00	   2.8421037e+00	
             NaN	             NaN	             NaN	             NaN	             NaN	             NaN	   8.4859089e+00	   7.7105147e+00	   7.2819486e+00	   7.0807918e+00	   6.4856340e+00	   6.2201953e+00	   6.0051128e+00	   5.7838508e+00	   5.5059483e+00	   5.3074362e+00	   5.0116080e+00	   4.7270429e+00	   4.6071718e+00	   4.5282629e+00	   4.3433774e+00	   4.1035043e+00	   3.9619872e+00	   3.8285195e+00	   3.6854578e+00	   3.6873771e+00	   3.5302166e+00	   3.4577671e+00	   3.3152021e+00	   3.1561769e+00	   3.0600185e+00	   2.9216035e+00	   2.8477750e+00	
             NaN	             NaN	             NaN	             NaN	             NaN	             NaN	   8.5652138e+00	   7.7805387e+00	   7.3814822e+00	   7.0860597e+00	   6.4898663e+00	   6.1974441e+00	   5.9516450e+00	   5.8259255e+00	   5.4774565e+00	   5.1983562e+00	   4.8756838e+00	   4.6713374e+00	   4.5538421e+00	   4.4528840e+00	   4.2028426e+00	   4.1474743e+00	   3.9567014e+00	   3.8334671e+00	   3.7458751e+00	   3.6733804e+00	   3.5273365e+00	   3.4840644e+00	   3.2184617e+00	   3.1769671e+00	   3.0335173e+00	   2.9391823e+00	   2.8343103e+00	
   0.0000000e+00	             NaN	             NaN	             NaN	             NaN	             NaN	   8.3091302e+00	   7.9975797e+00	   7.3379091e+00	   6.8381268e+00	   6.5957900e+00	   6.1230668e+00	   5.9302608e+00	   5.7434738e+00	   5.4343905e+00	   5.0841416e+00	   4.8940665e+00	   4.7343579e+00	   4.4919327e+00	   4.3594864e+00	   4.2234770e+00	   4.0719528e+00	   3.8386861e+00	   3.7958379e+00	   3.7714738e+00	   3.6906754e+00	   3.5004244e+00	   3.3790260e+00	   3.2514384e+00	   3.2150532e+00	   2.9497709e+00	   2.9056851e+00	   2.8201857e+00	
   0.0000000e+00	             NaN	             NaN	             NaN	             NaN	             NaN	   8.2431376e+00	   7.8349335e+00	   7.1055518e+00	   6.6763470e+00	   6.4580846e+00	   6.1414835e+00	   5.7770932e+00	   5.6804398e+00	   5.4507744e+00	   5.0937076e+00	   4.8965326e+00	   4.7368083e+00	   4.5315285e+00	   4.3075690e+00	   4.1870500e+00	   4.0287635e+00	   3.8633497e+00	   3.7269299e+00	   3.6989864e+00	   3.5430121e+00	   3.4892784e+00	   3.3514148e+00	   3.2303574e+00	   3.0642704e+00	   3.0105305e+00	   2.8562245e+00	   2.7991457e+00	
   0.0000000e+00	             NaN	             NaN	             NaN	             NaN	             NaN	   8.2799899e+00	   7.5056323e+00	   7.1573310e+00	   6.8599697e+00	   6.3149836e+00	   6.0505601e+00	   5.8315250e+00	   5.5542893e+00	   5.3739640e+00	   4.9707761e+00	   4.8211685e+00	   4.7057591e+00	   4.4617582e+00	   4.3524927e+00	   4.1762770e+00	   3.9003568e+00	   3.8228443e+00	   3.7257472e+00	   3.6580876e+00	   3.5206797e+00	   3.4577115e+00	   3.3607109e+00	   3.1892090e+00	   3.0773179e+00	   2.9789786e+00	   2.8942818e+00	   2.7973885e+00	
   0.0000000e+00	             NaN	             NaN	             NaN	             NaN	             NaN	             NaN	   7.8462270e+00	   7.3395055e+00	   6.7206297e+00	   6.3663920e+00	   6.0861676e+00	   5.6908993e+00	   5.5433931e+00	   5.2756410e+00	   5.0532091e+00	   4.8034416e+00	   4.6262308e+00	   4.4047236e+00	   4.3095500e+00	   4.1546699e+00	   3.9767907e+00	   3.8769967e+00	   3.6861061e+00	   3.6156858e+00	   3.4189122e+00	   3.4481542e+00	   3.2690517e+00	   3.1612597e+00	   2.9881464e+00	   2.9821358e+00	   2.8920873e+00	   2.7357364e+00	
   0.0000000e+00	             NaN	             NaN	             NaN	             NaN	             NaN	             NaN	   7.6353480e+00	   7.1352475e+00	   6.6263280e+00	   6.3815141e+00	   5.9549876e+00	   5.8043810e+00	   5.4981958e+00	   5.1766288e+00	   4.9547921e+00	   4.6720237e+00	   4.5954774e+00	   4.4173545e+00	   4.2308743e+00	   4.0325378e+00	   3.9741898e+00	   3.7383458e+00	   3.6465676e+00	   3.5549822e+00	   3.4727755e+00	   3.3345661e+00	   3.2607361e+00	   3.1544679e+00	   3.0108346e+00	   2.9652401e+00	   2.8542849e+00	   2.8365048e+00	
   0.0000000e+00	   0.0000000e+00	             NaN	             NaN	             NaN	             NaN	             NaN	   7.6900433e+00	   6.9172277e+00	   6.7050724e+00	   6.2551590e+00	   6.0854620e+00	   5.6677016e+00	   5.4214901e+00	   5.1676113e+00	   4.9553149e+00	   4.6982080e+00	   4.5500291e+00	   4.2975021e+00	   4.1752221e+00	   3.9868032e+00	   3.8590055e+00	   3.6830645e+00	   3.6250532e+00	   3.5358836e+00	   3.4414401e+00	   3.3530745e+00	   3.2225519e+00	   3.0083903e+00	   2.9699311e+00	   2.8989885e+00	   2.8567877e+00	   2.6764839e+00	
   0.0000000e+00	   0.0000000e+00	             NaN	             NaN	             NaN	             NaN	             NaN	   7.5235437e+00	   6.9003311e+00	   6.5916631e+00	   6.0270621e+00	   6.0367250e+00	   5.6676474e+00	   5.2653013e+00	   5.2010574e+00	   4.8759693e+00	   4.7878119e+00	   4.5002179e+00	   4.2671169e+00	   4.1248434e+00	   3.9578686e+00	   3.7829300e+00	   3.6733079e+00	   3.5366932e+00	   3.5289749e+00	   3.3684421e+00	   3.2274950e+00	   3.1255686e+00	   3.1098395e+00	   2.8950601e+00	   2.8838835e+00	   2.7625453e+00	   2.7449277e+00	
   0.0000000e+00	   0.0000000e+00	             NaN	             NaN	             NaN	             NaN	             NaN	   7.6068575e+00	   6.8120493e+00	   6.4719994e+00	   6.0570456e+00	   5.7533509e+00	   5.6745734e+00	   5.2478869e+00	   5.1166916e+00	   4.7640341e+00	   4.5280311e+00	   4.2899634e+00	   4.1690055e+00	   4.0093506e+00	   3.9720504e+00	   3.7729259e+00	   3.6523925e+00	   3.4538898e+00	   3.3117138e+00	   3.3249392e+00	   3.2415172e+00	   3.0805703e+00	   3.0193305e+00	   2.9078590e+00	   2.7835937e+00	   2.7235035e+00	   2.6593687e+00	
   0.0000000e+00	   0.0000000e+00	             NaN	             NaN	             NaN	             NaN	             NaN	             NaN	   6.8722019e+00	   6.4173153e+00	   6.2518404e+00	   5.7728182e+00	   5.4809445e+00	   5.2842037e+00	   4.9394896e+00	   4.8124865e+00	   4.5118709e+00	   4.3632599e+00	   4.1477739e+00	   3.9400240e+00	   3.8122022e+00	   3.6756813e+00	   3.5467202e+00	   3.4491616e+00	   3.3905628e+00	   3.3266643e+00	   3.1889437e+00	   3.0948609e+00	   2.9850506e+00	   2.8884597e+00	   2.7770432e+00	   2.6575946e+00	   2.6592687e+00	
   0.0000000e+00	   0.0000000e+00	             NaN	             NaN	             NaN	             NaN	             NaN	             NaN	   6.6722140e+00	   6.3069243e+00	   5.8995013e+00	   5.6747027e+00	   5.4097869e+00	   5.2881906e+00	   4.8635406e+00	   4.6982647e+00	   4.5316299e+00	   4.1500557e+00	   4.0391739e+00	   3.9347937e+00	   3.7696407e+00	   3.6275971e+00	   3.4753402e+00	   3.3962685e+00	   3.3362360e+00	   3.1252550e+00	   3.1271555e+00	   3.0036690e+00	   2.8932210e+00	   2.8718526e+00	   2.6926205e+00	   2.6311358e+00	   2.5441992e+00	
   0.0000000e+00	   0.0000000e+00	   0.0000000e+00	             NaN	             NaN	             NaN	             NaN	             NaN	   6.6397499e+00	   6.3734945e+00	   5.8468510e+00	   5.5694986e+00	   5.3303081e+00	   5.1459603e+00	   4.8294041e+00	   4.5644527e+00	   4.4822714e+00	   4.2799624e+00	   3.9794720e+00	   3.8971192e+00	   3.7981096e+00	   3.6055310e+00	   3.4564263e+00	   3.3746853e+00	   3.2145764e+00	   3.1469577e+00	   3.1518341e+00	   2.9554723e+00	   2.8563071e+00	   2.8163208e+00	   2.6991581e+00	   2.6180253e+00	   2.5350225e+00	
   0.0000000e+00	   0.0000000e+00	   0.0000000e+00	             NaN	             NaN	             NaN	             NaN	             NaN	   6.3885232e+00	   6.2903814e+00	   5.9508210e+00	   5.6294760e+00	   5.2406927e+00	   5.1821494e+00	   4.8791332e+00	   4.6230573e+00	   4.4169455e+00	   4.1773525e+00	   3.9752737e+00	   3.8106813e+00	   3.6472445e+00	   3.5583156e+00	   3.3807345e+00	   3.3247388e+00	   3.1904790e+00	   3.1170119e+00	   3.1000817e+00	   2.9726299e+00	   2.8403357e+00	   2.7799519e+00	   2.6665702e+00	   2.5988873e+00	   2.5177433e+00	
   0.0000000e+00	   0.0000000e+00	   0.0000000e+00	             NaN	             NaN	             NaN	             NaN	             NaN	   6.5669234e+00	   6.1930659e+00	   5.7925896e+00	   5.4342552e+00	   5.2773742e+00	   5.1307421e+00	   4.8276201e+00	   4.4973579e+00	   4.3439294e+00	   4.0683047e+00	   3.9857938e+00	   3.7187301e+00	   3.6584527e+00	   3.5113977e+00	   3.4338919e+00	   3.3060491e+00	   3.1867722e+00	   3.0248867e+00	   2.9509683e+00	   2.8920488e+00	   2.8305024e+00	   2.7320879e+00	   2.6414934e+00	   2.5633225e+00	   2.5067875e+00	
   0.0000000e+00	   0.0000000e+00	   0.0000000e+00	             NaN	             NaN	             NaN	             NaN	             NaN	   6.3873627e+00	   6.1374497e+00	   5.5331448e+00	   5.6083766e+00	   5.2331859e+00	   5.0164723e+00	   4.7564363e+00	   4.5852178e+00	   4.1779595e+00	   4.0837718e+00	   3.8040348e+00	   3.7165106e+00	   3.5961761e+00	   3.4116207e+00	   3.2873339e+00	   3.2193590e+00	   3.0940528e+00	   3.0255434e+00	   2.9117256e+00	   2.8399025e+00	   2.7445187e+00	   2.6602806e+00	   2.5586052e+00	   2.5441502e+00	   2.4551504e+00	
   0.0000000e+00	   0.0000000e+00	   0.0000000e+00	             NaN	             NaN	             NaN	             NaN	             NaN	             NaN	   5.8878824e+00	   5.5840299e+00	   5.3032643e+00	   5.0828565e+00	   4.8821796e+00	   4.7079657e+00	   4.4337472e+00	   4.1936119e+00	   3.9501796e+00	   3.8060511e+00	   3.5801036e+00	   3.5368134e+00	   3.3908286e+00	   3.2909236e+00	   3.1090834e+00	   3.1050618e+00	   3.0349296e+00	   2.9287541e+00	   2.8063600e+00	   2.6828761e+00	   2.5933816e+00	   2.5216311e+00	   2.4806944e+00	   2.4171882e+00	
   0.0000000e+00	   0.0000000e+00	   0.0000000e+00	   0.0000000e+00	             NaN	             NaN	             NaN	             NaN	             NaN	   6.0063076e+00	   5.4575769e+00	   5.3190124e+00	   5.0370510e+00	   4.7634303e+00	   4.5970129e+00	   4.2811440e+00	   4.1380566e+00	   3.9636822e+00	   3.8128367e+00	   3.5508441e+00	   3.4983991e+00	   3.2845440e+00	   3.2210405e+00	   3.0573248e+00	   3.0701695e+00	   2.9273217e+00	   2.7863737e+00	   2.7463590e+00	   2.6480933e+00	   2.5597103e+00	   2.4759013e+00	   2.4190066e+00	   2.3388249e+00	
   0.0000000e+00	   0.0000000e+00	   0.0000000e+00	   0.0000000e+00	             NaN	             NaN	             NaN	             NaN	             NaN	   5.7726779e+00	   5.4886530e+00	   5.0996713e+00	   4.9596153e+00	   4.6548460e+00	   4.5508737e+00	   4.2747171e+00	   4.0716383e+00	   3.8576891e+00	   3.7865004e+00	   3.5507897e+00	   3.3502414e+00	   3.2644907e+00	   3.0994990e+00	   3.0070825e+00	   2.9988665e+00	   2.8650774e+00	   2.7372878e+00	   2.7354020e+00	   2.5964921e+00	   2.5164231e+00	   2.4747056e+00	   2.3953371e+00	   2.3465227e+00	
   0.0000000e+00	   0.0000000e+00	   0.0000000e+00	   0.0000000e+00	             NaN	             NaN	             NaN	             NaN	             NaN	   5.7543523e+00	   5.3901128e+00	   5.0551503e+00	   4.8984740e+00	   4.6268811e+00	   4.4022499e+00	   4.2645097e+00	   4.0417981e+00	   3.8239271e+00	   3.6421702e+00	   3.4302339e+00	   3.3579453e+00	   3.1599151e+00	   3.0876524e+00	   3.0176096e+00	   2.9393949e+00	   2.8930610e+00	   2.7357251e+00	   2.6734957e+00	   2.5390818e+00	   2.4728428e+00	   2.3981710e+00	   2.3660513e+00	   2.3045815e+00	
   0.0000000e+00	   0.0000000e+00	   0.0000000e+00	   0.0000000e+00	             NaN	             NaN	             NaN	             NaN	             NaN	   5.7458874e+00	   5.2131600e+00	   5.0521385e+00	   4.7865403e+00	   4.5194349e+00	   4.3684284e+00	   4.1736575e+00	   3.8815622e+00	   3.8078110e+00	   3.6367812e+00	   3.4285075e+00	   3.2927302e+00	   3.1381114e+00	   3.0043828e+00	   2.9361665e+00	   2.8239399e+00	   2.7533738e+00	   2.6991734e+00	   2.6009622e+00	   2.4669209e+00	   2.4345879e+00	   2.3114569e+00	   2.3355523e+00	   2.2502524e+00	
   0.0000000e+00	   0.0000000e+00	   0.0000000e+00	   0.0000000e+00	             NaN	             NaN	             NaN	             NaN	             NaN	             NaN	   5.1462015e+00	   4.8718550e+00	   4.5937020e+00	   4.4480710e+00	   4.1946026e+00	   4.1787210e+00	   3.8576907e+00	   3.6663928e+00	   3.5047969e+00	   3.3532344e+00	   3.2071891e+00	   3.0594918e+00	   3.0080071e+00	   2.8666286e+00	   2.8172422e+00	   2.7761510e+00	   2.6019804e+00	   2.5331210e+00	   2.4759585e+00	   2.3935033e+00	   2.3263962e+00	   2.2715550e+00	   2.1929676e+00	
   0.0000000e+00	   0.0000000e+00	   0.0000000e+00	   0.0000000e+00	             NaN	             NaN	             NaN	             NaN	             NaN	             NaN	   5.1313679e+00	   4.8427321e+00	   4.6806085e+00	   4.4825864e+00	   4.0860229e+00	   4.0164843e+00	   3.8570770e+00	   3.6854884e+00	   3.4230937e+00	   3.2825993e+00	   3.1962616e+00	   3.0070565e+00	   2.8691779e+00	   2.8138639e+00	   2.7370095e+00	   2.6816965e+00	   2.5826160e+00	   2.5246542e+00	   2.3948508e+00	   2.2934006e+00	   2.2711201e+00	   2.2054295e+00	   2.2071757e+00	
   0.0000000e+00	   0.0000000e+00	   0.0000000e+00	   0.0000000e+00	   0.0000000e+00	             NaN	             NaN	             NaN	             NaN	             NaN	   5.1043071e+00	   4.7934070e+00	   4.5203739e+00	   4.3453094e+00	   4.2393340e+00	   3.9229394e+00	   3.7314104e+00	   3.5564796e+00	   3.4178473e+00	   3.2649198e+00	   3.1059067e+00	   2.9701841e+00	   2.8517979e+00	   2.7498766e+00	   2.6828895e+00	   2.6223122e+00	   2.5520202e+00	   2.4867026e+00	   2.3736588e+00	   2.2659221e+00	   2.2193671e+00	   2.1663683e+00	   2.1601550e+00	
   0.0000000e+00	   0.0000000e+00	   0.0000000e+00	   0.0000000e+00	   0.0000000e+00	             NaN	             NaN	             NaN	             NaN	             NaN	   4.9009626e+00	   4.6791735e+00	   4.4014919e+00	   4.2044841e+00	   4.1829481e+00	   3.9261251e+00	   3.5711342e+00	   3.4531392e+00	   3.2637803e+00	   3.2181748e+00	   2.9742334e+00	   2.9263151e+00	   2.7166823e+00	   2.7258514e+00	   2.6350248e+00	   2.6140501e+00	   2.4647140e+00	   2.3572905e+00	   2.3021953e+00	   2.2481580e+00	   2.2352938e+00	   2.1649133e+00	   2.0863411e+00	
   0.0000000e+00	   0.0000000e+00	   0.0000000e+00	   0.0000000e+00	   0.0000000e+00	             NaN	             NaN	             NaN	             NaN	             NaN	   4.8668144e+00	   4.7261406e+00	   4.4220816e+00	   4.1513704e+00	   3.9099359e+00	   3.8014683e+00	   3.4945336e+00	   3.4050177e+00	   3.2436788e+00	   3.0774418e+00	   3.0188024e+00	   2.8036552e+00	   2.6904014e+00	   2.6074885e+00	   2.5822949e+00	   2.5219154e+00	   2.4584163e+00	   2.3488232e+00	   2.3060783e+00	   2.1872699e+00	   2.1307598e+00	   2.0680963e+00	   2.0058479e+00	
   0.0000000e+00	   0.0000000e+00	   0.0000000e+00	   0.0000000e+00	   0.0000000e+00	             NaN	             NaN	             NaN	             NaN	             NaN	             NaN	   4.4214102e+00	   4.3077763e+00	   4.1138022e+00	   3.9891316e+00	   3.7870730e+00	   3.4786280e+00	   3.2760897e+00	   3.2443537e+00	   3.0235337e+00	   2.8687483e+00	   2.8659083e+00	   2.6556233e+00	   2.6333612e+00	   2.5242456e+00	   2.4789834e+00	   2.3386318e+00	   2.3232528e+00	   2.2670855e+00	   2.1595543e+00	   2.0712675e+00	   1.9999519e+00	   1.9701216e+00	
   0.0000000e+00	   0.0000000e+00	   0.0000000e+00	   0.0000000e+00	   0.0000000e+00	             NaN	             NaN	             NaN	             NaN	             NaN	             NaN	   4.5231581e+00	   4.2306154e+00	   4.0271672e+00	   3.8431159e+00	   3.6133975e+00	   3.4348330e+00	   3.2857468e+00	   3.1499125e+00	   2.9603955e+00	   2.8570814e+00	   2.7709174e+00	   2.6538336e+00	   2.5425830e+00	   2.4865190e+00	   2.4475293e+00	   2.3442829e+00	   2.2563981e+00	   2.1857834e+00	   2.0992445e+00	   1.9932601e+00	   1.9588077e+00	   1.9758863e+00	
   0.0000000e+00	   0.0000000e+00	   0.0000000e+00	   0.0000000e+00	   0.0000000e+00	   0.0000000e+00	             NaN	             NaN	             NaN	             NaN	             NaN	   4.4599519e+00	   4.1940126e+00	   4.0172860e+00	   3.8062847e+00	   3.5851296e+00	   3.3455457e+00	   3.1892969e+00	   3.0498782e+00	   2.9029229e+00	   2.7843917e+00	   2.7060490e+00	   2.5472631e+00	   2.4434657e+00	   2.4258337e+00	   2.4326692e+00	   2.2981626e+00	   2.2060520e+00	   2.1469377e+00	   2.0735356e+00	   1.9748874e+00	   1.9451867e+00	   1.8649909e+00	
   0.0000000e+00	   0.0000000e+00	   0.0000000e+00	   0.0000000e+00	   0.0000000e+00	   0.0000000e+00	             NaN	             NaN	             NaN	             NaN	             NaN	   4.2543798e+00	   4.0947693e+00	   3.9043285e+00	   3.8967863e+00	   3.5398861e+00	   3.3843735e+00	   3.1206956e+00	   3.0448671e+00	   2.8196818e+00	   2.7873906e+00	   2.6486352e+00	   2.4741462e+00	   2.4103990e+00	   2.4041203e+00	   2.2905307e+00	   2.2116918e+00	   2.1799002e+00	   2.0899715e+00	   1.9774347e+00	   1.8963552e+00	   1.8955889e+00	   1.8650074e+00	
   0.0000000e+00	   0.0000000e+00	   0.0000000e+00	   0.0000000e+00	   0.0000000e+00	   0.0000000e+00	             NaN	             NaN	             NaN	             NaN	             NaN	   4.2099933e+00	   4.0064904e+00	   3.7763554e+00	   3.5860322e+00	   3.4503223e+00	   3.2650291e+00	   3.0064190e+00	   2.9732738e+00	   2.8622585e+00	   2.7689722e+00	   2.5565857e+00	   2.3916968e+00	   2.4124163e+00	   2.3099949e+00	   2.2227795e+00	   2.2218084e+00	   2.0567551e+00	   2.0119467e+00	   1.9195183e+00	   1.9265754e+00	   1.8513032e+00	   1.8043457e+00	
   0.0000000e+00	   0.0000000e+00	   0.0000000e+00	   0.0000000e+00	   0.0000000e+00	   0.0000000e+00	             NaN	             NaN	             NaN	             NaN	             NaN	             NaN	   3.9365106e+00	   3.7108918e+00	   3.5607626e+00	   3.2950724e+00	   3.1999113e+00	   2.8969102e+00	   2.8444548e+00	   2.7741647e+00	   2.5550093e+00	   2.5639387e+00	   2.4387190e+00	   2.3584693e+00	   2.2698395e+00	   2.2036210e+00	   2.0979512e+00	   2.1060141e+00	   1.9470296e+00	   1.9610518e+00	   1.8418391e+00	   1.8462755e+00	   1.8396539e+00	
   0.0000000e+00	   0.0000000e+00	   0.0000000e+00	   0.0000000e+00	   0.0000000e+00	   0.0000000e+00	             NaN	             NaN	             NaN	             NaN	             NaN	             NaN	   3.8607163e+00	   3.6736699e+00	   3.4795272e+00	   3.2621358e+00	   3.2038036e+00	   2.9495428e+00	   2.7993761e+00	   2.7626942e+00	   2.6158928e+00	   2.4608903e+00	   2.2947869e+00	   2.2792342e+00	   2.1404740e+00	   2.1741204e+00	   2.1130941e+00	   2.0432354e+00	   1.8937085e+00	   1.8661669e+00	   1.7781076e+00	   1.7076908e+00	   1.7656122e+00	
   0.0000000e+00	   0.0000000e+00	   0.0000000e+00	   0.0000000e+00	   0.0000000e+00	   0.0000000e+00	   0.0000000e+00	             NaN	             NaN	             NaN	             NaN	             NaN	   3.7963633e+00	   3.5045979e+00	   3.3592609e+00	   3.1740903e+00	   3.0578126e+00	   2.8036628e+00	   2.6339585e+00	   2.6729316e+00	   2.5682197e+00	   2.4427447e+00	   2.2880682e+00	   2.2157089e+00	   2.1235028e+00	   2.1080974e+00	   2.0123834e+00	   2.0223939e+00	   1.8622527e+00	   1.8240411e+00	   1.7650182e+00	   1.6961348e+00	   1.6983798e+00	
   0.0000000e+00	   0.0000000e+00	   0.0000000e+00	   0.0000000e+00	   0.0000000e+00	   0.0000000e+00	   0.0000000e+00	             NaN	             NaN	             NaN	             NaN	             NaN	   3.5616134e+00	   3.5106344e+00	   3.3394499e+00	   3.0998195e+00	   3.0121817e+00	   2.8248634e+00	   2.6878548e+00	   2.5517165e+00	   2.4026438e+00	   2.3008353e+00	   2.3217089e+00	   2.1627151e+00	   2.1246315e+00	   2.0617306e+00	   1.9954857e+00	   1.9386464e+00	   1.8427810e+00	   1.8190083e+00	   1.7720194e+00	   1.6460778e+00	   1.6328189e+00	
   0.0000000e+00	   0.0000000e+00	   0.0000000e+00	   0.0000000e+00	   0.0000000e+00	   0.0000000e+00	   0.0000000e+00	             NaN	             NaN	             NaN	             NaN	             NaN	   3.6073358e+00	   3.3942933e+00	   3.3123452e+00	   3.0710054e+00	   2.8185725e+00	   2.8009483e+00	   2.6109930e+00	   2.5343907e+00	   2.4543199e+00	   2.2833967e+00	   2.2134690e+00	   2.0922160e+00	   2.1051106e+00	   1.9894246e+00	   1.8771094e+00	   1.8538636e+00	   1.7988687e+00	   1.7395800e+00	   1.6819823e+00	   1.6406906e+00	   1.5638304e+00	
   0.0000000e+00	   0.0000000e+00	   0.0000000e+00	   0.0000000e+00	   0.0000000e+00	   0.0000000e+00	   0.0000000e+00	             NaN	             NaN	             NaN	             NaN	             NaN	             NaN	   3.3441532e+00	   3.2426929e+00	   2.9177862e+00	   2.9145379e+00	   2.6947326e+00	   2.5840228e+00	   2.3528398e+00	   2.3419464e+00	   2.1955417e+00	   2.1073821e+00	   2.0398187e+00	   2.0097999e+00	   1.9324474e+00	   1.8720450e+00	   1.8377152e+00	   1.7121678e+00	   1.6694863e+00	   1.6211942e+00	   1.5807335e+00	   1.5284335e+00	
   0.0000000e+00	   0.0000000e+00	   0.0000000e+00	   0.0000000e+00	   0.0000000e+00	   0.0000000e+00	   0.0000000e+00	             NaN	             NaN	             NaN	             NaN	             NaN	             NaN	   3.2251135e+00	   3.1278379e+00	   2.9836248e+00	   2.7764155e+00	   2.6640635e+00	   2.4838169e+00	   2.4112680e+00	   2.3057743e+00	   2.2248566e+00	   2.0261734e+00	   2.0362582e+00	   1.9454535e+00	   1.8891566e+00	   1.8306419e+00	   1.7560681e+00	   1.7238023e+00	   1.6222622e+00	   1.6031043e+00	   1.4819838e+00	   1.5139173e+00	
   0.0000000e+00	   0.0000000e+00	   0.0000000e+00	   0.0000000e+00	   0.0000000e+00	   0.0000000e+00	   0.0000000e+00	   0.0000000e+00	             NaN	             NaN	             NaN	             NaN	             NaN	   3.1850138e+00	   3.0011092e+00	   2.8260708e+00	   2.7260583e+00	   2.5528994e+00	   2.4843736e+00	   2.3163212e+00	   2.1601229e+00	   2.0748794e+00	   2.0131286e+00	   1.9797588e+00	   1.8950903e+00	   1.7877508e+00	   1.7673614e+00	   1.7096098e+00	   1.6618687e+00	   1.6339236e+00	   1.5536596e+00	   1.5017215e+00	   1.5225811e+00	
   0.0000000e+00	   0.0000000e+00	   0.0000000e+00	   0.0000000e+00	   0.0000000e+00	   0.0000000e+00	   0.0000000e+00	   0.0000000e+00	             NaN	             NaN	             NaN	             NaN	             NaN	   3.2287155e+00	   2.9127400e+00	   2.7423673e+00	   2.5935349e+00	   2.5438457e+00	   2.4418242e+00	   2.2978361e+00	   2.1722922e+00	   2.0385588e+00	   1.9587015e+00	   1.8340427e+00	   1.8284202e+00	   1.8653963e+00	   1.7667494e+00	   1.7270376e+00	   1.6504704e+00	   1.5564940e+00	   1.4548292e+00	   1.4756211e+00	   1.4176645e+00	
   0.0000000e+00	   0.0000000e+00	   0.0000000e+00	   0.0000000e+00	   0.0000000e+00	   0.0000000e+00	   0.0000000e+00	   0.0000000e+00	             NaN	             NaN	             NaN	             NaN	             NaN	   3.0034050e+00	   2.8359646e+00	   2.7317560e+00	   2.5753601e+00	   2.4890359e+00	   2.4058640e+00	   2.1834339e+00	   2.1699605e+00	   2.0131042e+00	   1.9182518e+00	   1.8812543e+00	   1.8100241e+00	   1.7883855e+00	   1.7280360e+00	   1.6613626e+00	   1.5717828e+00	   1.4670209e+00	   1.4590413e+00	   1.4299279e+00	   1.4510775e+00	
   0.0000000e+00	   0.0000000e+00	   0.0000000e+00	   0.0000000e+00	   0.0000000e+00	   0.0000000e+00	   0.0000000e+00	   0.0000000e+00	             NaN	             NaN	             NaN	             NaN	             NaN	             NaN	   2.9153514e+00	   2.6309433e+00	   2.5234020e+00	   2.3635006e+00	   2.3084933e+00	   2.1177384e+00	   2.0554832e+00	   1.9801464e+00	   1.8527658e+00	   1.8439668e+00	   1.7722139e+00	   1.7217695e+00	   1.7013655e+00	   1.5924811e+00	   1.5378986e+00	   1.4641402e+00	   1.4255122e+00	   1.4288756e+00	   1.3487337e+00	
   0.0000000e+00	   0.0000000e+00	   0.0000000e+00	   0.0000000e+00	   0.0000000e+00	   0.0000000e+00	   0.0000000e+00	   0.0000000e+00	             NaN	             NaN	             NaN	             NaN	             NaN	             NaN	   2.7835497e+00	   2.4580006e+00	   2.4606997e+00	   2.3006638e+00	   2.2289974e+00	   2.0693796e+00	   1.9964478e+00	   1.8729134e+00	   1.8082868e+00	   1.7575568e+00	   1.6837671e+00	   1.7278559e+00	   1.5940755e+00	   1.5306462e+00	   1.5031853e+00	   1.4948613e+00	   1.3821230e+00	   1.3593076e+00	   1.2755584e+00	
   0.0000000e+00	   0.0000000e+00	   0.0000000e+00	   0.0000000e+00	   0.0000000e+00	   0.0000000e+00	   0.0000000e+00	   0.0000000e+00	   0.0000000e+00	             NaN	             NaN	             NaN	             NaN	             NaN	   2.6907339e+00	   2.6461540e+00	   2.3610328e+00	   2.2246825e+00	   2.1125517e+00	   1.9987235e+00	   1.9637798e+00	   1.8738754e+00	   1.8168473e+00	   1.7263466e+00	   1.6906029e+00	   1.6135691e+00	   1.5828616e+00	   1.4981829e+00	   1.4320568e+00	   1.3669062e+00	   1.3569950e+00	   1.3126841e+00	   1.3332060e+00	
   0.0000000e+00	   0.0000000e+00	   0.0000000e+00	   0.0000000e+00	   0.0000000e+00	   0.0000000e+00	   0.0000000e+00	   0.0000000e+00	   0.0000000e+00	             NaN	             NaN	             NaN	             NaN	             NaN	   2.7225831e+00	   2.5079538e+00	   2.3149345e+00	   2.1564255e+00	   2.0186606e+00	   1.9690433e+00	   1.9196874e+00	   1.7609488e+00	   1.7230722e+00	   1.6609742e+00	   1.6395687e+00	   1.5603484e+00	   1.5163413e+00	   1.4510177e+00	   1.4303939e+00	   1.3732615e+00	   1.3366262e+00	   1.2973967e+00	   1.2725628e+00	
   0.0000000e+00	   0.0000000e+00	   0.0000000e+00	   0.0000000e+00	   0.0000000e+00	   0.0000000e+00	   0.0000000e+00	   0.0000000e+00	   0.0000000e+00	             NaN	             NaN	             NaN	             NaN	             NaN	   2.5775803e+00	   2.5166655e+00	   2.2999040e+00	   2.1446569e+00	   2.0219813e+00	   1.9034953e+00	   1.9222425e+00	   1.7870886e+00	   1.6863407e+00	   1.5968091e+00	   1.5862976e+00	   1.5664022e+00	   1.5254131e+00	   1.4658880e+00	   1.3578663e+00	   1.3065070e+00	   1.3381775e+00	   1.2405192e+00	   1.2131061e+00	
   0.0000000e+00	   0.0000000e+00	   0.0000000e+00	   0.0000000e+00	   0.0000000e+00	   0.0000000e+00	   0.0000000e+00	   0.0000000e+00	   0.0000000e+00	             NaN	             NaN	             NaN	             NaN	             NaN	             NaN	   2.3995308e+00	   2.2127856e+00	   2.0642080e+00	   1.9750308e+00	   1.8687062e+00	   1.8062610e+00	   1.7313393e+00	   1.6571952e+00	   1.5719314e+00	   1.5576549e+00	   1.4655702e+00	   1.4136230e+00	   1.3745143e+00	   1.3260379e+00	   1.2647323e+00	   1.2161312e+00	   1.1851078e+00	   1.2339481e+00	
   0.0000000e+00	   0.0000000e+00	   0.0000000e+00	   0.0000000e+00	   0.0000000e+00	   0.0000000e+00	   0.0000000e+00	   0.0000000e+00	   0.0000000e+00	             NaN	             NaN	             NaN	             NaN	             NaN	             NaN	   2.4098974e+00	   2.1209451e+00	   1.9867338e+00	   1.9087117e+00	   1.9037620e+00	   1.7056909e+00	   1.6525113e+00	   1.6233709e+00	   1.4854965e+00	   1.5069227e+00	   1.4950390e+00	   1.3600410e+00	   1.3261474e+00	   1.2937949e+00	   1.2741839e+00	   1.2261468e+00	   1.1642922e+00	   1.1422545e+00	
   0.0000000e+00	   0.0000000e+00	   0.0000000e+00	   0.0000000e+00	   0.0000000e+00	   0.0000000e+00	   0.0000000e+00	   0.0000000e+00	   0.0000000e+00	   0.0000000e+00	             NaN	             NaN	             NaN	             NaN	             NaN	   2.3414444e+00	   2.1818518e+00	   1.9969674e+00	   1.8473043e+00	   1.8574928e+00	   1.7184924e+00	   1.6478193e+00	   1.6054427e+00	   1.5438591e+00	   1.4246670e+00	   1.4022754e+00	   1.3643889e+00	   1.3053776e+00	   1.2703139e+00	   1.2495035e+00	   1.1978306e+00	   1.1080074e+00	   1.1112669e+00	
