  -4.6509245e+00	  -6.1738071e+00	  -4.6164947e+00	             NaN	             NaN	             NaN	             NaN	             NaN	             NaN	             NaN	             NaN	             NaN	             NaN	             NaN	   0.0000000e+00	   0.0000000e+00	   0.0000000e+00	   0.0000000e+00	   0.0000000e+00	   0.0000000e+00	   0.0000000e+00	   0.0000000e+00	   0.0000000e+00	   0.0000000e+00	   0.0000000e+00	   0.0000000e+00	   0.0000000e+00	   0.0000000e+00	   0.0000000e+00	   0.0000000e+00	   0.0000000e+00	   0.0000000e+00	   0.0000000e+00	
  -2.8196944e+00	  -3.3248679e+00	  -4.1330939e+00	             NaN	             NaN	             NaN	             NaN	             NaN	             NaN	             NaN	             NaN	             NaN	             NaN	             NaN	   0.0000000e+00	   0.0000000e+00	   0.0000000e+00	   0.0000000e+00	   0.0000000e+00	   0.0000000e+00	   0.0000000e+00	   0.0000000e+00	   0.0000000e+00	   0.0000000e+00	   0.0000000e+00	   0.0000000e+00	   0.0000000e+00	   0.0000000e+00	   0.0000000e+00	   0.0000000e+00	   0.0000000e+00	   0.0000000e+00	   0.0000000e+00	
  -2.9047869e+00	  -3.6384765e+00	  -3.3427555e+00	             NaN	             NaN	             NaN	             NaN	             NaN	             NaN	             NaN	             NaN	             NaN	             NaN	             NaN	   0.0000000e+00	   0.0000000e+00	   0.0000000e+00	   0.0000000e+00	   0.0000000e+00	   0.0000000e+00	   0.0000000e+00	   0.0000000e+00	   0.0000000e+00	   0.0000000e+00	   0.0000000e+00	   0.0000000e+00	   0.0000000e+00	   0.0000000e+00	   0.0000000e+00	   0.0000000e+00	   0.0000000e+00	   0.0000000e+00	   0.0000000e+00	
  -1.9866863e+00	  -3.1904773e+00	  -2.8781511e+00	  -1.2913231e+00	             NaN	             NaN	             NaN	             NaN	             NaN	             NaN	             NaN	             NaN	             NaN	             NaN	             NaN	   0.0000000e+00	   0.0000000e+00	   0.0000000e+00	   0.0000000e+00	   0.0000000e+00	   0.0000000e+00	   0.0000000e+00	   0.0000000e+00	   0.0000000e+00	   0.0000000e+00	   0.0000000e+00	   0.0000000e+00	   0.0000000e+00	   0.0000000e+00	   0.0000000e+00	   0.0000000e+00	   0.0000000e+00	   0.0000000e+00	
  -1.5956660e+00	  -1.7304931e+00	  -3.1436082e+00	  -8.9449167e-01	             NaN	             NaN	             NaN	             NaN	             NaN	             NaN	             NaN	             NaN	             NaN	             NaN	             NaN	   0.0000000e+00	   0.0000000e+00	   0.0000000e+00	   0.0000000e+00	   0.0000000e+00	   0.0000000e+00	   0.0000000e+00	   0.0000000e+00	   0.0000000e+00	   0.0000000e+00	   0.0000000e+00	   0.0000000e+00	   0.0000000e+00	   0.0000000e+00	   0.0000000e+00	   0.0000000e+00	   0.0000000e+00	   0.0000000e+00	
  -1.4103930e+00	  -1.6087244e+00	  -9.1767886e-01	  -3.9669366e-01	   1.5290527e+00	             NaN	             NaN	             NaN	             NaN	             NaN	             NaN	             NaN	             NaN	             NaN	             NaN	             NaN	   0.0000000e+00	   0.0000000e+00	   0.0000000e+00	   0.0000000e+00	   0.0000000e+00	   0.0000000e+00	   0.0000000e+00	   0.0000000e+00	   0.0000000e+00	   0.0000000e+00	   0.0000000e+00	   0.0000000e+00	   0.0000000e+00	   0.0000000e+00	   0.0000000e+00	   0.0000000e+00	   0.0000000e+00	
  -1.5844934e+00	  -4.3512672e-01	   8.0560576e-01	   7.3106060e-01	   1.5509843e+00	             NaN	             NaN	             NaN	             NaN	             NaN	             NaN	             NaN	             NaN	             NaN	             NaN	             NaN	   0.0000000e+00	   0.0000000e+00	   0.0000000e+00	   0.0000000e+00	   0.0000000e+00	   0.0000000e+00	   0.0000000e+00	   0.0000000e+00	   0.0000000e+00	   0.0000000e+00	   0.0000000e+00	   0.0000000e+00	   0.0000000e+00	   0.0000000e+00	   0.0000000e+00	   0.0000000e+00	   0.0000000e+00	
   6.7714904e-01	   3.7377241e-01	  -1.4362015e-01	   4.1938497e-01	   1.3811809e+00	             NaN	             NaN	             NaN	             NaN	             NaN	             NaN	             NaN	             NaN	             NaN	             NaN	             NaN	   0.0000000e+00	   0.0000000e+00	   0.0000000e+00	   0.0000000e+00	   0.0000000e+00	   0.0000000e+00	   0.0000000e+00	   0.0000000e+00	   0.0000000e+00	   0.0000000e+00	   0.0000000e+00	   0.0000000e+00	   0.0000000e+00	   0.0000000e+00	   0.0000000e+00	   0.0000000e+00	   0.0000000e+00	
   5.4134673e-01	  -4.6493640e-01	  -5.9304485e-01	   1.2114227e+00	   2.0812034e+00	   2.5669684e+00	             NaN	             NaN	             NaN	             NaN	             NaN	             NaN	             NaN	             NaN	             NaN	             NaN	             NaN	   0.0000000e+00	   0.0000000e+00	   0.0000000e+00	   0.0000000e+00	   0.0000000e+00	   0.0000000e+00	   0.0000000e+00	   0.0000000e+00	   0.0000000e+00	   0.0000000e+00	   0.0000000e+00	   0.0000000e+00	   0.0000000e+00	   0.0000000e+00	   0.0000000e+00	   0.0000000e+00	
   1.1501718e+00	   6.6817894e-01	   5.2110022e-01	   1.1301573e+00	   2.1376044e+00	   2.7789007e+00	             NaN	             NaN	             NaN	             NaN	             NaN	             NaN	             NaN	             NaN	             NaN	             NaN	             NaN	   0.0000000e+00	   0.0000000e+00	   0.0000000e+00	   0.0000000e+00	   0.0000000e+00	   0.0000000e+00	   0.0000000e+00	   0.0000000e+00	   0.0000000e+00	   0.0000000e+00	   0.0000000e+00	   0.0000000e+00	   0.0000000e+00	   0.0000000e+00	   0.0000000e+00	   0.0000000e+00	
   9.9040959e-01	   2.3705006e-01	   1.0032114e+00	   1.2243198e+00	   2.2538858e+00	   2.9315509e+00	   3.0154716e+00	             NaN	             NaN	             NaN	             NaN	             NaN	             NaN	             NaN	             NaN	             NaN	             NaN	             NaN	   0.0000000e+00	   0.0000000e+00	   0.0000000e+00	   0.0000000e+00	   0.0000000e+00	   0.0000000e+00	   0.0000000e+00	   0.0000000e+00	   0.0000000e+00	   0.0000000e+00	   0.0000000e+00	   0.0000000e+00	   0.0000000e+00	   0.0000000e+00	   0.0000000e+00	
   1.9643970e+00	   3.9977928e-02	   9.5431572e-01	   1.4620427e+00	   2.5260782e+00	   2.5296490e+00	   3.3870125e+00	             NaN	             NaN	             NaN	             NaN	             NaN	             NaN	             NaN	             NaN	             NaN	             NaN	             NaN	   0.0000000e+00	   0.0000000e+00	   0.0000000e+00	   0.0000000e+00	   0.0000000e+00	   0.0000000e+00	   0.0000000e+00	   0.0000000e+00	   0.0000000e+00	   0.0000000e+00	   0.0000000e+00	   0.0000000e+00	   0.0000000e+00	   0.0000000e+00	   0.0000000e+00	
   1.3714862e+00	   5.4327288e-01	   8.5443412e-01	   2.0811058e+00	   2.4476954e+00	   2.9416089e+00	   3.2519912e+00	             NaN	             NaN	             NaN	             NaN	             NaN	             NaN	             NaN	             NaN	             NaN	             NaN	             NaN	   0.0000000e+00	   0.0000000e+00	   0.0000000e+00	   0.0000000e+00	   0.0000000e+00	   0.0000000e+00	   0.0000000e+00	   0.0000000e+00	   0.0000000e+00	   0.0000000e+00	   0.0000000e+00	   0.0000000e+00	   0.0000000e+00	   0.0000000e+00	   0.0000000e+00	
   1.2767766e+00	   1.2068842e+00	   1.4728380e+00	   1.8215088e+00	   2.5048762e+00	   2.8511422e+00	   3.2562595e+00	   3.3319632e+00	             NaN	             NaN	             NaN	             NaN	             NaN	             NaN	             NaN	             NaN	             NaN	             NaN	             NaN	   0.0000000e+00	   0.0000000e+00	   0.0000000e+00	   0.0000000e+00	   0.0000000e+00	   0.0000000e+00	   0.0000000e+00	   0.0000000e+00	   0.0000000e+00	   0.0000000e+00	   0.0000000e+00	   0.0000000e+00	   0.0000000e+00	   0.0000000e+00	
   1.3575144e+00	   9.5235780e-01	   1.4610096e+00	   2.0841961e+00	   2.6415059e+00	   3.1162955e+00	   3.2546764e+00	   3.4840831e+00	             NaN	             NaN	             NaN	             NaN	             NaN	             NaN	             NaN	             NaN	             NaN	             NaN	             NaN	   0.0000000e+00	   0.0000000e+00	   0.0000000e+00	   0.0000000e+00	   0.0000000e+00	   0.0000000e+00	   0.0000000e+00	   0.0000000e+00	   0.0000000e+00	   0.0000000e+00	   0.0000000e+00	   0.0000000e+00	   0.0000000e+00	   0.0000000e+00	
   2.2803911e+00	   1.5673825e+00	   1.2879774e+00	   1.9407538e+00	   2.3920050e+00	   2.9294861e+00	   3.3565709e+00	   3.3691197e+00	   2.8968698e+00	             NaN	             NaN	             NaN	             NaN	             NaN	             NaN	             NaN	             NaN	             NaN	             NaN	             NaN	   0.0000000e+00	   0.0000000e+00	   0.0000000e+00	   0.0000000e+00	   0.0000000e+00	   0.0000000e+00	   0.0000000e+00	   0.0000000e+00	   0.0000000e+00	   0.0000000e+00	   0.0000000e+00	   0.0000000e+00	   0.0000000e+00	
   1.8201884e+00	   1.4749715e+00	   1.9027193e+00	   2.4096197e+00	   2.4820686e+00	   3.1317785e+00	   3.2944814e+00	   3.3265503e+00	   2.9286262e+00	             NaN	             NaN	             NaN	             NaN	             NaN	             NaN	             NaN	             NaN	             NaN	             NaN	             NaN	   0.0000000e+00	   0.0000000e+00	   0.0000000e+00	   0.0000000e+00	   0.0000000e+00	   0.0000000e+00	   0.0000000e+00	   0.0000000e+00	   0.0000000e+00	   0.0000000e+00	   0.0000000e+00	   0.0000000e+00	   0.0000000e+00	
   2.7527936e+00	   1.7819734e+00	   1.8638792e+00	   2.5006816e+00	   2.5470271e+00	   3.1247773e+00	   3.1848580e+00	   3.2603927e+00	   2.8186585e+00	             NaN	             NaN	             NaN	             NaN	             NaN	             NaN	             NaN	             NaN	             NaN	             NaN	             NaN	   0.0000000e+00	   0.0000000e+00	   0.0000000e+00	   0.0000000e+00	   0.0000000e+00	   0.0000000e+00	   0.0000000e+00	   0.0000000e+00	   0.0000000e+00	   0.0000000e+00	   0.0000000e+00	   0.0000000e+00	   0.0000000e+00	
   2.1125714e+00	   1.6150325e+00	   2.0353030e+00	   2.3014202e+00	   2.9095742e+00	   2.8699878e+00	   3.1365705e+00	   3.2054299e+00	   2.9140289e+00	   2.4580175e+00	             NaN	             NaN	             NaN	             NaN	             NaN	             NaN	             NaN	             NaN	             NaN	             NaN	             NaN	   0.0000000e+00	   0.0000000e+00	   0.0000000e+00	   0.0000000e+00	   0.0000000e+00	   0.0000000e+00	   0.0000000e+00	   0.0000000e+00	   0.0000000e+00	   0.0000000e+00	   0.0000000e+00	   0.0000000e+00	
   2.2288157e+00	   2.0579199e+00	   2.0031789e+00	   2.0843051e+00	   2.5159519e+00	   2.8430738e+00	   3.3029257e+00	   3.2337166e+00	   2.8616475e+00	   2.3193349e+00	             NaN	             NaN	             NaN	             NaN	             NaN	             NaN	             NaN	             NaN	             NaN	             NaN	             NaN	   0.0000000e+00	   0.0000000e+00	   0.0000000e+00	   0.0000000e+00	   0.0000000e+00	   0.0000000e+00	   0.0000000e+00	   0.0000000e+00	   0.0000000e+00	   0.0000000e+00	   0.0000000e+00	   0.0000000e+00	
   2.7788921e+00	   2.3508054e+00	   2.2270401e+00	   2.5143053e+00	   2.7166674e+00	   2.9777067e+00	   2.9240018e+00	   3.1257873e+00	   2.7801512e+00	   2.4566163e+00	   2.0011894e+00	             NaN	             NaN	             NaN	             NaN	             NaN	             NaN	             NaN	             NaN	             NaN	             NaN	             NaN	   0.0000000e+00	   0.0000000e+00	   0.0000000e+00	   0.0000000e+00	   0.0000000e+00	   0.0000000e+00	   0.0000000e+00	   0.0000000e+00	   0.0000000e+00	   0.0000000e+00	   0.0000000e+00	
   2.6577790e+00	   1.8413345e+00	   1.7673630e+00	   2.0678579e+00	   2.5316683e+00	   2.8709696e+00	   3.1017223e+00	   3.0730179e+00	   2.8255623e+00	   2.3260495e+00	   1.7265430e+00	             NaN	             NaN	             NaN	             NaN	             NaN	             NaN	             NaN	             NaN	             NaN	             NaN	             NaN	   0.0000000e+00	   0.0000000e+00	   0.0000000e+00	   0.0000000e+00	   0.0000000e+00	   0.0000000e+00	   0.0000000e+00	   0.0000000e+00	   0.0000000e+00	   0.0000000e+00	   0.0000000e+00	
   2.5659218e+00	   1.9800903e+00	   2.0609637e+00	   2.4157225e+00	   2.7293199e+00	   2.8352861e+00	   2.9890031e+00	   3.0114421e+00	   2.6545427e+00	   2.3851096e+00	   1.7830083e+00	             NaN	             NaN	             NaN	             NaN	             NaN	             NaN	             NaN	             NaN	             NaN	             NaN	             NaN	   0.0000000e+00	   0.0000000e+00	   0.0000000e+00	   0.0000000e+00	   0.0000000e+00	   0.0000000e+00	   0.0000000e+00	   0.0000000e+00	   0.0000000e+00	   0.0000000e+00	   0.0000000e+00	
   2.1819304e+00	   1.8241791e+00	   2.0613368e+00	   2.1203975e+00	   2.6201203e+00	   2.7654047e+00	   2.9582880e+00	   3.0925743e+00	   2.7359278e+00	   2.2606689e+00	   1.8406442e+00	   1.0295184e+00	             NaN	             NaN	             NaN	             NaN	             NaN	             NaN	             NaN	             NaN	             NaN	             NaN	             NaN	   0.0000000e+00	   0.0000000e+00	   0.0000000e+00	   0.0000000e+00	   0.0000000e+00	   0.0000000e+00	   0.0000000e+00	   0.0000000e+00	   0.0000000e+00	   0.0000000e+00	
   2.4543913e+00	   2.1169504e+00	   1.9529925e+00	   2.3591822e+00	   2.4119031e+00	   2.6123896e+00	   2.9014360e+00	   2.9746153e+00	   2.7062780e+00	   2.4069753e+00	   1.8929325e+00	   1.1563481e+00	             NaN	             NaN	             NaN	             NaN	             NaN	             NaN	             NaN	             NaN	             NaN	             NaN	             NaN	   0.0000000e+00	   0.0000000e+00	   0.0000000e+00	   0.0000000e+00	   0.0000000e+00	   0.0000000e+00	   0.0000000e+00	   0.0000000e+00	   0.0000000e+00	   0.0000000e+00	
   2.4590038e+00	   1.6662260e+00	   1.8112460e+00	   2.2979918e+00	   2.4251808e+00	   2.5984235e+00	   2.7847845e+00	   2.9874039e+00	   2.7737202e+00	   2.4224903e+00	   1.7745373e+00	   1.1574739e+00	   9.7124016e-01	             NaN	             NaN	             NaN	             NaN	             NaN	             NaN	             NaN	             NaN	             NaN	             NaN	             NaN	   0.0000000e+00	   0.0000000e+00	   0.0000000e+00	   0.0000000e+00	   0.0000000e+00	   0.0000000e+00	   0.0000000e+00	   0.0000000e+00	   0.0000000e+00	
   1.5114264e+00	   1.7214898e+00	   1.8051732e+00	   1.8721635e+00	   2.2174137e+00	   2.5118210e+00	   2.7210839e+00	   2.7509598e+00	   2.5838850e+00	   2.3236681e+00	   1.7395104e+00	   1.1610581e+00	   9.7407883e-01	             NaN	             NaN	             NaN	             NaN	             NaN	             NaN	             NaN	             NaN	             NaN	             NaN	             NaN	   0.0000000e+00	   0.0000000e+00	   0.0000000e+00	   0.0000000e+00	   0.0000000e+00	   0.0000000e+00	   0.0000000e+00	   0.0000000e+00	   0.0000000e+00	
   2.5709514e+00	   1.7805784e+00	   1.6502545e+00	   1.9316693e+00	   2.2870656e+00	   2.4209440e+00	   2.6041340e+00	   2.6598796e+00	   2.5690478e+00	   2.1813748e+00	   1.7985175e+00	   1.2300209e+00	   8.8736209e-01	             NaN	             NaN	             NaN	             NaN	             NaN	             NaN	             NaN	             NaN	             NaN	             NaN	             NaN	   0.0000000e+00	   0.0000000e+00	   0.0000000e+00	   0.0000000e+00	   0.0000000e+00	   0.0000000e+00	   0.0000000e+00	   0.0000000e+00	   0.0000000e+00	
   1.1717487e+00	   1.8055439e+00	   1.9491151e+00	   1.9576379e+00	   2.2518965e+00	   2.2602233e+00	   2.7173835e+00	   2.5614662e+00	   2.5329459e+00	   2.3015489e+00	   1.7768775e+00	   1.1392586e+00	   8.0862237e-01	   6.1615915e-01	             NaN	             NaN	             NaN	             NaN	             NaN	             NaN	             NaN	             NaN	             NaN	             NaN	             NaN	   0.0000000e+00	   0.0000000e+00	   0.0000000e+00	   0.0000000e+00	   0.0000000e+00	   0.0000000e+00	   0.0000000e+00	   0.0000000e+00	
   1.7337190e+00	   1.1682957e+00	   1.7658514e+00	   1.9438793e+00	   1.9802002e+00	   2.0433213e+00	   2.4620014e+00	   2.5932305e+00	   2.3370465e+00	   2.2220829e+00	   1.7675138e+00	   1.1926131e+00	   8.5978449e-01	   7.9384231e-01	             NaN	             NaN	             NaN	             NaN	             NaN	             NaN	             NaN	             NaN	             NaN	             NaN	             NaN	   0.0000000e+00	   0.0000000e+00	   0.0000000e+00	   0.0000000e+00	   0.0000000e+00	   0.0000000e+00	   0.0000000e+00	   0.0000000e+00	
   6.2343190e-01	   1.1497448e+00	   1.4604020e+00	   1.7842317e+00	   1.9343912e+00	   2.1788128e+00	   2.4378829e+00	   2.4932700e+00	   2.2809532e+00	   2.0833220e+00	   1.6682715e+00	   1.1709781e+00	   8.8450971e-01	   7.4557086e-01	   5.6921447e-01	             NaN	             NaN	             NaN	             NaN	             NaN	             NaN	             NaN	             NaN	             NaN	             NaN	             NaN	   0.0000000e+00	   0.0000000e+00	   0.0000000e+00	   0.0000000e+00	   0.0000000e+00	   0.0000000e+00	   0.0000000e+00	
   1.0626691e+00	   8.3083590e-01	   8.7297332e-01	   1.6612176e+00	   1.9646404e+00	   1.9914587e+00	   2.1938618e+00	   2.3696359e+00	   2.2360449e+00	   2.0772731e+00	   1.7214059e+00	   1.1767201e+00	   8.6357749e-01	   7.7266083e-01	   7.6994238e-01	             NaN	             NaN	             NaN	             NaN	             NaN	             NaN	             NaN	             NaN	             NaN	             NaN	             NaN	   0.0000000e+00	   0.0000000e+00	   0.0000000e+00	   0.0000000e+00	   0.0000000e+00	   0.0000000e+00	   0.0000000e+00	
   1.7520834e+00	   9.0217693e-01	   1.0074092e+00	   1.7821201e+00	   1.8324014e+00	   2.0669627e+00	   2.2397178e+00	   2.2511010e+00	   2.2550467e+00	   1.9547017e+00	   1.6843927e+00	   1.2266041e+00	   8.9339530e-01	   7.1533496e-01	   7.1168859e-01	             NaN	             NaN	             NaN	             NaN	             NaN	             NaN	             NaN	             NaN	             NaN	             NaN	             NaN	   0.0000000e+00	   0.0000000e+00	   0.0000000e+00	   0.0000000e+00	   0.0000000e+00	   0.0000000e+00	   0.0000000e+00	
   4.3193817e-01	  -2.0769512e-01	   9.5959691e-01	   1.4461452e+00	   1.7954233e+00	   1.9569352e+00	   2.0504109e+00	   2.2163610e+00	   2.1602279e+00	   1.9424503e+00	   1.6368489e+00	   1.2552734e+00	   9.6344380e-01	   8.3832931e-01	   7.1695315e-01	   6.8805601e-01	             NaN	             NaN	             NaN	             NaN	             NaN	             NaN	             NaN	             NaN	             NaN	             NaN	             NaN	   0.0000000e+00	   0.0000000e+00	   0.0000000e+00	   0.0000000e+00	   0.0000000e+00	   0.0000000e+00	
  -7.6389127e-01	  -3.2852238e-01	   3.7015574e-01	   1.2383231e+00	   1.6618449e+00	   2.1182332e+00	   1.9592050e+00	   2.0938333e+00	   2.1477022e+00	   1.9574128e+00	   1.7141989e+00	   1.2530324e+00	   9.9282679e-01	   8.2396939e-01	   7.6488187e-01	   9.0462194e-01	             NaN	             NaN	             NaN	             NaN	             NaN	             NaN	             NaN	             NaN	             NaN	             NaN	             NaN	   0.0000000e+00	   0.0000000e+00	   0.0000000e+00	   0.0000000e+00	   0.0000000e+00	   0.0000000e+00	
  -1.4007591e+00	  -1.3740553e+00	   2.1674548e-01	   1.0351466e+00	   1.7694866e+00	   1.9119149e+00	   1.8747434e+00	   2.0446835e+00	   2.0443256e+00	   1.8170920e+00	   1.6967403e+00	   1.2382068e+00	   1.0029564e+00	   8.4141672e-01	   7.8217713e-01	   7.9320259e-01	   4.7225442e-01	             NaN	             NaN	             NaN	             NaN	             NaN	             NaN	             NaN	             NaN	             NaN	             NaN	             NaN	   0.0000000e+00	   0.0000000e+00	   0.0000000e+00	   0.0000000e+00	   0.0000000e+00	
  -2.0940693e+00	  -1.3241518e+00	  -5.6729439e-01	   9.5494925e-01	   1.6271988e+00	   1.7869933e+00	   2.0310443e+00	   2.0452485e+00	   2.0067739e+00	   2.0088376e+00	   1.5991678e+00	   1.2266376e+00	   1.0216430e+00	   8.7109985e-01	   8.3075951e-01	   7.8122859e-01	   6.4598714e-01	             NaN	             NaN	             NaN	             NaN	             NaN	             NaN	             NaN	             NaN	             NaN	             NaN	             NaN	   0.0000000e+00	   0.0000000e+00	   0.0000000e+00	   0.0000000e+00	   0.0000000e+00	
  -2.1340466e+00	  -1.6820631e+00	  -6.6650918e-01	   9.8706253e-01	   1.4749276e+00	   1.8083987e+00	   1.9689122e+00	   2.0107834e+00	   1.9882600e+00	   1.9291655e+00	   1.5212004e+00	   1.2124457e+00	   1.0306801e+00	   9.7446379e-01	   9.1792355e-01	   8.6291378e-01	   7.1916704e-01	             NaN	             NaN	             NaN	             NaN	             NaN	             NaN	             NaN	             NaN	             NaN	             NaN	             NaN	   0.0000000e+00	   0.0000000e+00	   0.0000000e+00	   0.0000000e+00	   0.0000000e+00	
  -3.7523626e+00	  -3.3640702e+00	  -7.5105263e-01	   5.3881481e-01	   1.4335166e+00	   1.7157384e+00	   1.8293928e+00	   1.9930121e+00	   1.9178442e+00	   1.8345284e+00	   1.5699653e+00	   1.2463698e+00	   1.0812570e+00	   9.9755069e-01	   8.8072888e-01	   8.2221640e-01	   6.4060301e-01	   4.7217680e-01	             NaN	             NaN	             NaN	             NaN	             NaN	             NaN	             NaN	             NaN	             NaN	             NaN	             NaN	   0.0000000e+00	   0.0000000e+00	   0.0000000e+00	   0.0000000e+00	
  -2.9424084e+00	  -3.3331337e+00	  -1.8669647e+00	   3.6424599e-01	   1.2330911e+00	   1.6139477e+00	   1.8276921e+00	   1.9775441e+00	   1.9064236e+00	   1.8235315e+00	   1.5284127e+00	   1.3091089e+00	   1.0830858e+00	   9.8394577e-01	   9.4851447e-01	   8.4315005e-01	   7.4712815e-01	   5.8180197e-01	             NaN	             NaN	             NaN	             NaN	             NaN	             NaN	             NaN	             NaN	             NaN	             NaN	             NaN	   0.0000000e+00	   0.0000000e+00	   0.0000000e+00	   0.0000000e+00	
  -5.8949510e+00	  -4.1495313e+00	  -1.6104602e+00	  -1.9519687e-01	   1.2212222e+00	   1.5785522e+00	   1.6051553e+00	   1.8469345e+00	   1.7579846e+00	   1.7768047e+00	   1.5978126e+00	   1.2817134e+00	   1.1240367e+00	   1.0400249e+00	   1.0284966e+00	   8.6462330e-01	   7.9611094e-01	   7.3541724e-01	   3.0645091e-01	             NaN	             NaN	             NaN	             NaN	             NaN	             NaN	             NaN	             NaN	             NaN	             NaN	             NaN	   0.0000000e+00	   0.0000000e+00	   0.0000000e+00	
  -3.8013891e+00	  -4.8989081e+00	  -2.5117544e+00	   2.1574477e-01	   1.0280886e+00	   1.4888974e+00	   1.6147712e+00	   1.8097593e+00	   1.6847973e+00	   1.7176106e+00	   1.5427202e+00	   1.3215743e+00	   1.1578791e+00	   1.0838952e+00	   9.9282125e-01	   9.5718231e-01	   7.9973415e-01	   8.4448044e-01	   4.4416467e-01	             NaN	             NaN	             NaN	             NaN	             NaN	             NaN	             NaN	             NaN	             NaN	             NaN	             NaN	   0.0000000e+00	   0.0000000e+00	   0.0000000e+00	
  -4.1873898e+00	  -5.5140774e+00	  -2.6641034e+00	  -4.4053945e-01	   9.4249947e-01	   1.4344684e+00	   1.6859963e+00	   1.7960672e+00	   1.6743754e+00	   1.6854415e+00	   1.4774611e+00	   1.3333464e+00	   1.2112388e+00	   1.1124529e+00	   1.0443559e+00	   9.7105467e-01	   8.8418393e-01	   9.0570879e-01	   5.2833007e-01	             NaN	             NaN	             NaN	             NaN	             NaN	             NaN	             NaN	             NaN	             NaN	             NaN	             NaN	   0.0000000e+00	   0.0000000e+00	   0.0000000e+00	
  -6.4517343e+00	  -5.3017361e+00	  -3.0030685e+00	  -4.9519896e-01	   8.3199940e-01	   1.4053702e+00	   1.8061837e+00	   1.6949433e+00	   1.7128512e+00	   1.6384203e+00	   1.4649981e+00	   1.2940089e+00	   1.1987439e+00	   1.1206099e+00	   1.1027183e+00	   9.9878874e-01	   9.4145630e-01	   8.7948882e-01	   7.8339130e-01	   2.8120981e-01	             NaN	             NaN	             NaN	             NaN	             NaN	             NaN	             NaN	             NaN	             NaN	             NaN	             NaN	   0.0000000e+00	   0.0000000e+00	
  -6.1298356e+00	  -6.1761640e+00	  -3.0122081e+00	  -3.8767027e-01	   7.6432884e-01	   1.3351353e+00	   1.6518702e+00	   1.6413795e+00	   1.6690775e+00	   1.6098448e+00	   1.5689346e+00	   1.3490978e+00	   1.2110615e+00	   1.1901067e+00	   1.1496392e+00	   1.0877259e+00	   9.7218832e-01	   9.2803903e-01	   8.0583249e-01	   3.4688915e-01	             NaN	             NaN	             NaN	             NaN	             NaN	             NaN	             NaN	             NaN	             NaN	             NaN	             NaN	   0.0000000e+00	   0.0000000e+00	
  -6.3811308e+00	  -6.2854837e+00	  -3.2611208e+00	  -5.2613788e-01	   6.1845795e-01	   1.3101272e+00	   1.5194349e+00	   1.6549421e+00	   1.6342011e+00	   1.6570037e+00	   1.4926999e+00	   1.3261878e+00	   1.2353552e+00	   1.2115648e+00	   1.1741311e+00	   1.1037853e+00	   9.8506484e-01	   9.0438781e-01	   7.7195059e-01	   5.4334248e-01	   4.1140213e-01	             NaN	             NaN	             NaN	             NaN	             NaN	             NaN	             NaN	             NaN	             NaN	             NaN	             NaN	   0.0000000e+00	
  -5.7769772e+00	  -5.8052431e+00	  -4.1212068e+00	  -5.2288575e-01	   5.4654449e-01	   1.4819049e+00	   1.5241105e+00	   1.6746825e+00	   1.6150695e+00	   1.6811826e+00	   1.5246691e+00	   1.3654878e+00	   1.2784918e+00	   1.2354559e+00	   1.1828139e+00	   1.1404929e+00	   1.0750560e+00	   9.5603570e-01	   8.3008205e-01	   7.4122495e-01	   3.4201477e-01	             NaN	             NaN	             NaN	             NaN	             NaN	             NaN	             NaN	             NaN	             NaN	             NaN	             NaN	   0.0000000e+00	
  -5.8842637e+00	  -6.3989575e+00	  -3.7783202e+00	  -8.4304187e-01	   6.2834659e-01	   1.3166914e+00	   1.4996248e+00	   1.5744162e+00	   1.6058688e+00	   1.5850203e+00	   1.5174327e+00	   1.3523032e+00	   1.3083717e+00	   1.2537094e+00	   1.2461573e+00	   1.1714779e+00	   1.0938789e+00	   9.9376199e-01	   8.4640002e-01	   7.3429980e-01	   4.7802801e-01	             NaN	             NaN	             NaN	             NaN	             NaN	             NaN	             NaN	             NaN	             NaN	             NaN	             NaN	   0.0000000e+00	
  -6.5963913e+00	  -6.3373844e+00	  -4.5414150e+00	  -1.5031182e+00	   7.0685558e-01	   1.2774445e+00	   1.5297631e+00	   1.5974659e+00	   1.6108455e+00	   1.6531377e+00	   1.5200452e+00	   1.3934417e+00	   1.3319224e+00	   1.3261139e+00	   1.2437195e+00	   1.2600998e+00	   1.0659501e+00	   1.0490687e+00	   9.2715171e-01	   7.9229600e-01	   5.3476022e-01	   3.4699970e-01	             NaN	             NaN	             NaN	             NaN	             NaN	             NaN	             NaN	             NaN	             NaN	             NaN	             NaN	
  -7.2047770e+00	  -7.1384107e+00	  -4.7221459e+00	  -1.6132263e+00	   5.0128737e-01	   1.4555066e+00	   1.5273438e+00	   1.6692430e+00	   1.6593804e+00	   1.6475265e+00	   1.4489648e+00	   1.4273051e+00	   1.3646946e+00	   1.3762217e+00	   1.3478099e+00	   1.2546184e+00	   1.1756543e+00	   1.0882509e+00	   9.0983377e-01	   8.8044537e-01	   7.7646717e-01	   3.1425701e-01	             NaN	             NaN	             NaN	             NaN	             NaN	             NaN	             NaN	             NaN	             NaN	             NaN	             NaN	
  -7.0826764e+00	  -6.9148375e+00	  -4.0829993e+00	  -9.4001137e-01	   3.6988745e-01	   1.0402924e+00	   1.5187631e+00	   1.6557757e+00	   1.6444666e+00	   1.6170037e+00	   1.5353022e+00	   1.4855611e+00	   1.3316171e+00	   1.3405580e+00	   1.3410527e+00	   1.3313615e+00	   1.2295670e+00	   1.1045354e+00	   1.0297129e+00	   8.5325640e-01	   8.4086023e-01	   3.5982887e-01	   4.2872763e-01	             NaN	             NaN	             NaN	             NaN	             NaN	             NaN	             NaN	             NaN	             NaN	             NaN	
  -7.2585376e+00	  -6.6871817e+00	  -3.5351574e+00	  -1.2430860e+00	   5.4294619e-01	   1.3531419e+00	   1.5432291e+00	   1.6560316e+00	   1.5839817e+00	   1.5498251e+00	   1.5382749e+00	   1.4700648e+00	   1.3822559e+00	   1.3871019e+00	   1.3969588e+00	   1.3241362e+00	   1.2668507e+00	   1.1433810e+00	   1.0443444e+00	   8.8711981e-01	   8.9598750e-01	   6.2416874e-01	   4.0041210e-01	             NaN	             NaN	             NaN	             NaN	             NaN	             NaN	             NaN	             NaN	             NaN	             NaN	
  -6.8303086e+00	  -5.9187314e+00	  -4.6735630e+00	  -1.7745118e+00	   3.5031787e-01	   1.3036016e+00	   1.5719257e+00	   1.6006034e+00	   1.6092162e+00	   1.6553463e+00	   1.5492886e+00	   1.4915190e+00	   1.4767159e+00	   1.4425305e+00	   1.4421158e+00	   1.3911617e+00	   1.3079033e+00	   1.2153010e+00	   1.0685104e+00	   9.2897941e-01	   9.1967510e-01	   8.2263162e-01	   4.1702439e-01	             NaN	             NaN	             NaN	             NaN	             NaN	             NaN	             NaN	             NaN	             NaN	             NaN	
  -7.2599899e+00	  -5.6089788e+00	  -4.1263573e+00	  -1.5396974e+00	   5.7514535e-01	   1.2404903e+00	   1.5117068e+00	   1.7930397e+00	   1.6547270e+00	   1.6651545e+00	   1.5531278e+00	   1.4918732e+00	   1.4926686e+00	   1.4548544e+00	   1.4412604e+00	   1.3998021e+00	   1.3759215e+00	   1.2044722e+00	   1.1148504e+00	   9.8915571e-01	   8.9755065e-01	   8.7060349e-01	   4.3977507e-01	   4.9075762e-01	             NaN	             NaN	             NaN	             NaN	             NaN	             NaN	             NaN	             NaN	             NaN	
  -6.5290893e+00	  -5.9514715e+00	  -3.9429599e+00	  -1.2935253e+00	   3.2922260e-01	   1.3674523e+00	   1.6285294e+00	   1.7199030e+00	   1.7008265e+00	   1.6672040e+00	   1.5500420e+00	   1.4709668e+00	   1.4878643e+00	   1.4832454e+00	   1.5299449e+00	   1.4186441e+00	   1.3582161e+00	   1.2792468e+00	   1.1678070e+00	   1.0572330e+00	   9.3218042e-01	   8.8445594e-01	   6.9947472e-01	   4.2326790e-01	             NaN	             NaN	             NaN	             NaN	             NaN	             NaN	             NaN	             NaN	             NaN	
  -5.3436885e+00	  -5.8093838e+00	  -3.6243683e+00	  -1.3636946e+00	   2.8846268e-01	   1.4059346e+00	   1.7058398e+00	   1.7372168e+00	   1.6604370e+00	   1.7361322e+00	   1.5942610e+00	   1.5917241e+00	   1.5195239e+00	   1.5392223e+00	   1.5164349e+00	   1.4933982e+00	   1.3836748e+00	   1.2919613e+00	   1.1792985e+00	   1.1055352e+00	   1.0039396e+00	   9.7598185e-01	   8.8642061e-01	   3.6810206e-01	   5.4665207e-01	             NaN	             NaN	             NaN	             NaN	             NaN	             NaN	             NaN	             NaN	
  -5.1027863e+00	  -6.1340867e+00	  -3.8156104e+00	  -1.2845934e+00	   3.7003875e-01	   1.4884932e+00	   1.7212433e+00	   1.7040198e+00	   1.8461152e+00	   1.7643351e+00	   1.6050057e+00	   1.5511229e+00	   1.5434042e+00	   1.5789455e+00	   1.5870097e+00	   1.4922500e+00	   1.4326341e+00	   1.3374771e+00	   1.2239679e+00	   1.1115908e+00	   1.0389518e+00	   9.7238260e-01	   9.2748589e-01	   5.3062208e-01	   5.4922434e-01	             NaN	             NaN	             NaN	             NaN	             NaN	             NaN	             NaN	             NaN	
  -5.5351975e+00	  -4.8021667e+00	  -2.8984776e+00	  -7.6209630e-01	   8.0677903e-01	   1.5991912e+00	   1.8062435e+00	   1.8075236e+00	   1.7326235e+00	   1.7148321e+00	   1.6779050e+00	   1.5653435e+00	   1.5116293e+00	   1.5885054e+00	   1.5783478e+00	   1.5357002e+00	   1.4599779e+00	   1.3555239e+00	   1.2743449e+00	   1.1817995e+00	   1.0862706e+00	   9.9426822e-01	   1.0399245e+00	   7.0493320e-01	   5.7139034e-01	             NaN	             NaN	             NaN	             NaN	             NaN	             NaN	             NaN	             NaN	
  -4.6733211e+00	  -4.3926164e+00	  -2.6415066e+00	  -9.0901170e-01	   6.2542892e-01	   1.6601549e+00	   1.8351511e+00	   1.8469793e+00	   1.8309982e+00	   1.7420554e+00	   1.6546668e+00	   1.6310890e+00	   1.5937858e+00	   1.6098254e+00	   1.5925835e+00	   1.5784016e+00	   1.4610692e+00	   1.4429246e+00	   1.3163527e+00	   1.2122473e+00	   1.1228827e+00	   1.0547767e+00	   1.0053166e+00	   8.9478269e-01	   4.7616189e-01	   5.8898079e-01	             NaN	             NaN	             NaN	             NaN	             NaN	             NaN	             NaN	
  -3.0990429e+00	  -3.5980258e+00	  -2.6387763e+00	  -3.7128410e-01	   1.0378779e+00	   1.5839839e+00	   1.8725495e+00	   1.9392928e+00	   1.7881164e+00	   1.7165432e+00	   1.6235504e+00	   1.6333686e+00	   1.5869189e+00	   1.5947799e+00	   1.6271211e+00	   1.5934929e+00	   1.5185708e+00	   1.4448010e+00	   1.3939329e+00	   1.3039079e+00	   1.1454285e+00	   1.0851776e+00	   1.0264083e+00	   9.6899643e-01	   6.9101676e-01	   6.3160251e-01	             NaN	             NaN	             NaN	             NaN	             NaN	             NaN	             NaN	
  -3.7357700e+00	  -4.0512605e+00	  -1.7413328e+00	  -1.0250483e-01	   1.1326032e+00	   1.8109898e+00	   1.8901212e+00	   1.9534252e+00	   2.0301507e+00	   1.7603769e+00	   1.6203666e+00	   1.6642313e+00	   1.6710796e+00	   1.6975025e+00	   1.6652187e+00	   1.6112410e+00	   1.5437339e+00	   1.5159345e+00	   1.4036168e+00	   1.2994027e+00	   1.2631163e+00	   1.1534385e+00	   1.0487536e+00	   9.7509548e-01	   8.2034837e-01	   6.4964014e-01	   6.2071577e-01	             NaN	             NaN	             NaN	             NaN	             NaN	             NaN	
  -4.1390344e+00	  -3.2127699e+00	  -2.1893209e+00	  -8.7987628e-02	   1.2427731e+00	   1.7694393e+00	   2.0465196e+00	   2.0462652e+00	   1.9301271e+00	   1.8666287e+00	   1.6502821e+00	   1.5906294e+00	   1.6372943e+00	   1.6201804e+00	   1.7602736e+00	   1.6445554e+00	   1.5408022e+00	   1.4963937e+00	   1.4127878e+00	   1.3768786e+00	   1.2446286e+00	   1.1831367e+00	   1.1044895e+00	   1.0305635e+00	   7.2831097e-01	   6.2520063e-01	   6.3352147e-01	             NaN	             NaN	             NaN	             NaN	             NaN	             NaN	
  -3.9306146e+00	  -2.7173437e+00	  -1.2817039e+00	   4.6472861e-01	   1.5656031e+00	   1.8821271e+00	   2.1635455e+00	   2.2476659e+00	   2.0126844e+00	   1.7966931e+00	   1.6300441e+00	   1.6448618e+00	   1.6906096e+00	   1.6464258e+00	   1.6971522e+00	   1.6489773e+00	   1.5903331e+00	   1.5428519e+00	   1.4787205e+00	   1.3826371e+00	   1.3422886e+00	   1.2395756e+00	   1.1279411e+00	   1.0621478e+00	   9.6978006e-01	   6.8950428e-01	   6.7177893e-01	             NaN	             NaN	             NaN	             NaN	             NaN	             NaN	
  -6.1299500e-01	  -2.5101421e+00	  -7.3542746e-01	   1.3514445e-01	   1.3861499e+00	   2.0481247e+00	   2.2851667e+00	   2.1798000e+00	   2.0988799e+00	   1.8433803e+00	   1.8585170e+00	   1.7194182e+00	   1.6959244e+00	   1.7262619e+00	   1.7634306e+00	   1.7009052e+00	   1.6569017e+00	   1.5718866e+00	   1.5225452e+00	   1.4598271e+00	   1.4112246e+00	   1.3041363e+00	   1.1928605e+00	   1.1155560e+00	   1.1355189e+00	   7.3530897e-01	   6.9061690e-01	   6.5008067e-01	             NaN	             NaN	             NaN	             NaN	             NaN	
  -2.3072109e+00	  -2.3868687e+00	  -8.2767834e-01	   5.6867052e-01	   1.5585261e+00	   1.9323535e+00	   2.2102494e+00	   2.2522862e+00	   2.1082738e+00	   1.9898594e+00	   1.7914897e+00	   1.6809670e+00	   1.6510879e+00	   1.7144659e+00	   1.6652165e+00	   1.6890451e+00	   1.6767310e+00	   1.6083457e+00	   1.5535008e+00	   1.4936433e+00	   1.4313812e+00	   1.3297125e+00	   1.1968861e+00	   1.1435035e+00	   1.1041340e+00	   9.0451153e-01	   6.4996638e-01	   6.6906938e-01	             NaN	             NaN	             NaN	             NaN	             NaN	
  -8.6939720e-01	  -1.7582199e+00	  -9.1381452e-01	   7.0281094e-01	   1.6726174e+00	   2.2077175e+00	   2.3974651e+00	   2.3580053e+00	   2.1122298e+00	   1.9646517e+00	   1.7028652e+00	   1.6377229e+00	   1.6632372e+00	   1.7295879e+00	   1.7276122e+00	   1.7410049e+00	   1.7083298e+00	   1.6627796e+00	   1.5893043e+00	   1.4918770e+00	   1.4648556e+00	   1.4078891e+00	   1.2796857e+00	   1.1901216e+00	   1.1398087e+00	   9.6784449e-01	   7.3815772e-01	   6.7558529e-01	   6.0447278e-01	             NaN	             NaN	             NaN	             NaN	
  -1.8272034e+00	  -9.5757124e-01	  -9.4625384e-02	   9.5427391e-01	   1.6931268e+00	   2.3229870e+00	   2.4269457e+00	   2.3616506e+00	   2.3024282e+00	   1.9822071e+00	   1.7565087e+00	   1.6774345e+00	   1.6578539e+00	   1.7579421e+00	   1.7164538e+00	   1.7298088e+00	   1.6832095e+00	   1.6716995e+00	   1.6189732e+00	   1.5665550e+00	   1.5092013e+00	   1.4104509e+00	   1.3551742e+00	   1.2316824e+00	   1.1439961e+00	   1.0518401e+00	   8.4215577e-01	   7.2136540e-01	   6.2659985e-01	             NaN	             NaN	             NaN	             NaN	
  -8.8953727e-01	  -2.1557101e-01	  -4.4216112e-02	   1.1370085e+00	   1.5940891e+00	   2.2655086e+00	   2.4551445e+00	   2.4023709e+00	   2.2211260e+00	   1.9940025e+00	   1.7477017e+00	   1.7256137e+00	   1.6869613e+00	   1.7502607e+00	   1.7464479e+00	   1.7704926e+00	   1.6931028e+00	   1.6904210e+00	   1.6249014e+00	   1.5785950e+00	   1.5675067e+00	   1.4402865e+00	   1.4143593e+00	   1.2814396e+00	   1.1819443e+00	   1.0845366e+00	   9.2710584e-01	   7.0299253e-01	   6.7762184e-01	             NaN	             NaN	             NaN	             NaN	
  -1.6064540e-01	  -5.4645993e-01	   3.4250355e-01	   1.4911039e+00	   1.9714530e+00	   2.3629659e+00	   2.5753042e+00	   2.5344650e+00	   2.3933390e+00	   1.9587432e+00	   1.7803667e+00	   1.6251935e+00	   1.7118095e+00	   1.7248901e+00	   1.8051481e+00	   1.7453542e+00	   1.7372923e+00	   1.7617609e+00	   1.6636799e+00	   1.5972040e+00	   1.5931830e+00	   1.4957726e+00	   1.4440378e+00	   1.3324384e+00	   1.2350405e+00	   1.1766501e+00	   9.3582037e-01	   7.6661465e-01	   7.0043521e-01	   5.8096911e-01	             NaN	             NaN	             NaN	
  -4.5750521e-01	  -3.5636543e-01	   4.7102677e-01	   1.1706763e+00	   2.1252531e+00	   2.3548654e+00	   2.5815414e+00	   2.5625805e+00	   2.3411126e+00	   2.0837031e+00	   1.7565074e+00	   1.7930559e+00	   1.7018159e+00	   1.7878240e+00	   1.7490239e+00	   1.7902214e+00	   1.7683520e+00	   1.7196631e+00	   1.6945794e+00	   1.6407298e+00	   1.5592409e+00	   1.5323533e+00	   1.4610652e+00	   1.3755251e+00	   1.3025775e+00	   1.1743952e+00	   9.8633548e-01	   7.7224450e-01	   7.2610991e-01	   5.9294806e-01	             NaN	             NaN	             NaN	
   4.1961758e-01	   6.8956250e-01	   3.7024644e-01	   1.6555730e+00	   2.1655913e+00	   2.5396549e+00	   2.6437200e+00	   2.5193003e+00	   2.3754224e+00	   2.0820510e+00	   1.8752202e+00	   1.7171737e+00	   1.7069929e+00	   1.7324993e+00	   1.7720493e+00	   1.7764786e+00	   1.7595453e+00	   1.7056890e+00	   1.7092091e+00	   1.6486385e+00	   1.6218266e+00	   1.5761700e+00	   1.5046138e+00	   1.4150774e+00	   1.3087776e+00	   1.2258982e+00	   1.1058382e+00	   8.9263259e-01	   7.2508869e-01	   6.1519361e-01	   5.1748595e-01	             NaN	             NaN	
   1.2746649e+00	   6.9511699e-01	   9.4718479e-01	   1.8171267e+00	   2.1660889e+00	   2.5165571e+00	   2.7369389e+00	   2.6613331e+00	   2.4040140e+00	   2.0283219e+00	   1.7975566e+00	   1.6726242e+00	   1.6932771e+00	   1.7499016e+00	   1.7611956e+00	   1.7989003e+00	   1.7406757e+00	   1.6960226e+00	   1.6879784e+00	   1.7088368e+00	   1.6423422e+00	   1.5843112e+00	   1.5287310e+00	   1.4389162e+00	   1.3476291e+00	   1.2422518e+00	   1.1562006e+00	   8.9298795e-01	   6.2806093e-01	   6.6878164e-01	   5.2445222e-01	             NaN	             NaN	
  -6.0430515e-03	   4.6850701e-01	   1.3505610e+00	   1.8759290e+00	   2.5299755e+00	   2.7925543e+00	   2.6438331e+00	   2.7395134e+00	   2.5260124e+00	   2.1415770e+00	   1.7804221e+00	   1.7120481e+00	   1.7045136e+00	   1.7264850e+00	   1.7154239e+00	   1.7594863e+00	   1.7494159e+00	   1.7496749e+00	   1.7390485e+00	   1.6609540e+00	   1.6248369e+00	   1.5951031e+00	   1.5576448e+00	   1.4658313e+00	   1.3756243e+00	   1.3100082e+00	   1.1743899e+00	   1.0474939e+00	   7.3147408e-01	   6.7966023e-01	   5.7341524e-01	             NaN	             NaN	
  -1.1201535e+00	   1.0481616e+00	   1.4793750e+00	   1.8727719e+00	   2.5045756e+00	   2.6053966e+00	   2.9316353e+00	   2.7267018e+00	   2.5236640e+00	   2.0555042e+00	   1.8438285e+00	   1.6916113e+00	   1.7177533e+00	   1.7569732e+00	   1.7445694e+00	   1.7730194e+00	   1.7391887e+00	   1.7534915e+00	   1.6723549e+00	   1.6848930e+00	   1.6623596e+00	   1.6400192e+00	   1.5585942e+00	   1.5001413e+00	   1.4393224e+00	   1.2755638e+00	   1.1923957e+00	   1.0791505e+00	   7.8086974e-01	   7.0925747e-01	   5.9014429e-01	   4.8662107e-01	             NaN	
   2.9189414e-04	   1.3230592e+00	   1.5258597e+00	   1.9274664e+00	   2.4900239e+00	   2.6644988e+00	   2.7567467e+00	   2.7758757e+00	   2.5350501e+00	   2.0358407e+00	   1.8155398e+00	   1.7415733e+00	   1.7349742e+00	   1.7468030e+00	   1.7276944e+00	   1.7313538e+00	   1.7682329e+00	   1.6791416e+00	   1.7235980e+00	   1.7158977e+00	   1.6983581e+00	   1.6586709e+00	   1.5826097e+00	   1.4779924e+00	   1.4232866e+00	   1.3505197e+00	   1.1972180e+00	   1.0822369e+00	   8.5263994e-01	   6.2903473e-01	   6.1728915e-01	   5.2377447e-01	             NaN	
   1.0363263e+00	   1.2770639e+00	   1.7660641e+00	   2.0606223e+00	   2.5881640e+00	   2.8320408e+00	   2.8336835e+00	   2.8413132e+00	   2.4798803e+00	   2.1604654e+00	   1.8828040e+00	   1.6841092e+00	   1.7375027e+00	   1.7362550e+00	   1.7144429e+00	   1.7697517e+00	   1.7407568e+00	   1.7559466e+00	   1.7137466e+00	   1.7238419e+00	   1.7075554e+00	   1.6357304e+00	   1.5558824e+00	   1.5059941e+00	   1.4612060e+00	   1.4161434e+00	   1.2364804e+00	   1.1424062e+00	   8.8323808e-01	   6.7682618e-01	   5.9172917e-01	   5.3973862e-01	   4.3715633e-01	
   6.8036029e-01	   1.2675749e+00	   1.6762014e+00	   2.3310479e+00	   2.7344725e+00	   2.6401313e+00	   2.9080464e+00	   2.8417242e+00	   2.5287257e+00	   2.1322849e+00	   1.8691864e+00	   1.7311322e+00	   1.6895179e+00	   1.7070294e+00	   1.8007907e+00	   1.7299703e+00	   1.7392311e+00	   1.7337687e+00	   1.7222558e+00	   1.7028644e+00	   1.6936420e+00	   1.6246480e+00	   1.5838894e+00	   1.5155227e+00	   1.4883729e+00	   1.3764597e+00	   1.2494738e+00	   1.1429631e+00	   9.3635577e-01	   7.0937133e-01	   6.4214891e-01	   5.6533312e-01	   4.6497045e-01	
   1.4345430e+00	   1.0735831e+00	   1.7846432e+00	   2.3280989e+00	   2.6423106e+00	   2.8538662e+00	   3.0701041e+00	   2.8349970e+00	   2.5881626e+00	   2.0950740e+00	   1.7598795e+00	   1.7077651e+00	   1.6633415e+00	   1.6537050e+00	   1.7132615e+00	   1.7146656e+00	   1.7256389e+00	   1.7740599e+00	   1.7660426e+00	   1.6943455e+00	   1.7033694e+00	   1.6658783e+00	   1.6068512e+00	   1.5925987e+00	   1.4301291e+00	   1.3892280e+00	   1.3005304e+00	   1.0931869e+00	   1.0014101e+00	   7.6186031e-01	   5.8834888e-01	   5.5953631e-01	   4.9718806e-01	
   1.6390660e+00	   1.7117398e+00	   2.1776333e+00	   2.4044737e+00	   2.6222111e+00	   2.8914277e+00	   2.8689383e+00	   2.8491094e+00	   2.6169167e+00	   2.1241672e+00	   1.8129925e+00	   1.7063569e+00	   1.6868872e+00	   1.7260565e+00	   1.7028426e+00	   1.6428916e+00	   1.7266946e+00	   1.6982873e+00	   1.6987707e+00	   1.7092900e+00	   1.6816748e+00	   1.6487983e+00	   1.6338104e+00	   1.5575978e+00	   1.4651136e+00	   1.3809762e+00	   1.2655051e+00	   1.1422857e+00	   9.9889475e-01	   8.6204739e-01	   6.5371450e-01	   5.7315532e-01	   5.1855182e-01	
   1.5710160e+00	   1.5494548e+00	   2.2051918e+00	   2.4898756e+00	   2.7502354e+00	   2.9483630e+00	   2.8832227e+00	   2.8545927e+00	   2.6076623e+00	   2.2123571e+00	   1.8185588e+00	   1.7258326e+00	   1.6677382e+00	   1.7510710e+00	   1.6821641e+00	   1.7231249e+00	   1.6786019e+00	   1.7144375e+00	   1.7575736e+00	   1.7400260e+00	   1.6896584e+00	   1.6799865e+00	   1.6656954e+00	   1.5431481e+00	   1.5049928e+00	   1.4142022e+00	   1.2613979e+00	   1.1670041e+00	   1.0319888e+00	   9.6521965e-01	   6.5308327e-01	   5.3693511e-01	   5.2119387e-01	
   1.1786049e+00	   1.6621362e+00	   2.3495275e+00	   2.4356861e+00	   2.6874913e+00	   2.8491473e+00	   2.9456807e+00	   2.7376406e+00	   2.5222689e+00	   2.1063142e+00	   1.8921322e+00	   1.7240069e+00	   1.6578295e+00	   1.6844630e+00	   1.7340385e+00	   1.7124117e+00	   1.7139105e+00	   1.7214442e+00	   1.7348447e+00	   1.6858167e+00	   1.6994853e+00	   1.6607899e+00	   1.6178990e+00	   1.5621355e+00	   1.5310953e+00	   1.4148844e+00	   1.3317152e+00	   1.1619209e+00	   1.0445861e+00	   9.4327289e-01	   8.0550619e-01	   5.6772137e-01	   5.6020865e-01	
             NaN	   1.7140232e+00	   2.1634222e+00	   2.4310638e+00	   2.7400888e+00	   2.8053491e+00	   2.9539890e+00	   2.7720867e+00	   2.5060417e+00	   2.1161422e+00	   1.8327881e+00	   1.6769644e+00	   1.7010022e+00	   1.6859255e+00	   1.6796220e+00	   1.7210714e+00	   1.7128811e+00	   1.7175598e+00	   1.7280267e+00	   1.6841847e+00	   1.6942505e+00	   1.6633235e+00	   1.6400101e+00	   1.6060040e+00	   1.4686584e+00	   1.4402077e+00	   1.3126739e+00	   1.1724976e+00	   1.0758425e+00	   9.5047167e-01	   7.0679380e-01	   6.2853942e-01	   5.6191711e-01	
             NaN	   2.1648422e+00	   2.0536378e+00	   2.4113468e+00	   2.7947528e+00	   2.7982831e+00	   2.9428012e+00	   2.8007416e+00	   2.4689733e+00	   2.1554304e+00	   1.8753803e+00	   1.6288678e+00	   1.7176468e+00	   1.6883241e+00	   1.6596178e+00	   1.6803199e+00	   1.6646301e+00	   1.6937392e+00	   1.7035629e+00	   1.6972101e+00	   1.6570320e+00	   1.6356097e+00	   1.5680432e+00	   1.5517209e+00	   1.5001043e+00	   1.4156281e+00	   1.3030620e+00	   1.1819887e+00	   1.0585067e+00	   9.5003087e-01	   8.2779058e-01	   5.6086441e-01	   6.2322338e-01	
             NaN	   2.3111667e+00	   2.2614513e+00	   2.2762515e+00	   2.8767569e+00	   2.9918086e+00	   2.8240370e+00	   2.8908584e+00	   2.5650911e+00	   2.0973996e+00	   1.8285168e+00	   1.6989581e+00	   1.6571958e+00	   1.7089715e+00	   1.7039036e+00	   1.6760389e+00	   1.6650507e+00	   1.7186591e+00	   1.7107594e+00	   1.6875787e+00	   1.6322839e+00	   1.6653890e+00	   1.5920348e+00	   1.5300188e+00	   1.4912893e+00	   1.4063261e+00	   1.3371562e+00	   1.2107604e+00	   1.0995434e+00	   9.4320922e-01	   8.3782363e-01	   6.5917399e-01	   5.8294713e-01	
             NaN	   2.3192412e+00	   2.0449247e+00	   2.8299357e+00	   2.6717422e+00	   2.8557638e+00	   2.8937611e+00	   2.8485995e+00	   2.5283438e+00	   2.1567151e+00	   1.8158145e+00	   1.6551535e+00	   1.6850940e+00	   1.6464260e+00	   1.6333197e+00	   1.6787131e+00	   1.6849302e+00	   1.6866055e+00	   1.6485331e+00	   1.6880199e+00	   1.6514458e+00	   1.6242832e+00	   1.5902850e+00	   1.5298432e+00	   1.5004899e+00	   1.4527004e+00	   1.3574339e+00	   1.2143528e+00	   1.0959529e+00	   9.4588744e-01	   8.0733499e-01	   7.3147913e-01	   6.4902956e-01	
             NaN	   2.2965552e+00	   2.5773381e+00	   2.6122287e+00	   2.7804180e+00	   2.8383558e+00	   2.8878383e+00	   2.8300309e+00	   2.4278721e+00	   2.1475472e+00	   1.8013228e+00	   1.6819462e+00	   1.6451677e+00	   1.6081310e+00	   1.6440361e+00	   1.6827174e+00	   1.6312066e+00	   1.6431256e+00	   1.7079787e+00	   1.6979522e+00	   1.6419425e+00	   1.6341356e+00	   1.5785370e+00	   1.5746465e+00	   1.4934912e+00	   1.4201853e+00	   1.3228629e+00	   1.2303032e+00	   1.1116131e+00	   9.8554413e-01	   8.6264261e-01	   7.2211300e-01	   5.7962051e-01	
             NaN	   2.1685000e+00	   2.7108272e+00	   2.8537217e+00	   2.8592914e+00	   2.8965354e+00	   2.8516568e+00	   2.7218339e+00	   2.4990085e+00	   2.1091562e+00	   1.7834573e+00	   1.6475819e+00	   1.6680576e+00	   1.6763970e+00	   1.5789972e+00	   1.6385616e+00	   1.6491890e+00	   1.6721749e+00	   1.6502619e+00	   1.6597766e+00	   1.6446799e+00	   1.6296024e+00	   1.5645924e+00	   1.4944656e+00	   1.4857523e+00	   1.4206428e+00	   1.3072618e+00	   1.2231841e+00	   1.0749916e+00	   9.7061407e-01	   8.8725065e-01	   7.7178038e-01	   6.1180586e-01	
             NaN	             NaN	   3.0622568e+00	   2.7771603e+00	   2.7482878e+00	   2.8142817e+00	   2.8078356e+00	   2.7341168e+00	   2.5059318e+00	   2.1557298e+00	   1.8168339e+00	   1.6883377e+00	   1.5229996e+00	   1.6605173e+00	   1.6063575e+00	   1.6097925e+00	   1.6363244e+00	   1.6130782e+00	   1.6404589e+00	   1.6019816e+00	   1.5528074e+00	   1.5720507e+00	   1.5345830e+00	   1.5185040e+00	   1.4827694e+00	   1.4165908e+00	   1.3250804e+00	   1.2248739e+00	   1.1041902e+00	   9.8647252e-01	   8.9636990e-01	   8.0436822e-01	   7.1872179e-01	
             NaN	             NaN	   2.3502867e+00	   2.6736233e+00	   2.8411387e+00	   2.8085432e+00	   2.9013486e+00	   2.7514706e+00	   2.4663561e+00	   2.0634747e+00	   1.8203816e+00	   1.6532819e+00	   1.6373222e+00	   1.6012159e+00	   1.5806550e+00	   1.6691082e+00	   1.5583156e+00	   1.6001530e+00	   1.6288894e+00	   1.6462930e+00	   1.6037160e+00	   1.5907509e+00	   1.5748710e+00	   1.5078234e+00	   1.4551916e+00	   1.4004776e+00	   1.3385785e+00	   1.2000590e+00	   1.0976669e+00	   9.7910978e-01	   9.0299198e-01	   8.5356414e-01	   6.9944810e-01	
             NaN	             NaN	   2.8275765e+00	   2.7469762e+00	   2.7812822e+00	   2.8063939e+00	   2.8155830e+00	   2.6741894e+00	   2.4169328e+00	   2.1090502e+00	   1.7426400e+00	   1.6495386e+00	   1.6190158e+00	   1.5889320e+00	   1.6179005e+00	   1.5907437e+00	   1.5864707e+00	   1.5930702e+00	   1.5906554e+00	   1.6034970e+00	   1.5706542e+00	   1.5439821e+00	   1.4963311e+00	   1.5004122e+00	   1.4363680e+00	   1.4039290e+00	   1.3302919e+00	   1.2122100e+00	   1.0813471e+00	   9.8604908e-01	   9.0011486e-01	   7.8458401e-01	   7.8860395e-01	
             NaN	             NaN	   2.7007334e+00	   2.7953337e+00	   2.7265418e+00	   2.9526374e+00	   2.8312762e+00	   2.7834249e+00	   2.4237344e+00	   2.0587555e+00	   1.8379037e+00	   1.6621868e+00	   1.5967275e+00	   1.5734977e+00	   1.5947447e+00	   1.6203540e+00	   1.5372547e+00	   1.5847932e+00	   1.5307564e+00	   1.5253454e+00	   1.5512600e+00	   1.5492298e+00	   1.4890594e+00	   1.4590245e+00	   1.4579949e+00	   1.3610588e+00	   1.3281478e+00	   1.1937872e+00	   1.1168382e+00	   9.9848940e-01	   9.2106357e-01	   8.0109588e-01	   7.3254609e-01	
             NaN	             NaN	   2.7467173e+00	   2.7749313e+00	   2.7241232e+00	   2.8780175e+00	   2.8124960e+00	   2.7068266e+00	   2.5171009e+00	   2.0735247e+00	   1.7588382e+00	   1.6050120e+00	   1.6338882e+00	   1.5503665e+00	   1.5622396e+00	   1.5134328e+00	   1.5309606e+00	   1.5497249e+00	   1.5532998e+00	   1.5849739e+00	   1.5260206e+00	   1.5342087e+00	   1.5295537e+00	   1.4683120e+00	   1.4348430e+00	   1.4191050e+00	   1.3408299e+00	   1.1878278e+00	   1.1151462e+00	   9.8769258e-01	   9.0253998e-01	   8.1601731e-01	   7.6873758e-01	
             NaN	             NaN	             NaN	   2.7806016e+00	   2.6364447e+00	   2.8489777e+00	   2.8451061e+00	   2.8277790e+00	   2.5023472e+00	   1.9672583e+00	   1.7210468e+00	   1.6199653e+00	   1.5367626e+00	   1.5674677e+00	   1.5111256e+00	   1.5501069e+00	   1.5056899e+00	   1.4907196e+00	   1.5635002e+00	   1.5288169e+00	   1.5187937e+00	   1.4822646e+00	   1.4784224e+00	   1.4741734e+00	   1.4212578e+00	   1.3605584e+00	   1.2825424e+00	   1.2153806e+00	   1.0830442e+00	   1.0078426e+00	   9.0166648e-01	   8.2172320e-01	   7.7322231e-01	
             NaN	             NaN	             NaN	   2.5614436e+00	   2.7247493e+00	   2.7363348e+00	   2.7833283e+00	   2.6542906e+00	   2.3748609e+00	   1.9553835e+00	   1.7840709e+00	   1.6497946e+00	   1.5940705e+00	   1.5287262e+00	   1.5601693e+00	   1.5187474e+00	   1.5015348e+00	   1.4938512e+00	   1.4918613e+00	   1.5334684e+00	   1.5243764e+00	   1.5038713e+00	   1.4663112e+00	   1.4126200e+00	   1.4271857e+00	   1.3822767e+00	   1.2845108e+00	   1.2145989e+00	   1.1036620e+00	   9.8967725e-01	   9.3160892e-01	   8.4658681e-01	   7.7927959e-01	
             NaN	             NaN	             NaN	   2.7630611e+00	   2.8203719e+00	   2.6337984e+00	   2.8573421e+00	   2.5793720e+00	   2.3529751e+00	   2.0445914e+00	   1.8738920e+00	   1.6071848e+00	   1.6286369e+00	   1.5505466e+00	   1.5558402e+00	   1.5452419e+00	   1.5220883e+00	   1.5143789e+00	   1.5496356e+00	   1.5081176e+00	   1.5086398e+00	   1.4941140e+00	   1.4591316e+00	   1.4273936e+00	   1.4208196e+00	   1.3812875e+00	   1.2857679e+00	   1.2013617e+00	   1.0854204e+00	   9.9833298e-01	   9.0529502e-01	   8.5969403e-01	   7.8499401e-01	
             NaN	             NaN	             NaN	   2.7961555e+00	   2.8936327e+00	   2.6316669e+00	   2.6142780e+00	   2.5513859e+00	   2.3476420e+00	   1.9897628e+00	   1.6391851e+00	   1.5719771e+00	   1.4763950e+00	   1.5122722e+00	   1.5410476e+00	   1.4968571e+00	   1.4770766e+00	   1.4658009e+00	   1.4591606e+00	   1.5406769e+00	   1.4796913e+00	   1.4164700e+00	   1.4355618e+00	   1.4160083e+00	   1.3748982e+00	   1.2983506e+00	   1.2562185e+00	   1.1873687e+00	   1.0815853e+00	   9.8874955e-01	   9.2620090e-01	   8.6715566e-01	   7.8857990e-01	
             NaN	             NaN	             NaN	   2.6050432e+00	   2.8166538e+00	   2.6683687e+00	   2.8085835e+00	   2.5564763e+00	   2.3193770e+00	   1.9580180e+00	   1.7301577e+00	   1.6098758e+00	   1.5786333e+00	   1.5486708e+00	   1.5545015e+00	   1.4882677e+00	   1.4691502e+00	   1.4689038e+00	   1.4688558e+00	   1.4665995e+00	   1.4327573e+00	   1.4411512e+00	   1.3971657e+00	   1.3981558e+00	   1.3619931e+00	   1.3105926e+00	   1.2390892e+00	   1.2011857e+00	   1.1116535e+00	   1.0217150e+00	   9.3538371e-01	   8.8762385e-01	   7.9825543e-01	
             NaN	             NaN	             NaN	             NaN	   2.9482317e+00	   2.7854761e+00	   2.6432119e+00	   2.5921962e+00	   2.2328473e+00	   2.0000705e+00	   1.7345738e+00	   1.6078912e+00	   1.5402432e+00	   1.5260562e+00	   1.4934806e+00	   1.5166928e+00	   1.4769298e+00	   1.4582543e+00	   1.4466096e+00	   1.4140183e+00	   1.4401418e+00	   1.4222440e+00	   1.3772375e+00	   1.3424928e+00	   1.3284385e+00	   1.2740469e+00	   1.2327723e+00	   1.1611813e+00	   1.0634037e+00	   1.0031479e+00	   9.5459403e-01	   8.4620681e-01	   7.8397723e-01	
             NaN	             NaN	             NaN	             NaN	   2.5725527e+00	   2.6661273e+00	   2.7135963e+00	   2.4186041e+00	   2.3431531e+00	   1.9258161e+00	   1.6953607e+00	   1.5677201e+00	   1.5659108e+00	   1.5493663e+00	   1.4565467e+00	   1.4323180e+00	   1.4684942e+00	   1.4473185e+00	   1.3865224e+00	   1.3856064e+00	   1.3941635e+00	   1.3863874e+00	   1.3757166e+00	   1.3439459e+00	   1.2993200e+00	   1.2673839e+00	   1.2158761e+00	   1.1421725e+00	   1.1040896e+00	   9.9083935e-01	   9.0011980e-01	   8.5691624e-01	   8.0364481e-01	
             NaN	             NaN	             NaN	             NaN	   2.7877965e+00	   2.6182641e+00	   2.5661039e+00	   2.3256459e+00	   2.1690270e+00	   1.9985537e+00	   1.6577987e+00	   1.5353819e+00	   1.5766620e+00	   1.5438646e+00	   1.4578143e+00	   1.4696767e+00	   1.3915421e+00	   1.3856835e+00	   1.3720393e+00	   1.3488185e+00	   1.3941651e+00	   1.3445865e+00	   1.3500551e+00	   1.3067058e+00	   1.2720210e+00	   1.2526448e+00	   1.2007714e+00	   1.1262968e+00	   1.0417060e+00	   9.8600962e-01	   9.3361944e-01	   8.6245919e-01	   8.1523374e-01	
             NaN	             NaN	             NaN	             NaN	   2.5778365e+00	   2.5363033e+00	   2.5158380e+00	   2.4506560e+00	   2.1208417e+00	   1.9163637e+00	   1.7402927e+00	   1.5859610e+00	   1.5105979e+00	   1.4826068e+00	   1.4355923e+00	   1.3851307e+00	   1.4058577e+00	   1.3647015e+00	   1.3777898e+00	   1.3728053e+00	   1.3625257e+00	   1.3662232e+00	   1.2785052e+00	   1.3389072e+00	   1.2782484e+00	   1.2421270e+00	   1.1836467e+00	   1.1375392e+00	   1.0469623e+00	   9.8708184e-01	   9.4012957e-01	   8.4518130e-01	   8.0596506e-01	
             NaN	             NaN	             NaN	             NaN	   2.7279101e+00	   2.5543584e+00	   2.5054750e+00	   2.3681586e+00	   2.1115516e+00	   1.9077304e+00	   1.6668008e+00	   1.4674784e+00	   1.5053400e+00	   1.4487812e+00	   1.4070820e+00	   1.4051435e+00	   1.3910525e+00	   1.3346346e+00	   1.3518631e+00	   1.3396026e+00	   1.3274328e+00	   1.2675848e+00	   1.2929516e+00	   1.2787246e+00	   1.2492941e+00	   1.2626475e+00	   1.1576325e+00	   1.1152233e+00	   1.0508636e+00	   9.7204246e-01	   9.1569462e-01	   8.6644959e-01	   8.1939748e-01	
             NaN	             NaN	             NaN	             NaN	             NaN	   2.4764430e+00	   2.3206295e+00	   2.4373476e+00	   2.2120837e+00	   1.9476194e+00	   1.6476664e+00	   1.4876969e+00	   1.4436976e+00	   1.5065857e+00	   1.4282593e+00	   1.3946582e+00	   1.3282854e+00	   1.3405100e+00	   1.3541659e+00	   1.3389882e+00	   1.3382656e+00	   1.2543218e+00	   1.2753535e+00	   1.2406380e+00	   1.2150200e+00	   1.1822550e+00	   1.1604333e+00	   1.0671054e+00	   1.0328628e+00	   9.8877179e-01	   8.9103908e-01	   8.5584388e-01	   7.9049411e-01	
             NaN	             NaN	             NaN	             NaN	             NaN	   2.4854063e+00	   2.5260276e+00	   2.3210783e+00	   2.0991245e+00	   1.9207174e+00	   1.6705745e+00	   1.5377697e+00	   1.4325182e+00	   1.4131213e+00	   1.3676753e+00	   1.3930192e+00	   1.3757372e+00	   1.3312590e+00	   1.3082945e+00	   1.3096829e+00	   1.3125760e+00	   1.3105013e+00	   1.2702885e+00	   1.2240263e+00	   1.2015273e+00	   1.1796828e+00	   1.1462825e+00	   1.0956806e+00	   1.0215014e+00	   9.6434199e-01	   8.9021666e-01	   8.4109667e-01	   7.8530046e-01	
             NaN	             NaN	             NaN	             NaN	             NaN	   2.4624426e+00	   2.4980835e+00	   2.3470079e+00	   2.0322944e+00	   1.8806041e+00	   1.6472576e+00	   1.4769829e+00	   1.4197726e+00	   1.4665885e+00	   1.4063256e+00	   1.3353180e+00	   1.3324624e+00	   1.2806012e+00	   1.2750830e+00	   1.2511565e+00	   1.2720988e+00	   1.2689647e+00	   1.2187886e+00	   1.2268448e+00	   1.1601808e+00	   1.1438635e+00	   1.1702933e+00	   1.0291339e+00	   1.0080320e+00	   9.2164180e-01	   9.0997135e-01	   8.7375382e-01	   7.9039442e-01	
             NaN	             NaN	             NaN	             NaN	             NaN	   2.3644696e+00	   2.2929928e+00	   2.2951314e+00	   2.0060695e+00	   1.8376771e+00	   1.6150224e+00	   1.5328709e+00	   1.4478336e+00	   1.4273376e+00	   1.3870946e+00	   1.3385899e+00	   1.3182067e+00	   1.2807334e+00	   1.2685498e+00	   1.2872373e+00	   1.2448335e+00	   1.2320921e+00	   1.2158528e+00	   1.1784079e+00	   1.1711031e+00	   1.1386538e+00	   1.1336887e+00	   1.0496999e+00	   1.0080511e+00	   9.5386910e-01	   8.7614011e-01	   8.3218921e-01	   8.1143756e-01	
             NaN	             NaN	             NaN	             NaN	             NaN	   2.3956289e+00	   2.4316533e+00	   2.2361555e+00	   2.1123611e+00	   1.7350769e+00	   1.5434256e+00	   1.4441260e+00	   1.4406064e+00	   1.4079269e+00	   1.3607631e+00	   1.3065341e+00	   1.2911373e+00	   1.2567220e+00	   1.2321572e+00	   1.2207285e+00	   1.2497662e+00	   1.2004266e+00	   1.1827641e+00	   1.1468488e+00	   1.1375714e+00	   1.1317776e+00	   1.0883103e+00	   1.0412372e+00	   9.8366185e-01	   9.6656129e-01	   8.6916163e-01	   8.3663662e-01	   7.7806390e-01	
             NaN	             NaN	             NaN	             NaN	             NaN	             NaN	   2.3250909e+00	   2.2814450e+00	   2.0336143e+00	   1.7700369e+00	   1.6098841e+00	   1.4743540e+00	   1.4142172e+00	   1.3910432e+00	   1.3299910e+00	   1.3266329e+00	   1.2432996e+00	   1.3185268e+00	   1.2341056e+00	   1.2530653e+00	   1.2221770e+00	   1.1829805e+00	   1.1741496e+00	   1.1303026e+00	   1.1554466e+00	   1.1146566e+00	   1.0845420e+00	   1.0339437e+00	   9.8171729e-01	   9.2535390e-01	   8.8506076e-01	   8.8174641e-01	   7.9844082e-01	
             NaN	             NaN	             NaN	             NaN	             NaN	             NaN	   2.4682321e+00	   2.2218425e+00	   2.0749858e+00	   1.7404697e+00	   1.6000483e+00	   1.5152828e+00	   1.3926745e+00	   1.3729973e+00	   1.3327694e+00	   1.2796131e+00	   1.2908946e+00	   1.2652913e+00	   1.2191105e+00	   1.2009106e+00	   1.2332741e+00	   1.1490388e+00	   1.1323959e+00	   1.1494336e+00	   1.0805812e+00	   1.0851443e+00	   1.0709546e+00	   1.0481551e+00	   9.4248709e-01	   8.9698410e-01	   8.5343020e-01	   7.9225029e-01	   7.9702010e-01	
   0.0000000e+00	             NaN	             NaN	             NaN	             NaN	             NaN	   2.2421698e+00	   2.0773438e+00	   1.9883883e+00	   1.7246111e+00	   1.5335612e+00	   1.3803228e+00	   1.3802683e+00	   1.3214535e+00	   1.3436153e+00	   1.2618693e+00	   1.1994182e+00	   1.2534838e+00	   1.2181579e+00	   1.1893122e+00	   1.1695232e+00	   1.1388488e+00	   1.1551993e+00	   1.1200495e+00	   1.0628281e+00	   1.0481082e+00	   1.0461680e+00	   1.0303220e+00	   9.7989794e-01	   9.0386475e-01	   8.4971719e-01	   8.2687312e-01	   7.6793838e-01	
   0.0000000e+00	             NaN	             NaN	             NaN	             NaN	             NaN	   2.3438948e+00	   2.1517335e+00	   2.0146260e+00	   1.8320549e+00	   1.5035657e+00	   1.4434517e+00	   1.4050966e+00	   1.3213506e+00	   1.3224373e+00	   1.2900532e+00	   1.2329217e+00	   1.2113085e+00	   1.1536706e+00	   1.1865599e+00	   1.1437669e+00	   1.1212422e+00	   1.1026144e+00	   1.1060767e+00	   1.1115661e+00	   1.0538648e+00	   1.0532626e+00	   9.8878050e-01	   9.3985386e-01	   9.0028076e-01	   8.4703193e-01	   8.0482876e-01	   7.8917110e-01	
   0.0000000e+00	             NaN	             NaN	             NaN	             NaN	             NaN	   2.1254003e+00	   2.0938358e+00	   1.9650354e+00	   1.7078907e+00	   1.4919275e+00	   1.3915832e+00	   1.3465839e+00	   1.2970323e+00	   1.2549440e+00	   1.2405167e+00	   1.2388013e+00	   1.2148955e+00	   1.1851037e+00	   1.1601417e+00	   1.1480697e+00	   1.1726036e+00	   1.1193423e+00	   1.0709547e+00	   1.0493372e+00	   1.0709574e+00	   1.0029868e+00	   9.8334086e-01	   9.4226737e-01	   8.6834627e-01	   8.3611414e-01	   7.8448122e-01	   7.9708869e-01	
   0.0000000e+00	             NaN	             NaN	             NaN	             NaN	             NaN	             NaN	   2.2056931e+00	   1.8734409e+00	   1.7253927e+00	   1.4902456e+00	   1.4357692e+00	   1.3263730e+00	   1.3212161e+00	   1.2974743e+00	   1.2738917e+00	   1.1512106e+00	   1.1795409e+00	   1.1418832e+00	   1.1925271e+00	   1.1329547e+00	   1.1061582e+00	   1.0902933e+00	   1.0610339e+00	   1.0336761e+00	   1.0131609e+00	   9.7806086e-01	   9.7301797e-01	   9.4147937e-01	   8.6356828e-01	   8.2529049e-01	   8.1434822e-01	   7.6442806e-01	
   0.0000000e+00	             NaN	             NaN	             NaN	             NaN	             NaN	             NaN	   1.9938295e+00	   1.8389204e+00	   1.7277457e+00	   1.5197342e+00	   1.4299460e+00	   1.2874772e+00	   1.3385910e+00	   1.2472628e+00	   1.2303455e+00	   1.1934079e+00	   1.1701997e+00	   1.1119488e+00	   1.1179459e+00	   1.1042823e+00	   1.0897463e+00	   1.0900542e+00	   1.0248496e+00	   1.0398850e+00	   1.0264881e+00	   9.8242554e-01	   9.5984271e-01	   8.6572798e-01	   8.5646937e-01	   8.3483453e-01	   7.8201300e-01	   7.5373847e-01	
   0.0000000e+00	   0.0000000e+00	             NaN	             NaN	             NaN	             NaN	             NaN	   1.9082775e+00	   1.8401625e+00	   1.6185641e+00	   1.4210107e+00	   1.3855749e+00	   1.3789632e+00	   1.3074482e+00	   1.2909185e+00	   1.2032480e+00	   1.2070989e+00	   1.1208609e+00	   1.1510859e+00	   1.1164190e+00	   1.0706190e+00	   1.0763079e+00	   1.0420840e+00	   1.0125761e+00	   1.0186508e+00	   1.0033527e+00	   9.6562160e-01	   9.2666045e-01	   8.7929231e-01	   8.3516117e-01	   8.1905935e-01	   7.6217179e-01	   7.7162020e-01	
   0.0000000e+00	   0.0000000e+00	             NaN	             NaN	             NaN	             NaN	             NaN	   1.9513022e+00	   1.8444781e+00	   1.6169376e+00	   1.4327934e+00	   1.3474802e+00	   1.2543919e+00	   1.2723393e+00	   1.2354014e+00	   1.1891924e+00	   1.1537627e+00	   1.1027201e+00	   1.0746344e+00	   1.0852428e+00	   1.0720304e+00	   1.0396480e+00	   9.8802996e-01	   9.9063126e-01	   1.0125088e+00	   9.7488470e-01	   9.3559624e-01	   9.1479330e-01	   9.0091818e-01	   8.3572737e-01	   7.7995994e-01	   7.8721070e-01	   7.6096269e-01	
   0.0000000e+00	   0.0000000e+00	             NaN	             NaN	             NaN	             NaN	             NaN	   1.9655907e+00	   1.8174997e+00	   1.6757679e+00	   1.4859494e+00	   1.3677331e+00	   1.2558942e+00	   1.2675759e+00	   1.2507373e+00	   1.1715735e+00	   1.1368199e+00	   1.0804787e+00	   1.0270835e+00	   1.0585746e+00	   1.0477940e+00	   1.0126334e+00	   9.8018268e-01	   9.7718595e-01	   9.3156267e-01	   9.5984346e-01	   9.1272597e-01	   8.9933085e-01	   8.7701200e-01	   8.1679077e-01	   7.6639879e-01	   7.5509474e-01	   7.3318473e-01	
   0.0000000e+00	   0.0000000e+00	             NaN	             NaN	             NaN	             NaN	             NaN	             NaN	   1.8231568e+00	   1.6499926e+00	   1.4167241e+00	   1.3318452e+00	   1.2840777e+00	   1.2186649e+00	   1.1937077e+00	   1.1331132e+00	   1.1258053e+00	   1.0568477e+00	   1.1075194e+00	   1.0663497e+00	   1.0787698e+00	   1.0203314e+00	   9.7363770e-01	   9.3867566e-01	   9.7786430e-01	   9.4357391e-01	   8.8403070e-01	   8.5334269e-01	   8.5236134e-01	   8.0882268e-01	   7.7060255e-01	   7.5862698e-01	   7.1517617e-01	
   0.0000000e+00	   0.0000000e+00	             NaN	             NaN	             NaN	             NaN	             NaN	             NaN	   1.6628851e+00	   1.5519743e+00	   1.4393815e+00	   1.3252310e+00	   1.1965669e+00	   1.1691822e+00	   1.1633741e+00	   1.1059835e+00	   1.1022976e+00	   1.0454058e+00	   1.0350169e+00	   9.9576532e-01	   9.9926802e-01	   1.0205109e+00	   9.1642596e-01	   9.2849286e-01	   9.2395842e-01	   8.8747303e-01	   8.7818975e-01	   8.6494656e-01	   8.1522463e-01	   7.8895770e-01	   7.5014870e-01	   7.3718844e-01	   7.2760965e-01	
   0.0000000e+00	   0.0000000e+00	   0.0000000e+00	             NaN	             NaN	             NaN	             NaN	             NaN	   1.8574738e+00	   1.5381966e+00	   1.4381860e+00	   1.3189073e+00	   1.2664079e+00	   1.1687038e+00	   1.1162622e+00	   1.1029511e+00	   1.0892821e+00	   1.0375484e+00	   1.0249327e+00	   9.5182325e-01	   9.6728134e-01	   9.9713225e-01	   9.2566886e-01	   9.3814752e-01	   8.9560212e-01	   8.7965400e-01	   8.4906476e-01	   8.4220581e-01	   8.4561897e-01	   7.8045145e-01	   7.3972087e-01	   7.1769793e-01	   6.8365346e-01	
   0.0000000e+00	   0.0000000e+00	   0.0000000e+00	             NaN	             NaN	             NaN	             NaN	             NaN	   1.7534108e+00	   1.4597470e+00	   1.3603558e+00	   1.2873590e+00	   1.2112995e+00	   1.2065510e+00	   1.0939453e+00	   1.1052732e+00	   1.0630065e+00	   1.0533774e+00	   1.0200260e+00	   9.9433878e-01	   9.7496609e-01	   9.4030441e-01	   9.2991337e-01	   9.0642937e-01	   8.8267676e-01	   8.8083572e-01	   8.6384945e-01	   8.6171118e-01	   8.0918931e-01	   7.5625252e-01	   7.7155416e-01	   6.9216662e-01	   6.9316796e-01	
   0.0000000e+00	   0.0000000e+00	   0.0000000e+00	             NaN	             NaN	             NaN	             NaN	             NaN	   1.6162801e+00	   1.4388044e+00	   1.3819309e+00	   1.2159139e+00	   1.1051322e+00	   1.1923267e+00	   1.1147512e+00	   1.0704690e+00	   1.0333231e+00	   1.0189365e+00	   9.9613701e-01	   9.6015529e-01	   9.7196611e-01	   9.0723343e-01	   8.8207953e-01	   8.5624903e-01	   8.7496426e-01	   8.6264092e-01	   8.4190645e-01	   7.7689206e-01	   7.7106870e-01	   7.3778553e-01	   7.4143537e-01	   7.0941214e-01	   6.7359553e-01	
   0.0000000e+00	   0.0000000e+00	   0.0000000e+00	             NaN	             NaN	             NaN	             NaN	             NaN	   1.7354261e+00	   1.4440131e+00	   1.3380754e+00	   1.2805977e+00	   1.2864590e+00	   1.2097992e+00	   1.0767351e+00	   1.0829658e+00	   1.0423083e+00	   9.6996928e-01	   9.6270890e-01	   9.4985297e-01	   9.2233462e-01	   9.4859999e-01	   8.9832227e-01	   8.6825923e-01	   8.3083829e-01	   8.3394320e-01	   8.3403205e-01	   8.1176016e-01	   7.7721227e-01	   7.3292845e-01	   7.1617871e-01	   6.7907372e-01	   6.8427410e-01	
   0.0000000e+00	   0.0000000e+00	   0.0000000e+00	             NaN	             NaN	             NaN	             NaN	             NaN	             NaN	   1.3557541e+00	   1.3310663e+00	   1.1623972e+00	   1.1478914e+00	   1.1502753e+00	   1.0575873e+00	   1.0723269e+00	   1.0082338e+00	   9.9156242e-01	   9.8524324e-01	   9.2128195e-01	   9.0654779e-01	   8.6330527e-01	   8.5725956e-01	   8.4838546e-01	   8.3531492e-01	   8.4009181e-01	   8.3386067e-01	   7.9511081e-01	   7.7237534e-01	   7.1964980e-01	   6.9220508e-01	   7.0028144e-01	   6.6164698e-01	
   0.0000000e+00	   0.0000000e+00	   0.0000000e+00	   0.0000000e+00	             NaN	             NaN	             NaN	             NaN	             NaN	   1.3610484e+00	   1.3231319e+00	   1.2108899e+00	   1.1774778e+00	   1.1290920e+00	   1.0878148e+00	   9.8045759e-01	   1.0133977e+00	   9.7225776e-01	   9.2678197e-01	   9.0499784e-01	   8.5971881e-01	   9.2322689e-01	   8.1872483e-01	   7.9872095e-01	   8.1242900e-01	   8.0617948e-01	   7.8262358e-01	   7.5886499e-01	   7.4164704e-01	   7.3677801e-01	   6.9403685e-01	   6.3800360e-01	   6.5032429e-01	
   0.0000000e+00	   0.0000000e+00	   0.0000000e+00	   0.0000000e+00	             NaN	             NaN	             NaN	             NaN	             NaN	   1.4458058e+00	   1.2237304e+00	   1.2261214e+00	   1.2140567e+00	   1.0857072e+00	   1.0281124e+00	   1.0378731e+00	   9.6692174e-01	   9.2762298e-01	   9.1873902e-01	   8.7324892e-01	   9.1130565e-01	   8.4450771e-01	   8.1018308e-01	   8.2325920e-01	   8.4058056e-01	   7.8250100e-01	   7.6357095e-01	   7.4964085e-01	   7.3767791e-01	   6.8598560e-01	   6.9112493e-01	   6.4668940e-01	   6.2074915e-01	
   0.0000000e+00	   0.0000000e+00	   0.0000000e+00	   0.0000000e+00	             NaN	             NaN	             NaN	             NaN	             NaN	   1.4205451e+00	   1.2127678e+00	   1.1726160e+00	   1.1169201e+00	   1.0645193e+00	   1.0390260e+00	   1.0257909e+00	   9.7121863e-01	   9.4978430e-01	   9.0494912e-01	   8.7887354e-01	   8.3355875e-01	   8.4072594e-01	   8.0815205e-01	   7.7783959e-01	   7.3422688e-01	   7.7977708e-01	   7.4163113e-01	   7.2563102e-01	   6.8829601e-01	   6.5647936e-01	   6.8531595e-01	   6.2239263e-01	   6.3193878e-01	
   0.0000000e+00	   0.0000000e+00	   0.0000000e+00	   0.0000000e+00	             NaN	             NaN	             NaN	             NaN	             NaN	   1.3373195e+00	   1.2672632e+00	   1.1773435e+00	   1.1919213e+00	   9.8238389e-01	   1.0141796e+00	   9.3060290e-01	   9.2583421e-01	   8.9177418e-01	   8.8977331e-01	   8.4255343e-01	   8.2002262e-01	   7.9500891e-01	   7.9266519e-01	   7.7493907e-01	   7.5640715e-01	   7.3530323e-01	   7.6360678e-01	   7.1942797e-01	   7.0432475e-01	   6.5634925e-01	   6.3547651e-01	   6.2933176e-01	   6.1303189e-01	
   0.0000000e+00	   0.0000000e+00	   0.0000000e+00	   0.0000000e+00	             NaN	             NaN	             NaN	             NaN	             NaN	             NaN	   1.2444458e+00	   1.1639495e+00	   1.1368452e+00	   1.0395340e+00	   1.0018752e+00	   9.7724023e-01	   9.2835944e-01	   9.1930911e-01	   9.0085507e-01	   8.6259677e-01	   7.8588947e-01	   7.8012852e-01	   7.7236950e-01	   7.5001712e-01	   7.5013255e-01	   7.3591619e-01	   7.2563144e-01	   7.1569597e-01	   7.0287975e-01	   6.4739495e-01	   6.7110885e-01	   6.0279575e-01	   6.1107465e-01	
   0.0000000e+00	   0.0000000e+00	   0.0000000e+00	   0.0000000e+00	             NaN	             NaN	             NaN	             NaN	             NaN	             NaN	   1.1528728e+00	   1.1587976e+00	   1.0696529e+00	   1.0022426e+00	   9.5546030e-01	   1.0129822e+00	   9.0155265e-01	   8.4368805e-01	   8.5747233e-01	   8.4198611e-01	   8.0589202e-01	   7.9320072e-01	   7.3515209e-01	   7.1662723e-01	   7.2258883e-01	   7.2945690e-01	   7.1696074e-01	   6.8979081e-01	   6.2514151e-01	   6.4250341e-01	   6.2215482e-01	   5.5703680e-01	   5.6773953e-01	
   0.0000000e+00	   0.0000000e+00	   0.0000000e+00	   0.0000000e+00	   0.0000000e+00	             NaN	             NaN	             NaN	             NaN	             NaN	   1.1934447e+00	   1.1548846e+00	   1.1193477e+00	   1.0119519e+00	   9.8342191e-01	   8.9347157e-01	   8.8818075e-01	   8.5215217e-01	   8.4123008e-01	   8.0977323e-01	   8.0380403e-01	   7.6213359e-01	   7.4900561e-01	   7.5850208e-01	   7.1599311e-01	   7.1330906e-01	   6.9693136e-01	   6.6735537e-01	   6.4975062e-01	   6.1340871e-01	   6.0172277e-01	   5.9792462e-01	   5.5222840e-01	
   0.0000000e+00	   0.0000000e+00	   0.0000000e+00	   0.0000000e+00	   0.0000000e+00	             NaN	             NaN	             NaN	             NaN	             NaN	   1.1104761e+00	   1.0413614e+00	   9.6846624e-01	   1.0431732e+00	   1.0178257e+00	   9.3512777e-01	   8.5137801e-01	   8.6369905e-01	   7.8948420e-01	   8.1995342e-01	   7.6567816e-01	   7.6275798e-01	   7.3251510e-01	   7.0982172e-01	   6.9685616e-01	   6.9697515e-01	   6.5536166e-01	   6.3939786e-01	   6.2439311e-01	   6.1923708e-01	   6.1263291e-01	   5.9991360e-01	   5.4188612e-01	
   0.0000000e+00	   0.0000000e+00	   0.0000000e+00	   0.0000000e+00	   0.0000000e+00	             NaN	             NaN	             NaN	             NaN	             NaN	   1.0563809e+00	   1.0789922e+00	   1.0006566e+00	   9.5670790e-01	   9.4298618e-01	   8.8122576e-01	   8.2507191e-01	   7.7497319e-01	   7.8786245e-01	   7.5924790e-01	   7.5057484e-01	   7.4501641e-01	   7.0681252e-01	   7.1834821e-01	   7.1138562e-01	   6.8025753e-01	   6.8035180e-01	   6.1267186e-01	   6.4493126e-01	   5.8538483e-01	   5.8474150e-01	   5.6495698e-01	   5.7456824e-01	
   0.0000000e+00	   0.0000000e+00	   0.0000000e+00	   0.0000000e+00	   0.0000000e+00	             NaN	             NaN	             NaN	             NaN	             NaN	             NaN	   1.0635321e+00	   9.8818057e-01	   1.0174408e+00	   9.3559261e-01	   8.6161507e-01	   8.1244937e-01	   7.9128718e-01	   7.7948789e-01	   7.1977117e-01	   7.0921014e-01	   7.3383920e-01	   6.8897182e-01	   6.3294725e-01	   6.7815517e-01	   6.3292990e-01	   6.3764072e-01	   6.1990984e-01	   6.2901890e-01	   6.0922895e-01	   5.7675491e-01	   5.3641842e-01	   5.3760503e-01	
   0.0000000e+00	   0.0000000e+00	   0.0000000e+00	   0.0000000e+00	   0.0000000e+00	             NaN	             NaN	             NaN	             NaN	             NaN	             NaN	   1.0881923e+00	   1.0095022e+00	   9.7567530e-01	   9.4495648e-01	   8.2961527e-01	   8.4062623e-01	   7.9452218e-01	   8.1775963e-01	   7.4652500e-01	   6.9349017e-01	   6.9274264e-01	   6.7532468e-01	   6.5424423e-01	   6.7489934e-01	   6.7205617e-01	   6.0970982e-01	   6.1315140e-01	   5.9814940e-01	   5.9000915e-01	   5.4490403e-01	   5.7054461e-01	   5.5082853e-01	
   0.0000000e+00	   0.0000000e+00	   0.0000000e+00	   0.0000000e+00	   0.0000000e+00	   0.0000000e+00	             NaN	             NaN	             NaN	             NaN	             NaN	   1.0715978e+00	   1.0093368e+00	   9.4404889e-01	   8.7459010e-01	   8.6446601e-01	   8.2159914e-01	   7.9935967e-01	   7.3969891e-01	   7.1874392e-01	   7.2778270e-01	   6.8569585e-01	   6.9135127e-01	   6.4769379e-01	   6.4939707e-01	   6.4279049e-01	   6.3224217e-01	   5.7163139e-01	   5.6045715e-01	   5.6373847e-01	   5.5950615e-01	   5.4975342e-01	   4.9886747e-01	
   0.0000000e+00	   0.0000000e+00	   0.0000000e+00	   0.0000000e+00	   0.0000000e+00	   0.0000000e+00	             NaN	             NaN	             NaN	             NaN	             NaN	   1.0205233e+00	   9.2170351e-01	   8.5404846e-01	   8.6314409e-01	   7.9005478e-01	   8.4243298e-01	   7.9569038e-01	   7.3127377e-01	   6.7668519e-01	   7.0729834e-01	   6.7626705e-01	   6.2343241e-01	   6.6043037e-01	   6.4341921e-01	   6.2324442e-01	   6.5573727e-01	   5.5868063e-01	   5.5729947e-01	   5.6322947e-01	   5.2970658e-01	   5.1716057e-01	   5.4198677e-01	
   0.0000000e+00	   0.0000000e+00	   0.0000000e+00	   0.0000000e+00	   0.0000000e+00	   0.0000000e+00	             NaN	             NaN	             NaN	             NaN	             NaN	   9.9123606e-01	   9.5621430e-01	   8.6729587e-01	   7.9824722e-01	   8.7383474e-01	   7.9120474e-01	   7.7330535e-01	   7.3220792e-01	   6.8943045e-01	   6.9748045e-01	   6.6495663e-01	   6.6295385e-01	   6.4169162e-01	   6.0555790e-01	   5.8459462e-01	   5.7538557e-01	   5.5625550e-01	   5.6739854e-01	   5.2153414e-01	   5.1187588e-01	   5.0926169e-01	   4.9444130e-01	
   0.0000000e+00	   0.0000000e+00	   0.0000000e+00	   0.0000000e+00	   0.0000000e+00	   0.0000000e+00	             NaN	             NaN	             NaN	             NaN	             NaN	             NaN	   8.9631065e-01	   8.4093920e-01	   8.6589012e-01	   7.9460516e-01	   7.6263514e-01	   7.3362784e-01	   7.3004758e-01	   6.8361172e-01	   6.4690156e-01	   6.5324292e-01	   6.2393314e-01	   5.9198972e-01	   5.9977303e-01	   5.9253047e-01	   5.7110454e-01	   5.4470070e-01	   5.1795997e-01	   5.5115234e-01	   4.7765315e-01	   5.1160901e-01	   4.6562366e-01	
   0.0000000e+00	   0.0000000e+00	   0.0000000e+00	   0.0000000e+00	   0.0000000e+00	   0.0000000e+00	             NaN	             NaN	             NaN	             NaN	             NaN	             NaN	   8.8708634e-01	   8.4724015e-01	   8.3645908e-01	   7.7161468e-01	   7.5822012e-01	   7.5591596e-01	   6.7924164e-01	   6.9212503e-01	   6.4747302e-01	   6.4279018e-01	   6.0336679e-01	   5.6795114e-01	   5.7566223e-01	   5.8575095e-01	   5.3137651e-01	   5.5598361e-01	   5.3933849e-01	   5.2343816e-01	   4.9659988e-01	   4.9348737e-01	   4.5521641e-01	
   0.0000000e+00	   0.0000000e+00	   0.0000000e+00	   0.0000000e+00	   0.0000000e+00	   0.0000000e+00	   0.0000000e+00	             NaN	             NaN	             NaN	             NaN	             NaN	   8.8712790e-01	   8.2322761e-01	   8.0966416e-01	   7.8388676e-01	   7.4911059e-01	   7.2224141e-01	   6.4366401e-01	   6.4227327e-01	   6.4186086e-01	   6.3429289e-01	   5.8626308e-01	   5.9064360e-01	   5.8671126e-01	   5.7230766e-01	   5.3430886e-01	   5.2500486e-01	   5.0203526e-01	   4.8671205e-01	   4.6113334e-01	   4.6948888e-01	   4.5181749e-01	
   0.0000000e+00	   0.0000000e+00	   0.0000000e+00	   0.0000000e+00	   0.0000000e+00	   0.0000000e+00	   0.0000000e+00	             NaN	             NaN	             NaN	             NaN	             NaN	   8.1293326e-01	   8.5837136e-01	   7.6683199e-01	   7.8187074e-01	   6.6944542e-01	   6.6947479e-01	   6.6511082e-01	   6.2546892e-01	   5.9463026e-01	   5.8722889e-01	   6.1743322e-01	   5.7135567e-01	   5.4975820e-01	   5.2889729e-01	   5.3311363e-01	   5.2434632e-01	   5.0853224e-01	   4.8413892e-01	   4.7518085e-01	   4.7276516e-01	   4.5654288e-01	
   0.0000000e+00	   0.0000000e+00	   0.0000000e+00	   0.0000000e+00	   0.0000000e+00	   0.0000000e+00	   0.0000000e+00	             NaN	             NaN	             NaN	             NaN	             NaN	   8.4982833e-01	   7.7560890e-01	   7.1893710e-01	   7.3502350e-01	   7.5700848e-01	   6.8257112e-01	   5.8252648e-01	   5.9438516e-01	   6.0793798e-01	   5.9478597e-01	   5.5850727e-01	   5.7665736e-01	   5.3141917e-01	   5.2086477e-01	   4.9517336e-01	   5.1702157e-01	   4.7815547e-01	   4.8552146e-01	   4.5199913e-01	   4.3492071e-01	   4.4922868e-01	
   0.0000000e+00	   0.0000000e+00	   0.0000000e+00	   0.0000000e+00	   0.0000000e+00	   0.0000000e+00	   0.0000000e+00	             NaN	             NaN	             NaN	             NaN	             NaN	             NaN	   7.5693075e-01	   7.9057589e-01	   7.3406959e-01	   6.4077915e-01	   6.7377338e-01	   6.5538557e-01	   5.7193647e-01	   6.1178226e-01	   5.8191662e-01	   5.7274017e-01	   5.3873081e-01	   4.9649084e-01	   5.1335613e-01	   4.7606782e-01	   4.7703137e-01	   4.4905133e-01	   4.7284454e-01	   4.0469085e-01	   4.4820451e-01	   3.9884271e-01	
   0.0000000e+00	   0.0000000e+00	   0.0000000e+00	   0.0000000e+00	   0.0000000e+00	   0.0000000e+00	   0.0000000e+00	             NaN	             NaN	             NaN	             NaN	             NaN	             NaN	   7.6840895e-01	   8.1641247e-01	   7.0697224e-01	   6.5726812e-01	   6.5986763e-01	   5.8617519e-01	   5.8202464e-01	   5.4380439e-01	   5.6981155e-01	   5.4695193e-01	   5.4915281e-01	   5.0544533e-01	   5.0148582e-01	   5.0624035e-01	   4.5047558e-01	   4.4582256e-01	   4.6326460e-01	   4.4040048e-01	   4.4188402e-01	   3.9328530e-01	
   0.0000000e+00	   0.0000000e+00	   0.0000000e+00	   0.0000000e+00	   0.0000000e+00	   0.0000000e+00	   0.0000000e+00	   0.0000000e+00	             NaN	             NaN	             NaN	             NaN	             NaN	   8.0195233e-01	   7.2973919e-01	   6.7031060e-01	   6.4918350e-01	   6.2223890e-01	   5.6846086e-01	   5.4597574e-01	   5.7029623e-01	   5.9752496e-01	   5.1127335e-01	   5.1464926e-01	   5.1211938e-01	   5.0959149e-01	   4.8181820e-01	   4.3230022e-01	   4.2568177e-01	   4.4972878e-01	   4.1360427e-01	   4.0489684e-01	   4.0979236e-01	
   0.0000000e+00	   0.0000000e+00	   0.0000000e+00	   0.0000000e+00	   0.0000000e+00	   0.0000000e+00	   0.0000000e+00	   0.0000000e+00	             NaN	             NaN	             NaN	             NaN	             NaN	   7.9357258e-01	   7.0046111e-01	   6.9398697e-01	   6.1840847e-01	   6.1116666e-01	   6.2396267e-01	   5.5234916e-01	   5.1557066e-01	   5.0809310e-01	   5.0313145e-01	   5.0695731e-01	   4.6346572e-01	   4.7245496e-01	   4.5661377e-01	   4.6190451e-01	   4.3620672e-01	   4.2081186e-01	   4.0432044e-01	   3.9598713e-01	   3.9266073e-01	
   0.0000000e+00	   0.0000000e+00	   0.0000000e+00	   0.0000000e+00	   0.0000000e+00	   0.0000000e+00	   0.0000000e+00	   0.0000000e+00	             NaN	             NaN	             NaN	             NaN	             NaN	   6.6834934e-01	   6.4670485e-01	   6.7989221e-01	   6.2303954e-01	   6.1199281e-01	   5.5190086e-01	   5.4120828e-01	   5.1366404e-01	   5.0501484e-01	   4.8282337e-01	   5.0987325e-01	   4.6586853e-01	   4.7535974e-01	   4.5542181e-01	   4.4119684e-01	   4.1194081e-01	   4.1991409e-01	   4.2501396e-01	   3.7067292e-01	   3.6707837e-01	
   0.0000000e+00	   0.0000000e+00	   0.0000000e+00	   0.0000000e+00	   0.0000000e+00	   0.0000000e+00	   0.0000000e+00	   0.0000000e+00	             NaN	             NaN	             NaN	             NaN	             NaN	             NaN	   6.8416530e-01	   6.7728478e-01	   6.0181943e-01	   6.1521541e-01	   5.3831834e-01	   5.7005521e-01	   5.3440241e-01	   5.1210416e-01	   4.9000364e-01	   4.6129847e-01	   4.8988618e-01	   4.6334249e-01	   4.3044472e-01	   4.2016017e-01	   4.1321147e-01	   4.2701001e-01	   4.0756393e-01	   4.1227592e-01	   3.7056330e-01	
   0.0000000e+00	   0.0000000e+00	   0.0000000e+00	   0.0000000e+00	   0.0000000e+00	   0.0000000e+00	   0.0000000e+00	   0.0000000e+00	             NaN	             NaN	             NaN	             NaN	             NaN	             NaN	   6.7416405e-01	   6.1742917e-01	   6.0002117e-01	   5.5599809e-01	   6.1121475e-01	   5.3896872e-01	   5.2673033e-01	   5.0974285e-01	   4.5713773e-01	   4.8219729e-01	   4.3396935e-01	   4.4619734e-01	   4.1603308e-01	   4.2495086e-01	   4.2115016e-01	   3.7668400e-01	   3.6104775e-01	   3.8185413e-01	   3.9550394e-01	
   0.0000000e+00	   0.0000000e+00	   0.0000000e+00	   0.0000000e+00	   0.0000000e+00	   0.0000000e+00	   0.0000000e+00	   0.0000000e+00	   0.0000000e+00	             NaN	             NaN	             NaN	             NaN	             NaN	   6.3615995e-01	   5.6279253e-01	   6.0798761e-01	   5.8955492e-01	   5.6400595e-01	   5.1917336e-01	   4.9875140e-01	   5.1037118e-01	   4.5240287e-01	   4.4272800e-01	   4.6186315e-01	   4.3709219e-01	   4.2675146e-01	   3.8711665e-01	   4.1048635e-01	   3.7136503e-01	   3.7411023e-01	   3.6184874e-01	   3.4340842e-01	
   0.0000000e+00	   0.0000000e+00	   0.0000000e+00	   0.0000000e+00	   0.0000000e+00	   0.0000000e+00	   0.0000000e+00	   0.0000000e+00	   0.0000000e+00	             NaN	             NaN	             NaN	             NaN	             NaN	   7.0582371e-01	   5.8649379e-01	   5.8479020e-01	   5.8657737e-01	   5.3442807e-01	   5.4084453e-01	   4.6392189e-01	   4.7282073e-01	   4.9951619e-01	   4.3726201e-01	   4.3211558e-01	   3.9754745e-01	   3.9909351e-01	   4.0145720e-01	   3.9432930e-01	   3.8459260e-01	   3.7391197e-01	   3.5948402e-01	   3.6840068e-01	
   0.0000000e+00	   0.0000000e+00	   0.0000000e+00	   0.0000000e+00	   0.0000000e+00	   0.0000000e+00	   0.0000000e+00	   0.0000000e+00	   0.0000000e+00	             NaN	             NaN	             NaN	             NaN	             NaN	   6.8146922e-01	   6.4154055e-01	   5.4772426e-01	   5.4838665e-01	   5.2689823e-01	   4.8036888e-01	   4.8146173e-01	   4.5443449e-01	   4.2142008e-01	   4.0392215e-01	   3.9874831e-01	   4.4166445e-01	   3.8661566e-01	   3.8031164e-01	   3.6677969e-01	   3.5966165e-01	   3.5358607e-01	   3.4546843e-01	   3.5291640e-01	
   0.0000000e+00	   0.0000000e+00	   0.0000000e+00	   0.0000000e+00	   0.0000000e+00	   0.0000000e+00	   0.0000000e+00	   0.0000000e+00	   0.0000000e+00	             NaN	             NaN	             NaN	             NaN	             NaN	             NaN	   6.0159163e-01	   4.8934087e-01	   5.5552067e-01	   4.6599518e-01	   5.5607069e-01	   4.4047932e-01	   4.6026129e-01	   4.0544612e-01	   4.0552900e-01	   4.1776739e-01	   3.8386373e-01	   3.9605982e-01	   4.0122244e-01	   3.6314969e-01	   3.5792254e-01	   3.4700835e-01	   3.4793629e-01	   3.3397160e-01	
   0.0000000e+00	   0.0000000e+00	   0.0000000e+00	   0.0000000e+00	   0.0000000e+00	   0.0000000e+00	   0.0000000e+00	   0.0000000e+00	   0.0000000e+00	             NaN	             NaN	             NaN	             NaN	             NaN	             NaN	   5.7284073e-01	   5.3555989e-01	   5.4395841e-01	   4.8499134e-01	   4.8296596e-01	   4.3301621e-01	   4.4037850e-01	   4.0597965e-01	   4.1523282e-01	   3.9582708e-01	   4.0583342e-01	   3.8915480e-01	   3.5171159e-01	   3.4324122e-01	   3.1511520e-01	   2.9517970e-01	   3.3555640e-01	   3.1062755e-01	
   0.0000000e+00	   0.0000000e+00	   0.0000000e+00	   0.0000000e+00	   0.0000000e+00	   0.0000000e+00	   0.0000000e+00	   0.0000000e+00	   0.0000000e+00	   0.0000000e+00	             NaN	             NaN	             NaN	             NaN	             NaN	   5.1300606e-01	   5.5847924e-01	   4.9953360e-01	   4.8703635e-01	   4.6997949e-01	   4.4815978e-01	   4.1937833e-01	   3.9215551e-01	   4.0368570e-01	   4.1143241e-01	   3.6857562e-01	   3.7488110e-01	   3.6794216e-01	   3.2419986e-01	   3.3978800e-01	   3.3331939e-01	   2.9779069e-01	   3.1927160e-01	
