   8.4300082e+00	   3.9101127e+00	   3.7970158e+00	             NaN	             NaN	             NaN	             NaN	             NaN	             NaN	             NaN	             NaN	             NaN	             NaN	             NaN	   0.0000000e+00	   0.0000000e+00	   0.0000000e+00	   0.0000000e+00	   0.0000000e+00	   0.0000000e+00	   0.0000000e+00	   0.0000000e+00	   0.0000000e+00	   0.0000000e+00	   0.0000000e+00	   0.0000000e+00	   0.0000000e+00	   0.0000000e+00	   0.0000000e+00	   0.0000000e+00	   0.0000000e+00	   0.0000000e+00	   0.0000000e+00	
   9.1552805e+00	   4.9270036e+00	   3.0170756e+00	             NaN	             NaN	             NaN	             NaN	             NaN	             NaN	             NaN	             NaN	             NaN	             NaN	             NaN	   0.0000000e+00	   0.0000000e+00	   0.0000000e+00	   0.0000000e+00	   0.0000000e+00	   0.0000000e+00	   0.0000000e+00	   0.0000000e+00	   0.0000000e+00	   0.0000000e+00	   0.0000000e+00	   0.0000000e+00	   0.0000000e+00	   0.0000000e+00	   0.0000000e+00	   0.0000000e+00	   0.0000000e+00	   0.0000000e+00	   0.0000000e+00	
   1.0304911e+01	   5.6797988e+00	   5.6046822e+00	             NaN	             NaN	             NaN	             NaN	             NaN	             NaN	             NaN	             NaN	             NaN	             NaN	             NaN	   0.0000000e+00	   0.0000000e+00	   0.0000000e+00	   0.0000000e+00	   0.0000000e+00	   0.0000000e+00	   0.0000000e+00	   0.0000000e+00	   0.0000000e+00	   0.0000000e+00	   0.0000000e+00	   0.0000000e+00	   0.0000000e+00	   0.0000000e+00	   0.0000000e+00	   0.0000000e+00	   0.0000000e+00	   0.0000000e+00	   0.0000000e+00	
   1.2937045e+01	   6.1374459e+00	   7.8700057e+00	   9.6642669e+00	             NaN	             NaN	             NaN	             NaN	             NaN	             NaN	             NaN	             NaN	             NaN	             NaN	             NaN	   0.0000000e+00	   0.0000000e+00	   0.0000000e+00	   0.0000000e+00	   0.0000000e+00	   0.0000000e+00	   0.0000000e+00	   0.0000000e+00	   0.0000000e+00	   0.0000000e+00	   0.0000000e+00	   0.0000000e+00	   0.0000000e+00	   0.0000000e+00	   0.0000000e+00	   0.0000000e+00	   0.0000000e+00	   0.0000000e+00	
   1.1826421e+01	   8.8020127e+00	   7.9821241e+00	   1.1432664e+01	             NaN	             NaN	             NaN	             NaN	             NaN	             NaN	             NaN	             NaN	             NaN	             NaN	             NaN	   0.0000000e+00	   0.0000000e+00	   0.0000000e+00	   0.0000000e+00	   0.0000000e+00	   0.0000000e+00	   0.0000000e+00	   0.0000000e+00	   0.0000000e+00	   0.0000000e+00	   0.0000000e+00	   0.0000000e+00	   0.0000000e+00	   0.0000000e+00	   0.0000000e+00	   0.0000000e+00	   0.0000000e+00	   0.0000000e+00	
   1.6333992e+01	   1.0294425e+01	   9.0694292e+00	   1.2092419e+01	   1.5209813e+01	             NaN	             NaN	             NaN	             NaN	             NaN	             NaN	             NaN	             NaN	             NaN	             NaN	             NaN	   0.0000000e+00	   0.0000000e+00	   0.0000000e+00	   0.0000000e+00	   0.0000000e+00	   0.0000000e+00	   0.0000000e+00	   0.0000000e+00	   0.0000000e+00	   0.0000000e+00	   0.0000000e+00	   0.0000000e+00	   0.0000000e+00	   0.0000000e+00	   0.0000000e+00	   0.0000000e+00	   0.0000000e+00	
   1.7668181e+01	   1.0317652e+01	   1.1659792e+01	   1.3342946e+01	   1.6602908e+01	             NaN	             NaN	             NaN	             NaN	             NaN	             NaN	             NaN	             NaN	             NaN	             NaN	             NaN	   0.0000000e+00	   0.0000000e+00	   0.0000000e+00	   0.0000000e+00	   0.0000000e+00	   0.0000000e+00	   0.0000000e+00	   0.0000000e+00	   0.0000000e+00	   0.0000000e+00	   0.0000000e+00	   0.0000000e+00	   0.0000000e+00	   0.0000000e+00	   0.0000000e+00	   0.0000000e+00	   0.0000000e+00	
   1.5030207e+01	   1.3200254e+01	   1.1505519e+01	   1.3410797e+01	   1.6299442e+01	             NaN	             NaN	             NaN	             NaN	             NaN	             NaN	             NaN	             NaN	             NaN	             NaN	             NaN	   0.0000000e+00	   0.0000000e+00	   0.0000000e+00	   0.0000000e+00	   0.0000000e+00	   0.0000000e+00	   0.0000000e+00	   0.0000000e+00	   0.0000000e+00	   0.0000000e+00	   0.0000000e+00	   0.0000000e+00	   0.0000000e+00	   0.0000000e+00	   0.0000000e+00	   0.0000000e+00	   0.0000000e+00	
   1.6583763e+01	   1.3354451e+01	   1.1518123e+01	   1.4514349e+01	   1.7143245e+01	   2.1614580e+01	             NaN	             NaN	             NaN	             NaN	             NaN	             NaN	             NaN	             NaN	             NaN	             NaN	             NaN	   0.0000000e+00	   0.0000000e+00	   0.0000000e+00	   0.0000000e+00	   0.0000000e+00	   0.0000000e+00	   0.0000000e+00	   0.0000000e+00	   0.0000000e+00	   0.0000000e+00	   0.0000000e+00	   0.0000000e+00	   0.0000000e+00	   0.0000000e+00	   0.0000000e+00	   0.0000000e+00	
   1.7343322e+01	   1.4179586e+01	   1.4360361e+01	   1.4779169e+01	   1.8108147e+01	   2.1441831e+01	             NaN	             NaN	             NaN	             NaN	             NaN	             NaN	             NaN	             NaN	             NaN	             NaN	             NaN	   0.0000000e+00	   0.0000000e+00	   0.0000000e+00	   0.0000000e+00	   0.0000000e+00	   0.0000000e+00	   0.0000000e+00	   0.0000000e+00	   0.0000000e+00	   0.0000000e+00	   0.0000000e+00	   0.0000000e+00	   0.0000000e+00	   0.0000000e+00	   0.0000000e+00	   0.0000000e+00	
   1.6789773e+01	   1.4142951e+01	   1.4388339e+01	   1.5048101e+01	   1.8026814e+01	   2.1596148e+01	   2.4921674e+01	             NaN	             NaN	             NaN	             NaN	             NaN	             NaN	             NaN	             NaN	             NaN	             NaN	             NaN	   0.0000000e+00	   0.0000000e+00	   0.0000000e+00	   0.0000000e+00	   0.0000000e+00	   0.0000000e+00	   0.0000000e+00	   0.0000000e+00	   0.0000000e+00	   0.0000000e+00	   0.0000000e+00	   0.0000000e+00	   0.0000000e+00	   0.0000000e+00	   0.0000000e+00	
   1.9861433e+01	   1.4175239e+01	   1.5234498e+01	   1.5969055e+01	   1.9136525e+01	   2.1773619e+01	   2.5710776e+01	             NaN	             NaN	             NaN	             NaN	             NaN	             NaN	             NaN	             NaN	             NaN	             NaN	             NaN	   0.0000000e+00	   0.0000000e+00	   0.0000000e+00	   0.0000000e+00	   0.0000000e+00	   0.0000000e+00	   0.0000000e+00	   0.0000000e+00	   0.0000000e+00	   0.0000000e+00	   0.0000000e+00	   0.0000000e+00	   0.0000000e+00	   0.0000000e+00	   0.0000000e+00	
   1.8532752e+01	   1.5477391e+01	   1.5473593e+01	   1.6594711e+01	   1.8970485e+01	   2.2923778e+01	   2.6400809e+01	             NaN	             NaN	             NaN	             NaN	             NaN	             NaN	             NaN	             NaN	             NaN	             NaN	             NaN	   0.0000000e+00	   0.0000000e+00	   0.0000000e+00	   0.0000000e+00	   0.0000000e+00	   0.0000000e+00	   0.0000000e+00	   0.0000000e+00	   0.0000000e+00	   0.0000000e+00	   0.0000000e+00	   0.0000000e+00	   0.0000000e+00	   0.0000000e+00	   0.0000000e+00	
   2.0410933e+01	   1.6567375e+01	   1.6482644e+01	   1.7466938e+01	   2.0066085e+01	   2.3476027e+01	   2.6621139e+01	   2.8837350e+01	             NaN	             NaN	             NaN	             NaN	             NaN	             NaN	             NaN	             NaN	             NaN	             NaN	             NaN	   0.0000000e+00	   0.0000000e+00	   0.0000000e+00	   0.0000000e+00	   0.0000000e+00	   0.0000000e+00	   0.0000000e+00	   0.0000000e+00	   0.0000000e+00	   0.0000000e+00	   0.0000000e+00	   0.0000000e+00	   0.0000000e+00	   0.0000000e+00	
   2.1691943e+01	   1.5857315e+01	   1.7317505e+01	   1.7900646e+01	   1.9836524e+01	   2.3448446e+01	   2.6921857e+01	   2.8700721e+01	             NaN	             NaN	             NaN	             NaN	             NaN	             NaN	             NaN	             NaN	             NaN	             NaN	             NaN	   0.0000000e+00	   0.0000000e+00	   0.0000000e+00	   0.0000000e+00	   0.0000000e+00	   0.0000000e+00	   0.0000000e+00	   0.0000000e+00	   0.0000000e+00	   0.0000000e+00	   0.0000000e+00	   0.0000000e+00	   0.0000000e+00	   0.0000000e+00	
   1.9310815e+01	   1.7354167e+01	   1.7566469e+01	   1.8031136e+01	   2.0446141e+01	   2.3554854e+01	   2.7062065e+01	   2.8677765e+01	   2.7381641e+01	             NaN	             NaN	             NaN	             NaN	             NaN	             NaN	             NaN	             NaN	             NaN	             NaN	             NaN	   0.0000000e+00	   0.0000000e+00	   0.0000000e+00	   0.0000000e+00	   0.0000000e+00	   0.0000000e+00	   0.0000000e+00	   0.0000000e+00	   0.0000000e+00	   0.0000000e+00	   0.0000000e+00	   0.0000000e+00	   0.0000000e+00	
   1.9800740e+01	   1.6838194e+01	   1.7425158e+01	   1.9262581e+01	   2.0670889e+01	   2.3892373e+01	   2.7533422e+01	   2.9047487e+01	   2.8080271e+01	             NaN	             NaN	             NaN	             NaN	             NaN	             NaN	             NaN	             NaN	             NaN	             NaN	             NaN	   0.0000000e+00	   0.0000000e+00	   0.0000000e+00	   0.0000000e+00	   0.0000000e+00	   0.0000000e+00	   0.0000000e+00	   0.0000000e+00	   0.0000000e+00	   0.0000000e+00	   0.0000000e+00	   0.0000000e+00	   0.0000000e+00	
   2.2556932e+01	   1.7725035e+01	   1.7963788e+01	   1.9707646e+01	   2.0466949e+01	   2.4280207e+01	   2.7179085e+01	   2.9394973e+01	   2.8422975e+01	             NaN	             NaN	             NaN	             NaN	             NaN	             NaN	             NaN	             NaN	             NaN	             NaN	             NaN	   0.0000000e+00	   0.0000000e+00	   0.0000000e+00	   0.0000000e+00	   0.0000000e+00	   0.0000000e+00	   0.0000000e+00	   0.0000000e+00	   0.0000000e+00	   0.0000000e+00	   0.0000000e+00	   0.0000000e+00	   0.0000000e+00	
   2.0324528e+01	   1.8986839e+01	   1.9222348e+01	   1.8474301e+01	   2.0863897e+01	   2.4049536e+01	   2.7615561e+01	   2.9096552e+01	   2.9143506e+01	   2.4296897e+01	             NaN	             NaN	             NaN	             NaN	             NaN	             NaN	             NaN	             NaN	             NaN	             NaN	             NaN	   0.0000000e+00	   0.0000000e+00	   0.0000000e+00	   0.0000000e+00	   0.0000000e+00	   0.0000000e+00	   0.0000000e+00	   0.0000000e+00	   0.0000000e+00	   0.0000000e+00	   0.0000000e+00	   0.0000000e+00	
   2.1173318e+01	   1.9215322e+01	   1.8241848e+01	   1.8829046e+01	   2.1049977e+01	   2.4714323e+01	   2.7397888e+01	   2.9387531e+01	   2.8356695e+01	   2.5079354e+01	             NaN	             NaN	             NaN	             NaN	             NaN	             NaN	             NaN	             NaN	             NaN	             NaN	             NaN	   0.0000000e+00	   0.0000000e+00	   0.0000000e+00	   0.0000000e+00	   0.0000000e+00	   0.0000000e+00	   0.0000000e+00	   0.0000000e+00	   0.0000000e+00	   0.0000000e+00	   0.0000000e+00	   0.0000000e+00	
   2.0849132e+01	   1.9492904e+01	   1.8655483e+01	   1.9661381e+01	   2.0964106e+01	   2.3986602e+01	   2.7706635e+01	   2.8937389e+01	   2.9237923e+01	   2.5534142e+01	   1.9276028e+01	             NaN	             NaN	             NaN	             NaN	             NaN	             NaN	             NaN	             NaN	             NaN	             NaN	             NaN	   0.0000000e+00	   0.0000000e+00	   0.0000000e+00	   0.0000000e+00	   0.0000000e+00	   0.0000000e+00	   0.0000000e+00	   0.0000000e+00	   0.0000000e+00	   0.0000000e+00	   0.0000000e+00	
   2.0661168e+01	   1.8565404e+01	   1.7779070e+01	   1.9043828e+01	   2.1520576e+01	   2.3824714e+01	   2.7348648e+01	   2.9363196e+01	   2.8517565e+01	   2.5298923e+01	   2.0059133e+01	             NaN	             NaN	             NaN	             NaN	             NaN	             NaN	             NaN	             NaN	             NaN	             NaN	             NaN	   0.0000000e+00	   0.0000000e+00	   0.0000000e+00	   0.0000000e+00	   0.0000000e+00	   0.0000000e+00	   0.0000000e+00	   0.0000000e+00	   0.0000000e+00	   0.0000000e+00	   0.0000000e+00	
   2.0839210e+01	   1.9066914e+01	   1.7864847e+01	   1.9264723e+01	   2.0732034e+01	   2.3378663e+01	   2.7030547e+01	   2.8977750e+01	   2.8554461e+01	   2.5197044e+01	   2.0144543e+01	             NaN	             NaN	             NaN	             NaN	             NaN	             NaN	             NaN	             NaN	             NaN	             NaN	             NaN	   0.0000000e+00	   0.0000000e+00	   0.0000000e+00	   0.0000000e+00	   0.0000000e+00	   0.0000000e+00	   0.0000000e+00	   0.0000000e+00	   0.0000000e+00	   0.0000000e+00	   0.0000000e+00	
   2.0416683e+01	   1.8213021e+01	   1.8183738e+01	   1.9183367e+01	   2.1251935e+01	   2.4104896e+01	   2.6785281e+01	   2.8822130e+01	   2.8956626e+01	   2.5344579e+01	   2.0569301e+01	   1.3175356e+01	             NaN	             NaN	             NaN	             NaN	             NaN	             NaN	             NaN	             NaN	             NaN	             NaN	             NaN	   0.0000000e+00	   0.0000000e+00	   0.0000000e+00	   0.0000000e+00	   0.0000000e+00	   0.0000000e+00	   0.0000000e+00	   0.0000000e+00	   0.0000000e+00	   0.0000000e+00	
   2.0551533e+01	   1.8411879e+01	   1.8081644e+01	   1.8616381e+01	   2.0619512e+01	   2.3173162e+01	   2.6303918e+01	   2.8680869e+01	   2.8573168e+01	   2.5596472e+01	   2.0645166e+01	   1.3770363e+01	             NaN	             NaN	             NaN	             NaN	             NaN	             NaN	             NaN	             NaN	             NaN	             NaN	             NaN	   0.0000000e+00	   0.0000000e+00	   0.0000000e+00	   0.0000000e+00	   0.0000000e+00	   0.0000000e+00	   0.0000000e+00	   0.0000000e+00	   0.0000000e+00	   0.0000000e+00	
   2.0645716e+01	   1.7891262e+01	   1.6853790e+01	   1.8724470e+01	   2.0859799e+01	   2.3292436e+01	   2.6778363e+01	   2.7996115e+01	   2.8047225e+01	   2.5202352e+01	   2.0504480e+01	   1.3999306e+01	   8.3392359e+00	             NaN	             NaN	             NaN	             NaN	             NaN	             NaN	             NaN	             NaN	             NaN	             NaN	             NaN	   0.0000000e+00	   0.0000000e+00	   0.0000000e+00	   0.0000000e+00	   0.0000000e+00	   0.0000000e+00	   0.0000000e+00	   0.0000000e+00	   0.0000000e+00	
   1.9550422e+01	   1.7957790e+01	   1.6534501e+01	   1.7934508e+01	   2.0163697e+01	   2.3121127e+01	   2.5797079e+01	   2.7595122e+01	   2.7260037e+01	   2.4656612e+01	   2.0399136e+01	   1.4059282e+01	   9.0940976e+00	             NaN	             NaN	             NaN	             NaN	             NaN	             NaN	             NaN	             NaN	             NaN	             NaN	             NaN	   0.0000000e+00	   0.0000000e+00	   0.0000000e+00	   0.0000000e+00	   0.0000000e+00	   0.0000000e+00	   0.0000000e+00	   0.0000000e+00	   0.0000000e+00	
   2.0892956e+01	   1.7075035e+01	   1.7116762e+01	   1.8360567e+01	   2.0036133e+01	   2.2166832e+01	   2.4905051e+01	   2.6852337e+01	   2.6981660e+01	   2.4769323e+01	   2.0013135e+01	   1.4200459e+01	   9.4642653e+00	             NaN	             NaN	             NaN	             NaN	             NaN	             NaN	             NaN	             NaN	             NaN	             NaN	             NaN	   0.0000000e+00	   0.0000000e+00	   0.0000000e+00	   0.0000000e+00	   0.0000000e+00	   0.0000000e+00	   0.0000000e+00	   0.0000000e+00	   0.0000000e+00	
   1.9157067e+01	   1.7527199e+01	   1.6836901e+01	   1.7681061e+01	   1.9268096e+01	   2.1566223e+01	   2.4732649e+01	   2.5861803e+01	   2.6477191e+01	   2.4177989e+01	   2.0058413e+01	   1.3981456e+01	   9.5258732e+00	   6.6460032e+00	             NaN	             NaN	             NaN	             NaN	             NaN	             NaN	             NaN	             NaN	             NaN	             NaN	             NaN	   0.0000000e+00	   0.0000000e+00	   0.0000000e+00	   0.0000000e+00	   0.0000000e+00	   0.0000000e+00	   0.0000000e+00	   0.0000000e+00	
   1.8079923e+01	   1.6821816e+01	   1.6867860e+01	   1.8159129e+01	   1.9169928e+01	   2.0939004e+01	   2.4236578e+01	   2.5311879e+01	   2.5324929e+01	   2.3525373e+01	   1.9831556e+01	   1.4040848e+01	   9.7684319e+00	   7.3151780e+00	             NaN	             NaN	             NaN	             NaN	             NaN	             NaN	             NaN	             NaN	             NaN	             NaN	             NaN	   0.0000000e+00	   0.0000000e+00	   0.0000000e+00	   0.0000000e+00	   0.0000000e+00	   0.0000000e+00	   0.0000000e+00	   0.0000000e+00	
   1.8280512e+01	   1.6520318e+01	   1.6333952e+01	   1.7220893e+01	   1.8695828e+01	   2.0751023e+01	   2.3035013e+01	   2.4468341e+01	   2.4440953e+01	   2.2783738e+01	   1.9114736e+01	   1.3850028e+01	   9.8813019e+00	   7.4723006e+00	   5.1129588e+00	             NaN	             NaN	             NaN	             NaN	             NaN	             NaN	             NaN	             NaN	             NaN	             NaN	             NaN	   0.0000000e+00	   0.0000000e+00	   0.0000000e+00	   0.0000000e+00	   0.0000000e+00	   0.0000000e+00	   0.0000000e+00	
   1.9274568e+01	   1.5695210e+01	   1.6262385e+01	   1.7094394e+01	   1.8733268e+01	   2.0477742e+01	   2.3088288e+01	   2.4142625e+01	   2.4536502e+01	   2.2333531e+01	   1.9170346e+01	   1.3936385e+01	   1.0435183e+01	   8.2239870e+00	   6.1367021e+00	             NaN	             NaN	             NaN	             NaN	             NaN	             NaN	             NaN	             NaN	             NaN	             NaN	             NaN	   0.0000000e+00	   0.0000000e+00	   0.0000000e+00	   0.0000000e+00	   0.0000000e+00	   0.0000000e+00	   0.0000000e+00	
   1.7324533e+01	   1.6089802e+01	   1.7089742e+01	   1.7186837e+01	   1.8481987e+01	   2.0817833e+01	   2.2736279e+01	   2.4231957e+01	   2.4106284e+01	   2.2571462e+01	   1.9122681e+01	   1.4113486e+01	   1.0498931e+01	   8.4536801e+00	   6.9056328e+00	             NaN	             NaN	             NaN	             NaN	             NaN	             NaN	             NaN	             NaN	             NaN	             NaN	             NaN	   0.0000000e+00	   0.0000000e+00	   0.0000000e+00	   0.0000000e+00	   0.0000000e+00	   0.0000000e+00	   0.0000000e+00	
   1.7971953e+01	   1.5750633e+01	   1.5575213e+01	   1.6782392e+01	   1.8641809e+01	   2.0000825e+01	   2.2544033e+01	   2.3750519e+01	   2.3641357e+01	   2.1841968e+01	   1.8605794e+01	   1.4369701e+01	   1.0930318e+01	   8.9282837e+00	   7.6080422e+00	   5.6928335e+00	             NaN	             NaN	             NaN	             NaN	             NaN	             NaN	             NaN	             NaN	             NaN	             NaN	             NaN	   0.0000000e+00	   0.0000000e+00	   0.0000000e+00	   0.0000000e+00	   0.0000000e+00	   0.0000000e+00	
   1.7316407e+01	   1.5414096e+01	   1.5464004e+01	   1.6638037e+01	   1.8955535e+01	   2.0018306e+01	   2.1982414e+01	   2.3130096e+01	   2.3378544e+01	   2.1553991e+01	   1.8850976e+01	   1.4310213e+01	   1.1230348e+01	   9.2582217e+00	   8.0699416e+00	   6.7095376e+00	             NaN	             NaN	             NaN	             NaN	             NaN	             NaN	             NaN	             NaN	             NaN	             NaN	             NaN	   0.0000000e+00	   0.0000000e+00	   0.0000000e+00	   0.0000000e+00	   0.0000000e+00	   0.0000000e+00	
   1.5873621e+01	   1.5597924e+01	   1.4874568e+01	   1.6649705e+01	   1.7903326e+01	   1.9578949e+01	   2.1277925e+01	   2.2376098e+01	   2.2541677e+01	   2.1010620e+01	   1.8745719e+01	   1.4281168e+01	   1.1306147e+01	   9.7978000e+00	   8.5334997e+00	   7.5793153e+00	   5.5257253e+00	             NaN	             NaN	             NaN	             NaN	             NaN	             NaN	             NaN	             NaN	             NaN	             NaN	             NaN	   0.0000000e+00	   0.0000000e+00	   0.0000000e+00	   0.0000000e+00	   0.0000000e+00	
   1.4364060e+01	   1.4681163e+01	   1.5660719e+01	   1.6820826e+01	   1.8249957e+01	   1.9762338e+01	   2.1351374e+01	   2.1993714e+01	   2.2115020e+01	   2.0962001e+01	   1.8425109e+01	   1.4102797e+01	   1.1757607e+01	   9.8798318e+00	   8.9323956e+00	   7.9852472e+00	   6.2105045e+00	             NaN	             NaN	             NaN	             NaN	             NaN	             NaN	             NaN	             NaN	             NaN	             NaN	             NaN	   0.0000000e+00	   0.0000000e+00	   0.0000000e+00	   0.0000000e+00	   0.0000000e+00	
   1.5440803e+01	   1.3948229e+01	   1.4841744e+01	   1.7095177e+01	   1.8007659e+01	   1.9645279e+01	   2.0738383e+01	   2.1466373e+01	   2.1779327e+01	   2.0639127e+01	   1.8201328e+01	   1.4266735e+01	   1.2048281e+01	   1.0517871e+01	   9.4418824e+00	   8.5787401e+00	   7.3516152e+00	             NaN	             NaN	             NaN	             NaN	             NaN	             NaN	             NaN	             NaN	             NaN	             NaN	             NaN	   0.0000000e+00	   0.0000000e+00	   0.0000000e+00	   0.0000000e+00	   0.0000000e+00	
   1.4660506e+01	   1.2838888e+01	   1.4728716e+01	   1.6924296e+01	   1.7563473e+01	   1.9164484e+01	   2.0523081e+01	   2.0952192e+01	   2.1353250e+01	   2.0203074e+01	   1.7901655e+01	   1.4354557e+01	   1.2084589e+01	   1.0719024e+01	   9.9601853e+00	   9.1530801e+00	   7.9857890e+00	   6.2970902e+00	             NaN	             NaN	             NaN	             NaN	             NaN	             NaN	             NaN	             NaN	             NaN	             NaN	             NaN	   0.0000000e+00	   0.0000000e+00	   0.0000000e+00	   0.0000000e+00	
   1.5374271e+01	   1.3529556e+01	   1.4707975e+01	   1.6285225e+01	   1.7692557e+01	   1.9263367e+01	   2.0191537e+01	   2.0923685e+01	   2.0857536e+01	   1.9888191e+01	   1.7789170e+01	   1.4509984e+01	   1.2460095e+01	   1.1257784e+01	   1.0389749e+01	   9.5851524e+00	   8.6923331e+00	   6.9371957e+00	             NaN	             NaN	             NaN	             NaN	             NaN	             NaN	             NaN	             NaN	             NaN	             NaN	             NaN	   0.0000000e+00	   0.0000000e+00	   0.0000000e+00	   0.0000000e+00	
   1.3635139e+01	   1.2800958e+01	   1.4109534e+01	   1.5914390e+01	   1.7776450e+01	   1.8694991e+01	   1.9690711e+01	   2.0243097e+01	   1.9937466e+01	   1.9469332e+01	   1.7847190e+01	   1.4567528e+01	   1.2720364e+01	   1.1489036e+01	   1.0878206e+01	   1.0075127e+01	   9.2547379e+00	   8.0286464e+00	   6.5770281e+00	             NaN	             NaN	             NaN	             NaN	             NaN	             NaN	             NaN	             NaN	             NaN	             NaN	             NaN	   0.0000000e+00	   0.0000000e+00	   0.0000000e+00	
   1.4081552e+01	   1.2263789e+01	   1.3072290e+01	   1.6585258e+01	   1.7556401e+01	   1.8789330e+01	   1.9471869e+01	   2.0414824e+01	   1.9970625e+01	   1.9625927e+01	   1.7560061e+01	   1.5044027e+01	   1.2957222e+01	   1.2034580e+01	   1.1376890e+01	   1.0660039e+01	   9.8265559e+00	   8.7151863e+00	   6.9122960e+00	             NaN	             NaN	             NaN	             NaN	             NaN	             NaN	             NaN	             NaN	             NaN	             NaN	             NaN	   0.0000000e+00	   0.0000000e+00	   0.0000000e+00	
   1.4124372e+01	   1.2384780e+01	   1.4188463e+01	   1.5833283e+01	   1.7825572e+01	   1.8582378e+01	   1.9580819e+01	   2.0021012e+01	   1.9974121e+01	   1.8877484e+01	   1.7523375e+01	   1.5004247e+01	   1.3408065e+01	   1.2367681e+01	   1.1834730e+01	   1.1173801e+01	   1.0340164e+01	   9.5776547e+00	   7.7923687e+00	             NaN	             NaN	             NaN	             NaN	             NaN	             NaN	             NaN	             NaN	             NaN	             NaN	             NaN	   0.0000000e+00	   0.0000000e+00	   0.0000000e+00	
   1.3640992e+01	   1.1850784e+01	   1.2976876e+01	   1.6389698e+01	   1.7061744e+01	   1.8386465e+01	   1.9095763e+01	   1.9648435e+01	   1.9783075e+01	   1.9157204e+01	   1.7516225e+01	   1.5196341e+01	   1.3858669e+01	   1.3140784e+01	   1.2365409e+01	   1.1710308e+01	   1.0966639e+01	   1.0243095e+01	   8.6813790e+00	   6.9928293e+00	             NaN	             NaN	             NaN	             NaN	             NaN	             NaN	             NaN	             NaN	             NaN	             NaN	             NaN	   0.0000000e+00	   0.0000000e+00	
   1.1411396e+01	   1.1173597e+01	   1.3855061e+01	   1.6174301e+01	   1.7505108e+01	   1.8282597e+01	   1.9285169e+01	   1.9689209e+01	   1.9195767e+01	   1.8935443e+01	   1.7499021e+01	   1.5561242e+01	   1.4016185e+01	   1.3556867e+01	   1.2797503e+01	   1.2399176e+01	   1.1420256e+01	   1.0736036e+01	   9.4624906e+00	   7.6557741e+00	             NaN	             NaN	             NaN	             NaN	             NaN	             NaN	             NaN	             NaN	             NaN	             NaN	             NaN	   0.0000000e+00	   0.0000000e+00	
   1.0962495e+01	   1.1938758e+01	   1.4792541e+01	   1.6561715e+01	   1.7588328e+01	   1.8272172e+01	   1.8647470e+01	   1.9424940e+01	   1.9081562e+01	   1.8664857e+01	   1.7382134e+01	   1.5487932e+01	   1.4434960e+01	   1.3795350e+01	   1.3278569e+01	   1.2638192e+01	   1.1938521e+01	   1.1230673e+01	   1.0069879e+01	   8.2340003e+00	   7.2947200e+00	             NaN	             NaN	             NaN	             NaN	             NaN	             NaN	             NaN	             NaN	             NaN	             NaN	             NaN	   0.0000000e+00	
   1.2039907e+01	   1.2423125e+01	   1.2868568e+01	   1.6225841e+01	   1.7821708e+01	   1.8541201e+01	   1.8607254e+01	   1.9387236e+01	   1.9449121e+01	   1.8834227e+01	   1.7619028e+01	   1.5979702e+01	   1.4932506e+01	   1.4318240e+01	   1.3822310e+01	   1.3246744e+01	   1.2595950e+01	   1.1781894e+01	   1.0610463e+01	   9.2028641e+00	   7.5270499e+00	             NaN	             NaN	             NaN	             NaN	             NaN	             NaN	             NaN	             NaN	             NaN	             NaN	             NaN	   0.0000000e+00	
   1.2787371e+01	   1.1656495e+01	   1.4245173e+01	   1.6652257e+01	   1.7751119e+01	   1.8641222e+01	   1.8929827e+01	   1.9428588e+01	   1.9186801e+01	   1.8560996e+01	   1.7858719e+01	   1.6190668e+01	   1.5189177e+01	   1.4865768e+01	   1.4528379e+01	   1.3738919e+01	   1.3239359e+01	   1.2325805e+01	   1.1333209e+01	   9.9408757e+00	   7.9982870e+00	             NaN	             NaN	             NaN	             NaN	             NaN	             NaN	             NaN	             NaN	             NaN	             NaN	             NaN	   0.0000000e+00	
   1.3535395e+01	   1.2347694e+01	   1.4107265e+01	   1.6660504e+01	   1.8138780e+01	   1.8356916e+01	   1.9192833e+01	   1.9262320e+01	   1.9095703e+01	   1.8934870e+01	   1.7885434e+01	   1.6369402e+01	   1.5654698e+01	   1.5349151e+01	   1.4773320e+01	   1.4295227e+01	   1.3568113e+01	   1.2792147e+01	   1.1881253e+01	   1.0508340e+01	   8.6728964e+00	   7.4384658e+00	             NaN	             NaN	             NaN	             NaN	             NaN	             NaN	             NaN	             NaN	             NaN	             NaN	             NaN	
   1.3706990e+01	   1.1308876e+01	   1.4301887e+01	   1.5851739e+01	   1.7928111e+01	   1.8972379e+01	   1.8937613e+01	   1.9115129e+01	   1.9024451e+01	   1.8789892e+01	   1.8028621e+01	   1.6786242e+01	   1.6162005e+01	   1.5692811e+01	   1.5459664e+01	   1.4757992e+01	   1.4106706e+01	   1.3323676e+01	   1.2313069e+01	   1.1033234e+01	   9.4486826e+00	   7.6640248e+00	             NaN	             NaN	             NaN	             NaN	             NaN	             NaN	             NaN	             NaN	             NaN	             NaN	             NaN	
   1.4327737e+01	   1.2818122e+01	   1.4222730e+01	   1.7058858e+01	   1.8564382e+01	   1.8614499e+01	   1.9001381e+01	   1.9228158e+01	   1.9056931e+01	   1.8888306e+01	   1.8356380e+01	   1.7173318e+01	   1.6441132e+01	   1.6156756e+01	   1.5857687e+01	   1.5322027e+01	   1.4639825e+01	   1.3723265e+01	   1.2741187e+01	   1.1618147e+01	   1.0162789e+01	   8.1539686e+00	   7.2384130e+00	             NaN	             NaN	             NaN	             NaN	             NaN	             NaN	             NaN	             NaN	             NaN	             NaN	
   1.5254150e+01	   1.2641622e+01	   1.5143642e+01	   1.7616296e+01	   1.8786907e+01	   1.8926051e+01	   1.9133447e+01	   1.9611270e+01	   1.9119372e+01	   1.8861542e+01	   1.8407390e+01	   1.7522360e+01	   1.6893369e+01	   1.6706636e+01	   1.6445089e+01	   1.5788451e+01	   1.5154119e+01	   1.4288223e+01	   1.3352691e+01	   1.2079657e+01	   1.0864302e+01	   8.9026176e+00	   7.5662885e+00	             NaN	             NaN	             NaN	             NaN	             NaN	             NaN	             NaN	             NaN	             NaN	             NaN	
   1.3760234e+01	   1.4456822e+01	   1.5171708e+01	   1.7132753e+01	   1.8910749e+01	   1.9343708e+01	   1.9572253e+01	   1.9322935e+01	   1.9386992e+01	   1.9342092e+01	   1.8776208e+01	   1.7726123e+01	   1.7331106e+01	   1.7177144e+01	   1.6947043e+01	   1.6410080e+01	   1.5589437e+01	   1.4653564e+01	   1.3708421e+01	   1.2626584e+01	   1.1397725e+01	   9.5644781e+00	   7.9892038e+00	             NaN	             NaN	             NaN	             NaN	             NaN	             NaN	             NaN	             NaN	             NaN	             NaN	
   1.5865355e+01	   1.4451993e+01	   1.5605038e+01	   1.7939415e+01	   1.9240243e+01	   1.9474200e+01	   1.9458787e+01	   1.9794711e+01	   1.9686321e+01	   1.9162229e+01	   1.8699780e+01	   1.8095531e+01	   1.7906428e+01	   1.7650318e+01	   1.7360265e+01	   1.6805751e+01	   1.5980406e+01	   1.5287994e+01	   1.4164649e+01	   1.3167489e+01	   1.1950408e+01	   1.0343501e+01	   8.4532584e+00	   7.5357797e+00	             NaN	             NaN	             NaN	             NaN	             NaN	             NaN	             NaN	             NaN	             NaN	
   1.5517179e+01	   1.5351187e+01	   1.6686596e+01	   1.8667919e+01	   1.9573995e+01	   2.0158713e+01	   1.9918403e+01	   1.9832765e+01	   1.9700052e+01	   1.9502830e+01	   1.9154714e+01	   1.8701756e+01	   1.8128877e+01	   1.7992753e+01	   1.7749801e+01	   1.7196949e+01	   1.6536830e+01	   1.5685802e+01	   1.4771845e+01	   1.3640263e+01	   1.2528595e+01	   1.1054592e+01	   9.1472304e+00	   7.8651868e+00	             NaN	             NaN	             NaN	             NaN	             NaN	             NaN	             NaN	             NaN	             NaN	
   1.6785683e+01	   1.5636154e+01	   1.6540261e+01	   1.9084356e+01	   2.0069761e+01	   1.9895877e+01	   2.0415626e+01	   1.9849632e+01	   1.9633584e+01	   1.9716187e+01	   1.9496008e+01	   1.8943924e+01	   1.8507102e+01	   1.8638433e+01	   1.8010376e+01	   1.7728080e+01	   1.6987708e+01	   1.6067023e+01	   1.5139051e+01	   1.4112820e+01	   1.2932053e+01	   1.1493156e+01	   9.6935456e+00	   8.2331059e+00	   7.4288876e+00	             NaN	             NaN	             NaN	             NaN	             NaN	             NaN	             NaN	             NaN	
   1.6199870e+01	   1.4476103e+01	   1.7346668e+01	   1.9205247e+01	   2.1130601e+01	   2.0857528e+01	   2.0685349e+01	   2.0299593e+01	   2.0063981e+01	   2.0059494e+01	   1.9288772e+01	   1.8944871e+01	   1.9014318e+01	   1.9026622e+01	   1.8664060e+01	   1.8009221e+01	   1.7475207e+01	   1.6399034e+01	   1.5697531e+01	   1.4643096e+01	   1.3375696e+01	   1.2034319e+01	   1.0465443e+01	   8.8726739e+00	   7.9812358e+00	             NaN	             NaN	             NaN	             NaN	             NaN	             NaN	             NaN	             NaN	
   1.8140922e+01	   1.7458915e+01	   1.8822954e+01	   1.9836434e+01	   2.0911951e+01	   2.0841412e+01	   2.0751749e+01	   2.0716042e+01	   2.0021885e+01	   2.0099353e+01	   1.9780306e+01	   1.9143705e+01	   1.9248859e+01	   1.9451486e+01	   1.9135164e+01	   1.8396743e+01	   1.7898703e+01	   1.6945213e+01	   1.5840411e+01	   1.5000552e+01	   1.3888996e+01	   1.2556846e+01	   1.1152662e+01	   9.4188038e+00	   8.3399297e+00	             NaN	             NaN	             NaN	             NaN	             NaN	             NaN	             NaN	             NaN	
   1.9519242e+01	   1.7287813e+01	   1.9195977e+01	   2.0738221e+01	   2.1138132e+01	   2.1558472e+01	   2.0990517e+01	   2.0752889e+01	   2.0535852e+01	   2.0195961e+01	   1.9748849e+01	   1.9653371e+01	   1.9693837e+01	   1.9770032e+01	   1.9378370e+01	   1.8856494e+01	   1.8021888e+01	   1.7307867e+01	   1.6257650e+01	   1.5324791e+01	   1.4223235e+01	   1.3051765e+01	   1.1720759e+01	   1.0121822e+01	   8.7814282e+00	   7.9547425e+00	             NaN	             NaN	             NaN	             NaN	             NaN	             NaN	             NaN	
   1.9512587e+01	   1.8410924e+01	   1.9200380e+01	   2.1598669e+01	   2.1810308e+01	   2.1508042e+01	   2.1662851e+01	   2.1307848e+01	   2.0680005e+01	   2.0542415e+01	   2.0084594e+01	   2.0062899e+01	   2.0096779e+01	   2.0022602e+01	   1.9682989e+01	   1.9346176e+01	   1.8313351e+01	   1.7615912e+01	   1.6685374e+01	   1.5733317e+01	   1.4697113e+01	   1.3533551e+01	   1.2216631e+01	   1.0710414e+01	   9.4334829e+00	   8.4383140e+00	             NaN	             NaN	             NaN	             NaN	             NaN	             NaN	             NaN	
   2.0555242e+01	   1.8970786e+01	   2.0728370e+01	   2.2486353e+01	   2.2696977e+01	   2.2525791e+01	   2.1400474e+01	   2.1345231e+01	   2.0926250e+01	   2.0703578e+01	   2.0389113e+01	   2.0086415e+01	   2.0326203e+01	   2.0295910e+01	   2.0004763e+01	   1.9592523e+01	   1.8823471e+01	   1.7953191e+01	   1.7087156e+01	   1.6158757e+01	   1.5197033e+01	   1.4063871e+01	   1.2773013e+01	   1.1455120e+01	   9.8770396e+00	   9.0060057e+00	   7.8442389e+00	             NaN	             NaN	             NaN	             NaN	             NaN	             NaN	
   1.9598185e+01	   1.9881736e+01	   2.1064829e+01	   2.3056463e+01	   2.3206928e+01	   2.3082390e+01	   2.2328520e+01	   2.1783301e+01	   2.1344064e+01	   2.0842369e+01	   2.0576247e+01	   2.0182414e+01	   2.0437527e+01	   2.0817445e+01	   2.0401421e+01	   1.9824823e+01	   1.9088527e+01	   1.8312372e+01	   1.7442754e+01	   1.6755252e+01	   1.5517414e+01	   1.4548980e+01	   1.3328981e+01	   1.2057632e+01	   1.0531480e+01	   9.4102234e+00	   8.4575977e+00	             NaN	             NaN	             NaN	             NaN	             NaN	             NaN	
   2.0549273e+01	   2.1232554e+01	   2.2425324e+01	   2.3832389e+01	   2.4568960e+01	   2.3202446e+01	   2.2917693e+01	   2.2315563e+01	   2.1651209e+01	   2.1134700e+01	   2.0660856e+01	   2.0653838e+01	   2.0800186e+01	   2.0914992e+01	   2.0762828e+01	   2.0148339e+01	   1.9292731e+01	   1.8545244e+01	   1.7718032e+01	   1.6922044e+01	   1.6100817e+01	   1.4939565e+01	   1.3924259e+01	   1.2616398e+01	   1.1286606e+01	   1.0044754e+01	   8.9517865e+00	             NaN	             NaN	             NaN	             NaN	             NaN	             NaN	
   2.2421373e+01	   2.1902826e+01	   2.3646877e+01	   2.2957710e+01	   2.4571210e+01	   2.4087182e+01	   2.3292448e+01	   2.2716554e+01	   2.1950089e+01	   2.1149326e+01	   2.1064623e+01	   2.0634711e+01	   2.0864707e+01	   2.0989918e+01	   2.0818804e+01	   2.0255449e+01	   1.9647827e+01	   1.9000419e+01	   1.8233577e+01	   1.7140008e+01	   1.6434073e+01	   1.5487607e+01	   1.4335418e+01	   1.3315016e+01	   1.2173337e+01	   1.0596505e+01	   9.4928546e+00	   8.2505710e+00	             NaN	             NaN	             NaN	             NaN	             NaN	
   2.2721924e+01	   2.1195324e+01	   2.2785419e+01	   2.5196504e+01	   2.5415813e+01	   2.4477917e+01	   2.4043978e+01	   2.3011281e+01	   2.2437592e+01	   2.1658621e+01	   2.1167869e+01	   2.0997667e+01	   2.0971249e+01	   2.1463507e+01	   2.1174237e+01	   2.0538861e+01	   1.9773939e+01	   1.9041367e+01	   1.8413823e+01	   1.7368214e+01	   1.6785787e+01	   1.5896386e+01	   1.4657644e+01	   1.3777782e+01	   1.2716464e+01	   1.1070859e+01	   9.7827174e+00	   8.8050807e+00	             NaN	             NaN	             NaN	             NaN	             NaN	
   2.1463268e+01	   2.3636709e+01	   2.4284842e+01	   2.5246789e+01	   2.5640744e+01	   2.4569222e+01	   2.4307551e+01	   2.3391291e+01	   2.2606752e+01	   2.1781591e+01	   2.1236915e+01	   2.0954179e+01	   2.1328338e+01	   2.1414629e+01	   2.1186794e+01	   2.0541849e+01	   2.0072168e+01	   1.9242284e+01	   1.8482224e+01	   1.7990311e+01	   1.7135461e+01	   1.6319396e+01	   1.5352125e+01	   1.4124914e+01	   1.3102600e+01	   1.1780731e+01	   1.0435157e+01	   9.3743814e+00	   7.9851093e+00	             NaN	             NaN	             NaN	             NaN	
   2.2264389e+01	   2.2989255e+01	   2.4710487e+01	   2.6176711e+01	   2.6513735e+01	   2.5772766e+01	   2.4971738e+01	   2.4198530e+01	   2.2962728e+01	   2.2159325e+01	   2.1658634e+01	   2.1176992e+01	   2.1339970e+01	   2.1505266e+01	   2.1577492e+01	   2.0947665e+01	   2.0252810e+01	   1.9476261e+01	   1.8846317e+01	   1.8198629e+01	   1.7380927e+01	   1.6527233e+01	   1.5659395e+01	   1.4699889e+01	   1.3804943e+01	   1.2580000e+01	   1.1083425e+01	   9.7881549e+00	   8.5232946e+00	             NaN	             NaN	             NaN	             NaN	
   2.4221961e+01	   2.5095498e+01	   2.6358496e+01	   2.7212973e+01	   2.7212756e+01	   2.6283900e+01	   2.5234977e+01	   2.4472685e+01	   2.3280204e+01	   2.2337239e+01	   2.1512931e+01	   2.1325961e+01	   2.1527642e+01	   2.1943741e+01	   2.1585697e+01	   2.1033573e+01	   2.0335988e+01	   1.9901572e+01	   1.9184279e+01	   1.8396108e+01	   1.7724184e+01	   1.6997941e+01	   1.6039220e+01	   1.5204945e+01	   1.4275405e+01	   1.3094773e+01	   1.1621087e+01	   1.0264892e+01	   9.1298196e+00	             NaN	             NaN	             NaN	             NaN	
   2.4046257e+01	   2.5236957e+01	   2.6501237e+01	   2.7586179e+01	   2.7533402e+01	   2.6629075e+01	   2.5454967e+01	   2.4653367e+01	   2.3576273e+01	   2.2437299e+01	   2.1654721e+01	   2.1570447e+01	   2.1770234e+01	   2.1858707e+01	   2.1663567e+01	   2.1219393e+01	   2.0522658e+01	   1.9996161e+01	   1.9372452e+01	   1.8632314e+01	   1.8013759e+01	   1.7304977e+01	   1.6603662e+01	   1.5614877e+01	   1.4860271e+01	   1.3818621e+01	   1.2143021e+01	   1.0817581e+01	   9.5592977e+00	   8.0862298e+00	             NaN	             NaN	             NaN	
   2.5230259e+01	   2.5300037e+01	   2.7071790e+01	   2.7964555e+01	   2.8290172e+01	   2.7419526e+01	   2.5796237e+01	   2.5028351e+01	   2.3801897e+01	   2.2545878e+01	   2.1631281e+01	   2.1628016e+01	   2.1809504e+01	   2.1853077e+01	   2.1796052e+01	   2.1493383e+01	   2.0648654e+01	   2.0152711e+01	   1.9500892e+01	   1.8986289e+01	   1.8412860e+01	   1.7783740e+01	   1.6853776e+01	   1.6101941e+01	   1.5145465e+01	   1.4246487e+01	   1.2968909e+01	   1.1218243e+01	   9.9498004e+00	   8.5389919e+00	             NaN	             NaN	             NaN	
   2.5106823e+01	   2.7240009e+01	   2.7287328e+01	   2.8535955e+01	   2.8902841e+01	   2.7786600e+01	   2.7013391e+01	   2.5322548e+01	   2.3906510e+01	   2.2941313e+01	   2.1805795e+01	   2.1751309e+01	   2.1843762e+01	   2.2080028e+01	   2.1853259e+01	   2.1451175e+01	   2.0826019e+01	   2.0070203e+01	   1.9628700e+01	   1.9203004e+01	   1.8688704e+01	   1.7874606e+01	   1.7224157e+01	   1.6452724e+01	   1.5727578e+01	   1.4773814e+01	   1.3425115e+01	   1.1728238e+01	   1.0430663e+01	   8.9227017e+00	   7.6015464e+00	             NaN	             NaN	
   2.7650228e+01	   2.7806991e+01	   2.8645207e+01	   2.9621102e+01	   2.9602138e+01	   2.8025815e+01	   2.7173739e+01	   2.5537440e+01	   2.4368600e+01	   2.2859324e+01	   2.2210784e+01	   2.1801131e+01	   2.1909723e+01	   2.2008628e+01	   2.2157736e+01	   2.1543386e+01	   2.0931745e+01	   2.0285146e+01	   1.9832130e+01	   1.9332639e+01	   1.8814943e+01	   1.8174747e+01	   1.7609239e+01	   1.6772514e+01	   1.6123053e+01	   1.5212286e+01	   1.4104263e+01	   1.2219162e+01	   1.0683885e+01	   9.4900263e+00	   7.9933204e+00	             NaN	             NaN	
   2.5314708e+01	   2.7830233e+01	   2.9502958e+01	   3.0513137e+01	   3.0022610e+01	   2.8105952e+01	   2.7334097e+01	   2.6253425e+01	   2.4624324e+01	   2.3336238e+01	   2.2412942e+01	   2.1825284e+01	   2.2011129e+01	   2.2212447e+01	   2.2095737e+01	   2.1544451e+01	   2.0969811e+01	   2.0401528e+01	   1.9810201e+01	   1.9474530e+01	   1.8849668e+01	   1.8525461e+01	   1.7841153e+01	   1.7087801e+01	   1.6425944e+01	   1.5716210e+01	   1.4460296e+01	   1.2916521e+01	   1.1230424e+01	   9.9326104e+00	   8.4263227e+00	             NaN	             NaN	
   2.5269841e+01	   2.8176947e+01	   2.8943349e+01	   3.0265337e+01	   3.0992609e+01	   2.9120773e+01	   2.7920323e+01	   2.6423489e+01	   2.4905419e+01	   2.3377221e+01	   2.2413399e+01	   2.2165667e+01	   2.2284277e+01	   2.2290941e+01	   2.1898058e+01	   2.1590748e+01	   2.1118770e+01	   2.0548715e+01	   1.9972466e+01	   1.9870038e+01	   1.9146401e+01	   1.8620809e+01	   1.8183838e+01	   1.7499381e+01	   1.6981702e+01	   1.6105174e+01	   1.4819789e+01	   1.3417641e+01	   1.1795787e+01	   1.0231604e+01	   8.8229682e+00	   7.4847725e+00	             NaN	
   2.6361240e+01	   2.8110921e+01	   3.0694632e+01	   3.1193991e+01	   3.0538530e+01	   2.9377675e+01	   2.7923273e+01	   2.6686916e+01	   2.5117671e+01	   2.3630305e+01	   2.2534051e+01	   2.1975502e+01	   2.2304585e+01	   2.2115393e+01	   2.1996484e+01	   2.1543310e+01	   2.1096053e+01	   2.0483195e+01	   2.0196622e+01	   1.9739523e+01	   1.9231813e+01	   1.8919470e+01	   1.8212604e+01	   1.7750388e+01	   1.7209441e+01	   1.6330181e+01	   1.5257530e+01	   1.3911267e+01	   1.2201396e+01	   1.0560153e+01	   9.2681943e+00	   7.8709289e+00	             NaN	
   2.7193516e+01	   2.9051091e+01	   3.0291461e+01	   3.1168273e+01	   3.0683003e+01	   2.9479340e+01	   2.8654046e+01	   2.7028130e+01	   2.5551124e+01	   2.3619042e+01	   2.2598705e+01	   2.2026025e+01	   2.2054146e+01	   2.2181447e+01	   2.1904647e+01	   2.1573272e+01	   2.1055362e+01	   2.0608336e+01	   2.0149416e+01	   1.9871045e+01	   1.9475840e+01	   1.8928305e+01	   1.8464352e+01	   1.7959184e+01	   1.7389649e+01	   1.6785371e+01	   1.5746973e+01	   1.4406649e+01	   1.2589298e+01	   1.0967113e+01	   9.5812646e+00	   8.3184326e+00	   7.0631890e+00	
   2.7038702e+01	   2.8242598e+01	   3.0717324e+01	   3.2303366e+01	   3.1805638e+01	   2.9964515e+01	   2.8722288e+01	   2.7231172e+01	   2.5769283e+01	   2.3889408e+01	   2.2633177e+01	   2.2270184e+01	   2.2424060e+01	   2.2334704e+01	   2.2199886e+01	   2.1623220e+01	   2.1241540e+01	   2.0714572e+01	   2.0193878e+01	   1.9970832e+01	   1.9617889e+01	   1.9146221e+01	   1.8619841e+01	   1.8092670e+01	   1.7792510e+01	   1.7033026e+01	   1.5994307e+01	   1.4819490e+01	   1.3124262e+01	   1.1407544e+01	   1.0003610e+01	   8.7254342e+00	   7.4571161e+00	
   2.6782562e+01	   2.9678559e+01	   3.0500451e+01	   3.2534691e+01	   3.1835473e+01	   3.0996652e+01	   2.9182091e+01	   2.7930876e+01	   2.6211811e+01	   2.3874867e+01	   2.2743272e+01	   2.2172608e+01	   2.2058289e+01	   2.2224495e+01	   2.2113059e+01	   2.1567187e+01	   2.1181701e+01	   2.0688496e+01	   2.0312745e+01	   2.0100684e+01	   1.9768709e+01	   1.9286695e+01	   1.8796934e+01	   1.8240010e+01	   1.7853212e+01	   1.7226635e+01	   1.6255101e+01	   1.5120758e+01	   1.3588087e+01	   1.1762896e+01	   1.0353526e+01	   8.9595571e+00	   7.7583764e+00	
   2.7433892e+01	   2.9255242e+01	   3.1670265e+01	   3.2067785e+01	   3.2113000e+01	   3.0739072e+01	   2.9616513e+01	   2.8041176e+01	   2.6046548e+01	   2.4266277e+01	   2.2939953e+01	   2.2317924e+01	   2.2260927e+01	   2.2118069e+01	   2.1902909e+01	   2.1603948e+01	   2.0992561e+01	   2.0570372e+01	   2.0314402e+01	   1.9941386e+01	   1.9610874e+01	   1.9428742e+01	   1.8977937e+01	   1.8538799e+01	   1.8194106e+01	   1.7583985e+01	   1.6617275e+01	   1.5268233e+01	   1.3879872e+01	   1.2238676e+01	   1.0659483e+01	   9.3886027e+00	   8.1071253e+00	
   2.7576676e+01	   2.9327307e+01	   3.1487107e+01	   3.2887829e+01	   3.2613148e+01	   3.0741246e+01	   2.9764051e+01	   2.8137740e+01	   2.6185684e+01	   2.4178626e+01	   2.2871943e+01	   2.2212056e+01	   2.2225281e+01	   2.2054825e+01	   2.2153708e+01	   2.1724415e+01	   2.1154440e+01	   2.0743463e+01	   2.0296240e+01	   1.9994346e+01	   1.9649576e+01	   1.9374828e+01	   1.9033767e+01	   1.8620165e+01	   1.8219859e+01	   1.7796193e+01	   1.6786180e+01	   1.5677896e+01	   1.4250852e+01	   1.2622557e+01	   1.0967827e+01	   9.7108144e+00	   8.5778674e+00	
   2.8940150e+01	   3.0952423e+01	   3.1768570e+01	   3.2704923e+01	   3.2477613e+01	   3.1229337e+01	   3.0032394e+01	   2.8078165e+01	   2.6105315e+01	   2.4517529e+01	   2.3345930e+01	   2.2326501e+01	   2.2119489e+01	   2.2017020e+01	   2.1964650e+01	   2.1448571e+01	   2.1177361e+01	   2.0647344e+01	   2.0374188e+01	   2.0102601e+01	   1.9752705e+01	   1.9480154e+01	   1.9220051e+01	   1.8861951e+01	   1.8370772e+01	   1.7983196e+01	   1.7133141e+01	   1.5965324e+01	   1.4592933e+01	   1.3006922e+01	   1.1375761e+01	   9.9495312e+00	   8.8821121e+00	
             NaN	   3.0264775e+01	   3.2060923e+01	   3.3392373e+01	   3.3116113e+01	   3.1743369e+01	   3.0165229e+01	   2.8432492e+01	   2.6627947e+01	   2.4620185e+01	   2.2927794e+01	   2.2365401e+01	   2.2189847e+01	   2.2016634e+01	   2.1954865e+01	   2.1491385e+01	   2.0997200e+01	   2.0619073e+01	   2.0224591e+01	   2.0102400e+01	   1.9917668e+01	   1.9514697e+01	   1.9108331e+01	   1.8790230e+01	   1.8596958e+01	   1.8139465e+01	   1.7396896e+01	   1.6116222e+01	   1.4807430e+01	   1.3324758e+01	   1.1781871e+01	   1.0327308e+01	   9.1962978e+00	
             NaN	   3.0139040e+01	   3.2741440e+01	   3.3498407e+01	   3.3318453e+01	   3.1612898e+01	   2.9860316e+01	   2.8594789e+01	   2.6692253e+01	   2.4490760e+01	   2.3048988e+01	   2.2503122e+01	   2.2199531e+01	   2.2248419e+01	   2.1832025e+01	   2.1231480e+01	   2.0989501e+01	   2.0415405e+01	   2.0276690e+01	   1.9823330e+01	   1.9749469e+01	   1.9347690e+01	   1.9265905e+01	   1.8900812e+01	   1.8693996e+01	   1.8282756e+01	   1.7322565e+01	   1.6371376e+01	   1.4996398e+01	   1.3559319e+01	   1.2063663e+01	   1.0542748e+01	   9.5548674e+00	
             NaN	   3.1122050e+01	   3.2968805e+01	   3.3879412e+01	   3.3353161e+01	   3.1596793e+01	   3.0397258e+01	   2.8672755e+01	   2.6755123e+01	   2.4598982e+01	   2.3458493e+01	   2.2254540e+01	   2.2180514e+01	   2.1957136e+01	   2.1637413e+01	   2.1423960e+01	   2.0839588e+01	   2.0369207e+01	   2.0096492e+01	   1.9827243e+01	   1.9779683e+01	   1.9547368e+01	   1.9144904e+01	   1.8940854e+01	   1.8667802e+01	   1.8293851e+01	   1.7390533e+01	   1.6497907e+01	   1.5218539e+01	   1.3851871e+01	   1.2503497e+01	   1.0914409e+01	   9.8233663e+00	
             NaN	   3.1270805e+01	   3.2058016e+01	   3.4180476e+01	   3.3148495e+01	   3.1472066e+01	   3.0722579e+01	   2.8865393e+01	   2.7067027e+01	   2.4924509e+01	   2.3275478e+01	   2.2509545e+01	   2.2354173e+01	   2.1997573e+01	   2.1555570e+01	   2.1396248e+01	   2.0815104e+01	   2.0378680e+01	   2.0172062e+01	   2.0098192e+01	   1.9743598e+01	   1.9467163e+01	   1.9284380e+01	   1.8846951e+01	   1.8694763e+01	   1.8456212e+01	   1.7718863e+01	   1.6643450e+01	   1.5463739e+01	   1.3958176e+01	   1.2668920e+01	   1.1112558e+01	   1.0072843e+01	
             NaN	   3.0856819e+01	   3.3394686e+01	   3.4413723e+01	   3.3425091e+01	   3.1733021e+01	   3.0873243e+01	   2.8827940e+01	   2.6956165e+01	   2.4779039e+01	   2.3410055e+01	   2.2544719e+01	   2.2008707e+01	   2.2087304e+01	   2.1666211e+01	   2.1296446e+01	   2.0708983e+01	   2.0388780e+01	   2.0051174e+01	   1.9972659e+01	   1.9542886e+01	   1.9374637e+01	   1.9052854e+01	   1.8869466e+01	   1.8690934e+01	   1.8334502e+01	   1.7662821e+01	   1.6746905e+01	   1.5587653e+01	   1.4125118e+01	   1.2845377e+01	   1.1495060e+01	   1.0249555e+01	
             NaN	   3.1385298e+01	   3.3148206e+01	   3.3471090e+01	   3.3933680e+01	   3.2429409e+01	   3.0624604e+01	   2.9045022e+01	   2.7065606e+01	   2.5067378e+01	   2.3297230e+01	   2.2597602e+01	   2.2214364e+01	   2.2152743e+01	   2.1493258e+01	   2.1253846e+01	   2.0654641e+01	   2.0292722e+01	   1.9923785e+01	   1.9703461e+01	   1.9686142e+01	   1.9448434e+01	   1.8981796e+01	   1.8884533e+01	   1.8675176e+01	   1.8433017e+01	   1.7768560e+01	   1.6885431e+01	   1.5735183e+01	   1.4458676e+01	   1.3085423e+01	   1.1748275e+01	   1.0612666e+01	
             NaN	             NaN	   3.2363729e+01	   3.3607689e+01	   3.3880540e+01	   3.2276948e+01	   3.0602674e+01	   2.8959345e+01	   2.6791695e+01	   2.5046129e+01	   2.3456350e+01	   2.2631312e+01	   2.2085913e+01	   2.1953168e+01	   2.1540426e+01	   2.0925884e+01	   2.0550669e+01	   2.0304861e+01	   1.9912399e+01	   1.9746121e+01	   1.9622836e+01	   1.9263563e+01	   1.9058965e+01	   1.8899018e+01	   1.8681622e+01	   1.8459101e+01	   1.7765226e+01	   1.6936255e+01	   1.5774245e+01	   1.4555303e+01	   1.3264242e+01	   1.2031879e+01	   1.0799790e+01	
             NaN	             NaN	   3.2121837e+01	   3.4143924e+01	   3.3416848e+01	   3.2646115e+01	   3.1007289e+01	   2.9137433e+01	   2.7191145e+01	   2.5252824e+01	   2.3413357e+01	   2.2610779e+01	   2.1981024e+01	   2.2106574e+01	   2.1437486e+01	   2.1060673e+01	   2.0499784e+01	   2.0076567e+01	   1.9999077e+01	   1.9498803e+01	   1.9479190e+01	   1.9251708e+01	   1.8980127e+01	   1.8794260e+01	   1.8608742e+01	   1.8529350e+01	   1.7961527e+01	   1.6867862e+01	   1.5780504e+01	   1.4551569e+01	   1.3490332e+01	   1.2222745e+01	   1.1071992e+01	
             NaN	             NaN	   3.2287151e+01	   3.4163131e+01	   3.3847575e+01	   3.2052703e+01	   3.1047978e+01	   2.9231345e+01	   2.7108426e+01	   2.5226494e+01	   2.3323127e+01	   2.2672553e+01	   2.2058129e+01	   2.1831108e+01	   2.1543014e+01	   2.0942372e+01	   2.0312947e+01	   1.9985448e+01	   1.9656851e+01	   1.9623286e+01	   1.9269421e+01	   1.9061031e+01	   1.8884100e+01	   1.8674339e+01	   1.8543520e+01	   1.8428551e+01	   1.7793055e+01	   1.6937051e+01	   1.5870126e+01	   1.4710209e+01	   1.3621028e+01	   1.2461079e+01	   1.1500093e+01	
             NaN	             NaN	   3.2232409e+01	   3.4102406e+01	   3.3523658e+01	   3.2205257e+01	   3.0647243e+01	   2.9261836e+01	   2.7166923e+01	   2.5093755e+01	   2.3545406e+01	   2.2601569e+01	   2.1968220e+01	   2.1656092e+01	   2.1327584e+01	   2.0801495e+01	   2.0185321e+01	   1.9701121e+01	   1.9454124e+01	   1.9383069e+01	   1.9142683e+01	   1.8875323e+01	   1.8744606e+01	   1.8590162e+01	   1.8478955e+01	   1.8297240e+01	   1.7640098e+01	   1.6838998e+01	   1.5909422e+01	   1.4766294e+01	   1.3707743e+01	   1.2566989e+01	   1.1662104e+01	
             NaN	             NaN	   3.2416418e+01	   3.3761407e+01	   3.3740232e+01	   3.2538109e+01	   3.0590151e+01	   2.8904578e+01	   2.7127610e+01	   2.4956279e+01	   2.3603884e+01	   2.2717388e+01	   2.2026274e+01	   2.1742540e+01	   2.1175005e+01	   2.0807050e+01	   2.0319923e+01	   1.9609443e+01	   1.9440679e+01	   1.9207322e+01	   1.8996845e+01	   1.8855256e+01	   1.8556161e+01	   1.8446577e+01	   1.8348923e+01	   1.8289144e+01	   1.7657875e+01	   1.6939926e+01	   1.6037925e+01	   1.4846055e+01	   1.3795053e+01	   1.2797682e+01	   1.1757845e+01	
             NaN	             NaN	             NaN	   3.3045496e+01	   3.3368295e+01	   3.2060146e+01	   3.0526996e+01	   2.9237335e+01	   2.6912616e+01	   2.5170177e+01	   2.3422735e+01	   2.2513966e+01	   2.1929104e+01	   2.1693901e+01	   2.1113097e+01	   2.0560579e+01	   2.0211579e+01	   1.9565629e+01	   1.9447918e+01	   1.9076815e+01	   1.8811703e+01	   1.8710452e+01	   1.8493324e+01	   1.8342339e+01	   1.8216457e+01	   1.8037225e+01	   1.7635014e+01	   1.6839006e+01	   1.6085266e+01	   1.4930592e+01	   1.3840022e+01	   1.2869654e+01	   1.1934975e+01	
             NaN	             NaN	             NaN	   3.2614627e+01	   3.2895112e+01	   3.1962627e+01	   3.1243621e+01	   2.9031019e+01	   2.7004958e+01	   2.5200781e+01	   2.3731022e+01	   2.2460611e+01	   2.1911112e+01	   2.1490646e+01	   2.1127929e+01	   2.0465464e+01	   1.9937734e+01	   1.9558473e+01	   1.9081855e+01	   1.8970002e+01	   1.8672006e+01	   1.8408280e+01	   1.8283608e+01	   1.8172479e+01	   1.8140235e+01	   1.8091652e+01	   1.7512249e+01	   1.6747112e+01	   1.5885478e+01	   1.4947369e+01	   1.3922286e+01	   1.2968190e+01	   1.2048604e+01	
             NaN	             NaN	             NaN	   3.3203692e+01	   3.2710441e+01	   3.2174840e+01	   3.0857635e+01	   2.9067995e+01	   2.7038277e+01	   2.4878587e+01	   2.3293941e+01	   2.2612531e+01	   2.2140799e+01	   2.1341812e+01	   2.1122091e+01	   2.0473016e+01	   1.9830440e+01	   1.9367704e+01	   1.9064822e+01	   1.8851474e+01	   1.8487371e+01	   1.8441488e+01	   1.8175736e+01	   1.7992406e+01	   1.8127806e+01	   1.7787568e+01	   1.7302688e+01	   1.6718567e+01	   1.5820471e+01	   1.4879494e+01	   1.3968135e+01	   1.3084307e+01	   1.2150252e+01	
             NaN	             NaN	             NaN	   3.2763157e+01	   3.3271225e+01	   3.2212698e+01	   3.0200101e+01	   2.8931900e+01	   2.7002355e+01	   2.4980306e+01	   2.3524663e+01	   2.2594812e+01	   2.1762120e+01	   2.1507934e+01	   2.0871978e+01	   2.0379706e+01	   1.9629522e+01	   1.9190826e+01	   1.8842173e+01	   1.8658357e+01	   1.8422634e+01	   1.8159872e+01	   1.8021050e+01	   1.7832771e+01	   1.7988547e+01	   1.7658208e+01	   1.7291091e+01	   1.6617659e+01	   1.5921212e+01	   1.4905603e+01	   1.4092984e+01	   1.3060307e+01	   1.2244418e+01	
             NaN	             NaN	             NaN	   3.2818027e+01	   3.2815011e+01	   3.1559396e+01	   3.0295511e+01	   2.9041490e+01	   2.7070047e+01	   2.5079183e+01	   2.3279360e+01	   2.2488720e+01	   2.1957009e+01	   2.1393515e+01	   2.0868139e+01	   2.0285714e+01	   1.9663428e+01	   1.9122484e+01	   1.8810415e+01	   1.8613834e+01	   1.8257179e+01	   1.8047878e+01	   1.7816883e+01	   1.7733262e+01	   1.7786525e+01	   1.7704317e+01	   1.7151418e+01	   1.6681369e+01	   1.5715843e+01	   1.4977807e+01	   1.4028731e+01	   1.3041862e+01	   1.2349363e+01	
             NaN	             NaN	             NaN	             NaN	   3.2706346e+01	   3.1577666e+01	   3.0924290e+01	   2.8790649e+01	   2.6797724e+01	   2.5097347e+01	   2.3417635e+01	   2.2335105e+01	   2.1955887e+01	   2.1266914e+01	   2.0632413e+01	   2.0129811e+01	   1.9437943e+01	   1.8854702e+01	   1.8696652e+01	   1.8392407e+01	   1.8093122e+01	   1.7831909e+01	   1.7622938e+01	   1.7585482e+01	   1.7473477e+01	   1.7547003e+01	   1.6999447e+01	   1.6464181e+01	   1.5679058e+01	   1.4912275e+01	   1.4004324e+01	   1.3194572e+01	   1.2318236e+01	
             NaN	             NaN	             NaN	             NaN	   3.2561442e+01	   3.1059679e+01	   3.0216277e+01	   2.9004788e+01	   2.6556160e+01	   2.4491998e+01	   2.3125102e+01	   2.2517172e+01	   2.1784697e+01	   2.1579809e+01	   2.0533136e+01	   2.0003496e+01	   1.9487312e+01	   1.8793389e+01	   1.8367662e+01	   1.8154132e+01	   1.7913378e+01	   1.7746177e+01	   1.7481598e+01	   1.7346153e+01	   1.7218788e+01	   1.7231175e+01	   1.7003993e+01	   1.6391966e+01	   1.5587129e+01	   1.4839206e+01	   1.4034039e+01	   1.3245443e+01	   1.2327898e+01	
             NaN	             NaN	             NaN	             NaN	   3.1853311e+01	   3.1203803e+01	   3.0024347e+01	   2.8495236e+01	   2.6738357e+01	   2.4702812e+01	   2.3241199e+01	   2.2427469e+01	   2.1573815e+01	   2.1115120e+01	   2.0640787e+01	   1.9809872e+01	   1.9204712e+01	   1.8630761e+01	   1.8361220e+01	   1.8150397e+01	   1.7831102e+01	   1.7376091e+01	   1.7151795e+01	   1.7290485e+01	   1.7138944e+01	   1.7080241e+01	   1.6631603e+01	   1.6410724e+01	   1.5470970e+01	   1.4714774e+01	   1.3935503e+01	   1.3120749e+01	   1.2374882e+01	
             NaN	             NaN	             NaN	             NaN	   3.2096383e+01	   3.1384144e+01	   2.9550376e+01	   2.8200305e+01	   2.6150866e+01	   2.4798791e+01	   2.2970667e+01	   2.1873105e+01	   2.1516743e+01	   2.1095676e+01	   2.0341541e+01	   1.9670204e+01	   1.8896912e+01	   1.8487197e+01	   1.7783604e+01	   1.7871886e+01	   1.7602756e+01	   1.7194719e+01	   1.6876744e+01	   1.6817024e+01	   1.6862134e+01	   1.6886791e+01	   1.6594249e+01	   1.5923137e+01	   1.5338122e+01	   1.4574157e+01	   1.3899399e+01	   1.3101682e+01	   1.2389146e+01	
             NaN	             NaN	             NaN	             NaN	   3.1999985e+01	   3.1174117e+01	   2.9759272e+01	   2.8362456e+01	   2.6371471e+01	   2.4441917e+01	   2.2912443e+01	   2.2202866e+01	   2.1450198e+01	   2.0877451e+01	   2.0172342e+01	   1.9539599e+01	   1.8981619e+01	   1.8230403e+01	   1.7862268e+01	   1.7649391e+01	   1.7292610e+01	   1.6922688e+01	   1.6884916e+01	   1.6555693e+01	   1.6746075e+01	   1.6659303e+01	   1.6398054e+01	   1.5801391e+01	   1.5174745e+01	   1.4441657e+01	   1.3708462e+01	   1.3157807e+01	   1.2405521e+01	
             NaN	             NaN	             NaN	             NaN	             NaN	   3.0840089e+01	   2.9200283e+01	   2.8045630e+01	   2.6154540e+01	   2.4332582e+01	   2.2987629e+01	   2.1924188e+01	   2.1446416e+01	   2.0881013e+01	   1.9992590e+01	   1.9440931e+01	   1.8675210e+01	   1.8202873e+01	   1.7716239e+01	   1.7506906e+01	   1.7163907e+01	   1.6726707e+01	   1.6591854e+01	   1.6467126e+01	   1.6471802e+01	   1.6422646e+01	   1.6297138e+01	   1.5604904e+01	   1.5108832e+01	   1.4268497e+01	   1.3563415e+01	   1.3034793e+01	   1.2397570e+01	
             NaN	             NaN	             NaN	             NaN	             NaN	   3.0193549e+01	   2.9335243e+01	   2.7887290e+01	   2.5947531e+01	   2.4291660e+01	   2.3007003e+01	   2.1723429e+01	   2.1572967e+01	   2.0688405e+01	   2.0029593e+01	   1.9111385e+01	   1.8654430e+01	   1.8053912e+01	   1.7681773e+01	   1.7258552e+01	   1.6974072e+01	   1.6585740e+01	   1.6412649e+01	   1.6115986e+01	   1.6307915e+01	   1.6265234e+01	   1.5921670e+01	   1.5472471e+01	   1.4723820e+01	   1.4195624e+01	   1.3450592e+01	   1.2886827e+01	   1.2356412e+01	
             NaN	             NaN	             NaN	             NaN	             NaN	   3.0435303e+01	   2.8973558e+01	   2.7764540e+01	   2.5767838e+01	   2.4093813e+01	   2.2911969e+01	   2.1914368e+01	   2.1281593e+01	   2.0552892e+01	   1.9913239e+01	   1.9115328e+01	   1.8589311e+01	   1.7943593e+01	   1.7528987e+01	   1.7079550e+01	   1.6738401e+01	   1.6445625e+01	   1.6134592e+01	   1.5996669e+01	   1.6188507e+01	   1.5951091e+01	   1.5858825e+01	   1.5300618e+01	   1.4668282e+01	   1.4009800e+01	   1.3504918e+01	   1.2763760e+01	   1.2294353e+01	
             NaN	             NaN	             NaN	             NaN	             NaN	   2.9654881e+01	   2.8842330e+01	   2.7467774e+01	   2.5492364e+01	   2.4077603e+01	   2.2473213e+01	   2.1658064e+01	   2.1130942e+01	   2.0455750e+01	   1.9843251e+01	   1.8942781e+01	   1.8151134e+01	   1.7675249e+01	   1.7171051e+01	   1.6733571e+01	   1.6541924e+01	   1.6204330e+01	   1.6032566e+01	   1.5837948e+01	   1.5754763e+01	   1.5713799e+01	   1.5444430e+01	   1.5099680e+01	   1.4461541e+01	   1.3884577e+01	   1.3353353e+01	   1.2713928e+01	   1.2177631e+01	
             NaN	             NaN	             NaN	             NaN	             NaN	   3.0355912e+01	   2.8377843e+01	   2.7383450e+01	   2.5620332e+01	   2.4186036e+01	   2.2433306e+01	   2.1556952e+01	   2.0825881e+01	   2.0401461e+01	   1.9734100e+01	   1.8820461e+01	   1.8231670e+01	   1.7573678e+01	   1.6896478e+01	   1.6743611e+01	   1.6373185e+01	   1.5949693e+01	   1.5844082e+01	   1.5577809e+01	   1.5633904e+01	   1.5530499e+01	   1.5203782e+01	   1.4780686e+01	   1.4392600e+01	   1.3746475e+01	   1.3144822e+01	   1.2600043e+01	   1.2122886e+01	
             NaN	             NaN	             NaN	             NaN	             NaN	             NaN	   2.8944736e+01	   2.7163521e+01	   2.5589920e+01	   2.3764790e+01	   2.2587800e+01	   2.1412313e+01	   2.0974468e+01	   2.0386859e+01	   1.9561321e+01	   1.8876302e+01	   1.8065032e+01	   1.7455298e+01	   1.6824248e+01	   1.6615270e+01	   1.6165937e+01	   1.5932618e+01	   1.5678669e+01	   1.5481462e+01	   1.5436070e+01	   1.5347018e+01	   1.4984728e+01	   1.4780551e+01	   1.4149934e+01	   1.3642975e+01	   1.3150324e+01	   1.2606226e+01	   1.2013317e+01	
             NaN	             NaN	             NaN	             NaN	             NaN	             NaN	   2.8762372e+01	   2.7105682e+01	   2.5340700e+01	   2.3750184e+01	   2.2528694e+01	   2.1304199e+01	   2.0760167e+01	   2.0057519e+01	   1.9617817e+01	   1.8738329e+01	   1.7932667e+01	   1.7282736e+01	   1.6723206e+01	   1.6398907e+01	   1.6008332e+01	   1.5592643e+01	   1.5504489e+01	   1.5143421e+01	   1.5324074e+01	   1.5182186e+01	   1.5093366e+01	   1.4589779e+01	   1.4100592e+01	   1.3403511e+01	   1.3067250e+01	   1.2466974e+01	   1.2029254e+01	
   0.0000000e+00	             NaN	             NaN	             NaN	             NaN	             NaN	   2.8251937e+01	   2.7177879e+01	   2.5186511e+01	   2.3657157e+01	   2.2293782e+01	   2.1394443e+01	   2.0674876e+01	   1.9835061e+01	   1.9325656e+01	   1.8500399e+01	   1.7829960e+01	   1.7087681e+01	   1.6685716e+01	   1.6234127e+01	   1.5882447e+01	   1.5415863e+01	   1.5253043e+01	   1.5000842e+01	   1.5010075e+01	   1.5022584e+01	   1.4680465e+01	   1.4468501e+01	   1.4087815e+01	   1.3338518e+01	   1.2742882e+01	   1.2443884e+01	   1.1960591e+01	
   0.0000000e+00	             NaN	             NaN	             NaN	             NaN	             NaN	   2.8513611e+01	   2.6696941e+01	   2.4963435e+01	   2.3634636e+01	   2.1957942e+01	   2.1227396e+01	   2.0836496e+01	   1.9691402e+01	   1.9025908e+01	   1.8392704e+01	   1.7664706e+01	   1.6920672e+01	   1.6532527e+01	   1.6098061e+01	   1.5669927e+01	   1.5281545e+01	   1.5061585e+01	   1.4639275e+01	   1.4811066e+01	   1.4721745e+01	   1.4562338e+01	   1.4169126e+01	   1.3831734e+01	   1.3249582e+01	   1.2640499e+01	   1.2206770e+01	   1.1838966e+01	
   0.0000000e+00	             NaN	             NaN	             NaN	             NaN	             NaN	   2.7748028e+01	   2.6276719e+01	   2.4991724e+01	   2.3332195e+01	   2.1931214e+01	   2.1164246e+01	   2.0419835e+01	   1.9449946e+01	   1.9033803e+01	   1.8045673e+01	   1.7555211e+01	   1.6771732e+01	   1.6213369e+01	   1.5779817e+01	   1.5604779e+01	   1.5145189e+01	   1.4931744e+01	   1.4668718e+01	   1.4625017e+01	   1.4657464e+01	   1.4315652e+01	   1.4039979e+01	   1.3534523e+01	   1.3049672e+01	   1.2596173e+01	   1.2148745e+01	   1.1804139e+01	
   0.0000000e+00	             NaN	             NaN	             NaN	             NaN	             NaN	             NaN	   2.6315509e+01	   2.4854524e+01	   2.2952308e+01	   2.2081036e+01	   2.1083266e+01	   2.0202458e+01	   1.9493862e+01	   1.8793437e+01	   1.8267165e+01	   1.7388347e+01	   1.6855448e+01	   1.6149057e+01	   1.5812589e+01	   1.5396255e+01	   1.4896909e+01	   1.4636764e+01	   1.4383806e+01	   1.4288290e+01	   1.4242417e+01	   1.4115319e+01	   1.3820205e+01	   1.3378296e+01	   1.2919586e+01	   1.2420842e+01	   1.1962401e+01	   1.1661548e+01	
   0.0000000e+00	             NaN	             NaN	             NaN	             NaN	             NaN	             NaN	   2.6127071e+01	   2.4161438e+01	   2.3089199e+01	   2.1554677e+01	   2.1011448e+01	   2.0143959e+01	   1.9470504e+01	   1.8733700e+01	   1.8064185e+01	   1.7129966e+01	   1.6328141e+01	   1.5999243e+01	   1.5611043e+01	   1.5149827e+01	   1.4685060e+01	   1.4481444e+01	   1.4234943e+01	   1.4154545e+01	   1.4176581e+01	   1.3863316e+01	   1.3572646e+01	   1.3086128e+01	   1.2757526e+01	   1.2201553e+01	   1.1893226e+01	   1.1618332e+01	
   0.0000000e+00	   0.0000000e+00	             NaN	             NaN	             NaN	             NaN	             NaN	   2.5973830e+01	   2.4480248e+01	   2.2879760e+01	   2.1416586e+01	   2.0680829e+01	   2.0082259e+01	   1.9429417e+01	   1.8511765e+01	   1.7856567e+01	   1.6987367e+01	   1.6343220e+01	   1.5916813e+01	   1.5347268e+01	   1.4923879e+01	   1.4607418e+01	   1.4358222e+01	   1.3833268e+01	   1.3915398e+01	   1.3877127e+01	   1.3621211e+01	   1.3229236e+01	   1.2964992e+01	   1.2473949e+01	   1.1977236e+01	   1.1794330e+01	   1.1394322e+01	
   0.0000000e+00	   0.0000000e+00	             NaN	             NaN	             NaN	             NaN	             NaN	   2.5999357e+01	   2.3658904e+01	   2.2731176e+01	   2.1441327e+01	   2.0371006e+01	   1.9786033e+01	   1.9325447e+01	   1.8503514e+01	   1.7627142e+01	   1.6907924e+01	   1.6373992e+01	   1.5570440e+01	   1.5082115e+01	   1.4700812e+01	   1.4343832e+01	   1.3975098e+01	   1.3861306e+01	   1.3611899e+01	   1.3611202e+01	   1.3513528e+01	   1.3187788e+01	   1.2770756e+01	   1.2444421e+01	   1.1938602e+01	   1.1620222e+01	   1.1350633e+01	
   0.0000000e+00	   0.0000000e+00	             NaN	             NaN	             NaN	             NaN	             NaN	   2.5857606e+01	   2.3457026e+01	   2.2258155e+01	   2.1056677e+01	   2.0240718e+01	   1.9671111e+01	   1.8917581e+01	   1.8163496e+01	   1.7532725e+01	   1.6705739e+01	   1.5931714e+01	   1.5284666e+01	   1.4925121e+01	   1.4426914e+01	   1.4017217e+01	   1.3722532e+01	   1.3445379e+01	   1.3443012e+01	   1.3461137e+01	   1.3164557e+01	   1.2941414e+01	   1.2468760e+01	   1.2190143e+01	   1.1791524e+01	   1.1352506e+01	   1.1041350e+01	
   0.0000000e+00	   0.0000000e+00	             NaN	             NaN	             NaN	             NaN	             NaN	             NaN	   2.3476439e+01	   2.2247130e+01	   2.0878082e+01	   1.9761124e+01	   1.9314909e+01	   1.8700187e+01	   1.8005034e+01	   1.7119916e+01	   1.6431103e+01	   1.5828337e+01	   1.5325338e+01	   1.4803725e+01	   1.4250943e+01	   1.3844453e+01	   1.3629543e+01	   1.3403736e+01	   1.3326186e+01	   1.3072645e+01	   1.2951986e+01	   1.2684645e+01	   1.2207546e+01	   1.1841946e+01	   1.1508287e+01	   1.1146758e+01	   1.0964441e+01	
   0.0000000e+00	   0.0000000e+00	             NaN	             NaN	             NaN	             NaN	             NaN	             NaN	   2.3411738e+01	   2.1640994e+01	   2.0591005e+01	   1.9747837e+01	   1.9117584e+01	   1.8409940e+01	   1.7804422e+01	   1.6899663e+01	   1.6293559e+01	   1.5488190e+01	   1.4968108e+01	   1.4541872e+01	   1.4159995e+01	   1.3602500e+01	   1.3316864e+01	   1.3064210e+01	   1.2917047e+01	   1.2987335e+01	   1.2600195e+01	   1.2390815e+01	   1.1984741e+01	   1.1611707e+01	   1.1408396e+01	   1.1029013e+01	   1.0729424e+01	
   0.0000000e+00	   0.0000000e+00	   0.0000000e+00	             NaN	             NaN	             NaN	             NaN	             NaN	   2.3385472e+01	   2.1868121e+01	   2.0723334e+01	   1.9789056e+01	   1.9143099e+01	   1.8268155e+01	   1.7733958e+01	   1.6909639e+01	   1.6206236e+01	   1.5643060e+01	   1.4844184e+01	   1.4425256e+01	   1.3959117e+01	   1.3461450e+01	   1.3167332e+01	   1.2880828e+01	   1.2756212e+01	   1.2800385e+01	   1.2567711e+01	   1.2237901e+01	   1.1852163e+01	   1.1638694e+01	   1.1136301e+01	   1.1057658e+01	   1.0673950e+01	
   0.0000000e+00	   0.0000000e+00	   0.0000000e+00	             NaN	             NaN	             NaN	             NaN	             NaN	   2.3153873e+01	   2.1496759e+01	   2.0211817e+01	   1.9535440e+01	   1.8835080e+01	   1.8077060e+01	   1.7495024e+01	   1.6781121e+01	   1.5881819e+01	   1.5339573e+01	   1.4667723e+01	   1.4213404e+01	   1.3756382e+01	   1.3345808e+01	   1.2994735e+01	   1.2624820e+01	   1.2511048e+01	   1.2480366e+01	   1.2367762e+01	   1.2049290e+01	   1.1717223e+01	   1.1383150e+01	   1.1033753e+01	   1.0738660e+01	   1.0477985e+01	
   0.0000000e+00	   0.0000000e+00	   0.0000000e+00	             NaN	             NaN	             NaN	             NaN	             NaN	   2.2564038e+01	   2.1367289e+01	   2.0236211e+01	   1.9237303e+01	   1.8668214e+01	   1.8104038e+01	   1.7291132e+01	   1.6591372e+01	   1.5812516e+01	   1.5206087e+01	   1.4513463e+01	   1.4175422e+01	   1.3533276e+01	   1.3084769e+01	   1.2733634e+01	   1.2584589e+01	   1.2378814e+01	   1.2341897e+01	   1.2003912e+01	   1.1812967e+01	   1.1539106e+01	   1.1187881e+01	   1.0836330e+01	   1.0644911e+01	   1.0388209e+01	
   0.0000000e+00	   0.0000000e+00	   0.0000000e+00	             NaN	             NaN	             NaN	             NaN	             NaN	   2.2723423e+01	   2.0980706e+01	   2.0272186e+01	   1.8943865e+01	   1.8333353e+01	   1.7980490e+01	   1.7112824e+01	   1.6300603e+01	   1.5522391e+01	   1.5047743e+01	   1.4288235e+01	   1.3945121e+01	   1.3344025e+01	   1.2797128e+01	   1.2500378e+01	   1.2252113e+01	   1.2257471e+01	   1.2051079e+01	   1.1783387e+01	   1.1636358e+01	   1.1287767e+01	   1.0960084e+01	   1.0723491e+01	   1.0401687e+01	   1.0190236e+01	
   0.0000000e+00	   0.0000000e+00	   0.0000000e+00	             NaN	             NaN	             NaN	             NaN	             NaN	             NaN	   2.0909989e+01	   1.9686988e+01	   1.8800190e+01	   1.8293137e+01	   1.7518212e+01	   1.6724088e+01	   1.6214266e+01	   1.5421483e+01	   1.4834113e+01	   1.4320083e+01	   1.3518809e+01	   1.3312880e+01	   1.2872461e+01	   1.2376700e+01	   1.1947709e+01	   1.2005884e+01	   1.1855229e+01	   1.1638205e+01	   1.1436441e+01	   1.1123797e+01	   1.0813265e+01	   1.0491310e+01	   1.0217076e+01	   9.9977558e+00	
   0.0000000e+00	   0.0000000e+00	   0.0000000e+00	   0.0000000e+00	             NaN	             NaN	             NaN	             NaN	             NaN	   2.0593348e+01	   1.9261659e+01	   1.8912681e+01	   1.8158390e+01	   1.7327737e+01	   1.6436278e+01	   1.5771886e+01	   1.4995618e+01	   1.4585773e+01	   1.3881972e+01	   1.3338755e+01	   1.2914511e+01	   1.2387238e+01	   1.2102699e+01	   1.1969020e+01	   1.1810095e+01	   1.1638519e+01	   1.1403551e+01	   1.1175918e+01	   1.0831852e+01	   1.0652513e+01	   1.0283011e+01	   1.0122408e+01	   9.7458758e+00	
   0.0000000e+00	   0.0000000e+00	   0.0000000e+00	   0.0000000e+00	             NaN	             NaN	             NaN	             NaN	             NaN	   2.0460966e+01	   1.9257141e+01	   1.8660377e+01	   1.7848514e+01	   1.7201664e+01	   1.6460382e+01	   1.5762542e+01	   1.4920695e+01	   1.4376722e+01	   1.3744490e+01	   1.3177261e+01	   1.2848596e+01	   1.2419624e+01	   1.1929170e+01	   1.1675899e+01	   1.1583491e+01	   1.1378833e+01	   1.1164093e+01	   1.0936791e+01	   1.0469993e+01	   1.0368867e+01	   1.0184275e+01	   9.7969241e+00	   9.6832263e+00	
   0.0000000e+00	   0.0000000e+00	   0.0000000e+00	   0.0000000e+00	             NaN	             NaN	             NaN	             NaN	             NaN	   2.0141628e+01	   1.8969928e+01	   1.8234301e+01	   1.7616381e+01	   1.7198512e+01	   1.6267086e+01	   1.5331751e+01	   1.4930474e+01	   1.4215489e+01	   1.3590329e+01	   1.3075246e+01	   1.2526567e+01	   1.2034945e+01	   1.1720003e+01	   1.1399185e+01	   1.1348964e+01	   1.1228336e+01	   1.0991993e+01	   1.0669312e+01	   1.0356647e+01	   1.0171221e+01	   9.8484421e+00	   9.6328201e+00	   9.4542080e+00	
   0.0000000e+00	   0.0000000e+00	   0.0000000e+00	   0.0000000e+00	             NaN	             NaN	             NaN	             NaN	             NaN	   1.9989583e+01	   1.8844810e+01	   1.7920393e+01	   1.7309513e+01	   1.6777145e+01	   1.5833342e+01	   1.5359072e+01	   1.4525394e+01	   1.3938041e+01	   1.3409859e+01	   1.2747654e+01	   1.2155202e+01	   1.1933669e+01	   1.1443954e+01	   1.1268114e+01	   1.1021749e+01	   1.0953542e+01	   1.0669754e+01	   1.0544446e+01	   1.0206807e+01	   9.9353255e+00	   9.6948922e+00	   9.4829797e+00	   9.3580789e+00	
   0.0000000e+00	   0.0000000e+00	   0.0000000e+00	   0.0000000e+00	             NaN	             NaN	             NaN	             NaN	             NaN	             NaN	   1.8757817e+01	   1.7756123e+01	   1.7155556e+01	   1.6394257e+01	   1.5812562e+01	   1.5082235e+01	   1.4313282e+01	   1.3872841e+01	   1.3168634e+01	   1.2540746e+01	   1.2077299e+01	   1.1712746e+01	   1.1329201e+01	   1.1062097e+01	   1.0877958e+01	   1.0791365e+01	   1.0569403e+01	   1.0282907e+01	   1.0117223e+01	   9.7507023e+00	   9.4745830e+00	   9.2702604e+00	   9.0657473e+00	
   0.0000000e+00	   0.0000000e+00	   0.0000000e+00	   0.0000000e+00	             NaN	             NaN	             NaN	             NaN	             NaN	             NaN	   1.8203166e+01	   1.7403336e+01	   1.6821365e+01	   1.6073947e+01	   1.5583350e+01	   1.4791605e+01	   1.3876133e+01	   1.3400340e+01	   1.2972485e+01	   1.2393777e+01	   1.1914332e+01	   1.1523913e+01	   1.0992806e+01	   1.0727692e+01	   1.0630241e+01	   1.0442809e+01	   1.0357936e+01	   1.0091292e+01	   9.7770566e+00	   9.5626223e+00	   9.3485360e+00	   9.1247560e+00	   8.9053673e+00	
   0.0000000e+00	   0.0000000e+00	   0.0000000e+00	   0.0000000e+00	   0.0000000e+00	             NaN	             NaN	             NaN	             NaN	             NaN	   1.8193887e+01	   1.7023025e+01	   1.6632948e+01	   1.5923992e+01	   1.5242901e+01	   1.4555150e+01	   1.4035660e+01	   1.3352360e+01	   1.2823255e+01	   1.2193477e+01	   1.1759063e+01	   1.1252279e+01	   1.0966586e+01	   1.0635700e+01	   1.0462178e+01	   1.0401072e+01	   1.0157861e+01	   9.8919741e+00	   9.6082717e+00	   9.3884985e+00	   9.0590012e+00	   8.8515119e+00	   8.7229507e+00	
   0.0000000e+00	   0.0000000e+00	   0.0000000e+00	   0.0000000e+00	   0.0000000e+00	             NaN	             NaN	             NaN	             NaN	             NaN	   1.7885295e+01	   1.7162377e+01	   1.6577244e+01	   1.5795445e+01	   1.5263087e+01	   1.4427332e+01	   1.3617936e+01	   1.3249021e+01	   1.2442290e+01	   1.2166155e+01	   1.1497384e+01	   1.1212184e+01	   1.0603181e+01	   1.0391459e+01	   1.0156067e+01	   1.0083715e+01	   9.8835117e+00	   9.6417874e+00	   9.3270630e+00	   9.0996352e+00	   8.9495163e+00	   8.7087640e+00	   8.4956736e+00	
   0.0000000e+00	   0.0000000e+00	   0.0000000e+00	   0.0000000e+00	   0.0000000e+00	             NaN	             NaN	             NaN	             NaN	             NaN	   1.7689269e+01	   1.6943107e+01	   1.6211721e+01	   1.5452638e+01	   1.4943977e+01	   1.4073141e+01	   1.3404245e+01	   1.2837933e+01	   1.2287321e+01	   1.1905784e+01	   1.1246061e+01	   1.0892680e+01	   1.0509690e+01	   1.0200937e+01	   9.9591344e+00	   9.8249844e+00	   9.7556804e+00	   9.4867245e+00	   9.1124125e+00	   9.0329447e+00	   8.7456143e+00	   8.5105048e+00	   8.3062892e+00	
   0.0000000e+00	   0.0000000e+00	   0.0000000e+00	   0.0000000e+00	   0.0000000e+00	             NaN	             NaN	             NaN	             NaN	             NaN	             NaN	   1.6518039e+01	   1.5796753e+01	   1.5430282e+01	   1.4590892e+01	   1.3855858e+01	   1.3208963e+01	   1.2737919e+01	   1.2222574e+01	   1.1493069e+01	   1.1146137e+01	   1.0678017e+01	   1.0309965e+01	   9.9505907e+00	   9.9780117e+00	   9.7784301e+00	   9.6036308e+00	   9.2056829e+00	   9.0387402e+00	   8.8403027e+00	   8.5464844e+00	   8.3663266e+00	   8.2262665e+00	
   0.0000000e+00	   0.0000000e+00	   0.0000000e+00	   0.0000000e+00	   0.0000000e+00	             NaN	             NaN	             NaN	             NaN	             NaN	             NaN	   1.6386395e+01	   1.5589551e+01	   1.4980566e+01	   1.4239985e+01	   1.3671183e+01	   1.3080602e+01	   1.2624835e+01	   1.2022953e+01	   1.1284021e+01	   1.0972477e+01	   1.0391797e+01	   1.0183930e+01	   9.7397832e+00	   9.5325376e+00	   9.5606136e+00	   9.2674277e+00	   9.1071205e+00	   8.8450325e+00	   8.5101172e+00	   8.2872253e+00	   8.0673562e+00	   8.0171307e+00	
   0.0000000e+00	   0.0000000e+00	   0.0000000e+00	   0.0000000e+00	   0.0000000e+00	   0.0000000e+00	             NaN	             NaN	             NaN	             NaN	             NaN	   1.6263177e+01	   1.5432486e+01	   1.4730457e+01	   1.4272719e+01	   1.3597742e+01	   1.2884206e+01	   1.2075627e+01	   1.1562522e+01	   1.1210042e+01	   1.0753398e+01	   1.0135032e+01	   9.9158719e+00	   9.5448150e+00	   9.4656664e+00	   9.3210496e+00	   9.1034671e+00	   8.9083443e+00	   8.5557700e+00	   8.3548628e+00	   8.2504988e+00	   7.9196045e+00	   7.8311270e+00	
   0.0000000e+00	   0.0000000e+00	   0.0000000e+00	   0.0000000e+00	   0.0000000e+00	   0.0000000e+00	             NaN	             NaN	             NaN	             NaN	             NaN	   1.5931765e+01	   1.5127013e+01	   1.4469672e+01	   1.3958372e+01	   1.3291657e+01	   1.2763851e+01	   1.2009729e+01	   1.1391798e+01	   1.1014276e+01	   1.0657660e+01	   1.0288276e+01	   9.7436735e+00	   9.4443569e+00	   9.2276061e+00	   9.1952308e+00	   8.8531305e+00	   8.7764527e+00	   8.4510554e+00	   8.2268358e+00	   7.9122680e+00	   7.7249181e+00	   7.7157517e+00	
   0.0000000e+00	   0.0000000e+00	   0.0000000e+00	   0.0000000e+00	   0.0000000e+00	   0.0000000e+00	             NaN	             NaN	             NaN	             NaN	             NaN	   1.6030470e+01	   1.5015987e+01	   1.4536295e+01	   1.3661853e+01	   1.2975878e+01	   1.2493997e+01	   1.1931682e+01	   1.1358147e+01	   1.0671404e+01	   1.0377971e+01	   9.9420356e+00	   9.4337921e+00	   9.1345809e+00	   9.0962355e+00	   8.8490051e+00	   8.7437924e+00	   8.4675892e+00	   8.2472054e+00	   8.0143379e+00	   7.8312097e+00	   7.6386350e+00	   7.5516492e+00	
   0.0000000e+00	   0.0000000e+00	   0.0000000e+00	   0.0000000e+00	   0.0000000e+00	   0.0000000e+00	             NaN	             NaN	             NaN	             NaN	             NaN	             NaN	   1.4953851e+01	   1.4160073e+01	   1.3666141e+01	   1.2774331e+01	   1.2367902e+01	   1.1608067e+01	   1.1016323e+01	   1.0603267e+01	   9.9691085e+00	   9.8245336e+00	   9.4614510e+00	   9.1071491e+00	   8.8453742e+00	   8.6121379e+00	   8.5777261e+00	   8.2864951e+00	   8.0941750e+00	   7.7163182e+00	   7.5148415e+00	   7.4988024e+00	   7.3343982e+00	
   0.0000000e+00	   0.0000000e+00	   0.0000000e+00	   0.0000000e+00	   0.0000000e+00	   0.0000000e+00	             NaN	             NaN	             NaN	             NaN	             NaN	             NaN	   1.4742317e+01	   1.3820960e+01	   1.3112520e+01	   1.2705011e+01	   1.2031860e+01	   1.1470682e+01	   1.0817471e+01	   1.0409457e+01	   9.9155960e+00	   9.6668061e+00	   9.0596491e+00	   8.8474155e+00	   8.7217982e+00	   8.4630375e+00	   8.3861010e+00	   8.0178335e+00	   7.8212220e+00	   7.6295898e+00	   7.4441728e+00	   7.2484100e+00	   7.1375522e+00	
   0.0000000e+00	   0.0000000e+00	   0.0000000e+00	   0.0000000e+00	   0.0000000e+00	   0.0000000e+00	   0.0000000e+00	             NaN	             NaN	             NaN	             NaN	             NaN	   1.4235105e+01	   1.3722356e+01	   1.3009515e+01	   1.2396851e+01	   1.1628817e+01	   1.1240654e+01	   1.0472273e+01	   1.0188086e+01	   9.6699268e+00	   9.2889387e+00	   8.9090609e+00	   8.6937543e+00	   8.3281421e+00	   8.2891645e+00	   8.1016414e+00	   7.8987403e+00	   7.7456590e+00	   7.4691428e+00	   7.3508837e+00	   7.1108174e+00	   6.9266662e+00	
   0.0000000e+00	   0.0000000e+00	   0.0000000e+00	   0.0000000e+00	   0.0000000e+00	   0.0000000e+00	   0.0000000e+00	             NaN	             NaN	             NaN	             NaN	             NaN	   1.4254975e+01	   1.3377166e+01	   1.3028833e+01	   1.2278551e+01	   1.1509699e+01	   1.0932670e+01	   1.0598902e+01	   1.0134015e+01	   9.5838885e+00	   9.0001634e+00	   8.7796499e+00	   8.5241124e+00	   8.2165384e+00	   8.2154534e+00	   7.9205519e+00	   7.6300401e+00	   7.5434485e+00	   7.2532653e+00	   7.0484359e+00	   7.0188468e+00	   6.8180883e+00	
   0.0000000e+00	   0.0000000e+00	   0.0000000e+00	   0.0000000e+00	   0.0000000e+00	   0.0000000e+00	   0.0000000e+00	             NaN	             NaN	             NaN	             NaN	             NaN	   1.4073269e+01	   1.3170068e+01	   1.2621503e+01	   1.1934273e+01	   1.1428249e+01	   1.0730326e+01	   1.0446670e+01	   9.8393212e+00	   9.2397962e+00	   8.9582759e+00	   8.5871552e+00	   8.2773071e+00	   8.1370743e+00	   8.0828817e+00	   7.7596555e+00	   7.5402552e+00	   7.2878010e+00	   7.1015742e+00	   6.9186557e+00	   6.7879882e+00	   6.6121079e+00	
   0.0000000e+00	   0.0000000e+00	   0.0000000e+00	   0.0000000e+00	   0.0000000e+00	   0.0000000e+00	   0.0000000e+00	             NaN	             NaN	             NaN	             NaN	             NaN	             NaN	   1.2968632e+01	   1.2181592e+01	   1.1717383e+01	   1.0953450e+01	   1.0520457e+01	   9.9667054e+00	   9.4444214e+00	   9.2569853e+00	   8.6759317e+00	   8.3949560e+00	   8.1634448e+00	   7.8171220e+00	   7.8261504e+00	   7.5477598e+00	   7.3329862e+00	   7.1894946e+00	   6.9932604e+00	   6.7459361e+00	   6.5881814e+00	   6.5388081e+00	
   0.0000000e+00	   0.0000000e+00	   0.0000000e+00	   0.0000000e+00	   0.0000000e+00	   0.0000000e+00	   0.0000000e+00	             NaN	             NaN	             NaN	             NaN	             NaN	             NaN	   1.2806594e+01	   1.2229189e+01	   1.1421001e+01	   1.0866550e+01	   1.0411216e+01	   9.8220573e+00	   9.5601919e+00	   8.9849797e+00	   8.5652090e+00	   8.2347649e+00	   8.0033602e+00	   7.7302812e+00	   7.6582001e+00	   7.4497796e+00	   7.2861378e+00	   6.9434907e+00	   6.7392424e+00	   6.5717572e+00	   6.4290306e+00	   6.3593008e+00	
   0.0000000e+00	   0.0000000e+00	   0.0000000e+00	   0.0000000e+00	   0.0000000e+00	   0.0000000e+00	   0.0000000e+00	   0.0000000e+00	             NaN	             NaN	             NaN	             NaN	             NaN	   1.2841481e+01	   1.1909459e+01	   1.1279200e+01	   1.0895991e+01	   9.9752553e+00	   9.7966052e+00	   9.2376248e+00	   8.7535290e+00	   8.3688949e+00	   7.9611402e+00	   7.6874082e+00	   7.4528955e+00	   7.4764077e+00	   7.1359277e+00	   6.9793988e+00	   6.7179799e+00	   6.5512033e+00	   6.5328270e+00	   6.2868994e+00	   6.1965844e+00	
   0.0000000e+00	   0.0000000e+00	   0.0000000e+00	   0.0000000e+00	   0.0000000e+00	   0.0000000e+00	   0.0000000e+00	   0.0000000e+00	             NaN	             NaN	             NaN	             NaN	             NaN	   1.2726066e+01	   1.1787550e+01	   1.1180399e+01	   1.0296697e+01	   1.0091082e+01	   9.4117469e+00	   9.2722071e+00	   8.6330886e+00	   8.1846522e+00	   7.8948143e+00	   7.5646305e+00	   7.4170194e+00	   7.3174627e+00	   7.1330415e+00	   6.8581261e+00	   6.7130505e+00	   6.5114468e+00	   6.3321543e+00	   6.1240147e+00	   6.0173001e+00	
   0.0000000e+00	   0.0000000e+00	   0.0000000e+00	   0.0000000e+00	   0.0000000e+00	   0.0000000e+00	   0.0000000e+00	   0.0000000e+00	             NaN	             NaN	             NaN	             NaN	             NaN	   1.2610647e+01	   1.1288727e+01	   1.0813245e+01	   1.0460878e+01	   9.8852287e+00	   9.3532696e+00	   9.0139008e+00	   8.4945357e+00	   8.0217164e+00	   7.5967459e+00	   7.4661335e+00	   7.1858302e+00	   7.1878952e+00	   6.9492039e+00	   6.6797706e+00	   6.4622642e+00	   6.2772042e+00	   6.1533542e+00	   6.0789445e+00	   5.9929072e+00	
   0.0000000e+00	   0.0000000e+00	   0.0000000e+00	   0.0000000e+00	   0.0000000e+00	   0.0000000e+00	   0.0000000e+00	   0.0000000e+00	             NaN	             NaN	             NaN	             NaN	             NaN	             NaN	   1.1335256e+01	   1.0850936e+01	   1.0157482e+01	   9.5504195e+00	   9.0506321e+00	   8.7651281e+00	   8.3259970e+00	   7.8140322e+00	   7.5862122e+00	   7.3112574e+00	   7.1190091e+00	   6.9518205e+00	   6.7782890e+00	   6.4381660e+00	   6.4331962e+00	   6.1557131e+00	   5.9978470e+00	   5.8860020e+00	   5.9034646e+00	
   0.0000000e+00	   0.0000000e+00	   0.0000000e+00	   0.0000000e+00	   0.0000000e+00	   0.0000000e+00	   0.0000000e+00	   0.0000000e+00	             NaN	             NaN	             NaN	             NaN	             NaN	             NaN	   1.1070405e+01	   1.0403727e+01	   9.9888592e+00	   9.3831314e+00	   8.8090305e+00	   8.6357473e+00	   8.1056049e+00	   7.6680813e+00	   7.2710908e+00	   7.0910621e+00	   6.9436951e+00	   6.8009560e+00	   6.6077192e+00	   6.3412081e+00	   6.2114986e+00	   6.0524644e+00	   5.9165690e+00	   5.8750149e+00	   5.6753427e+00	
   0.0000000e+00	   0.0000000e+00	   0.0000000e+00	   0.0000000e+00	   0.0000000e+00	   0.0000000e+00	   0.0000000e+00	   0.0000000e+00	   0.0000000e+00	             NaN	             NaN	             NaN	             NaN	             NaN	   1.1278706e+01	   1.0313762e+01	   9.7921861e+00	   9.2665550e+00	   8.8322803e+00	   8.3772519e+00	   7.8940824e+00	   7.5984991e+00	   7.1648849e+00	   6.9391552e+00	   6.8317446e+00	   6.6411473e+00	   6.4063629e+00	   6.1657503e+00	   6.0903441e+00	   5.7889949e+00	   5.7652028e+00	   5.6475525e+00	   5.5842716e+00	
   0.0000000e+00	   0.0000000e+00	   0.0000000e+00	   0.0000000e+00	   0.0000000e+00	   0.0000000e+00	   0.0000000e+00	   0.0000000e+00	   0.0000000e+00	             NaN	             NaN	             NaN	             NaN	             NaN	   1.1043100e+01	   1.0420934e+01	   9.5102991e+00	   9.1468508e+00	   8.6389188e+00	   8.2516926e+00	   7.6937655e+00	   7.3437385e+00	   7.0237090e+00	   6.6904451e+00	   6.7443651e+00	   6.4241709e+00	   6.2866043e+00	   6.1367134e+00	   5.9414701e+00	   5.7007696e+00	   5.5820037e+00	   5.5109430e+00	   5.3453284e+00	
   0.0000000e+00	   0.0000000e+00	   0.0000000e+00	   0.0000000e+00	   0.0000000e+00	   0.0000000e+00	   0.0000000e+00	   0.0000000e+00	   0.0000000e+00	             NaN	             NaN	             NaN	             NaN	             NaN	   1.0839068e+01	   1.0296486e+01	   9.4290339e+00	   8.8967773e+00	   8.3278781e+00	   8.0611588e+00	   7.5342733e+00	   7.3292003e+00	   6.9529627e+00	   6.6381252e+00	   6.5940776e+00	   6.3840949e+00	   6.0785964e+00	   6.0991057e+00	   5.7497072e+00	   5.6534418e+00	   5.5044548e+00	   5.3118338e+00	   5.3346311e+00	
   0.0000000e+00	   0.0000000e+00	   0.0000000e+00	   0.0000000e+00	   0.0000000e+00	   0.0000000e+00	   0.0000000e+00	   0.0000000e+00	   0.0000000e+00	             NaN	             NaN	             NaN	             NaN	             NaN	             NaN	   1.0016498e+01	   9.1445065e+00	   8.7535389e+00	   8.1387276e+00	   7.7793904e+00	   7.6768283e+00	   7.0970453e+00	   6.7701071e+00	   6.4671142e+00	   6.4117597e+00	   6.2631716e+00	   5.9878330e+00	   5.7683105e+00	   5.7171284e+00	   5.4564707e+00	   5.4148690e+00	   5.2949187e+00	   5.1800268e+00	
   0.0000000e+00	   0.0000000e+00	   0.0000000e+00	   0.0000000e+00	   0.0000000e+00	   0.0000000e+00	   0.0000000e+00	   0.0000000e+00	   0.0000000e+00	             NaN	             NaN	             NaN	             NaN	             NaN	             NaN	   1.0020584e+01	   9.0855557e+00	   8.6840083e+00	   8.2938364e+00	   7.7842679e+00	   7.2960316e+00	   6.9979213e+00	   6.7016001e+00	   6.3563477e+00	   6.1642461e+00	   6.0761344e+00	   5.8059558e+00	   5.7021346e+00	   5.5247097e+00	   5.3208927e+00	   5.2088108e+00	   5.0937931e+00	   5.1068272e+00	
   0.0000000e+00	   0.0000000e+00	   0.0000000e+00	   0.0000000e+00	   0.0000000e+00	   0.0000000e+00	   0.0000000e+00	   0.0000000e+00	   0.0000000e+00	   0.0000000e+00	             NaN	             NaN	             NaN	             NaN	             NaN	   9.7789895e+00	   8.9360553e+00	   8.3985093e+00	   7.9559741e+00	   7.5349629e+00	   7.1876643e+00	   6.7856223e+00	   6.5379377e+00	   6.1632126e+00	   6.0704923e+00	   5.9432806e+00	   5.7339861e+00	   5.5715594e+00	   5.3814760e+00	   5.2542514e+00	   5.1950382e+00	   5.0356509e+00	   5.0023535e+00	
