   1.4545816e+00	   2.5847361e-01	  -1.3074082e+00	             NaN	             NaN	             NaN	             NaN	             NaN	             NaN	             NaN	             NaN	             NaN	             NaN	             NaN	   0.0000000e+00	   0.0000000e+00	   0.0000000e+00	   0.0000000e+00	   0.0000000e+00	   0.0000000e+00	   0.0000000e+00	   0.0000000e+00	   0.0000000e+00	   0.0000000e+00	   0.0000000e+00	   0.0000000e+00	   0.0000000e+00	   0.0000000e+00	   0.0000000e+00	   0.0000000e+00	   0.0000000e+00	   0.0000000e+00	   0.0000000e+00	
   6.5140064e+00	   4.0675018e-01	   5.9070354e-01	             NaN	             NaN	             NaN	             NaN	             NaN	             NaN	             NaN	             NaN	             NaN	             NaN	             NaN	   0.0000000e+00	   0.0000000e+00	   0.0000000e+00	   0.0000000e+00	   0.0000000e+00	   0.0000000e+00	   0.0000000e+00	   0.0000000e+00	   0.0000000e+00	   0.0000000e+00	   0.0000000e+00	   0.0000000e+00	   0.0000000e+00	   0.0000000e+00	   0.0000000e+00	   0.0000000e+00	   0.0000000e+00	   0.0000000e+00	   0.0000000e+00	
   6.2905207e+00	   1.1321399e+00	   3.1889543e+00	             NaN	             NaN	             NaN	             NaN	             NaN	             NaN	             NaN	             NaN	             NaN	             NaN	             NaN	   0.0000000e+00	   0.0000000e+00	   0.0000000e+00	   0.0000000e+00	   0.0000000e+00	   0.0000000e+00	   0.0000000e+00	   0.0000000e+00	   0.0000000e+00	   0.0000000e+00	   0.0000000e+00	   0.0000000e+00	   0.0000000e+00	   0.0000000e+00	   0.0000000e+00	   0.0000000e+00	   0.0000000e+00	   0.0000000e+00	   0.0000000e+00	
   8.2934308e+00	   2.7811308e+00	   3.1889173e+00	   6.1061274e+00	             NaN	             NaN	             NaN	             NaN	             NaN	             NaN	             NaN	             NaN	             NaN	             NaN	             NaN	   0.0000000e+00	   0.0000000e+00	   0.0000000e+00	   0.0000000e+00	   0.0000000e+00	   0.0000000e+00	   0.0000000e+00	   0.0000000e+00	   0.0000000e+00	   0.0000000e+00	   0.0000000e+00	   0.0000000e+00	   0.0000000e+00	   0.0000000e+00	   0.0000000e+00	   0.0000000e+00	   0.0000000e+00	   0.0000000e+00	
   8.7939417e+00	   5.5432542e+00	   4.1268666e+00	   7.1952908e+00	             NaN	             NaN	             NaN	             NaN	             NaN	             NaN	             NaN	             NaN	             NaN	             NaN	             NaN	   0.0000000e+00	   0.0000000e+00	   0.0000000e+00	   0.0000000e+00	   0.0000000e+00	   0.0000000e+00	   0.0000000e+00	   0.0000000e+00	   0.0000000e+00	   0.0000000e+00	   0.0000000e+00	   0.0000000e+00	   0.0000000e+00	   0.0000000e+00	   0.0000000e+00	   0.0000000e+00	   0.0000000e+00	   0.0000000e+00	
   9.2876726e+00	   5.5005735e+00	   6.3980507e+00	   7.6133692e+00	   1.0293485e+01	             NaN	             NaN	             NaN	             NaN	             NaN	             NaN	             NaN	             NaN	             NaN	             NaN	             NaN	   0.0000000e+00	   0.0000000e+00	   0.0000000e+00	   0.0000000e+00	   0.0000000e+00	   0.0000000e+00	   0.0000000e+00	   0.0000000e+00	   0.0000000e+00	   0.0000000e+00	   0.0000000e+00	   0.0000000e+00	   0.0000000e+00	   0.0000000e+00	   0.0000000e+00	   0.0000000e+00	   0.0000000e+00	
   1.2666911e+01	   8.5106089e+00	   8.6366348e+00	   8.7295322e+00	   1.1392014e+01	             NaN	             NaN	             NaN	             NaN	             NaN	             NaN	             NaN	             NaN	             NaN	             NaN	             NaN	   0.0000000e+00	   0.0000000e+00	   0.0000000e+00	   0.0000000e+00	   0.0000000e+00	   0.0000000e+00	   0.0000000e+00	   0.0000000e+00	   0.0000000e+00	   0.0000000e+00	   0.0000000e+00	   0.0000000e+00	   0.0000000e+00	   0.0000000e+00	   0.0000000e+00	   0.0000000e+00	   0.0000000e+00	
   1.3285169e+01	   9.3128680e+00	   7.8256464e+00	   9.4919495e+00	   1.2004848e+01	             NaN	             NaN	             NaN	             NaN	             NaN	             NaN	             NaN	             NaN	             NaN	             NaN	             NaN	   0.0000000e+00	   0.0000000e+00	   0.0000000e+00	   0.0000000e+00	   0.0000000e+00	   0.0000000e+00	   0.0000000e+00	   0.0000000e+00	   0.0000000e+00	   0.0000000e+00	   0.0000000e+00	   0.0000000e+00	   0.0000000e+00	   0.0000000e+00	   0.0000000e+00	   0.0000000e+00	   0.0000000e+00	
   1.4518676e+01	   9.4050343e+00	   8.5392472e+00	   1.1030060e+01	   1.2006767e+01	   1.4224476e+01	             NaN	             NaN	             NaN	             NaN	             NaN	             NaN	             NaN	             NaN	             NaN	             NaN	             NaN	   0.0000000e+00	   0.0000000e+00	   0.0000000e+00	   0.0000000e+00	   0.0000000e+00	   0.0000000e+00	   0.0000000e+00	   0.0000000e+00	   0.0000000e+00	   0.0000000e+00	   0.0000000e+00	   0.0000000e+00	   0.0000000e+00	   0.0000000e+00	   0.0000000e+00	   0.0000000e+00	
   1.4421412e+01	   1.1992519e+01	   1.0760059e+01	   1.0574930e+01	   1.2881498e+01	   1.4121411e+01	             NaN	             NaN	             NaN	             NaN	             NaN	             NaN	             NaN	             NaN	             NaN	             NaN	             NaN	   0.0000000e+00	   0.0000000e+00	   0.0000000e+00	   0.0000000e+00	   0.0000000e+00	   0.0000000e+00	   0.0000000e+00	   0.0000000e+00	   0.0000000e+00	   0.0000000e+00	   0.0000000e+00	   0.0000000e+00	   0.0000000e+00	   0.0000000e+00	   0.0000000e+00	   0.0000000e+00	
   1.4554964e+01	   1.0988903e+01	   1.0338928e+01	   1.1085714e+01	   1.2621289e+01	   1.4095364e+01	   1.6023187e+01	             NaN	             NaN	             NaN	             NaN	             NaN	             NaN	             NaN	             NaN	             NaN	             NaN	             NaN	   0.0000000e+00	   0.0000000e+00	   0.0000000e+00	   0.0000000e+00	   0.0000000e+00	   0.0000000e+00	   0.0000000e+00	   0.0000000e+00	   0.0000000e+00	   0.0000000e+00	   0.0000000e+00	   0.0000000e+00	   0.0000000e+00	   0.0000000e+00	   0.0000000e+00	
   1.5022831e+01	   1.2523743e+01	   1.1561487e+01	   1.2046529e+01	   1.2520937e+01	   1.4038367e+01	   1.6342201e+01	             NaN	             NaN	             NaN	             NaN	             NaN	             NaN	             NaN	             NaN	             NaN	             NaN	             NaN	   0.0000000e+00	   0.0000000e+00	   0.0000000e+00	   0.0000000e+00	   0.0000000e+00	   0.0000000e+00	   0.0000000e+00	   0.0000000e+00	   0.0000000e+00	   0.0000000e+00	   0.0000000e+00	   0.0000000e+00	   0.0000000e+00	   0.0000000e+00	   0.0000000e+00	
   1.6760642e+01	   1.1721847e+01	   1.2482460e+01	   1.2533835e+01	   1.3324945e+01	   1.4218882e+01	   1.5921956e+01	             NaN	             NaN	             NaN	             NaN	             NaN	             NaN	             NaN	             NaN	             NaN	             NaN	             NaN	   0.0000000e+00	   0.0000000e+00	   0.0000000e+00	   0.0000000e+00	   0.0000000e+00	   0.0000000e+00	   0.0000000e+00	   0.0000000e+00	   0.0000000e+00	   0.0000000e+00	   0.0000000e+00	   0.0000000e+00	   0.0000000e+00	   0.0000000e+00	   0.0000000e+00	
   1.5860755e+01	   1.3995420e+01	   1.3656435e+01	   1.2960622e+01	   1.2962350e+01	   1.4245569e+01	   1.6155677e+01	   1.6749059e+01	             NaN	             NaN	             NaN	             NaN	             NaN	             NaN	             NaN	             NaN	             NaN	             NaN	             NaN	   0.0000000e+00	   0.0000000e+00	   0.0000000e+00	   0.0000000e+00	   0.0000000e+00	   0.0000000e+00	   0.0000000e+00	   0.0000000e+00	   0.0000000e+00	   0.0000000e+00	   0.0000000e+00	   0.0000000e+00	   0.0000000e+00	   0.0000000e+00	
   1.6497016e+01	   1.3070482e+01	   1.3198694e+01	   1.3705046e+01	   1.3136809e+01	   1.4436375e+01	   1.6097503e+01	   1.6653559e+01	             NaN	             NaN	             NaN	             NaN	             NaN	             NaN	             NaN	             NaN	             NaN	             NaN	             NaN	   0.0000000e+00	   0.0000000e+00	   0.0000000e+00	   0.0000000e+00	   0.0000000e+00	   0.0000000e+00	   0.0000000e+00	   0.0000000e+00	   0.0000000e+00	   0.0000000e+00	   0.0000000e+00	   0.0000000e+00	   0.0000000e+00	   0.0000000e+00	
   1.6219206e+01	   1.5221325e+01	   1.3423717e+01	   1.4026193e+01	   1.3659392e+01	   1.4600476e+01	   1.5562938e+01	   1.6429033e+01	   1.5563804e+01	             NaN	             NaN	             NaN	             NaN	             NaN	             NaN	             NaN	             NaN	             NaN	             NaN	             NaN	   0.0000000e+00	   0.0000000e+00	   0.0000000e+00	   0.0000000e+00	   0.0000000e+00	   0.0000000e+00	   0.0000000e+00	   0.0000000e+00	   0.0000000e+00	   0.0000000e+00	   0.0000000e+00	   0.0000000e+00	   0.0000000e+00	
   1.5517103e+01	   1.4500271e+01	   1.3656398e+01	   1.3705853e+01	   1.3912595e+01	   1.4327133e+01	   1.6041214e+01	   1.6589462e+01	   1.5479031e+01	             NaN	             NaN	             NaN	             NaN	             NaN	             NaN	             NaN	             NaN	             NaN	             NaN	             NaN	   0.0000000e+00	   0.0000000e+00	   0.0000000e+00	   0.0000000e+00	   0.0000000e+00	   0.0000000e+00	   0.0000000e+00	   0.0000000e+00	   0.0000000e+00	   0.0000000e+00	   0.0000000e+00	   0.0000000e+00	   0.0000000e+00	
   1.6483721e+01	   1.4341843e+01	   1.4535259e+01	   1.4532520e+01	   1.3535731e+01	   1.4265019e+01	   1.5773505e+01	   1.6708390e+01	   1.5504156e+01	             NaN	             NaN	             NaN	             NaN	             NaN	             NaN	             NaN	             NaN	             NaN	             NaN	             NaN	   0.0000000e+00	   0.0000000e+00	   0.0000000e+00	   0.0000000e+00	   0.0000000e+00	   0.0000000e+00	   0.0000000e+00	   0.0000000e+00	   0.0000000e+00	   0.0000000e+00	   0.0000000e+00	   0.0000000e+00	   0.0000000e+00	
   1.6645604e+01	   1.4785697e+01	   1.4308947e+01	   1.4658744e+01	   1.4051337e+01	   1.4271945e+01	   1.5436943e+01	   1.5865477e+01	   1.5486600e+01	   1.3452540e+01	             NaN	             NaN	             NaN	             NaN	             NaN	             NaN	             NaN	             NaN	             NaN	             NaN	             NaN	   0.0000000e+00	   0.0000000e+00	   0.0000000e+00	   0.0000000e+00	   0.0000000e+00	   0.0000000e+00	   0.0000000e+00	   0.0000000e+00	   0.0000000e+00	   0.0000000e+00	   0.0000000e+00	   0.0000000e+00	
   1.8253568e+01	   1.4341569e+01	   1.4413948e+01	   1.4199716e+01	   1.3859916e+01	   1.3881031e+01	   1.5122687e+01	   1.5983456e+01	   1.5279585e+01	   1.3382645e+01	             NaN	             NaN	             NaN	             NaN	             NaN	             NaN	             NaN	             NaN	             NaN	             NaN	             NaN	   0.0000000e+00	   0.0000000e+00	   0.0000000e+00	   0.0000000e+00	   0.0000000e+00	   0.0000000e+00	   0.0000000e+00	   0.0000000e+00	   0.0000000e+00	   0.0000000e+00	   0.0000000e+00	   0.0000000e+00	
   1.6863767e+01	   1.5072106e+01	   1.4669259e+01	   1.4390886e+01	   1.3635671e+01	   1.4211972e+01	   1.5012423e+01	   1.5507527e+01	   1.5484072e+01	   1.3673310e+01	   1.0418167e+01	             NaN	             NaN	             NaN	             NaN	             NaN	             NaN	             NaN	             NaN	             NaN	             NaN	             NaN	   0.0000000e+00	   0.0000000e+00	   0.0000000e+00	   0.0000000e+00	   0.0000000e+00	   0.0000000e+00	   0.0000000e+00	   0.0000000e+00	   0.0000000e+00	   0.0000000e+00	   0.0000000e+00	
   1.8277314e+01	   1.5704842e+01	   1.5548346e+01	   1.4302143e+01	   1.3436454e+01	   1.4077071e+01	   1.4905539e+01	   1.5504045e+01	   1.5304831e+01	   1.3643589e+01	   1.1121518e+01	             NaN	             NaN	             NaN	             NaN	             NaN	             NaN	             NaN	             NaN	             NaN	             NaN	             NaN	   0.0000000e+00	   0.0000000e+00	   0.0000000e+00	   0.0000000e+00	   0.0000000e+00	   0.0000000e+00	   0.0000000e+00	   0.0000000e+00	   0.0000000e+00	   0.0000000e+00	   0.0000000e+00	
   1.7580496e+01	   1.4865108e+01	   1.4611306e+01	   1.4289987e+01	   1.3828604e+01	   1.3314712e+01	   1.4638603e+01	   1.5312335e+01	   1.5368800e+01	   1.3717974e+01	   1.1313482e+01	             NaN	             NaN	             NaN	             NaN	             NaN	             NaN	             NaN	             NaN	             NaN	             NaN	             NaN	   0.0000000e+00	   0.0000000e+00	   0.0000000e+00	   0.0000000e+00	   0.0000000e+00	   0.0000000e+00	   0.0000000e+00	   0.0000000e+00	   0.0000000e+00	   0.0000000e+00	   0.0000000e+00	
   1.5798657e+01	   1.5743393e+01	   1.4841825e+01	   1.4510330e+01	   1.3411097e+01	   1.3653078e+01	   1.4248126e+01	   1.4978566e+01	   1.5068206e+01	   1.3861922e+01	   1.1829680e+01	   8.5321282e+00	             NaN	             NaN	             NaN	             NaN	             NaN	             NaN	             NaN	             NaN	             NaN	             NaN	             NaN	   0.0000000e+00	   0.0000000e+00	   0.0000000e+00	   0.0000000e+00	   0.0000000e+00	   0.0000000e+00	   0.0000000e+00	   0.0000000e+00	   0.0000000e+00	   0.0000000e+00	
   1.6421823e+01	   1.6517898e+01	   1.5534271e+01	   1.4263994e+01	   1.3909887e+01	   1.3610804e+01	   1.4743772e+01	   1.5177024e+01	   1.5235649e+01	   1.4111840e+01	   1.1923022e+01	   9.1956493e+00	             NaN	             NaN	             NaN	             NaN	             NaN	             NaN	             NaN	             NaN	             NaN	             NaN	             NaN	   0.0000000e+00	   0.0000000e+00	   0.0000000e+00	   0.0000000e+00	   0.0000000e+00	   0.0000000e+00	   0.0000000e+00	   0.0000000e+00	   0.0000000e+00	   0.0000000e+00	
   1.6766704e+01	   1.5255189e+01	   1.4825794e+01	   1.4339897e+01	   1.4074299e+01	   1.3792038e+01	   1.4264693e+01	   1.4662882e+01	   1.5298602e+01	   1.4142158e+01	   1.2331959e+01	   9.9996674e+00	   6.4506403e+00	             NaN	             NaN	             NaN	             NaN	             NaN	             NaN	             NaN	             NaN	             NaN	             NaN	             NaN	   0.0000000e+00	   0.0000000e+00	   0.0000000e+00	   0.0000000e+00	   0.0000000e+00	   0.0000000e+00	   0.0000000e+00	   0.0000000e+00	   0.0000000e+00	
   1.6586252e+01	   1.5445150e+01	   1.4601392e+01	   1.4355431e+01	   1.3933277e+01	   1.3689521e+01	   1.4163266e+01	   1.5112694e+01	   1.5316331e+01	   1.4374750e+01	   1.2498492e+01	   1.0204449e+01	   7.9473359e+00	             NaN	             NaN	             NaN	             NaN	             NaN	             NaN	             NaN	             NaN	             NaN	             NaN	             NaN	   0.0000000e+00	   0.0000000e+00	   0.0000000e+00	   0.0000000e+00	   0.0000000e+00	   0.0000000e+00	   0.0000000e+00	   0.0000000e+00	   0.0000000e+00	
   1.7545997e+01	   1.6131535e+01	   1.5105374e+01	   1.4226526e+01	   1.4122982e+01	   1.3818934e+01	   1.4422796e+01	   1.4603327e+01	   1.4818538e+01	   1.4267886e+01	   1.2746627e+01	   1.0490066e+01	   8.6108437e+00	             NaN	             NaN	             NaN	             NaN	             NaN	             NaN	             NaN	             NaN	             NaN	             NaN	             NaN	   0.0000000e+00	   0.0000000e+00	   0.0000000e+00	   0.0000000e+00	   0.0000000e+00	   0.0000000e+00	   0.0000000e+00	   0.0000000e+00	   0.0000000e+00	
   1.6497214e+01	   1.5959877e+01	   1.4927812e+01	   1.4659484e+01	   1.4317912e+01	   1.4118680e+01	   1.4361982e+01	   1.5168599e+01	   1.4646035e+01	   1.4036615e+01	   1.2831742e+01	   1.0860766e+01	   9.2583409e+00	   6.6039659e+00	             NaN	             NaN	             NaN	             NaN	             NaN	             NaN	             NaN	             NaN	             NaN	             NaN	             NaN	   0.0000000e+00	   0.0000000e+00	   0.0000000e+00	   0.0000000e+00	   0.0000000e+00	   0.0000000e+00	   0.0000000e+00	   0.0000000e+00	
   1.6784608e+01	   1.6399047e+01	   1.4916116e+01	   1.4848258e+01	   1.4076312e+01	   1.3594714e+01	   1.3985286e+01	   1.4816730e+01	   1.4613827e+01	   1.4279253e+01	   1.2840952e+01	   1.1064116e+01	   9.4187250e+00	   7.6642464e+00	             NaN	             NaN	             NaN	             NaN	             NaN	             NaN	             NaN	             NaN	             NaN	             NaN	             NaN	   0.0000000e+00	   0.0000000e+00	   0.0000000e+00	   0.0000000e+00	   0.0000000e+00	   0.0000000e+00	   0.0000000e+00	   0.0000000e+00	
   1.5758940e+01	   1.5201441e+01	   1.5659595e+01	   1.4275602e+01	   1.3947996e+01	   1.3667788e+01	   1.4177817e+01	   1.4466138e+01	   1.4481124e+01	   1.4138396e+01	   1.3092752e+01	   1.1468430e+01	   9.9089207e+00	   8.4513445e+00	   5.7368854e+00	             NaN	             NaN	             NaN	             NaN	             NaN	             NaN	             NaN	             NaN	             NaN	             NaN	             NaN	   0.0000000e+00	   0.0000000e+00	   0.0000000e+00	   0.0000000e+00	   0.0000000e+00	   0.0000000e+00	   0.0000000e+00	
   1.7641413e+01	   1.5493432e+01	   1.5220303e+01	   1.4850152e+01	   1.4724407e+01	   1.3702330e+01	   1.4367136e+01	   1.4949601e+01	   1.4537648e+01	   1.4343665e+01	   1.3492606e+01	   1.1779143e+01	   1.0643591e+01	   9.4385310e+00	   7.2721799e+00	             NaN	             NaN	             NaN	             NaN	             NaN	             NaN	             NaN	             NaN	             NaN	             NaN	             NaN	   0.0000000e+00	   0.0000000e+00	   0.0000000e+00	   0.0000000e+00	   0.0000000e+00	   0.0000000e+00	   0.0000000e+00	
   1.7092150e+01	   1.5734055e+01	   1.5800661e+01	   1.5607950e+01	   1.5254344e+01	   1.4342572e+01	   1.4848966e+01	   1.4765075e+01	   1.5013161e+01	   1.4916349e+01	   1.3804973e+01	   1.2452907e+01	   1.1361078e+01	   1.0089890e+01	   8.7242936e+00	             NaN	             NaN	             NaN	             NaN	             NaN	             NaN	             NaN	             NaN	             NaN	             NaN	             NaN	   0.0000000e+00	   0.0000000e+00	   0.0000000e+00	   0.0000000e+00	   0.0000000e+00	   0.0000000e+00	   0.0000000e+00	
   1.7125500e+01	   1.6378625e+01	   1.6872645e+01	   1.6580460e+01	   1.5697735e+01	   1.5191233e+01	   1.5300374e+01	   1.5538715e+01	   1.5460968e+01	   1.5147233e+01	   1.4452510e+01	   1.3252757e+01	   1.2125297e+01	   1.1044225e+01	   9.9388807e+00	   7.4459141e+00	             NaN	             NaN	             NaN	             NaN	             NaN	             NaN	             NaN	             NaN	             NaN	             NaN	             NaN	   0.0000000e+00	   0.0000000e+00	   0.0000000e+00	   0.0000000e+00	   0.0000000e+00	   0.0000000e+00	
   1.5582729e+01	   1.5783848e+01	   1.6820840e+01	   1.6519148e+01	   1.5987467e+01	   1.5437933e+01	   1.5780170e+01	   1.5753781e+01	   1.5857714e+01	   1.5776320e+01	   1.4740361e+01	   1.3608114e+01	   1.2838955e+01	   1.1782654e+01	   1.0765195e+01	   9.3124679e+00	             NaN	             NaN	             NaN	             NaN	             NaN	             NaN	             NaN	             NaN	             NaN	             NaN	             NaN	   0.0000000e+00	   0.0000000e+00	   0.0000000e+00	   0.0000000e+00	   0.0000000e+00	   0.0000000e+00	
   1.6339678e+01	   1.6794681e+01	   1.6868224e+01	   1.7383018e+01	   1.6707066e+01	   1.6178140e+01	   1.6230068e+01	   1.6244612e+01	   1.6106838e+01	   1.5715433e+01	   1.5356870e+01	   1.4220175e+01	   1.3446539e+01	   1.2686064e+01	   1.1752678e+01	   1.0593273e+01	   7.6958218e+00	             NaN	             NaN	             NaN	             NaN	             NaN	             NaN	             NaN	             NaN	             NaN	             NaN	             NaN	   0.0000000e+00	   0.0000000e+00	   0.0000000e+00	   0.0000000e+00	   0.0000000e+00	
   1.6116465e+01	   1.6580981e+01	   1.7669503e+01	   1.8017605e+01	   1.7051251e+01	   1.6476943e+01	   1.6311759e+01	   1.6453432e+01	   1.6201818e+01	   1.6372698e+01	   1.5801350e+01	   1.4670500e+01	   1.4195646e+01	   1.3478626e+01	   1.2496270e+01	   1.1521403e+01	   8.7784132e+00	             NaN	             NaN	             NaN	             NaN	             NaN	             NaN	             NaN	             NaN	             NaN	             NaN	             NaN	   0.0000000e+00	   0.0000000e+00	   0.0000000e+00	   0.0000000e+00	   0.0000000e+00	
   1.6990991e+01	   1.7259393e+01	   1.6981544e+01	   1.8672092e+01	   1.8084866e+01	   1.7519701e+01	   1.7161008e+01	   1.7162003e+01	   1.6811658e+01	   1.6608259e+01	   1.6392618e+01	   1.5536087e+01	   1.4942417e+01	   1.4211005e+01	   1.3443876e+01	   1.2520028e+01	   1.0762725e+01	             NaN	             NaN	             NaN	             NaN	             NaN	             NaN	             NaN	             NaN	             NaN	             NaN	             NaN	   0.0000000e+00	   0.0000000e+00	   0.0000000e+00	   0.0000000e+00	   0.0000000e+00	
   1.5752707e+01	   1.6606490e+01	   1.8770227e+01	   1.9339155e+01	   1.9091382e+01	   1.8191666e+01	   1.7748855e+01	   1.7568077e+01	   1.7440586e+01	   1.7367253e+01	   1.6901664e+01	   1.6135575e+01	   1.5764101e+01	   1.5293484e+01	   1.4368885e+01	   1.3503255e+01	   1.1831096e+01	   9.7445821e+00	             NaN	             NaN	             NaN	             NaN	             NaN	             NaN	             NaN	             NaN	             NaN	             NaN	             NaN	   0.0000000e+00	   0.0000000e+00	   0.0000000e+00	   0.0000000e+00	
   1.7355429e+01	   1.7317893e+01	   1.8880890e+01	   1.9643387e+01	   1.9627389e+01	   1.9282426e+01	   1.8468935e+01	   1.8374693e+01	   1.7754168e+01	   1.7920374e+01	   1.7610194e+01	   1.7059127e+01	   1.6520252e+01	   1.6019085e+01	   1.5398007e+01	   1.4540988e+01	   1.3315819e+01	   1.1030750e+01	             NaN	             NaN	             NaN	             NaN	             NaN	             NaN	             NaN	             NaN	             NaN	             NaN	             NaN	   0.0000000e+00	   0.0000000e+00	   0.0000000e+00	   0.0000000e+00	
   1.6154179e+01	   1.6922271e+01	   1.9821092e+01	   2.0436306e+01	   2.0752553e+01	   1.9945943e+01	   1.9375168e+01	   1.8861978e+01	   1.8742132e+01	   1.8494652e+01	   1.8238314e+01	   1.7770862e+01	   1.7355238e+01	   1.6983788e+01	   1.6381322e+01	   1.5673832e+01	   1.4430942e+01	   1.2509908e+01	   1.0610616e+01	             NaN	             NaN	             NaN	             NaN	             NaN	             NaN	             NaN	             NaN	             NaN	             NaN	             NaN	   0.0000000e+00	   0.0000000e+00	   0.0000000e+00	
   1.9498795e+01	   1.7939616e+01	   2.0172936e+01	   2.2314210e+01	   2.1283015e+01	   2.0881993e+01	   2.0116596e+01	   1.9668596e+01	   1.9358282e+01	   1.9129561e+01	   1.9106321e+01	   1.8934321e+01	   1.8495975e+01	   1.8138681e+01	   1.7451168e+01	   1.6682862e+01	   1.5795309e+01	   1.4098409e+01	   1.1479690e+01	             NaN	             NaN	             NaN	             NaN	             NaN	             NaN	             NaN	             NaN	             NaN	             NaN	             NaN	   0.0000000e+00	   0.0000000e+00	   0.0000000e+00	
   1.9931410e+01	   1.8811385e+01	   2.1528590e+01	   2.2871988e+01	   2.2686279e+01	   2.2352143e+01	   2.1584609e+01	   2.0418679e+01	   2.0122940e+01	   1.9957877e+01	   1.9777941e+01	   1.9609541e+01	   1.9533199e+01	   1.9279187e+01	   1.8625094e+01	   1.7817716e+01	   1.6691309e+01	   1.5507955e+01	   1.3019919e+01	             NaN	             NaN	             NaN	             NaN	             NaN	             NaN	             NaN	             NaN	             NaN	             NaN	             NaN	   0.0000000e+00	   0.0000000e+00	   0.0000000e+00	
   1.9993465e+01	   2.0472825e+01	   2.2448273e+01	   2.4237712e+01	   2.4298436e+01	   2.3044731e+01	   2.2475848e+01	   2.1675395e+01	   2.1189057e+01	   2.0867454e+01	   2.0977464e+01	   2.0800342e+01	   2.0564695e+01	   2.0480227e+01	   1.9870977e+01	   1.8928807e+01	   1.8105366e+01	   1.6861457e+01	   1.4555744e+01	   1.2350185e+01	             NaN	             NaN	             NaN	             NaN	             NaN	             NaN	             NaN	             NaN	             NaN	             NaN	             NaN	   0.0000000e+00	   0.0000000e+00	
   2.0872980e+01	   2.0435001e+01	   2.3881227e+01	   2.5497069e+01	   2.4897045e+01	   2.3983707e+01	   2.3197884e+01	   2.2551021e+01	   2.2172289e+01	   2.2026910e+01	   2.1902444e+01	   2.2069520e+01	   2.1706560e+01	   2.1738391e+01	   2.1354506e+01	   2.0480879e+01	   1.9243634e+01	   1.7903285e+01	   1.6181751e+01	   1.3375216e+01	             NaN	             NaN	             NaN	             NaN	             NaN	             NaN	             NaN	             NaN	             NaN	             NaN	             NaN	   0.0000000e+00	   0.0000000e+00	
   2.0503663e+01	   2.1995949e+01	   2.5230391e+01	   2.6316172e+01	   2.6300792e+01	   2.5528572e+01	   2.4521932e+01	   2.3557784e+01	   2.2984667e+01	   2.2864133e+01	   2.2767237e+01	   2.2825888e+01	   2.3024418e+01	   2.2985464e+01	   2.2421024e+01	   2.1555593e+01	   2.0367788e+01	   1.9212703e+01	   1.7421924e+01	   1.4808605e+01	   1.3068390e+01	             NaN	             NaN	             NaN	             NaN	             NaN	             NaN	             NaN	             NaN	             NaN	             NaN	             NaN	   0.0000000e+00	
   2.2812797e+01	   2.3765249e+01	   2.5535815e+01	   2.7732469e+01	   2.7393220e+01	   2.6956399e+01	   2.5542048e+01	   2.4688518e+01	   2.4046214e+01	   2.3997468e+01	   2.4248223e+01	   2.4150359e+01	   2.4279661e+01	   2.4306581e+01	   2.3779326e+01	   2.2801654e+01	   2.1640624e+01	   2.0509255e+01	   1.8693067e+01	   1.6343889e+01	   1.4044548e+01	             NaN	             NaN	             NaN	             NaN	             NaN	             NaN	             NaN	             NaN	             NaN	             NaN	             NaN	   0.0000000e+00	
   2.1750192e+01	   2.4600625e+01	   2.7653219e+01	   2.9420860e+01	   2.9243550e+01	   2.8019645e+01	   2.6769060e+01	   2.5909036e+01	   2.5057685e+01	   2.4984292e+01	   2.5303582e+01	   2.5551964e+01	   2.5645111e+01	   2.5608482e+01	   2.5012921e+01	   2.4273357e+01	   2.3076092e+01	   2.1640051e+01	   2.0080459e+01	   1.7906283e+01	   1.5192935e+01	             NaN	             NaN	             NaN	             NaN	             NaN	             NaN	             NaN	             NaN	             NaN	             NaN	             NaN	   0.0000000e+00	
   2.4036603e+01	   2.7257854e+01	   2.8094071e+01	   2.9984332e+01	   3.0871453e+01	   2.9208862e+01	   2.7989124e+01	   2.7198886e+01	   2.6015916e+01	   2.6329547e+01	   2.6229839e+01	   2.6541057e+01	   2.6858218e+01	   2.6986947e+01	   2.6582783e+01	   2.5549568e+01	   2.4209978e+01	   2.3202146e+01	   2.1259997e+01	   1.9352039e+01	   1.6519401e+01	   1.4533863e+01	             NaN	             NaN	             NaN	             NaN	             NaN	             NaN	             NaN	             NaN	             NaN	             NaN	             NaN	
   2.5647758e+01	   2.7548764e+01	   2.9251031e+01	   3.1522175e+01	   3.2006408e+01	   3.0791517e+01	   2.9711626e+01	   2.8336071e+01	   2.7405619e+01	   2.7205015e+01	   2.7295002e+01	   2.7733898e+01	   2.8069698e+01	   2.8244626e+01	   2.7870859e+01	   2.6992155e+01	   2.5643483e+01	   2.4355879e+01	   2.2557795e+01	   2.0824377e+01	   1.8143774e+01	   1.5343000e+01	             NaN	             NaN	             NaN	             NaN	             NaN	             NaN	             NaN	             NaN	             NaN	             NaN	             NaN	
   2.8292972e+01	   2.8740732e+01	   3.2184355e+01	   3.3474396e+01	   3.3944930e+01	   3.1758405e+01	   3.0568360e+01	   2.9569458e+01	   2.8522123e+01	   2.8273980e+01	   2.8647689e+01	   2.9044007e+01	   2.9476882e+01	   2.9624144e+01	   2.9023901e+01	   2.8382086e+01	   2.6996199e+01	   2.5577356e+01	   2.3706061e+01	   2.2057933e+01	   1.9458613e+01	   1.6419736e+01	   1.4542328e+01	             NaN	             NaN	             NaN	             NaN	             NaN	             NaN	             NaN	             NaN	             NaN	             NaN	
   2.9254185e+01	   3.0071227e+01	   3.3356253e+01	   3.5654119e+01	   3.5313550e+01	   3.3687038e+01	   3.2472729e+01	   3.0906255e+01	   2.9719865e+01	   2.9564376e+01	   2.9991241e+01	   2.9834551e+01	   3.0622153e+01	   3.1020689e+01	   3.0479982e+01	   2.9674536e+01	   2.8511379e+01	   2.6644377e+01	   2.5173301e+01	   2.3257258e+01	   2.1054964e+01	   1.7655544e+01	   1.5449539e+01	             NaN	             NaN	             NaN	             NaN	             NaN	             NaN	             NaN	             NaN	             NaN	             NaN	
   3.1797749e+01	   3.3047703e+01	   3.4425536e+01	   3.6251979e+01	   3.6364699e+01	   3.5172116e+01	   3.3697241e+01	   3.1982929e+01	   3.1179492e+01	   3.0524773e+01	   3.1010526e+01	   3.1397038e+01	   3.2103798e+01	   3.2522998e+01	   3.2109836e+01	   3.1086935e+01	   2.9867909e+01	   2.8367548e+01	   2.6582055e+01	   2.4638274e+01	   2.2409171e+01	   1.9227226e+01	   1.6453857e+01	             NaN	             NaN	             NaN	             NaN	             NaN	             NaN	             NaN	             NaN	             NaN	             NaN	
   3.2489893e+01	   3.5473710e+01	   3.6289570e+01	   3.9188855e+01	   3.8404359e+01	   3.6545921e+01	   3.5244757e+01	   3.3183434e+01	   3.2268656e+01	   3.1718979e+01	   3.2144043e+01	   3.2764726e+01	   3.3364827e+01	   3.3820321e+01	   3.3467392e+01	   3.2547691e+01	   3.1264795e+01	   2.9829098e+01	   2.7819926e+01	   2.5825596e+01	   2.3604447e+01	   2.0891704e+01	   1.7584174e+01	   1.5587018e+01	             NaN	             NaN	             NaN	             NaN	             NaN	             NaN	             NaN	             NaN	             NaN	
   3.4283278e+01	   3.5622737e+01	   3.7267131e+01	   3.9277020e+01	   3.9391827e+01	   3.8262099e+01	   3.6536826e+01	   3.4654413e+01	   3.3429009e+01	   3.2796077e+01	   3.3085046e+01	   3.3902305e+01	   3.4323985e+01	   3.5016903e+01	   3.4859322e+01	   3.3596705e+01	   3.2526223e+01	   3.0787246e+01	   2.9079107e+01	   2.7210934e+01	   2.4933097e+01	   2.2152764e+01	   1.8980063e+01	   1.6339021e+01	             NaN	             NaN	             NaN	             NaN	             NaN	             NaN	             NaN	             NaN	             NaN	
   3.6081126e+01	   3.8439495e+01	   4.0011819e+01	   4.1715858e+01	   4.1892009e+01	   3.9508053e+01	   3.7451845e+01	   3.6001990e+01	   3.4494777e+01	   3.4513224e+01	   3.4504953e+01	   3.5206512e+01	   3.5716281e+01	   3.6167076e+01	   3.6121468e+01	   3.5043763e+01	   3.3775199e+01	   3.2304730e+01	   3.0405770e+01	   2.8317293e+01	   2.6225310e+01	   2.3496216e+01	   2.0287206e+01	   1.7300071e+01	   1.5404462e+01	             NaN	             NaN	             NaN	             NaN	             NaN	             NaN	             NaN	             NaN	
   3.8270551e+01	   3.8465449e+01	   4.1630714e+01	   4.2737272e+01	   4.3057353e+01	   4.1006190e+01	   3.9379566e+01	   3.7153358e+01	   3.5766582e+01	   3.5408278e+01	   3.5329442e+01	   3.5802964e+01	   3.6837893e+01	   3.7467096e+01	   3.7141331e+01	   3.6247622e+01	   3.4786369e+01	   3.3508517e+01	   3.1551284e+01	   2.9742528e+01	   2.7159116e+01	   2.4688742e+01	   2.1636404e+01	   1.8381051e+01	   1.6397917e+01	             NaN	             NaN	             NaN	             NaN	             NaN	             NaN	             NaN	             NaN	
   3.8315395e+01	   4.1694106e+01	   4.3465446e+01	   4.4505506e+01	   4.4936401e+01	   4.2873901e+01	   4.0926836e+01	   3.8213325e+01	   3.6351602e+01	   3.6415516e+01	   3.6295466e+01	   3.7349644e+01	   3.7883968e+01	   3.8613052e+01	   3.8427917e+01	   3.7557255e+01	   3.6332361e+01	   3.4739423e+01	   3.2822170e+01	   3.0839884e+01	   2.8463347e+01	   2.5970841e+01	   2.2956998e+01	   1.9657864e+01	   1.7282603e+01	             NaN	             NaN	             NaN	             NaN	             NaN	             NaN	             NaN	             NaN	
   4.0967440e+01	   4.2587778e+01	   4.5896453e+01	   4.6564036e+01	   4.6119220e+01	   4.3748601e+01	   4.1156405e+01	   3.9344476e+01	   3.7363483e+01	   3.6803094e+01	   3.7257736e+01	   3.7831008e+01	   3.8822755e+01	   3.9644920e+01	   3.9426248e+01	   3.8428842e+01	   3.7241013e+01	   3.5756577e+01	   3.3977005e+01	   3.1842251e+01	   2.9798057e+01	   2.7041969e+01	   2.4244709e+01	   2.0806814e+01	   1.8127871e+01	   1.6081322e+01	             NaN	             NaN	             NaN	             NaN	             NaN	             NaN	             NaN	
   4.3255540e+01	   4.4811192e+01	   4.7068789e+01	   4.9342050e+01	   4.8043427e+01	   4.6068138e+01	   4.3264829e+01	   4.0575214e+01	   3.8990435e+01	   3.8070465e+01	   3.8116093e+01	   3.8902148e+01	   3.9805611e+01	   4.0391914e+01	   4.0497998e+01	   3.9721596e+01	   3.8566771e+01	   3.7016665e+01	   3.4982709e+01	   3.3364013e+01	   3.0649531e+01	   2.8126368e+01	   2.5418643e+01	   2.2205375e+01	   1.9386497e+01	   1.7107852e+01	             NaN	             NaN	             NaN	             NaN	             NaN	             NaN	             NaN	
   4.4235070e+01	   4.7214342e+01	   4.9223273e+01	   4.9768488e+01	   4.9123460e+01	   4.6760099e+01	   4.4565114e+01	   4.2134355e+01	   3.9792279e+01	   3.9162826e+01	   3.9065822e+01	   3.9795501e+01	   4.0580243e+01	   4.1473896e+01	   4.1340636e+01	   4.0892332e+01	   3.9406455e+01	   3.7931973e+01	   3.6152804e+01	   3.4338457e+01	   3.1862831e+01	   2.9431913e+01	   2.6491608e+01	   2.3501379e+01	   2.0405551e+01	   1.7985074e+01	   1.5495553e+01	             NaN	             NaN	             NaN	             NaN	             NaN	             NaN	
   4.4360778e+01	   4.7632140e+01	   4.9661174e+01	   5.1320811e+01	   5.0538784e+01	   4.8956270e+01	   4.5966169e+01	   4.3250373e+01	   4.1325322e+01	   3.9878466e+01	   4.0243305e+01	   4.0731976e+01	   4.1449181e+01	   4.2541398e+01	   4.2455428e+01	   4.1849145e+01	   4.0669435e+01	   3.9092759e+01	   3.7218938e+01	   3.5369143e+01	   3.3068785e+01	   3.0536277e+01	   2.7769117e+01	   2.4709236e+01	   2.1555130e+01	   1.9002430e+01	   1.6614932e+01	             NaN	             NaN	             NaN	             NaN	             NaN	             NaN	
   4.8335381e+01	   5.0000609e+01	   5.1716686e+01	   5.4233874e+01	   5.2436311e+01	   4.9952938e+01	   4.6807439e+01	   4.4551579e+01	   4.1983938e+01	   4.0931821e+01	   4.0799658e+01	   4.1362835e+01	   4.2418191e+01	   4.3519044e+01	   4.3466481e+01	   4.2734661e+01	   4.1373424e+01	   4.0071153e+01	   3.8308009e+01	   3.6265872e+01	   3.4184343e+01	   3.1459694e+01	   2.8733974e+01	   2.5905998e+01	   2.2779818e+01	   1.9957565e+01	   1.7691410e+01	             NaN	             NaN	             NaN	             NaN	             NaN	             NaN	
   5.0421737e+01	   5.1788620e+01	   5.4617131e+01	   5.4439932e+01	   5.3575237e+01	   5.1464932e+01	   4.8099640e+01	   4.5223865e+01	   4.3049429e+01	   4.1945790e+01	   4.1561803e+01	   4.2113567e+01	   4.2809759e+01	   4.3852674e+01	   4.3970048e+01	   4.3659237e+01	   4.2613855e+01	   4.0993019e+01	   3.9228533e+01	   3.7611590e+01	   3.5303219e+01	   3.2565289e+01	   2.9826420e+01	   2.6930011e+01	   2.4173981e+01	   2.1002288e+01	   1.8487045e+01	   1.5915806e+01	             NaN	             NaN	             NaN	             NaN	             NaN	
   4.8132466e+01	   5.2437574e+01	   5.4634073e+01	   5.5671751e+01	   5.4667600e+01	   5.1653733e+01	   4.9518036e+01	   4.6180496e+01	   4.3804037e+01	   4.2273621e+01	   4.2124011e+01	   4.2551300e+01	   4.3273861e+01	   4.4627065e+01	   4.4803525e+01	   4.4122606e+01	   4.3070548e+01	   4.1688432e+01	   4.0170837e+01	   3.7997946e+01	   3.5782733e+01	   3.3415646e+01	   3.0592462e+01	   2.7859860e+01	   2.5254265e+01	   2.2035088e+01	   1.9118639e+01	   1.6770847e+01	             NaN	             NaN	             NaN	             NaN	             NaN	
   5.1911037e+01	   5.3322450e+01	   5.5457287e+01	   5.6769019e+01	   5.5942284e+01	   5.2582865e+01	   5.0202190e+01	   4.6975241e+01	   4.4365639e+01	   4.3328987e+01	   4.3036160e+01	   4.3241138e+01	   4.3935037e+01	   4.5123306e+01	   4.5356145e+01	   4.5214348e+01	   4.3971737e+01	   4.2677428e+01	   4.1065356e+01	   3.8976701e+01	   3.6789756e+01	   3.4255969e+01	   3.1575279e+01	   2.8783566e+01	   2.6134092e+01	   2.2870851e+01	   1.9999756e+01	   1.7545807e+01	   1.4965885e+01	             NaN	             NaN	             NaN	             NaN	
   5.2872177e+01	   5.4279303e+01	   5.7194660e+01	   5.8177686e+01	   5.6776566e+01	   5.4735654e+01	   5.1262361e+01	   4.8280059e+01	   4.5827032e+01	   4.3870956e+01	   4.3302401e+01	   4.3608698e+01	   4.4548073e+01	   4.5600928e+01	   4.6203290e+01	   4.5442951e+01	   4.4607392e+01	   4.3255375e+01	   4.1658896e+01	   3.9923011e+01	   3.7637872e+01	   3.5126423e+01	   3.2468668e+01	   2.9696021e+01	   2.7141089e+01	   2.4152281e+01	   2.0913514e+01	   1.8423986e+01	   1.5771850e+01	             NaN	             NaN	             NaN	             NaN	
   5.3364388e+01	   5.5838343e+01	   5.8581462e+01	   5.9048610e+01	   5.7658134e+01	   5.5031071e+01	   5.2309212e+01	   4.9562547e+01	   4.6140770e+01	   4.4494868e+01	   4.3889937e+01	   4.4354359e+01	   4.4810128e+01	   4.6164840e+01	   4.6454707e+01	   4.6001471e+01	   4.5116155e+01	   4.3820175e+01	   4.2506260e+01	   4.0870391e+01	   3.8633746e+01	   3.6062470e+01	   3.3465285e+01	   3.0431835e+01	   2.8052188e+01	   2.5048272e+01	   2.1956882e+01	   1.9242136e+01	   1.6589584e+01	             NaN	             NaN	             NaN	             NaN	
   5.3217515e+01	   5.5642884e+01	   5.9527583e+01	   6.0326639e+01	   5.8844861e+01	   5.7087601e+01	   5.3534284e+01	   5.0094294e+01	   4.6491573e+01	   4.5484667e+01	   4.4572981e+01	   4.4654725e+01	   4.5494838e+01	   4.6657082e+01	   4.6768425e+01	   4.6271642e+01	   4.5665757e+01	   4.4364554e+01	   4.3203468e+01	   4.1543942e+01	   3.9330370e+01	   3.6736930e+01	   3.4218003e+01	   3.1331998e+01	   2.8679726e+01	   2.6102034e+01	   2.2747914e+01	   2.0097504e+01	   1.7460540e+01	   1.4818092e+01	             NaN	             NaN	             NaN	
   5.4658935e+01	   5.8603307e+01	   6.0015053e+01	   6.0801380e+01	   6.0456672e+01	   5.7318957e+01	   5.4831885e+01	   5.0583298e+01	   4.7323696e+01	   4.5883227e+01	   4.4665138e+01	   4.4965130e+01	   4.6056744e+01	   4.7062187e+01	   4.7218200e+01	   4.7003200e+01	   4.6413497e+01	   4.5083578e+01	   4.3767776e+01	   4.2018429e+01	   3.9987498e+01	   3.7552706e+01	   3.4891739e+01	   3.2114285e+01	   2.9616594e+01	   2.6901917e+01	   2.3866755e+01	   2.0624833e+01	   1.8197185e+01	   1.5474625e+01	             NaN	             NaN	             NaN	
   5.5930163e+01	   6.0133258e+01	   6.0494814e+01	   6.1912619e+01	   6.1787577e+01	   5.8262594e+01	   5.5523388e+01	   5.1241888e+01	   4.8394410e+01	   4.5970569e+01	   4.5197013e+01	   4.5570450e+01	   4.6270264e+01	   4.7365502e+01	   4.7445345e+01	   4.7505252e+01	   4.6498541e+01	   4.5481688e+01	   4.4152675e+01	   4.2494403e+01	   4.0563915e+01	   3.8209557e+01	   3.5441948e+01	   3.2735936e+01	   3.0507438e+01	   2.7750369e+01	   2.4830830e+01	   2.1487185e+01	   1.8917667e+01	   1.6305922e+01	   1.3857203e+01	             NaN	             NaN	
   5.6261307e+01	   5.9445192e+01	   6.2473463e+01	   6.3046035e+01	   6.1785812e+01	   5.9218206e+01	   5.6080830e+01	   5.2445180e+01	   4.8812916e+01	   4.7052268e+01	   4.5735319e+01	   4.5527311e+01	   4.6316509e+01	   4.7695509e+01	   4.7796774e+01	   4.7529843e+01	   4.6852532e+01	   4.5936425e+01	   4.4774199e+01	   4.3045173e+01	   4.1204725e+01	   3.8851949e+01	   3.5996088e+01	   3.3445735e+01	   3.1007406e+01	   2.8617922e+01	   2.5477909e+01	   2.2376737e+01	   1.9487349e+01	   1.7114280e+01	   1.4504342e+01	             NaN	             NaN	
   5.8385607e+01	   6.0222646e+01	   6.2617788e+01	   6.3322867e+01	   6.2972483e+01	   6.0341659e+01	   5.6708700e+01	   5.3114373e+01	   4.9487030e+01	   4.7067901e+01	   4.5885032e+01	   4.5731627e+01	   4.6455220e+01	   4.7452944e+01	   4.7907180e+01	   4.8041104e+01	   4.7329239e+01	   4.6383662e+01	   4.5096219e+01	   4.3621372e+01	   4.1884099e+01	   3.9236692e+01	   3.6629703e+01	   3.3965333e+01	   3.1799429e+01	   2.9285828e+01	   2.6367907e+01	   2.3341510e+01	   2.0208857e+01	   1.7682218e+01	   1.5235359e+01	             NaN	             NaN	
   5.5863135e+01	   6.1311063e+01	   6.3619278e+01	   6.4183318e+01	   6.3349818e+01	   6.0468512e+01	   5.7514947e+01	   5.3687581e+01	   4.9569863e+01	   4.8083664e+01	   4.6406475e+01	   4.5931417e+01	   4.6854527e+01	   4.7644488e+01	   4.8463664e+01	   4.8141084e+01	   4.7647362e+01	   4.6524814e+01	   4.5437660e+01	   4.3959968e+01	   4.1981756e+01	   3.9816439e+01	   3.7237405e+01	   3.4544061e+01	   3.2281884e+01	   2.9797685e+01	   2.7058414e+01	   2.4164179e+01	   2.0962815e+01	   1.8534835e+01	   1.5994355e+01	   1.3594322e+01	             NaN	
   5.8557922e+01	   6.1636259e+01	   6.3734664e+01	   6.4344265e+01	   6.4088219e+01	   6.1734462e+01	   5.7397189e+01	   5.4212693e+01	   5.0424745e+01	   4.8418931e+01	   4.6733214e+01	   4.6455047e+01	   4.6965133e+01	   4.7911148e+01	   4.8140476e+01	   4.8248783e+01	   4.7580887e+01	   4.6672028e+01	   4.5692589e+01	   4.4400419e+01	   4.2510558e+01	   4.0087754e+01	   3.7642953e+01	   3.5013538e+01	   3.2819804e+01	   3.0449140e+01	   2.7668939e+01	   2.4913901e+01	   2.1615628e+01	   1.9148617e+01	   1.6634945e+01	   1.4303468e+01	             NaN	
   5.7087723e+01	   6.1376794e+01	   6.4862263e+01	   6.5476343e+01	   6.4315211e+01	   6.2364965e+01	   5.8417174e+01	   5.4790127e+01	   5.0726053e+01	   4.8397544e+01	   4.6981478e+01	   4.6249820e+01	   4.7121019e+01	   4.7942714e+01	   4.8369105e+01	   4.8050730e+01	   4.7813017e+01	   4.6793786e+01	   4.5755859e+01	   4.4612644e+01	   4.2679007e+01	   4.0440453e+01	   3.8066317e+01	   3.5641198e+01	   3.3505566e+01	   3.0993339e+01	   2.8272945e+01	   2.5587836e+01	   2.2450179e+01	   1.9571864e+01	   1.7219713e+01	   1.5031116e+01	   1.2780720e+01	
   5.6043364e+01	   6.3574119e+01	   6.4999295e+01	   6.5971849e+01	   6.4625849e+01	   6.2243027e+01	   5.9476879e+01	   5.5342935e+01	   5.1445348e+01	   4.8845578e+01	   4.7348055e+01	   4.6803949e+01	   4.7189138e+01	   4.8043791e+01	   4.8663733e+01	   4.8646376e+01	   4.7842414e+01	   4.7467065e+01	   4.6174401e+01	   4.4821348e+01	   4.3424817e+01	   4.0676334e+01	   3.8517814e+01	   3.6076722e+01	   3.3941913e+01	   3.1544482e+01	   2.8908768e+01	   2.6363600e+01	   2.3231729e+01	   2.0287728e+01	   1.7975018e+01	   1.5672224e+01	   1.3565882e+01	
   5.9365300e+01	   6.1371008e+01	   6.5073980e+01	   6.6252910e+01	   6.5793919e+01	   6.2989155e+01	   6.0002838e+01	   5.6234029e+01	   5.2048118e+01	   4.9022306e+01	   4.7744631e+01	   4.6862293e+01	   4.7513702e+01	   4.8047794e+01	   4.8628078e+01	   4.8489708e+01	   4.8116603e+01	   4.7092637e+01	   4.6517482e+01	   4.5124566e+01	   4.3477812e+01	   4.1452088e+01	   3.8767664e+01	   3.6307071e+01	   3.4368750e+01	   3.2142231e+01	   2.9580093e+01	   2.6799140e+01	   2.3859077e+01	   2.1066116e+01	   1.8528096e+01	   1.6388559e+01	   1.4213882e+01	
   5.7224481e+01	   6.3610175e+01	   6.5922463e+01	   6.5569731e+01	   6.5687625e+01	   6.3841557e+01	   6.0757164e+01	   5.6300694e+01	   5.2834484e+01	   4.9872666e+01	   4.7840750e+01	   4.7012182e+01	   4.7583095e+01	   4.8361725e+01	   4.8666369e+01	   4.8525196e+01	   4.8174104e+01	   4.7236674e+01	   4.6639077e+01	   4.5537915e+01	   4.3705764e+01	   4.1679100e+01	   3.9228056e+01	   3.6864282e+01	   3.4740617e+01	   3.2611064e+01	   3.0000226e+01	   2.7292813e+01	   2.4604068e+01	   2.1645435e+01	   1.9133938e+01	   1.7069543e+01	   1.4907751e+01	
   5.9006786e+01	   6.3222428e+01	   6.5384294e+01	   6.7627833e+01	   6.6580415e+01	   6.3943004e+01	   6.1063068e+01	   5.6793413e+01	   5.3081039e+01	   5.0068573e+01	   4.8103437e+01	   4.7414782e+01	   4.7589043e+01	   4.8125446e+01	   4.8835849e+01	   4.8628656e+01	   4.8103592e+01	   4.7646174e+01	   4.6827832e+01	   4.5678051e+01	   4.4158197e+01	   4.1963711e+01	   3.9541768e+01	   3.7386427e+01	   3.5008170e+01	   3.2886867e+01	   3.0560749e+01	   2.7862252e+01	   2.5156652e+01	   2.2651280e+01	   1.9729351e+01	   1.7614546e+01	   1.5573511e+01	
   5.8078304e+01	   6.2732972e+01	   6.5564789e+01	   6.6883542e+01	   6.6625515e+01	   6.4612445e+01	   6.1294493e+01	   5.6953645e+01	   5.3281560e+01	   5.0266168e+01	   4.8504182e+01	   4.7659743e+01	   4.7588570e+01	   4.8469229e+01	   4.8411740e+01	   4.8587676e+01	   4.7914431e+01	   4.7407032e+01	   4.6601321e+01	   4.5680154e+01	   4.3880733e+01	   4.1801860e+01	   3.9824758e+01	   3.7415570e+01	   3.5574524e+01	   3.3327159e+01	   3.0868216e+01	   2.8469068e+01	   2.5756578e+01	   2.3038546e+01	   2.0409828e+01	   1.8216363e+01	   1.6136522e+01	
             NaN	   6.4096020e+01	   6.6393868e+01	   6.7506708e+01	   6.6988758e+01	   6.5537698e+01	   6.1757150e+01	   5.7818027e+01	   5.3713306e+01	   5.0725927e+01	   4.8766375e+01	   4.7530001e+01	   4.8027080e+01	   4.8157860e+01	   4.8315270e+01	   4.8401008e+01	   4.8077543e+01	   4.7362850e+01	   4.6848018e+01	   4.5941478e+01	   4.4280824e+01	   4.2366450e+01	   3.9862140e+01	   3.7800963e+01	   3.5735665e+01	   3.3767361e+01	   3.1426515e+01	   2.8807034e+01	   2.6275463e+01	   2.3488552e+01	   2.0937237e+01	   1.8720753e+01	   1.6803167e+01	
             NaN	   6.4341775e+01	   6.5929092e+01	   6.7317275e+01	   6.8000234e+01	   6.5428149e+01	   6.2131594e+01	   5.8344902e+01	   5.3919543e+01	   5.0814461e+01	   4.8940023e+01	   4.7777795e+01	   4.7668358e+01	   4.8421669e+01	   4.8491897e+01	   4.8627005e+01	   4.8000712e+01	   4.7441089e+01	   4.6646839e+01	   4.5763210e+01	   4.4140498e+01	   4.2264573e+01	   4.0178527e+01	   3.8026663e+01	   3.5972577e+01	   3.4204455e+01	   3.1713181e+01	   2.9187521e+01	   2.6784052e+01	   2.4262815e+01	   2.1611626e+01	   1.9237305e+01	   1.7402102e+01	
             NaN	   6.3284880e+01	   6.6301141e+01	   6.7798581e+01	   6.7351866e+01	   6.5399079e+01	   6.3154809e+01	   5.8414829e+01	   5.4273230e+01	   5.1352038e+01	   4.8862145e+01	   4.7986860e+01	   4.8009711e+01	   4.8404164e+01	   4.8339383e+01	   4.8260747e+01	   4.7773971e+01	   4.7152924e+01	   4.6589504e+01	   4.5778193e+01	   4.4310266e+01	   4.2412810e+01	   4.0345241e+01	   3.8161704e+01	   3.6529957e+01	   3.4329677e+01	   3.2050105e+01	   2.9688956e+01	   2.7168852e+01	   2.4765623e+01	   2.2129934e+01	   1.9928164e+01	   1.7869706e+01	
             NaN	   6.4667368e+01	   6.6166338e+01	   6.8095469e+01	   6.8077920e+01	   6.6114701e+01	   6.2732504e+01	   5.8466467e+01	   5.4843770e+01	   5.1671590e+01	   4.9482352e+01	   4.8083835e+01	   4.8126629e+01	   4.8306082e+01	   4.8310856e+01	   4.8198264e+01	   4.7736705e+01	   4.7167960e+01	   4.6911666e+01	   4.5647534e+01	   4.4251523e+01	   4.2592770e+01	   4.0436597e+01	   3.8219538e+01	   3.6586981e+01	   3.4477532e+01	   3.2478648e+01	   3.0078718e+01	   2.7653373e+01	   2.5347485e+01	   2.2835691e+01	   2.0456526e+01	   1.8466806e+01	
             NaN	   6.4649904e+01	   6.7353635e+01	   6.8926425e+01	   6.8277509e+01	   6.7015609e+01	   6.3081542e+01	   5.9198830e+01	   5.4904820e+01	   5.1698370e+01	   4.9764924e+01	   4.8366189e+01	   4.8191438e+01	   4.8249167e+01	   4.8219523e+01	   4.8119648e+01	   4.7552383e+01	   4.7286282e+01	   4.6376617e+01	   4.5818371e+01	   4.4233015e+01	   4.2540981e+01	   4.0594398e+01	   3.8540508e+01	   3.6614685e+01	   3.4861757e+01	   3.2717377e+01	   3.0463032e+01	   2.7951039e+01	   2.5756966e+01	   2.3451436e+01	   2.1072295e+01	   1.8949788e+01	
             NaN	   6.4846492e+01	   6.7966723e+01	   6.9167644e+01	   6.8658654e+01	   6.5898988e+01	   6.3736012e+01	   5.9624025e+01	   5.5617282e+01	   5.2166984e+01	   4.9779473e+01	   4.8542247e+01	   4.8355442e+01	   4.8212091e+01	   4.8390013e+01	   4.7899941e+01	   4.7636333e+01	   4.6943980e+01	   4.6372074e+01	   4.5507445e+01	   4.4288644e+01	   4.2425179e+01	   4.0541287e+01	   3.8568165e+01	   3.6972919e+01	   3.5067116e+01	   3.3100945e+01	   3.0963375e+01	   2.8331983e+01	   2.6008262e+01	   2.3823928e+01	   2.1687984e+01	   1.9448722e+01	
             NaN	             NaN	   6.8424271e+01	   6.8223195e+01	   6.9174308e+01	   6.6682737e+01	   6.4172715e+01	   5.9741567e+01	   5.5507774e+01	   5.2205258e+01	   5.0110414e+01	   4.8480594e+01	   4.7922833e+01	   4.8249643e+01	   4.8285869e+01	   4.7832688e+01	   4.7493034e+01	   4.6724753e+01	   4.6488654e+01	   4.5375519e+01	   4.4166702e+01	   4.2513409e+01	   4.0651642e+01	   3.8406790e+01	   3.7097369e+01	   3.5235592e+01	   3.3156082e+01	   3.1004461e+01	   2.8775668e+01	   2.6626234e+01	   2.4305032e+01	   2.2214700e+01	   2.0023839e+01	
             NaN	             NaN	   6.6594155e+01	   6.8910271e+01	   6.9471139e+01	   6.7791523e+01	   6.4323315e+01	   6.0177876e+01	   5.6279170e+01	   5.2726125e+01	   5.0087297e+01	   4.8960361e+01	   4.8187272e+01	   4.8359722e+01	   4.8036381e+01	   4.7631972e+01	   4.7217743e+01	   4.6621418e+01	   4.6023027e+01	   4.5290078e+01	   4.4144073e+01	   4.2512538e+01	   4.0497011e+01	   3.8651065e+01	   3.6958830e+01	   3.5477264e+01	   3.3377747e+01	   3.1394142e+01	   2.8996288e+01	   2.6824368e+01	   2.4619333e+01	   2.2645357e+01	   2.0510823e+01	
             NaN	             NaN	   6.7186511e+01	   6.9469777e+01	   6.9440034e+01	   6.7962656e+01	   6.4552043e+01	   6.0837107e+01	   5.5957322e+01	   5.3143480e+01	   5.0343730e+01	   4.9125464e+01	   4.8309655e+01	   4.8107327e+01	   4.7972288e+01	   4.7636818e+01	   4.6920180e+01	   4.6477581e+01	   4.5863087e+01	   4.5004582e+01	   4.3906956e+01	   4.2343206e+01	   4.0514055e+01	   3.8713340e+01	   3.7120761e+01	   3.5739144e+01	   3.3646544e+01	   3.1575148e+01	   2.9384955e+01	   2.7279326e+01	   2.5125492e+01	   2.3049685e+01	   2.1204056e+01	
             NaN	             NaN	   6.7392740e+01	   6.9344144e+01	   6.8571698e+01	   6.6926182e+01	   6.4660658e+01	   6.0448108e+01	   5.6358180e+01	   5.3077600e+01	   5.0326893e+01	   4.8903299e+01	   4.8100424e+01	   4.7890334e+01	   4.7592111e+01	   4.7182099e+01	   4.6569570e+01	   4.6420157e+01	   4.5527201e+01	   4.4741780e+01	   4.3669981e+01	   4.2238625e+01	   4.0471540e+01	   3.8563535e+01	   3.7145854e+01	   3.5684963e+01	   3.3780292e+01	   3.1634241e+01	   2.9587816e+01	   2.7470726e+01	   2.5473920e+01	   2.3587407e+01	   2.1639372e+01	
             NaN	             NaN	   6.7493282e+01	   6.8916731e+01	   6.9535172e+01	   6.7661384e+01	   6.4930314e+01	   6.1059000e+01	   5.6365461e+01	   5.3150915e+01	   5.0618172e+01	   4.8925790e+01	   4.8205250e+01	   4.7689456e+01	   4.7328284e+01	   4.6991688e+01	   4.6343222e+01	   4.6129367e+01	   4.5348228e+01	   4.4462785e+01	   4.3449167e+01	   4.1871799e+01	   4.0355359e+01	   3.8601226e+01	   3.7165914e+01	   3.5728751e+01	   3.3932389e+01	   3.1837542e+01	   2.9740878e+01	   2.7696814e+01	   2.5690153e+01	   2.3817653e+01	   2.1959241e+01	
             NaN	             NaN	             NaN	   6.9164646e+01	   6.9927807e+01	   6.8038009e+01	   6.5097633e+01	   6.0596738e+01	   5.6731578e+01	   5.3501288e+01	   5.1004413e+01	   4.8824908e+01	   4.8292904e+01	   4.8213583e+01	   4.7774101e+01	   4.7013011e+01	   4.6325757e+01	   4.5926175e+01	   4.5099586e+01	   4.4449901e+01	   4.3238983e+01	   4.1873118e+01	   4.0110421e+01	   3.8670655e+01	   3.7208324e+01	   3.5862827e+01	   3.3821708e+01	   3.2159976e+01	   3.0017467e+01	   2.8071408e+01	   2.6036640e+01	   2.4197551e+01	   2.2363295e+01	
             NaN	             NaN	             NaN	   6.8347695e+01	   6.8778292e+01	   6.7353662e+01	   6.5139881e+01	   6.1481824e+01	   5.6715203e+01	   5.3184523e+01	   5.0744345e+01	   4.8973404e+01	   4.8293326e+01	   4.7930211e+01	   4.7058964e+01	   4.6627075e+01	   4.6027526e+01	   4.5308642e+01	   4.4645605e+01	   4.4173526e+01	   4.3353340e+01	   4.1583486e+01	   4.0135502e+01	   3.8422029e+01	   3.6940520e+01	   3.5659918e+01	   3.4046029e+01	   3.2125621e+01	   3.0179721e+01	   2.8177902e+01	   2.6334133e+01	   2.4344969e+01	   2.2828477e+01	
             NaN	             NaN	             NaN	   6.8469755e+01	   6.8783543e+01	   6.7705947e+01	   6.4583128e+01	   6.1076778e+01	   5.6810265e+01	   5.3797787e+01	   5.1047269e+01	   4.9312579e+01	   4.8153695e+01	   4.8016879e+01	   4.6979127e+01	   4.6575531e+01	   4.5897547e+01	   4.5194154e+01	   4.4407606e+01	   4.3963383e+01	   4.2738441e+01	   4.1241739e+01	   3.9879539e+01	   3.8244568e+01	   3.7018127e+01	   3.5678903e+01	   3.4149620e+01	   3.2075718e+01	   3.0239321e+01	   2.8450854e+01	   2.6443550e+01	   2.4667158e+01	   2.3000960e+01	
             NaN	             NaN	             NaN	   6.8415378e+01	   6.9133011e+01	   6.8166165e+01	   6.5593806e+01	   6.1101367e+01	   5.6784193e+01	   5.3627912e+01	   5.1025238e+01	   4.9054432e+01	   4.8440594e+01	   4.7803649e+01	   4.7047966e+01	   4.6421982e+01	   4.5381948e+01	   4.4824786e+01	   4.3979180e+01	   4.3578006e+01	   4.2453245e+01	   4.1188009e+01	   3.9686292e+01	   3.8133327e+01	   3.6845840e+01	   3.5759718e+01	   3.4099922e+01	   3.2107702e+01	   3.0330883e+01	   2.8422499e+01	   2.6569292e+01	   2.4913696e+01	   2.3239311e+01	
             NaN	             NaN	             NaN	   6.8083923e+01	   6.8501291e+01	   6.7916827e+01	   6.5334787e+01	   6.0986358e+01	   5.6737494e+01	   5.3460616e+01	   5.1042142e+01	   4.9284313e+01	   4.8178794e+01	   4.7691869e+01	   4.6659381e+01	   4.6064792e+01	   4.5053638e+01	   4.4435301e+01	   4.3750572e+01	   4.3243786e+01	   4.2134300e+01	   4.0904740e+01	   3.9450039e+01	   3.8039335e+01	   3.6607146e+01	   3.5500275e+01	   3.3861785e+01	   3.2235396e+01	   3.0162314e+01	   2.8452582e+01	   2.6791344e+01	   2.5134635e+01	   2.3549749e+01	
             NaN	             NaN	             NaN	             NaN	   6.8430980e+01	   6.7817042e+01	   6.5347455e+01	   6.1456046e+01	   5.6465598e+01	   5.3358651e+01	   5.1094624e+01	   4.9091063e+01	   4.8161336e+01	   4.7411611e+01	   4.6481496e+01	   4.5899167e+01	   4.4932775e+01	   4.3950758e+01	   4.3461072e+01	   4.2542535e+01	   4.2124730e+01	   4.0534502e+01	   3.9109451e+01	   3.7859952e+01	   3.6712800e+01	   3.5424847e+01	   3.3942257e+01	   3.2261266e+01	   3.0373865e+01	   2.8613191e+01	   2.6863249e+01	   2.5186239e+01	   2.3721728e+01	
             NaN	             NaN	             NaN	             NaN	   6.8630192e+01	   6.7452254e+01	   6.5411125e+01	   6.1098057e+01	   5.6900217e+01	   5.3022172e+01	   5.0557087e+01	   4.8978444e+01	   4.7602629e+01	   4.7252269e+01	   4.6427298e+01	   4.5513964e+01	   4.4290549e+01	   4.3850047e+01	   4.2872758e+01	   4.2535866e+01	   4.1579887e+01	   4.0363474e+01	   3.8893969e+01	   3.7244355e+01	   3.6415664e+01	   3.5468880e+01	   3.3642795e+01	   3.2197032e+01	   3.0365921e+01	   2.8628404e+01	   2.7015303e+01	   2.5327606e+01	   2.3980821e+01	
             NaN	             NaN	             NaN	             NaN	   6.7624781e+01	   6.6942163e+01	   6.4982989e+01	   6.0642705e+01	   5.6588931e+01	   5.2576938e+01	   5.0882134e+01	   4.8502625e+01	   4.7745964e+01	   4.7151503e+01	   4.6131311e+01	   4.4997687e+01	   4.4070266e+01	   4.3366627e+01	   4.2703145e+01	   4.2041323e+01	   4.0982076e+01	   3.9960279e+01	   3.8338146e+01	   3.7147348e+01	   3.6204356e+01	   3.4824530e+01	   3.3580496e+01	   3.2162431e+01	   3.0331866e+01	   2.8599058e+01	   2.6886127e+01	   2.5359933e+01	   2.4107060e+01	
             NaN	             NaN	             NaN	             NaN	   6.8279787e+01	   6.6727376e+01	   6.4043984e+01	   6.0407742e+01	   5.6625081e+01	   5.2911387e+01	   5.0332736e+01	   4.8573000e+01	   4.7303750e+01	   4.6544601e+01	   4.5587994e+01	   4.4589817e+01	   4.3762677e+01	   4.2743819e+01	   4.1871174e+01	   4.1535987e+01	   4.0644127e+01	   3.9557430e+01	   3.8106644e+01	   3.6763643e+01	   3.5848626e+01	   3.4678699e+01	   3.3336216e+01	   3.1898683e+01	   3.0091103e+01	   2.8681258e+01	   2.7005200e+01	   2.5483009e+01	   2.4039521e+01	
             NaN	             NaN	             NaN	             NaN	   6.7697106e+01	   6.5797256e+01	   6.3579125e+01	   5.9855449e+01	   5.5937806e+01	   5.2925287e+01	   5.0685268e+01	   4.8262506e+01	   4.6858726e+01	   4.6387109e+01	   4.5147236e+01	   4.4144885e+01	   4.3229019e+01	   4.2291623e+01	   4.1732114e+01	   4.0947435e+01	   4.0020106e+01	   3.9076144e+01	   3.7708123e+01	   3.6455285e+01	   3.5603679e+01	   3.4470108e+01	   3.3209475e+01	   3.1797046e+01	   3.0007653e+01	   2.8369774e+01	   2.6896741e+01	   2.5517520e+01	   2.4133759e+01	
             NaN	             NaN	             NaN	             NaN	             NaN	   6.6374368e+01	   6.3394777e+01	   5.9514129e+01	   5.6142117e+01	   5.2462404e+01	   4.9458661e+01	   4.8014014e+01	   4.6687130e+01	   4.6082194e+01	   4.5104161e+01	   4.3829100e+01	   4.2750896e+01	   4.1843949e+01	   4.1098237e+01	   4.0480053e+01	   3.9794103e+01	   3.8620859e+01	   3.7276908e+01	   3.6005376e+01	   3.5038711e+01	   3.4255560e+01	   3.3051544e+01	   3.1632851e+01	   2.9976452e+01	   2.8281944e+01	   2.6791639e+01	   2.5445991e+01	   2.4124615e+01	
             NaN	             NaN	             NaN	             NaN	             NaN	   6.5161535e+01	   6.2655665e+01	   5.9451659e+01	   5.5798432e+01	   5.2234333e+01	   4.9688585e+01	   4.7669767e+01	   4.6279558e+01	   4.5413851e+01	   4.4435239e+01	   4.3598417e+01	   4.2520676e+01	   4.1495893e+01	   4.0597766e+01	   4.0073823e+01	   3.9444589e+01	   3.8095585e+01	   3.6785996e+01	   3.5609943e+01	   3.4818215e+01	   3.3951727e+01	   3.2713136e+01	   3.1410552e+01	   2.9671166e+01	   2.8239174e+01	   2.6921318e+01	   2.5429553e+01	   2.4051257e+01	
             NaN	             NaN	             NaN	             NaN	             NaN	   6.5102984e+01	   6.2877128e+01	   5.8982346e+01	   5.5866834e+01	   5.2386277e+01	   4.9495845e+01	   4.7481520e+01	   4.6156670e+01	   4.5315954e+01	   4.3909005e+01	   4.2938519e+01	   4.2032925e+01	   4.1156687e+01	   4.0124025e+01	   3.9594607e+01	   3.8664220e+01	   3.7768742e+01	   3.6321249e+01	   3.5408854e+01	   3.4614981e+01	   3.3643803e+01	   3.2456193e+01	   3.1007163e+01	   2.9433331e+01	   2.8071248e+01	   2.6578613e+01	   2.5349839e+01	   2.4094734e+01	
             NaN	             NaN	             NaN	             NaN	             NaN	   6.4771694e+01	   6.2517946e+01	   5.8222268e+01	   5.4852534e+01	   5.1792440e+01	   4.8613091e+01	   4.6797089e+01	   4.5630116e+01	   4.4780378e+01	   4.3804205e+01	   4.2416279e+01	   4.1792821e+01	   4.0528612e+01	   3.9869069e+01	   3.9285563e+01	   3.8232359e+01	   3.7248620e+01	   3.6116977e+01	   3.4866604e+01	   3.4202010e+01	   3.3310982e+01	   3.2111494e+01	   3.0873578e+01	   2.9271583e+01	   2.7878040e+01	   2.6537609e+01	   2.5151956e+01	   2.4135870e+01	
             NaN	             NaN	             NaN	             NaN	             NaN	   6.3957338e+01	   6.1838309e+01	   5.8820698e+01	   5.4034237e+01	   5.1442626e+01	   4.8531984e+01	   4.6660185e+01	   4.5433500e+01	   4.4548784e+01	   4.3315193e+01	   4.2080714e+01	   4.0999945e+01	   4.0105927e+01	   3.9555390e+01	   3.8902091e+01	   3.7847842e+01	   3.6803330e+01	   3.5724265e+01	   3.4665625e+01	   3.3827830e+01	   3.3079947e+01	   3.1992665e+01	   3.0605440e+01	   2.9241784e+01	   2.7875711e+01	   2.6501333e+01	   2.5262900e+01	   2.4148769e+01	
             NaN	             NaN	             NaN	             NaN	             NaN	             NaN	   6.1157913e+01	   5.8502374e+01	   5.4018566e+01	   5.0894314e+01	   4.8533046e+01	   4.6315068e+01	   4.5408136e+01	   4.4273840e+01	   4.3102877e+01	   4.1936126e+01	   4.0876921e+01	   3.9558278e+01	   3.9019236e+01	   3.8320323e+01	   3.7284571e+01	   3.6383840e+01	   3.5232478e+01	   3.4270219e+01	   3.3483564e+01	   3.2722524e+01	   3.1558427e+01	   3.0428537e+01	   2.8927025e+01	   2.7553652e+01	   2.6273398e+01	   2.5066244e+01	   2.4047464e+01	
             NaN	             NaN	             NaN	             NaN	             NaN	             NaN	   6.1214725e+01	   5.8180581e+01	   5.4062242e+01	   5.0888080e+01	   4.8147656e+01	   4.6171780e+01	   4.4636128e+01	   4.3879936e+01	   4.2778024e+01	   4.1337598e+01	   4.0276163e+01	   3.9531219e+01	   3.8594603e+01	   3.7492503e+01	   3.7189242e+01	   3.6080356e+01	   3.4937417e+01	   3.3911940e+01	   3.3116026e+01	   3.2432663e+01	   3.1326338e+01	   3.0135651e+01	   2.8774448e+01	   2.7407197e+01	   2.6080390e+01	   2.4986380e+01	   2.3939892e+01	
   0.0000000e+00	             NaN	             NaN	             NaN	             NaN	             NaN	   6.0550649e+01	   5.7139906e+01	   5.3412980e+01	   5.0676377e+01	   4.8097949e+01	   4.5900289e+01	   4.4644149e+01	   4.3362757e+01	   4.2196932e+01	   4.0963980e+01	   3.9739984e+01	   3.8899717e+01	   3.8087554e+01	   3.7257634e+01	   3.6503722e+01	   3.5447560e+01	   3.4573698e+01	   3.3406661e+01	   3.2822244e+01	   3.2039551e+01	   3.1227760e+01	   2.9778579e+01	   2.8453457e+01	   2.7272233e+01	   2.5878279e+01	   2.4832968e+01	   2.3869211e+01	
   0.0000000e+00	             NaN	             NaN	             NaN	             NaN	             NaN	   5.9684948e+01	   5.6920085e+01	   5.2957508e+01	   4.9997071e+01	   4.7576759e+01	   4.5252650e+01	   4.3971962e+01	   4.3140116e+01	   4.1787618e+01	   4.0181320e+01	   3.9481535e+01	   3.8269901e+01	   3.7437102e+01	   3.6922650e+01	   3.5975305e+01	   3.5040720e+01	   3.4039958e+01	   3.3084901e+01	   3.2281757e+01	   3.1666192e+01	   3.0622118e+01	   2.9636101e+01	   2.8235815e+01	   2.6795466e+01	   2.5759633e+01	   2.4724422e+01	   2.3667639e+01	
   0.0000000e+00	             NaN	             NaN	             NaN	             NaN	             NaN	   5.8754594e+01	   5.6105157e+01	   5.2752104e+01	   4.9531167e+01	   4.7218579e+01	   4.5263513e+01	   4.3354497e+01	   4.2551119e+01	   4.1489571e+01	   4.0087088e+01	   3.8902238e+01	   3.7858574e+01	   3.6992810e+01	   3.6311148e+01	   3.5604738e+01	   3.4534351e+01	   3.3654042e+01	   3.2659276e+01	   3.1950399e+01	   3.1459936e+01	   3.0258514e+01	   2.9094106e+01	   2.7836578e+01	   2.6723842e+01	   2.5565727e+01	   2.4392886e+01	   2.3462981e+01	
   0.0000000e+00	             NaN	             NaN	             NaN	             NaN	             NaN	             NaN	   5.5799180e+01	   5.2103255e+01	   4.9234577e+01	   4.6717867e+01	   4.4531337e+01	   4.3460197e+01	   4.2086543e+01	   4.0894415e+01	   3.9482595e+01	   3.8379634e+01	   3.7300754e+01	   3.6431601e+01	   3.6104757e+01	   3.5056183e+01	   3.4192263e+01	   3.3205909e+01	   3.2356299e+01	   3.1536574e+01	   3.1121862e+01	   3.0067330e+01	   2.8750113e+01	   2.7708951e+01	   2.6320373e+01	   2.5347095e+01	   2.4378236e+01	   2.3381884e+01	
   0.0000000e+00	             NaN	             NaN	             NaN	             NaN	             NaN	             NaN	   5.4888587e+01	   5.1682668e+01	   4.8790381e+01	   4.6238172e+01	   4.4519001e+01	   4.2803343e+01	   4.1944319e+01	   4.0326848e+01	   3.8924073e+01	   3.7890781e+01	   3.6719362e+01	   3.6086606e+01	   3.5415009e+01	   3.4518182e+01	   3.3502674e+01	   3.2696475e+01	   3.1721044e+01	   3.1067431e+01	   3.0534368e+01	   2.9449239e+01	   2.8550241e+01	   2.7363616e+01	   2.6087150e+01	   2.5014890e+01	   2.4193470e+01	   2.3085403e+01	
   0.0000000e+00	   0.0000000e+00	             NaN	             NaN	             NaN	             NaN	             NaN	   5.4716191e+01	   5.1152190e+01	   4.8442614e+01	   4.5901384e+01	   4.3921908e+01	   4.2579234e+01	   4.1357071e+01	   4.0010457e+01	   3.8768464e+01	   3.7535160e+01	   3.6660314e+01	   3.5638872e+01	   3.4805245e+01	   3.4121265e+01	   3.3035934e+01	   3.2049307e+01	   3.1397782e+01	   3.0638255e+01	   3.0143054e+01	   2.9352153e+01	   2.8123231e+01	   2.6986763e+01	   2.5640017e+01	   2.4689865e+01	   2.3807367e+01	   2.2854979e+01	
   0.0000000e+00	   0.0000000e+00	             NaN	             NaN	             NaN	             NaN	             NaN	   5.3482000e+01	   5.0190532e+01	   4.7664379e+01	   4.5453184e+01	   4.3432146e+01	   4.1958420e+01	   4.0703104e+01	   3.9466116e+01	   3.8373780e+01	   3.7212322e+01	   3.5886958e+01	   3.4962940e+01	   3.4323477e+01	   3.3577007e+01	   3.2630889e+01	   3.1661686e+01	   3.0933671e+01	   3.0115040e+01	   2.9655039e+01	   2.8682714e+01	   2.7802764e+01	   2.6674628e+01	   2.5471031e+01	   2.4498022e+01	   2.3564366e+01	   2.2632398e+01	
   0.0000000e+00	   0.0000000e+00	             NaN	             NaN	             NaN	             NaN	             NaN	   5.2974533e+01	   4.9588879e+01	   4.7260973e+01	   4.4585314e+01	   4.2351542e+01	   4.1118494e+01	   4.0128644e+01	   3.9047097e+01	   3.7390662e+01	   3.6576821e+01	   3.5330389e+01	   3.4383022e+01	   3.3525066e+01	   3.2953344e+01	   3.2072314e+01	   3.1033302e+01	   3.0279380e+01	   2.9763019e+01	   2.9043134e+01	   2.8289920e+01	   2.7277570e+01	   2.6280395e+01	   2.5010090e+01	   2.3918184e+01	   2.3081496e+01	   2.2396537e+01	
   0.0000000e+00	   0.0000000e+00	             NaN	             NaN	             NaN	             NaN	             NaN	             NaN	   4.9030096e+01	   4.6445599e+01	   4.3957786e+01	   4.1964236e+01	   4.0386545e+01	   3.9312098e+01	   3.8005273e+01	   3.7083426e+01	   3.5690233e+01	   3.4562575e+01	   3.3684746e+01	   3.2963422e+01	   3.2223211e+01	   3.1349355e+01	   3.0474566e+01	   2.9704350e+01	   2.9176967e+01	   2.8748630e+01	   2.7781544e+01	   2.6757789e+01	   2.5593680e+01	   2.4768954e+01	   2.3672559e+01	   2.2783823e+01	   2.2019773e+01	
   0.0000000e+00	   0.0000000e+00	             NaN	             NaN	             NaN	             NaN	             NaN	             NaN	   4.7819922e+01	   4.5974215e+01	   4.3461639e+01	   4.1370663e+01	   4.0187747e+01	   3.8889032e+01	   3.7492036e+01	   3.6457222e+01	   3.5073191e+01	   3.4135820e+01	   3.3301334e+01	   3.2460238e+01	   3.1845800e+01	   3.0582569e+01	   2.9990614e+01	   2.8932885e+01	   2.8649472e+01	   2.8055732e+01	   2.7255305e+01	   2.6396559e+01	   2.5164735e+01	   2.4275037e+01	   2.3354807e+01	   2.2402061e+01	   2.1666344e+01	
   0.0000000e+00	   0.0000000e+00	   0.0000000e+00	             NaN	             NaN	             NaN	             NaN	             NaN	   4.8139798e+01	   4.4954104e+01	   4.3145123e+01	   4.1035616e+01	   3.9343510e+01	   3.8686117e+01	   3.7404409e+01	   3.6052853e+01	   3.4961480e+01	   3.3510290e+01	   3.2870489e+01	   3.2235357e+01	   3.1350749e+01	   3.0326456e+01	   2.9680299e+01	   2.8844703e+01	   2.8264796e+01	   2.7920532e+01	   2.6896891e+01	   2.6061975e+01	   2.4979506e+01	   2.4041869e+01	   2.3019056e+01	   2.2193309e+01	   2.1589647e+01	
   0.0000000e+00	   0.0000000e+00	   0.0000000e+00	             NaN	             NaN	             NaN	             NaN	             NaN	   4.7283205e+01	   4.4904510e+01	   4.2242845e+01	   4.0711272e+01	   3.9115961e+01	   3.8310572e+01	   3.6766502e+01	   3.5270195e+01	   3.4370820e+01	   3.3062689e+01	   3.2214782e+01	   3.1534557e+01	   3.0723881e+01	   2.9946662e+01	   2.9039006e+01	   2.8392566e+01	   2.7780629e+01	   2.7159672e+01	   2.6433091e+01	   2.5686567e+01	   2.4782696e+01	   2.3686729e+01	   2.2702594e+01	   2.1784623e+01	   2.1214580e+01	
   0.0000000e+00	   0.0000000e+00	   0.0000000e+00	             NaN	             NaN	             NaN	             NaN	             NaN	   4.6554857e+01	   4.3998020e+01	   4.2167768e+01	   4.0068040e+01	   3.8748454e+01	   3.7325370e+01	   3.6317681e+01	   3.4802766e+01	   3.3654759e+01	   3.2638156e+01	   3.1600537e+01	   3.1053831e+01	   3.0147563e+01	   2.9362118e+01	   2.8225360e+01	   2.7797466e+01	   2.7283563e+01	   2.6782498e+01	   2.6024983e+01	   2.5117794e+01	   2.4108532e+01	   2.3458220e+01	   2.2453434e+01	   2.1562214e+01	   2.0857666e+01	
   0.0000000e+00	   0.0000000e+00	   0.0000000e+00	             NaN	             NaN	             NaN	             NaN	             NaN	   4.6230090e+01	   4.3403592e+01	   4.1614102e+01	   3.9599868e+01	   3.7793508e+01	   3.6841690e+01	   3.5567219e+01	   3.4122068e+01	   3.2940330e+01	   3.2258829e+01	   3.1153820e+01	   3.0405801e+01	   2.9559914e+01	   2.8739743e+01	   2.8039940e+01	   2.7509385e+01	   2.6733053e+01	   2.6262873e+01	   2.5668077e+01	   2.4795562e+01	   2.3850921e+01	   2.3052403e+01	   2.2043108e+01	   2.1232251e+01	   2.0545061e+01	
   0.0000000e+00	   0.0000000e+00	   0.0000000e+00	             NaN	             NaN	             NaN	             NaN	             NaN	             NaN	   4.2738676e+01	   4.0364336e+01	   3.8640895e+01	   3.7765754e+01	   3.6415379e+01	   3.5364326e+01	   3.3854761e+01	   3.2400818e+01	   3.1410226e+01	   3.0767439e+01	   2.9849586e+01	   2.9053188e+01	   2.8365278e+01	   2.7610313e+01	   2.6786842e+01	   2.6367187e+01	   2.5782776e+01	   2.5219305e+01	   2.4252722e+01	   2.3410377e+01	   2.2443099e+01	   2.1697126e+01	   2.0915761e+01	   2.0433680e+01	
   0.0000000e+00	   0.0000000e+00	   0.0000000e+00	   0.0000000e+00	             NaN	             NaN	             NaN	             NaN	             NaN	   4.2527984e+01	   3.9996947e+01	   3.8566436e+01	   3.6876018e+01	   3.5604556e+01	   3.4538688e+01	   3.3183175e+01	   3.1776910e+01	   3.0791901e+01	   3.0190349e+01	   2.9312812e+01	   2.8430567e+01	   2.7916459e+01	   2.7072116e+01	   2.6291943e+01	   2.5689888e+01	   2.5230042e+01	   2.4607642e+01	   2.3892517e+01	   2.3000842e+01	   2.1979599e+01	   2.1256466e+01	   2.0630826e+01	   1.9915783e+01	
   0.0000000e+00	   0.0000000e+00	   0.0000000e+00	   0.0000000e+00	             NaN	             NaN	             NaN	             NaN	             NaN	   4.1411361e+01	   3.8683678e+01	   3.7253304e+01	   3.5881311e+01	   3.5015505e+01	   3.3478313e+01	   3.2374917e+01	   3.1325512e+01	   3.0359463e+01	   2.9339982e+01	   2.8799797e+01	   2.7735160e+01	   2.7136990e+01	   2.6350389e+01	   2.5741678e+01	   2.5187023e+01	   2.4751107e+01	   2.4041592e+01	   2.3154597e+01	   2.2429959e+01	   2.1463020e+01	   2.0791213e+01	   2.0027799e+01	   1.9576518e+01	
   0.0000000e+00	   0.0000000e+00	   0.0000000e+00	   0.0000000e+00	             NaN	             NaN	             NaN	             NaN	             NaN	   4.0734056e+01	   3.8290327e+01	   3.6699672e+01	   3.5454565e+01	   3.3913075e+01	   3.3147163e+01	   3.1819831e+01	   3.0799401e+01	   2.9548006e+01	   2.8630431e+01	   2.8045574e+01	   2.7493681e+01	   2.6704711e+01	   2.5648974e+01	   2.5087031e+01	   2.4744463e+01	   2.4206170e+01	   2.3643177e+01	   2.2919303e+01	   2.2035778e+01	   2.1183282e+01	   2.0466386e+01	   1.9725848e+01	   1.9199482e+01	
   0.0000000e+00	   0.0000000e+00	   0.0000000e+00	   0.0000000e+00	             NaN	             NaN	             NaN	             NaN	             NaN	   4.0241456e+01	   3.8268013e+01	   3.6189743e+01	   3.4994712e+01	   3.3812971e+01	   3.2514420e+01	   3.1229518e+01	   2.9991556e+01	   2.8949200e+01	   2.8287723e+01	   2.7628269e+01	   2.6931854e+01	   2.6074792e+01	   2.5334149e+01	   2.4755765e+01	   2.4281754e+01	   2.3789098e+01	   2.3153617e+01	   2.2253499e+01	   2.1530469e+01	   2.0797370e+01	   2.0042039e+01	   1.9480927e+01	   1.8928554e+01	
   0.0000000e+00	   0.0000000e+00	   0.0000000e+00	   0.0000000e+00	             NaN	             NaN	             NaN	             NaN	             NaN	             NaN	   3.7293280e+01	   3.5611528e+01	   3.4190506e+01	   3.3277767e+01	   3.1715658e+01	   3.0517904e+01	   2.9504520e+01	   2.8884421e+01	   2.7564188e+01	   2.7057984e+01	   2.6114153e+01	   2.5409157e+01	   2.4722987e+01	   2.4148891e+01	   2.3757778e+01	   2.3344741e+01	   2.2708864e+01	   2.1880981e+01	   2.1193539e+01	   2.0430398e+01	   1.9690645e+01	   1.9060961e+01	   1.8475849e+01	
   0.0000000e+00	   0.0000000e+00	   0.0000000e+00	   0.0000000e+00	             NaN	             NaN	             NaN	             NaN	             NaN	             NaN	   3.6723587e+01	   3.4865696e+01	   3.3759939e+01	   3.2622614e+01	   3.1124350e+01	   3.0067662e+01	   2.8751273e+01	   2.8023731e+01	   2.7137815e+01	   2.6208669e+01	   2.5700431e+01	   2.4925290e+01	   2.4291196e+01	   2.3669622e+01	   2.3275706e+01	   2.2801416e+01	   2.2240615e+01	   2.1396680e+01	   2.0696034e+01	   1.9821847e+01	   1.9256061e+01	   1.8724345e+01	   1.8137241e+01	
   0.0000000e+00	   0.0000000e+00	   0.0000000e+00	   0.0000000e+00	   0.0000000e+00	             NaN	             NaN	             NaN	             NaN	             NaN	   3.5873047e+01	   3.4261986e+01	   3.3254330e+01	   3.1688350e+01	   3.0738167e+01	   2.9377196e+01	   2.8481461e+01	   2.7212968e+01	   2.6542636e+01	   2.5910267e+01	   2.5099413e+01	   2.4429768e+01	   2.3539669e+01	   2.3053375e+01	   2.2545986e+01	   2.2256848e+01	   2.1766447e+01	   2.1125602e+01	   2.0280969e+01	   1.9497463e+01	   1.8865888e+01	   1.8166474e+01	   1.7774339e+01	
   0.0000000e+00	   0.0000000e+00	   0.0000000e+00	   0.0000000e+00	   0.0000000e+00	             NaN	             NaN	             NaN	             NaN	             NaN	   3.5280876e+01	   3.3465767e+01	   3.2132356e+01	   3.1136917e+01	   3.0499603e+01	   2.9067119e+01	   2.7974547e+01	   2.6887570e+01	   2.6162637e+01	   2.5424613e+01	   2.4510748e+01	   2.4042977e+01	   2.3211308e+01	   2.2589653e+01	   2.2300651e+01	   2.1741717e+01	   2.1360418e+01	   2.0537403e+01	   1.9698857e+01	   1.8915276e+01	   1.8510917e+01	   1.7863897e+01	   1.7378027e+01	
   0.0000000e+00	   0.0000000e+00	   0.0000000e+00	   0.0000000e+00	   0.0000000e+00	             NaN	             NaN	             NaN	             NaN	             NaN	   3.4642781e+01	   3.2944863e+01	   3.1461235e+01	   3.0835545e+01	   2.9478307e+01	   2.8219454e+01	   2.7134928e+01	   2.5930888e+01	   2.5546293e+01	   2.4614875e+01	   2.4139298e+01	   2.3477843e+01	   2.2655903e+01	   2.2010495e+01	   2.1818804e+01	   2.1233547e+01	   2.0777994e+01	   2.0247299e+01	   1.9259307e+01	   1.8499720e+01	   1.7984355e+01	   1.7559564e+01	   1.7016938e+01	
   0.0000000e+00	   0.0000000e+00	   0.0000000e+00	   0.0000000e+00	   0.0000000e+00	             NaN	             NaN	             NaN	             NaN	             NaN	             NaN	   3.2319376e+01	   3.1167356e+01	   2.9828549e+01	   2.8761185e+01	   2.7795324e+01	   2.6451635e+01	   2.5441011e+01	   2.4944427e+01	   2.4040463e+01	   2.3391947e+01	   2.2779609e+01	   2.2125606e+01	   2.1567500e+01	   2.1340534e+01	   2.0687734e+01	   2.0243292e+01	   1.9670970e+01	   1.8921324e+01	   1.8224967e+01	   1.7630445e+01	   1.7088662e+01	   1.6553471e+01	
   0.0000000e+00	   0.0000000e+00	   0.0000000e+00	   0.0000000e+00	   0.0000000e+00	             NaN	             NaN	             NaN	             NaN	             NaN	             NaN	   3.1344100e+01	   3.0637901e+01	   2.9605034e+01	   2.8238986e+01	   2.7053324e+01	   2.5905950e+01	   2.5038412e+01	   2.4295689e+01	   2.3684127e+01	   2.3086220e+01	   2.2409409e+01	   2.1603232e+01	   2.1163933e+01	   2.0706309e+01	   2.0486828e+01	   1.9910307e+01	   1.9047372e+01	   1.8347392e+01	   1.7823479e+01	   1.7223961e+01	   1.6678501e+01	   1.6367640e+01	
   0.0000000e+00	   0.0000000e+00	   0.0000000e+00	   0.0000000e+00	   0.0000000e+00	   0.0000000e+00	             NaN	             NaN	             NaN	             NaN	             NaN	   3.1408372e+01	   2.9594893e+01	   2.9060079e+01	   2.7811156e+01	   2.6892433e+01	   2.5361704e+01	   2.4840102e+01	   2.3803869e+01	   2.3268794e+01	   2.2807424e+01	   2.1626846e+01	   2.1212404e+01	   2.0351159e+01	   2.0168021e+01	   1.9831077e+01	   1.9367416e+01	   1.8734237e+01	   1.8055417e+01	   1.7477482e+01	   1.6817509e+01	   1.6281964e+01	   1.5794483e+01	
   0.0000000e+00	   0.0000000e+00	   0.0000000e+00	   0.0000000e+00	   0.0000000e+00	   0.0000000e+00	             NaN	             NaN	             NaN	             NaN	             NaN	   3.0712073e+01	   2.9264416e+01	   2.8162350e+01	   2.7275080e+01	   2.5745110e+01	   2.4842470e+01	   2.3832431e+01	   2.3325925e+01	   2.2564273e+01	   2.2054699e+01	   2.1314259e+01	   2.0719599e+01	   2.0229507e+01	   1.9764929e+01	   1.9325376e+01	   1.8974539e+01	   1.8334051e+01	   1.7604793e+01	   1.6996759e+01	   1.6467379e+01	   1.5893838e+01	   1.5467124e+01	
   0.0000000e+00	   0.0000000e+00	   0.0000000e+00	   0.0000000e+00	   0.0000000e+00	   0.0000000e+00	             NaN	             NaN	             NaN	             NaN	             NaN	   3.0088176e+01	   2.8638554e+01	   2.7638820e+01	   2.6495162e+01	   2.5348142e+01	   2.4472219e+01	   2.3624595e+01	   2.2662786e+01	   2.2063035e+01	   2.1504246e+01	   2.0623162e+01	   2.0367501e+01	   1.9389890e+01	   1.9300986e+01	   1.8949932e+01	   1.8586103e+01	   1.7867808e+01	   1.7143391e+01	   1.6458275e+01	   1.6163552e+01	   1.5605581e+01	   1.5165774e+01	
   0.0000000e+00	   0.0000000e+00	   0.0000000e+00	   0.0000000e+00	   0.0000000e+00	   0.0000000e+00	             NaN	             NaN	             NaN	             NaN	             NaN	             NaN	   2.7980288e+01	   2.6958917e+01	   2.5878797e+01	   2.5003333e+01	   2.3855032e+01	   2.2884700e+01	   2.2130603e+01	   2.1594494e+01	   2.0952430e+01	   2.0245791e+01	   1.9642993e+01	   1.9265623e+01	   1.8830873e+01	   1.8454778e+01	   1.7964204e+01	   1.7434433e+01	   1.6650835e+01	   1.6184179e+01	   1.5571435e+01	   1.5213677e+01	   1.4752482e+01	
   0.0000000e+00	   0.0000000e+00	   0.0000000e+00	   0.0000000e+00	   0.0000000e+00	   0.0000000e+00	             NaN	             NaN	             NaN	             NaN	             NaN	             NaN	   2.7669146e+01	   2.6314694e+01	   2.5364348e+01	   2.4416862e+01	   2.3497467e+01	   2.2567955e+01	   2.1364952e+01	   2.1090905e+01	   2.0118249e+01	   1.9804908e+01	   1.9170002e+01	   1.8552197e+01	   1.8242270e+01	   1.8201145e+01	   1.7620025e+01	   1.7140064e+01	   1.6391646e+01	   1.5595705e+01	   1.5304666e+01	   1.4976900e+01	   1.4401971e+01	
   0.0000000e+00	   0.0000000e+00	   0.0000000e+00	   0.0000000e+00	   0.0000000e+00	   0.0000000e+00	   0.0000000e+00	             NaN	             NaN	             NaN	             NaN	             NaN	   2.6804831e+01	   2.5833439e+01	   2.4613409e+01	   2.3471405e+01	   2.2573296e+01	   2.1780987e+01	   2.1032495e+01	   2.0283038e+01	   1.9998205e+01	   1.9260173e+01	   1.8574504e+01	   1.8242724e+01	   1.7789887e+01	   1.7537858e+01	   1.7169748e+01	   1.6659467e+01	   1.5857198e+01	   1.5411117e+01	   1.4815706e+01	   1.4400055e+01	   1.4069624e+01	
   0.0000000e+00	   0.0000000e+00	   0.0000000e+00	   0.0000000e+00	   0.0000000e+00	   0.0000000e+00	   0.0000000e+00	             NaN	             NaN	             NaN	             NaN	             NaN	   2.6592382e+01	   2.5289500e+01	   2.3884663e+01	   2.3130753e+01	   2.2161238e+01	   2.1244737e+01	   2.0440453e+01	   2.0002786e+01	   1.9391155e+01	   1.8677903e+01	   1.8314826e+01	   1.7733834e+01	   1.7416079e+01	   1.7175463e+01	   1.6551286e+01	   1.6083693e+01	   1.5748876e+01	   1.4914684e+01	   1.4567963e+01	   1.4044629e+01	   1.3711710e+01	
   0.0000000e+00	   0.0000000e+00	   0.0000000e+00	   0.0000000e+00	   0.0000000e+00	   0.0000000e+00	   0.0000000e+00	             NaN	             NaN	             NaN	             NaN	             NaN	   2.6202775e+01	   2.4889072e+01	   2.3539798e+01	   2.2778879e+01	   2.1571684e+01	   2.0795482e+01	   1.9993652e+01	   1.9514491e+01	   1.8916763e+01	   1.8373216e+01	   1.7932719e+01	   1.7212557e+01	   1.7012843e+01	   1.6766123e+01	   1.6184665e+01	   1.5660141e+01	   1.5071307e+01	   1.4680672e+01	   1.4105932e+01	   1.3570505e+01	   1.3424868e+01	
   0.0000000e+00	   0.0000000e+00	   0.0000000e+00	   0.0000000e+00	   0.0000000e+00	   0.0000000e+00	   0.0000000e+00	             NaN	             NaN	             NaN	             NaN	             NaN	             NaN	   2.3927104e+01	   2.3095256e+01	   2.2149832e+01	   2.1058480e+01	   2.0331574e+01	   1.9288522e+01	   1.9033491e+01	   1.8281091e+01	   1.7769328e+01	   1.7224411e+01	   1.6858892e+01	   1.6376051e+01	   1.6256103e+01	   1.5813725e+01	   1.5310369e+01	   1.4698335e+01	   1.4216281e+01	   1.3715693e+01	   1.3324271e+01	   1.2995924e+01	
   0.0000000e+00	   0.0000000e+00	   0.0000000e+00	   0.0000000e+00	   0.0000000e+00	   0.0000000e+00	   0.0000000e+00	             NaN	             NaN	             NaN	             NaN	             NaN	             NaN	   2.3381123e+01	   2.2355430e+01	   2.1466406e+01	   2.0450607e+01	   1.9642584e+01	   1.8850433e+01	   1.8291902e+01	   1.7801386e+01	   1.7166196e+01	   1.6731477e+01	   1.6319901e+01	   1.5782347e+01	   1.5696301e+01	   1.5345057e+01	   1.4771324e+01	   1.4133919e+01	   1.3815302e+01	   1.3170766e+01	   1.2946507e+01	   1.2578919e+01	
   0.0000000e+00	   0.0000000e+00	   0.0000000e+00	   0.0000000e+00	   0.0000000e+00	   0.0000000e+00	   0.0000000e+00	   0.0000000e+00	             NaN	             NaN	             NaN	             NaN	             NaN	   2.3058930e+01	   2.1771375e+01	   2.0865375e+01	   1.9791476e+01	   1.9123467e+01	   1.8413157e+01	   1.7929281e+01	   1.7315265e+01	   1.6787727e+01	   1.6110984e+01	   1.5991230e+01	   1.5644089e+01	   1.5408631e+01	   1.4774630e+01	   1.4343048e+01	   1.3913318e+01	   1.3322379e+01	   1.2962195e+01	   1.2529090e+01	   1.2148353e+01	
   0.0000000e+00	   0.0000000e+00	   0.0000000e+00	   0.0000000e+00	   0.0000000e+00	   0.0000000e+00	   0.0000000e+00	   0.0000000e+00	             NaN	             NaN	             NaN	             NaN	             NaN	   2.2329141e+01	   2.1279105e+01	   2.0262237e+01	   1.9475651e+01	   1.8679319e+01	   1.7904146e+01	   1.7418751e+01	   1.6786963e+01	   1.6444366e+01	   1.5813210e+01	   1.5514889e+01	   1.5140474e+01	   1.4794569e+01	   1.4301159e+01	   1.4038573e+01	   1.3526504e+01	   1.3069739e+01	   1.2611562e+01	   1.2244478e+01	   1.2019147e+01	
   0.0000000e+00	   0.0000000e+00	   0.0000000e+00	   0.0000000e+00	   0.0000000e+00	   0.0000000e+00	   0.0000000e+00	   0.0000000e+00	             NaN	             NaN	             NaN	             NaN	             NaN	   2.1829040e+01	   2.0797822e+01	   1.9782436e+01	   1.9082053e+01	   1.8311232e+01	   1.7455141e+01	   1.7073479e+01	   1.6375875e+01	   1.5998018e+01	   1.5410169e+01	   1.5160640e+01	   1.4740491e+01	   1.4597558e+01	   1.3995247e+01	   1.3565695e+01	   1.3117544e+01	   1.2649618e+01	   1.2455275e+01	   1.1918920e+01	   1.1764453e+01	
   0.0000000e+00	   0.0000000e+00	   0.0000000e+00	   0.0000000e+00	   0.0000000e+00	   0.0000000e+00	   0.0000000e+00	   0.0000000e+00	             NaN	             NaN	             NaN	             NaN	             NaN	             NaN	   2.0443575e+01	   1.9545105e+01	   1.8449840e+01	   1.7809090e+01	   1.6988296e+01	   1.6663930e+01	   1.5975255e+01	   1.5740776e+01	   1.4911166e+01	   1.4589947e+01	   1.4335424e+01	   1.4097775e+01	   1.3655099e+01	   1.3231015e+01	   1.2824533e+01	   1.2583028e+01	   1.1831131e+01	   1.1631839e+01	   1.1337746e+01	
   0.0000000e+00	   0.0000000e+00	   0.0000000e+00	   0.0000000e+00	   0.0000000e+00	   0.0000000e+00	   0.0000000e+00	   0.0000000e+00	             NaN	             NaN	             NaN	             NaN	             NaN	             NaN	   1.9616863e+01	   1.8900941e+01	   1.7910648e+01	   1.7213812e+01	   1.6724316e+01	   1.6212613e+01	   1.5578117e+01	   1.5309001e+01	   1.4496986e+01	   1.4200928e+01	   1.3890862e+01	   1.3812270e+01	   1.3262822e+01	   1.2911557e+01	   1.2554614e+01	   1.1867909e+01	   1.1546121e+01	   1.1118196e+01	   1.1027630e+01	
   0.0000000e+00	   0.0000000e+00	   0.0000000e+00	   0.0000000e+00	   0.0000000e+00	   0.0000000e+00	   0.0000000e+00	   0.0000000e+00	   0.0000000e+00	             NaN	             NaN	             NaN	             NaN	             NaN	   1.9478135e+01	   1.8506646e+01	   1.7169872e+01	   1.6714364e+01	   1.6115885e+01	   1.5598757e+01	   1.5052103e+01	   1.4739273e+01	   1.4103114e+01	   1.3743844e+01	   1.3644764e+01	   1.3349474e+01	   1.2860008e+01	   1.2410342e+01	   1.2102659e+01	   1.1711249e+01	   1.1231949e+01	   1.0929947e+01	   1.0659637e+01	
   0.0000000e+00	   0.0000000e+00	   0.0000000e+00	   0.0000000e+00	   0.0000000e+00	   0.0000000e+00	   0.0000000e+00	   0.0000000e+00	   0.0000000e+00	             NaN	             NaN	             NaN	             NaN	             NaN	   1.9137933e+01	   1.8078461e+01	   1.7425461e+01	   1.6271916e+01	   1.5498374e+01	   1.5237226e+01	   1.4713211e+01	   1.4286360e+01	   1.3780888e+01	   1.3456300e+01	   1.3147705e+01	   1.2905901e+01	   1.2520659e+01	   1.2069116e+01	   1.1686230e+01	   1.1262007e+01	   1.0879242e+01	   1.0771241e+01	   1.0488484e+01	
   0.0000000e+00	   0.0000000e+00	   0.0000000e+00	   0.0000000e+00	   0.0000000e+00	   0.0000000e+00	   0.0000000e+00	   0.0000000e+00	   0.0000000e+00	             NaN	             NaN	             NaN	             NaN	             NaN	   1.8694162e+01	   1.7562040e+01	   1.6772429e+01	   1.5903107e+01	   1.5419331e+01	   1.4894308e+01	   1.4255349e+01	   1.3956064e+01	   1.3375576e+01	   1.2988284e+01	   1.2897868e+01	   1.2706920e+01	   1.2353276e+01	   1.1787770e+01	   1.1492161e+01	   1.1059906e+01	   1.0527902e+01	   1.0169032e+01	   1.0019590e+01	
   0.0000000e+00	   0.0000000e+00	   0.0000000e+00	   0.0000000e+00	   0.0000000e+00	   0.0000000e+00	   0.0000000e+00	   0.0000000e+00	   0.0000000e+00	             NaN	             NaN	             NaN	             NaN	             NaN	             NaN	   1.7054632e+01	   1.6133453e+01	   1.5552633e+01	   1.5070510e+01	   1.4339296e+01	   1.3957686e+01	   1.3470983e+01	   1.2959872e+01	   1.2692500e+01	   1.2234059e+01	   1.2216319e+01	   1.1864656e+01	   1.1436267e+01	   1.0979955e+01	   1.0686819e+01	   1.0290488e+01	   9.9678694e+00	   9.7472598e+00	
   0.0000000e+00	   0.0000000e+00	   0.0000000e+00	   0.0000000e+00	   0.0000000e+00	   0.0000000e+00	   0.0000000e+00	   0.0000000e+00	   0.0000000e+00	             NaN	             NaN	             NaN	             NaN	             NaN	             NaN	   1.7073636e+01	   1.5952701e+01	   1.5283199e+01	   1.4491248e+01	   1.4009760e+01	   1.3593621e+01	   1.3080192e+01	   1.2648698e+01	   1.2283379e+01	   1.2225624e+01	   1.1725448e+01	   1.1573292e+01	   1.1298660e+01	   1.0620656e+01	   1.0312944e+01	   1.0207516e+01	   9.7354752e+00	   9.5794888e+00	
   0.0000000e+00	   0.0000000e+00	   0.0000000e+00	   0.0000000e+00	   0.0000000e+00	   0.0000000e+00	   0.0000000e+00	   0.0000000e+00	   0.0000000e+00	   0.0000000e+00	             NaN	             NaN	             NaN	             NaN	             NaN	   1.6333188e+01	   1.5574487e+01	   1.4764696e+01	   1.4172011e+01	   1.3592002e+01	   1.3299341e+01	   1.2694320e+01	   1.2415959e+01	   1.2130077e+01	   1.1618878e+01	   1.1539780e+01	   1.1201242e+01	   1.0896815e+01	   1.0374548e+01	   1.0138199e+01	   9.7418811e+00	   9.5256121e+00	   9.2412053e+00	
