   6.8917378e+00	   1.6207234e+00	   2.7239989e+00	             NaN	             NaN	             NaN	             NaN	             NaN	             NaN	             NaN	             NaN	             NaN	             NaN	             NaN	   0.0000000e+00	   0.0000000e+00	   0.0000000e+00	   0.0000000e+00	   0.0000000e+00	   0.0000000e+00	   0.0000000e+00	   0.0000000e+00	   0.0000000e+00	   0.0000000e+00	   0.0000000e+00	   0.0000000e+00	   0.0000000e+00	   0.0000000e+00	   0.0000000e+00	   0.0000000e+00	   0.0000000e+00	   0.0000000e+00	   0.0000000e+00	
   8.5205073e+00	   5.6815314e+00	   3.8746323e+00	             NaN	             NaN	             NaN	             NaN	             NaN	             NaN	             NaN	             NaN	             NaN	             NaN	             NaN	   0.0000000e+00	   0.0000000e+00	   0.0000000e+00	   0.0000000e+00	   0.0000000e+00	   0.0000000e+00	   0.0000000e+00	   0.0000000e+00	   0.0000000e+00	   0.0000000e+00	   0.0000000e+00	   0.0000000e+00	   0.0000000e+00	   0.0000000e+00	   0.0000000e+00	   0.0000000e+00	   0.0000000e+00	   0.0000000e+00	   0.0000000e+00	
   1.3513168e+01	   6.7105225e+00	   4.9808022e+00	             NaN	             NaN	             NaN	             NaN	             NaN	             NaN	             NaN	             NaN	             NaN	             NaN	             NaN	   0.0000000e+00	   0.0000000e+00	   0.0000000e+00	   0.0000000e+00	   0.0000000e+00	   0.0000000e+00	   0.0000000e+00	   0.0000000e+00	   0.0000000e+00	   0.0000000e+00	   0.0000000e+00	   0.0000000e+00	   0.0000000e+00	   0.0000000e+00	   0.0000000e+00	   0.0000000e+00	   0.0000000e+00	   0.0000000e+00	   0.0000000e+00	
   1.5666893e+01	   7.2576142e+00	   7.0841248e+00	   1.0998935e+01	             NaN	             NaN	             NaN	             NaN	             NaN	             NaN	             NaN	             NaN	             NaN	             NaN	             NaN	   0.0000000e+00	   0.0000000e+00	   0.0000000e+00	   0.0000000e+00	   0.0000000e+00	   0.0000000e+00	   0.0000000e+00	   0.0000000e+00	   0.0000000e+00	   0.0000000e+00	   0.0000000e+00	   0.0000000e+00	   0.0000000e+00	   0.0000000e+00	   0.0000000e+00	   0.0000000e+00	   0.0000000e+00	   0.0000000e+00	
   1.5797766e+01	   1.0296103e+01	   9.5123549e+00	   1.2821489e+01	             NaN	             NaN	             NaN	             NaN	             NaN	             NaN	             NaN	             NaN	             NaN	             NaN	             NaN	   0.0000000e+00	   0.0000000e+00	   0.0000000e+00	   0.0000000e+00	   0.0000000e+00	   0.0000000e+00	   0.0000000e+00	   0.0000000e+00	   0.0000000e+00	   0.0000000e+00	   0.0000000e+00	   0.0000000e+00	   0.0000000e+00	   0.0000000e+00	   0.0000000e+00	   0.0000000e+00	   0.0000000e+00	   0.0000000e+00	
   1.8083501e+01	   1.1267262e+01	   9.3743464e+00	   1.2302240e+01	   1.8902177e+01	             NaN	             NaN	             NaN	             NaN	             NaN	             NaN	             NaN	             NaN	             NaN	             NaN	             NaN	   0.0000000e+00	   0.0000000e+00	   0.0000000e+00	   0.0000000e+00	   0.0000000e+00	   0.0000000e+00	   0.0000000e+00	   0.0000000e+00	   0.0000000e+00	   0.0000000e+00	   0.0000000e+00	   0.0000000e+00	   0.0000000e+00	   0.0000000e+00	   0.0000000e+00	   0.0000000e+00	   0.0000000e+00	
   1.8897034e+01	   1.2509540e+01	   1.0057363e+01	   1.2503972e+01	   1.8153011e+01	             NaN	             NaN	             NaN	             NaN	             NaN	             NaN	             NaN	             NaN	             NaN	             NaN	             NaN	   0.0000000e+00	   0.0000000e+00	   0.0000000e+00	   0.0000000e+00	   0.0000000e+00	   0.0000000e+00	   0.0000000e+00	   0.0000000e+00	   0.0000000e+00	   0.0000000e+00	   0.0000000e+00	   0.0000000e+00	   0.0000000e+00	   0.0000000e+00	   0.0000000e+00	   0.0000000e+00	   0.0000000e+00	
   2.1487953e+01	   1.3658919e+01	   1.0173513e+01	   1.2696815e+01	   1.7717953e+01	             NaN	             NaN	             NaN	             NaN	             NaN	             NaN	             NaN	             NaN	             NaN	             NaN	             NaN	   0.0000000e+00	   0.0000000e+00	   0.0000000e+00	   0.0000000e+00	   0.0000000e+00	   0.0000000e+00	   0.0000000e+00	   0.0000000e+00	   0.0000000e+00	   0.0000000e+00	   0.0000000e+00	   0.0000000e+00	   0.0000000e+00	   0.0000000e+00	   0.0000000e+00	   0.0000000e+00	   0.0000000e+00	
   2.0989346e+01	   1.2926158e+01	   1.0301158e+01	   1.2407917e+01	   1.7075785e+01	   2.2804093e+01	             NaN	             NaN	             NaN	             NaN	             NaN	             NaN	             NaN	             NaN	             NaN	             NaN	             NaN	   0.0000000e+00	   0.0000000e+00	   0.0000000e+00	   0.0000000e+00	   0.0000000e+00	   0.0000000e+00	   0.0000000e+00	   0.0000000e+00	   0.0000000e+00	   0.0000000e+00	   0.0000000e+00	   0.0000000e+00	   0.0000000e+00	   0.0000000e+00	   0.0000000e+00	   0.0000000e+00	
   2.2460705e+01	   1.3104475e+01	   1.0647377e+01	   1.1706708e+01	   1.6059753e+01	   2.1984192e+01	             NaN	             NaN	             NaN	             NaN	             NaN	             NaN	             NaN	             NaN	             NaN	             NaN	             NaN	   0.0000000e+00	   0.0000000e+00	   0.0000000e+00	   0.0000000e+00	   0.0000000e+00	   0.0000000e+00	   0.0000000e+00	   0.0000000e+00	   0.0000000e+00	   0.0000000e+00	   0.0000000e+00	   0.0000000e+00	   0.0000000e+00	   0.0000000e+00	   0.0000000e+00	   0.0000000e+00	
   2.0853320e+01	   1.4707145e+01	   1.0511717e+01	   1.2521129e+01	   1.5333495e+01	   2.1029654e+01	   2.4188042e+01	             NaN	             NaN	             NaN	             NaN	             NaN	             NaN	             NaN	             NaN	             NaN	             NaN	             NaN	   0.0000000e+00	   0.0000000e+00	   0.0000000e+00	   0.0000000e+00	   0.0000000e+00	   0.0000000e+00	   0.0000000e+00	   0.0000000e+00	   0.0000000e+00	   0.0000000e+00	   0.0000000e+00	   0.0000000e+00	   0.0000000e+00	   0.0000000e+00	   0.0000000e+00	
   2.2564823e+01	   1.4159177e+01	   1.0762205e+01	   1.1916657e+01	   1.5063592e+01	   1.9890047e+01	   2.3282796e+01	             NaN	             NaN	             NaN	             NaN	             NaN	             NaN	             NaN	             NaN	             NaN	             NaN	             NaN	   0.0000000e+00	   0.0000000e+00	   0.0000000e+00	   0.0000000e+00	   0.0000000e+00	   0.0000000e+00	   0.0000000e+00	   0.0000000e+00	   0.0000000e+00	   0.0000000e+00	   0.0000000e+00	   0.0000000e+00	   0.0000000e+00	   0.0000000e+00	   0.0000000e+00	
   2.2160797e+01	   1.5017442e+01	   1.1409445e+01	   1.1686767e+01	   1.5014569e+01	   1.8725469e+01	   2.1805975e+01	             NaN	             NaN	             NaN	             NaN	             NaN	             NaN	             NaN	             NaN	             NaN	             NaN	             NaN	   0.0000000e+00	   0.0000000e+00	   0.0000000e+00	   0.0000000e+00	   0.0000000e+00	   0.0000000e+00	   0.0000000e+00	   0.0000000e+00	   0.0000000e+00	   0.0000000e+00	   0.0000000e+00	   0.0000000e+00	   0.0000000e+00	   0.0000000e+00	   0.0000000e+00	
   2.1534610e+01	   1.4623701e+01	   1.0484999e+01	   1.1260847e+01	   1.4388538e+01	   1.7951084e+01	   2.0432677e+01	   1.9754475e+01	             NaN	             NaN	             NaN	             NaN	             NaN	             NaN	             NaN	             NaN	             NaN	             NaN	             NaN	   0.0000000e+00	   0.0000000e+00	   0.0000000e+00	   0.0000000e+00	   0.0000000e+00	   0.0000000e+00	   0.0000000e+00	   0.0000000e+00	   0.0000000e+00	   0.0000000e+00	   0.0000000e+00	   0.0000000e+00	   0.0000000e+00	   0.0000000e+00	
   2.0817684e+01	   1.3878373e+01	   1.0547440e+01	   1.0687424e+01	   1.3192101e+01	   1.6642468e+01	   1.8957294e+01	   1.8325652e+01	             NaN	             NaN	             NaN	             NaN	             NaN	             NaN	             NaN	             NaN	             NaN	             NaN	             NaN	   0.0000000e+00	   0.0000000e+00	   0.0000000e+00	   0.0000000e+00	   0.0000000e+00	   0.0000000e+00	   0.0000000e+00	   0.0000000e+00	   0.0000000e+00	   0.0000000e+00	   0.0000000e+00	   0.0000000e+00	   0.0000000e+00	   0.0000000e+00	
   1.9099341e+01	   1.2906380e+01	   9.1667732e+00	   1.0408316e+01	   1.2320243e+01	   1.5641756e+01	   1.7735742e+01	   1.6808165e+01	   1.3457419e+01	             NaN	             NaN	             NaN	             NaN	             NaN	             NaN	             NaN	             NaN	             NaN	             NaN	             NaN	   0.0000000e+00	   0.0000000e+00	   0.0000000e+00	   0.0000000e+00	   0.0000000e+00	   0.0000000e+00	   0.0000000e+00	   0.0000000e+00	   0.0000000e+00	   0.0000000e+00	   0.0000000e+00	   0.0000000e+00	   0.0000000e+00	
   1.8953670e+01	   1.2405906e+01	   9.7132100e+00	   9.8294831e+00	   1.2089429e+01	   1.4521580e+01	   1.5861218e+01	   1.5930013e+01	   1.2644012e+01	             NaN	             NaN	             NaN	             NaN	             NaN	             NaN	             NaN	             NaN	             NaN	             NaN	             NaN	   0.0000000e+00	   0.0000000e+00	   0.0000000e+00	   0.0000000e+00	   0.0000000e+00	   0.0000000e+00	   0.0000000e+00	   0.0000000e+00	   0.0000000e+00	   0.0000000e+00	   0.0000000e+00	   0.0000000e+00	   0.0000000e+00	
   1.8432397e+01	   1.3133350e+01	   9.1539542e+00	   9.6927556e+00	   1.0697774e+01	   1.3400139e+01	   1.5545517e+01	   1.4695398e+01	   1.1702276e+01	             NaN	             NaN	             NaN	             NaN	             NaN	             NaN	             NaN	             NaN	             NaN	             NaN	             NaN	   0.0000000e+00	   0.0000000e+00	   0.0000000e+00	   0.0000000e+00	   0.0000000e+00	   0.0000000e+00	   0.0000000e+00	   0.0000000e+00	   0.0000000e+00	   0.0000000e+00	   0.0000000e+00	   0.0000000e+00	   0.0000000e+00	
   1.7001661e+01	   1.2006200e+01	   9.0989285e+00	   8.6196385e+00	   1.0267316e+01	   1.2359804e+01	   1.3973448e+01	   1.3821562e+01	   1.1172308e+01	   7.0147760e+00	             NaN	             NaN	             NaN	             NaN	             NaN	             NaN	             NaN	             NaN	             NaN	             NaN	             NaN	   0.0000000e+00	   0.0000000e+00	   0.0000000e+00	   0.0000000e+00	   0.0000000e+00	   0.0000000e+00	   0.0000000e+00	   0.0000000e+00	   0.0000000e+00	   0.0000000e+00	   0.0000000e+00	   0.0000000e+00	
   1.6023849e+01	   1.1322265e+01	   8.4074614e+00	   8.6159612e+00	   9.8438926e+00	   1.1500501e+01	   1.3012092e+01	   1.2322528e+01	   1.0269064e+01	   6.7395453e+00	             NaN	             NaN	             NaN	             NaN	             NaN	             NaN	             NaN	             NaN	             NaN	             NaN	             NaN	   0.0000000e+00	   0.0000000e+00	   0.0000000e+00	   0.0000000e+00	   0.0000000e+00	   0.0000000e+00	   0.0000000e+00	   0.0000000e+00	   0.0000000e+00	   0.0000000e+00	   0.0000000e+00	   0.0000000e+00	
   1.5066288e+01	   1.1299400e+01	   7.9003464e+00	   7.8729929e+00	   8.8847854e+00	   1.0340824e+01	   1.1785797e+01	   1.1667806e+01	   9.4093876e+00	   6.2557272e+00	   4.0719853e+00	             NaN	             NaN	             NaN	             NaN	             NaN	             NaN	             NaN	             NaN	             NaN	             NaN	             NaN	   0.0000000e+00	   0.0000000e+00	   0.0000000e+00	   0.0000000e+00	   0.0000000e+00	   0.0000000e+00	   0.0000000e+00	   0.0000000e+00	   0.0000000e+00	   0.0000000e+00	   0.0000000e+00	
   1.3976438e+01	   9.7226922e+00	   7.4881576e+00	   7.4215511e+00	   8.6173312e+00	   9.7781163e+00	   1.0847772e+01	   1.0418467e+01	   8.8437654e+00	   5.9514409e+00	   3.8836852e+00	             NaN	             NaN	             NaN	             NaN	             NaN	             NaN	             NaN	             NaN	             NaN	             NaN	             NaN	   0.0000000e+00	   0.0000000e+00	   0.0000000e+00	   0.0000000e+00	   0.0000000e+00	   0.0000000e+00	   0.0000000e+00	   0.0000000e+00	   0.0000000e+00	   0.0000000e+00	   0.0000000e+00	
   1.3813074e+01	   9.3349188e+00	   6.9893948e+00	   6.8748623e+00	   7.7132323e+00	   8.8753913e+00	   9.9139459e+00	   9.7495784e+00	   8.1819104e+00	   5.6119652e+00	   3.5493624e+00	             NaN	             NaN	             NaN	             NaN	             NaN	             NaN	             NaN	             NaN	             NaN	             NaN	             NaN	   0.0000000e+00	   0.0000000e+00	   0.0000000e+00	   0.0000000e+00	   0.0000000e+00	   0.0000000e+00	   0.0000000e+00	   0.0000000e+00	   0.0000000e+00	   0.0000000e+00	   0.0000000e+00	
   1.2755900e+01	   8.8671845e+00	   6.5796957e+00	   6.5779909e+00	   7.1186321e+00	   8.1470563e+00	   8.9146381e+00	   8.8835298e+00	   7.6119533e+00	   5.3521379e+00	   3.4016988e+00	   2.7472523e+00	             NaN	             NaN	             NaN	             NaN	             NaN	             NaN	             NaN	             NaN	             NaN	             NaN	             NaN	   0.0000000e+00	   0.0000000e+00	   0.0000000e+00	   0.0000000e+00	   0.0000000e+00	   0.0000000e+00	   0.0000000e+00	   0.0000000e+00	   0.0000000e+00	   0.0000000e+00	
   1.2333664e+01	   8.6153037e+00	   6.1970740e+00	   6.1347360e+00	   6.4242430e+00	   7.5523825e+00	   8.2198491e+00	   8.0242059e+00	   7.0198460e+00	   4.9404353e+00	   3.3843060e+00	   2.5398532e+00	             NaN	             NaN	             NaN	             NaN	             NaN	             NaN	             NaN	             NaN	             NaN	             NaN	             NaN	   0.0000000e+00	   0.0000000e+00	   0.0000000e+00	   0.0000000e+00	   0.0000000e+00	   0.0000000e+00	   0.0000000e+00	   0.0000000e+00	   0.0000000e+00	   0.0000000e+00	
   1.0983593e+01	   7.5921831e+00	   5.8890724e+00	   5.6860609e+00	   6.0470256e+00	   7.1127849e+00	   7.6647104e+00	   7.4138066e+00	   6.5559593e+00	   4.6106274e+00	   3.2182413e+00	   2.4009414e+00	   2.4073511e+00	             NaN	             NaN	             NaN	             NaN	             NaN	             NaN	             NaN	             NaN	             NaN	             NaN	             NaN	   0.0000000e+00	   0.0000000e+00	   0.0000000e+00	   0.0000000e+00	   0.0000000e+00	   0.0000000e+00	   0.0000000e+00	   0.0000000e+00	   0.0000000e+00	
   1.0283415e+01	   6.7807184e+00	   5.6429888e+00	   5.1366460e+00	   5.4997056e+00	   6.5521133e+00	   7.0863698e+00	   6.7715939e+00	   6.0597572e+00	   4.2544848e+00	   3.0014839e+00	   2.3034498e+00	   1.9363502e+00	             NaN	             NaN	             NaN	             NaN	             NaN	             NaN	             NaN	             NaN	             NaN	             NaN	             NaN	   0.0000000e+00	   0.0000000e+00	   0.0000000e+00	   0.0000000e+00	   0.0000000e+00	   0.0000000e+00	   0.0000000e+00	   0.0000000e+00	   0.0000000e+00	
   9.7085609e+00	   6.3949474e+00	   5.0481350e+00	   4.9225668e+00	   5.1460731e+00	   6.0209932e+00	   6.4771306e+00	   6.1884763e+00	   5.4976023e+00	   3.9916872e+00	   2.8465747e+00	   2.1627012e+00	   1.5946919e+00	             NaN	             NaN	             NaN	             NaN	             NaN	             NaN	             NaN	             NaN	             NaN	             NaN	             NaN	   0.0000000e+00	   0.0000000e+00	   0.0000000e+00	   0.0000000e+00	   0.0000000e+00	   0.0000000e+00	   0.0000000e+00	   0.0000000e+00	   0.0000000e+00	
   8.7104152e+00	   6.2834112e+00	   4.4931507e+00	   4.4538023e+00	   4.9342619e+00	   5.1543213e+00	   5.6694534e+00	   5.7503415e+00	   5.0797941e+00	   3.7441661e+00	   2.7774398e+00	   1.9937691e+00	   1.5783751e+00	   1.2186302e+00	             NaN	             NaN	             NaN	             NaN	             NaN	             NaN	             NaN	             NaN	             NaN	             NaN	             NaN	   0.0000000e+00	   0.0000000e+00	   0.0000000e+00	   0.0000000e+00	   0.0000000e+00	   0.0000000e+00	   0.0000000e+00	   0.0000000e+00	
   7.2636384e+00	   5.6803897e+00	   4.5748986e+00	   4.0439660e+00	   4.1774949e+00	   4.6973018e+00	   5.2659733e+00	   5.1950250e+00	   4.5605491e+00	   3.4006657e+00	   2.5419998e+00	   2.0196828e+00	   1.4546986e+00	   1.1310512e+00	             NaN	             NaN	             NaN	             NaN	             NaN	             NaN	             NaN	             NaN	             NaN	             NaN	             NaN	   0.0000000e+00	   0.0000000e+00	   0.0000000e+00	   0.0000000e+00	   0.0000000e+00	   0.0000000e+00	   0.0000000e+00	   0.0000000e+00	
   6.7639688e+00	   5.3627062e+00	   3.7166634e+00	   3.8506377e+00	   4.0346416e+00	   4.3296600e+00	   4.8139932e+00	   4.7458535e+00	   4.1691021e+00	   3.2847092e+00	   2.3630488e+00	   1.9174634e+00	   1.4218219e+00	   1.1363636e+00	   1.1088643e+00	             NaN	             NaN	             NaN	             NaN	             NaN	             NaN	             NaN	             NaN	             NaN	             NaN	             NaN	   0.0000000e+00	   0.0000000e+00	   0.0000000e+00	   0.0000000e+00	   0.0000000e+00	   0.0000000e+00	   0.0000000e+00	
   6.6340176e+00	   4.7501889e+00	   4.0216843e+00	   3.6896118e+00	   3.7273566e+00	   4.1235515e+00	   4.3596139e+00	   4.3878869e+00	   3.8980544e+00	   2.9966654e+00	   2.2872465e+00	   1.7901541e+00	   1.3334706e+00	   1.0261093e+00	   9.8213790e-01	             NaN	             NaN	             NaN	             NaN	             NaN	             NaN	             NaN	             NaN	             NaN	             NaN	             NaN	   0.0000000e+00	   0.0000000e+00	   0.0000000e+00	   0.0000000e+00	   0.0000000e+00	   0.0000000e+00	   0.0000000e+00	
   6.3404543e+00	   4.5268299e+00	   3.3544159e+00	   3.4072145e+00	   3.5217075e+00	   3.7787475e+00	   4.1383269e+00	   4.0569195e+00	   3.6476726e+00	   2.8065019e+00	   2.1666803e+00	   1.7690640e+00	   1.3471615e+00	   1.0210514e+00	   9.2019022e-01	             NaN	             NaN	             NaN	             NaN	             NaN	             NaN	             NaN	             NaN	             NaN	             NaN	             NaN	   0.0000000e+00	   0.0000000e+00	   0.0000000e+00	   0.0000000e+00	   0.0000000e+00	   0.0000000e+00	   0.0000000e+00	
   5.9002432e+00	   3.7784241e+00	   3.1060371e+00	   3.0540056e+00	   3.0927475e+00	   3.4515962e+00	   3.9060402e+00	   3.6806900e+00	   3.3496879e+00	   2.7614815e+00	   2.0933338e+00	   1.6822987e+00	   1.3054814e+00	   1.0270588e+00	   8.2902428e-01	   7.9753842e-01	             NaN	             NaN	             NaN	             NaN	             NaN	             NaN	             NaN	             NaN	             NaN	             NaN	             NaN	   0.0000000e+00	   0.0000000e+00	   0.0000000e+00	   0.0000000e+00	   0.0000000e+00	   0.0000000e+00	
   5.1829906e+00	   4.2395832e+00	   2.4864282e+00	   3.0130535e+00	   3.0658907e+00	   3.1587036e+00	   3.4474172e+00	   3.5347690e+00	   3.0932923e+00	   2.5311930e+00	   1.9980248e+00	   1.6316168e+00	   1.3340699e+00	   1.0363763e+00	   8.0788359e-01	   1.0058198e+00	             NaN	             NaN	             NaN	             NaN	             NaN	             NaN	             NaN	             NaN	             NaN	             NaN	             NaN	   0.0000000e+00	   0.0000000e+00	   0.0000000e+00	   0.0000000e+00	   0.0000000e+00	   0.0000000e+00	
   5.0031413e+00	   2.9556458e+00	   2.6346242e+00	   2.6705362e+00	   2.6943712e+00	   2.9669744e+00	   3.2434053e+00	   3.2069132e+00	   2.8091439e+00	   2.3651945e+00	   1.8965019e+00	   1.6048093e+00	   1.2850917e+00	   9.9717226e-01	   8.0776840e-01	   7.4536085e-01	   3.6745597e-01	             NaN	             NaN	             NaN	             NaN	             NaN	             NaN	             NaN	             NaN	             NaN	             NaN	             NaN	   0.0000000e+00	   0.0000000e+00	   0.0000000e+00	   0.0000000e+00	   0.0000000e+00	
   3.3538135e+00	   2.4117366e+00	   2.2411659e+00	   2.7039331e+00	   2.5772644e+00	   2.6874967e+00	   3.0498952e+00	   3.0092595e+00	   2.8319643e+00	   2.2824201e+00	   1.7584573e+00	   1.5460671e+00	   1.2777947e+00	   1.0478839e+00	   8.3905475e-01	   6.2964823e-01	   5.1074964e-01	             NaN	             NaN	             NaN	             NaN	             NaN	             NaN	             NaN	             NaN	             NaN	             NaN	             NaN	   0.0000000e+00	   0.0000000e+00	   0.0000000e+00	   0.0000000e+00	   0.0000000e+00	
   3.6759416e+00	   2.5760459e+00	   2.4266000e+00	   2.1348750e+00	   2.4214719e+00	   2.6781687e+00	   2.9645057e+00	   2.7836039e+00	   2.6387392e+00	   2.1516877e+00	   1.8046736e+00	   1.4985127e+00	   1.3407842e+00	   1.0240645e+00	   8.1815926e-01	   6.4588959e-01	   6.2245195e-01	             NaN	             NaN	             NaN	             NaN	             NaN	             NaN	             NaN	             NaN	             NaN	             NaN	             NaN	   0.0000000e+00	   0.0000000e+00	   0.0000000e+00	   0.0000000e+00	   0.0000000e+00	
   3.8996665e+00	   1.6234777e+00	   1.7326012e+00	   2.1486694e+00	   2.3652425e+00	   2.5881264e+00	   2.5615455e+00	   2.6617324e+00	   2.3907548e+00	   2.0604942e+00	   1.7210932e+00	   1.4925175e+00	   1.2585065e+00	   1.0254623e+00	   8.1357954e-01	   6.6209956e-01	   6.6893708e-01	   2.0934132e-01	             NaN	             NaN	             NaN	             NaN	             NaN	             NaN	             NaN	             NaN	             NaN	             NaN	             NaN	   0.0000000e+00	   0.0000000e+00	   0.0000000e+00	   0.0000000e+00	
   2.6946493e+00	   1.2091242e+00	   1.8626537e+00	   1.9067799e+00	   2.0031200e+00	   2.2659197e+00	   2.4349046e+00	   2.5108993e+00	   2.3521164e+00	   2.0043059e+00	   1.6881725e+00	   1.4715530e+00	   1.2097591e+00	   1.0798573e+00	   8.2670719e-01	   6.5773872e-01	   6.1579546e-01	   5.2860798e-01	             NaN	             NaN	             NaN	             NaN	             NaN	             NaN	             NaN	             NaN	             NaN	             NaN	             NaN	   0.0000000e+00	   0.0000000e+00	   0.0000000e+00	   0.0000000e+00	
   2.6868185e+00	   7.7817977e-01	   1.1818091e+00	   1.7737968e+00	   2.0228059e+00	   2.1408250e+00	   2.3356421e+00	   2.3090021e+00	   2.2141150e+00	   1.9658993e+00	   1.6253898e+00	   1.4502479e+00	   1.2481665e+00	   1.0354044e+00	   8.6033668e-01	   6.8044433e-01	   5.6941059e-01	   6.5174988e-01	  -3.5898363e-02	             NaN	             NaN	             NaN	             NaN	             NaN	             NaN	             NaN	             NaN	             NaN	             NaN	             NaN	   0.0000000e+00	   0.0000000e+00	   0.0000000e+00	
   8.4385156e-01	   5.8103378e-01	   7.4546738e-01	   1.4073976e+00	   1.9671996e+00	   2.1361992e+00	   2.1425545e+00	   2.2518889e+00	   2.0919130e+00	   1.8316220e+00	   1.6297984e+00	   1.4633872e+00	   1.2982913e+00	   1.0583094e+00	   8.8708423e-01	   7.0790491e-01	   5.9255811e-01	   6.2218377e-01	   2.3903927e-01	             NaN	             NaN	             NaN	             NaN	             NaN	             NaN	             NaN	             NaN	             NaN	             NaN	             NaN	   0.0000000e+00	   0.0000000e+00	   0.0000000e+00	
   2.6891423e+00	   5.5497277e-01	   1.1033835e+00	   1.6784940e+00	   1.7323964e+00	   1.8641945e+00	   2.0326538e+00	   2.1371970e+00	   2.0173709e+00	   1.7825557e+00	   1.6135852e+00	   1.4573613e+00	   1.2676266e+00	   1.1253616e+00	   8.8015561e-01	   7.3788342e-01	   6.0504320e-01	   6.3581219e-01	   5.1010742e-01	             NaN	             NaN	             NaN	             NaN	             NaN	             NaN	             NaN	             NaN	             NaN	             NaN	             NaN	   0.0000000e+00	   0.0000000e+00	   0.0000000e+00	
   6.0603525e-01	   1.2201924e+00	   7.6553815e-02	   1.3381073e+00	   1.6667593e+00	   1.8814122e+00	   1.9003828e+00	   2.0159319e+00	   1.9390773e+00	   1.7927823e+00	   1.5945096e+00	   1.4536673e+00	   1.2795713e+00	   1.1264930e+00	   9.1772493e-01	   7.8185514e-01	   6.3037813e-01	   5.7685452e-01	   6.4982912e-01	   1.1754635e-01	             NaN	             NaN	             NaN	             NaN	             NaN	             NaN	             NaN	             NaN	             NaN	             NaN	             NaN	   0.0000000e+00	   0.0000000e+00	
   5.8730524e-01	  -5.1018659e-01	   9.6689958e-01	   1.2488079e+00	   1.6185633e+00	   1.7079747e+00	   1.8436901e+00	   1.8708918e+00	   1.8929075e+00	   1.6832887e+00	   1.6027940e+00	   1.4787426e+00	   1.2947788e+00	   1.1864951e+00	   9.7608982e-01	   8.2624595e-01	   6.3117677e-01	   5.9524281e-01	   6.3303539e-01	   2.4801938e-01	             NaN	             NaN	             NaN	             NaN	             NaN	             NaN	             NaN	             NaN	             NaN	             NaN	             NaN	   0.0000000e+00	   0.0000000e+00	
  -6.2694097e-01	  -7.6805861e-02	   8.2398247e-01	   1.3182542e+00	   1.5324468e+00	   1.6896961e+00	   1.7129854e+00	   1.7858524e+00	   1.8454742e+00	   1.7338103e+00	   1.6242936e+00	   1.5287466e+00	   1.4038399e+00	   1.1718373e+00	   9.9817252e-01	   8.3652638e-01	   6.7780448e-01	   6.0767548e-01	   6.3231831e-01	   4.8903500e-01	  -2.1963461e-02	             NaN	             NaN	             NaN	             NaN	             NaN	             NaN	             NaN	             NaN	             NaN	             NaN	             NaN	   0.0000000e+00	
   4.4264910e-01	   8.8663563e-02	   4.7856120e-01	   1.0448702e+00	   1.3346859e+00	   1.7114873e+00	   1.7824579e+00	   1.8077117e+00	   1.7358081e+00	   1.6948581e+00	   1.6262819e+00	   1.5434422e+00	   1.4540352e+00	   1.2636111e+00	   1.0373749e+00	   8.6594549e-01	   6.9369654e-01	   6.2545567e-01	   5.5740648e-01	   5.6946043e-01	   2.0745337e-03	             NaN	             NaN	             NaN	             NaN	             NaN	             NaN	             NaN	             NaN	             NaN	             NaN	             NaN	   0.0000000e+00	
  -2.5573842e-01	  -3.7187967e-01	   1.0456439e-01	   8.6889076e-01	   1.3664641e+00	   1.5244471e+00	   1.6045475e+00	   1.6704644e+00	   1.8074060e+00	   1.7070547e+00	   1.6018047e+00	   1.6008601e+00	   1.4268614e+00	   1.2495974e+00	   1.0414801e+00	   9.3156483e-01	   8.0108226e-01	   6.4942042e-01	   5.6648421e-01	   7.4697871e-01	   1.9699227e-01	             NaN	             NaN	             NaN	             NaN	             NaN	             NaN	             NaN	             NaN	             NaN	             NaN	             NaN	   0.0000000e+00	
   1.0441059e+00	  -5.4386566e-01	   4.2305200e-01	   1.0430378e+00	   1.3141698e+00	   1.4470691e+00	   1.6189093e+00	   1.6884992e+00	   1.7688898e+00	   1.6636767e+00	   1.7018058e+00	   1.5748002e+00	   1.4959424e+00	   1.2976117e+00	   1.1210839e+00	   9.2114601e-01	   7.4887447e-01	   6.5776041e-01	   6.1794901e-01	   6.4365205e-01	   4.0514519e-01	   2.0642898e-02	             NaN	             NaN	             NaN	             NaN	             NaN	             NaN	             NaN	             NaN	             NaN	             NaN	             NaN	
  -8.4421247e-01	  -1.5661799e+00	   1.5697633e-01	   4.9446584e-01	   1.1854848e+00	   1.3845577e+00	   1.4977590e+00	   1.6516072e+00	   1.7480853e+00	   1.7171275e+00	   1.6548579e+00	   1.6317785e+00	   1.4851902e+00	   1.3499097e+00	   1.1046802e+00	   9.3472760e-01	   8.0475392e-01	   7.2519577e-01	   6.1020763e-01	   5.3730825e-01	   4.9238320e-01	   1.1373681e-01	             NaN	             NaN	             NaN	             NaN	             NaN	             NaN	             NaN	             NaN	             NaN	             NaN	             NaN	
  -1.5703218e-01	  -2.8432259e-01	  -3.4013761e-01	   4.0584663e-01	   1.3704223e+00	   1.3166796e+00	   1.5340277e+00	   1.6449978e+00	   1.6556098e+00	   1.6674638e+00	   1.6337736e+00	   1.6444123e+00	   1.5118675e+00	   1.3473936e+00	   1.1846627e+00	   9.6786562e-01	   8.3850438e-01	   7.5580451e-01	   6.0059403e-01	   5.6679345e-01	   5.2618574e-01	   1.8882236e-01	   8.7225044e-02	             NaN	             NaN	             NaN	             NaN	             NaN	             NaN	             NaN	             NaN	             NaN	             NaN	
  -7.3130267e-01	  -5.5560693e-01	   1.4527519e-01	   5.8683259e-01	   1.3945231e+00	   1.4223668e+00	   1.5159226e+00	   1.5943042e+00	   1.6724073e+00	   1.6599944e+00	   1.7158080e+00	   1.6434328e+00	   1.5340769e+00	   1.4039218e+00	   1.1938242e+00	   1.0163545e+00	   8.6473086e-01	   7.6269538e-01	   6.3882374e-01	   5.6473949e-01	   5.8896185e-01	   3.6015236e-01	  -1.2281714e-02	             NaN	             NaN	             NaN	             NaN	             NaN	             NaN	             NaN	             NaN	             NaN	             NaN	
   5.2440509e-02	  -5.3528034e-01	   1.8711845e-02	   6.0281908e-01	   8.3366736e-01	   1.3813615e+00	   1.4364196e+00	   1.4985436e+00	   1.6524656e+00	   1.7294565e+00	   1.6550281e+00	   1.7136383e+00	   1.5365383e+00	   1.4681763e+00	   1.2043615e+00	   1.0359043e+00	   8.9119096e-01	   7.7548118e-01	   6.7841743e-01	   5.7076558e-01	   5.4070656e-01	   5.2782890e-01	  -3.0027633e-02	             NaN	             NaN	             NaN	             NaN	             NaN	             NaN	             NaN	             NaN	             NaN	             NaN	
   5.4053642e-01	  -7.4012638e-01	  -1.7830331e-01	   6.0057798e-01	   1.2492633e+00	   1.3399438e+00	   1.5265322e+00	   1.5232949e+00	   1.6589210e+00	   1.7474737e+00	   1.7477570e+00	   1.6223976e+00	   1.5681382e+00	   1.4018258e+00	   1.2407317e+00	   1.0341616e+00	   8.8906901e-01	   8.1408162e-01	   6.7913023e-01	   5.9721889e-01	   5.4891667e-01	   5.8252346e-01	   1.1989639e-01	   6.9888412e-02	             NaN	             NaN	             NaN	             NaN	             NaN	             NaN	             NaN	             NaN	             NaN	
  -4.8496493e-01	  -5.1984238e-01	   3.6277082e-01	   9.1187600e-01	   1.1692491e+00	   1.3750465e+00	   1.4439414e+00	   1.5564947e+00	   1.6486250e+00	   1.6150193e+00	   1.7224682e+00	   1.6975191e+00	   1.6053066e+00	   1.4461696e+00	   1.2662348e+00	   1.0782072e+00	   9.1666621e-01	   8.2334998e-01	   7.2422067e-01	   6.1139095e-01	   5.5123477e-01	   5.8991454e-01	   2.7692569e-01	   1.8289584e-02	             NaN	             NaN	             NaN	             NaN	             NaN	             NaN	             NaN	             NaN	             NaN	
   3.3793645e-02	  -7.3517900e-01	   3.4606350e-01	   8.3828977e-01	   1.2178491e+00	   1.3416386e+00	   1.3840082e+00	   1.4729549e+00	   1.6369662e+00	   1.6931076e+00	   1.7318655e+00	   1.7080505e+00	   1.6377694e+00	   1.5242168e+00	   1.2821679e+00	   1.1017309e+00	   9.2225109e-01	   8.3588736e-01	   7.6098122e-01	   6.3790816e-01	   5.6163966e-01	   5.0867367e-01	   4.5276470e-01	  -3.7878286e-02	   1.5791350e-01	             NaN	             NaN	             NaN	             NaN	             NaN	             NaN	             NaN	             NaN	
   1.7762764e-01	  -2.8498268e-01	  -2.9285123e-02	   1.0193496e+00	   1.1516323e+00	   1.2729404e+00	   1.3667653e+00	   1.4801440e+00	   1.5524389e+00	   1.6804255e+00	   1.7477383e+00	   1.7073583e+00	   1.6564348e+00	   1.5129324e+00	   1.2854634e+00	   1.1354194e+00	   9.4733444e-01	   8.6081938e-01	   7.6659600e-01	   6.8196574e-01	   5.7374355e-01	   5.1134104e-01	   4.9141974e-01	   9.8241124e-02	   1.1850320e-01	             NaN	             NaN	             NaN	             NaN	             NaN	             NaN	             NaN	             NaN	
   3.5721090e-02	   8.2195965e-02	   5.1778489e-01	   9.1626462e-01	   1.2544357e+00	   1.1591036e+00	   1.3414360e+00	   1.4301265e+00	   1.5932363e+00	   1.6749660e+00	   1.7192654e+00	   1.6781014e+00	   1.5935337e+00	   1.4850845e+00	   1.3178742e+00	   1.1129209e+00	   9.8291037e-01	   8.5344399e-01	   7.5932051e-01	   6.6732351e-01	   5.7342297e-01	   5.0060489e-01	   5.1604541e-01	   2.5431767e-01	   1.3586598e-01	             NaN	             NaN	             NaN	             NaN	             NaN	             NaN	             NaN	             NaN	
   2.0958229e-01	  -6.1789217e-01	  -1.1392831e-01	   7.4368477e-01	   1.1709157e+00	   1.2360707e+00	   1.3896387e+00	   1.4444284e+00	   1.5827969e+00	   1.6446635e+00	   1.7102928e+00	   1.7104728e+00	   1.6039859e+00	   1.4867505e+00	   1.3143602e+00	   1.1165825e+00	   9.6368589e-01	   8.7340130e-01	   7.8950122e-01	   6.9675112e-01	   6.1300119e-01	   5.0050926e-01	   5.0302106e-01	   3.6059297e-01	   1.0313999e-01	   1.5984978e-01	             NaN	             NaN	             NaN	             NaN	             NaN	             NaN	             NaN	
   1.7782972e+00	   4.3661873e-01	   6.7557260e-01	   6.4798102e-01	   8.5752180e-01	   1.1083713e+00	   1.4044525e+00	   1.5014863e+00	   1.5520214e+00	   1.6286684e+00	   1.6509926e+00	   1.7504375e+00	   1.6390762e+00	   1.5164638e+00	   1.3344234e+00	   1.1417702e+00	   9.7772105e-01	   9.0106614e-01	   7.9598159e-01	   6.9441284e-01	   6.1315591e-01	   4.9989398e-01	   4.5896795e-01	   5.0222217e-01	   9.8790120e-02	   8.8113903e-02	             NaN	             NaN	             NaN	             NaN	             NaN	             NaN	             NaN	
   6.3925071e-01	  -8.9304664e-01	   9.3389462e-01	   8.3861188e-01	   1.2441546e+00	   1.3614774e+00	   1.2985420e+00	   1.3630642e+00	   1.5756011e+00	   1.6266747e+00	   1.6897366e+00	   1.6945914e+00	   1.5999139e+00	   1.5098552e+00	   1.3649930e+00	   1.1143282e+00	   9.8427752e-01	   9.1805160e-01	   8.3209258e-01	   7.2574143e-01	   6.1561115e-01	   5.1939178e-01	   4.6815278e-01	   4.9647412e-01	   1.6956914e-01	   5.9012222e-02	   1.6277920e-01	             NaN	             NaN	             NaN	             NaN	             NaN	             NaN	
   1.2840794e+00	   8.4123035e-01	   1.3885731e+00	   8.6042582e-01	   1.1467006e+00	   1.2946713e+00	   1.3166174e+00	   1.3996694e+00	   1.4924231e+00	   1.6198081e+00	   1.6595231e+00	   1.6938413e+00	   1.6249959e+00	   1.4831651e+00	   1.3082019e+00	   1.1647891e+00	   1.0339799e+00	   9.3216488e-01	   8.4007972e-01	   7.2345932e-01	   6.1204454e-01	   5.3477748e-01	   4.3814626e-01	   4.4333699e-01	   2.5148001e-01	  -5.8969668e-03	   1.1402859e-01	             NaN	             NaN	             NaN	             NaN	             NaN	             NaN	
   1.1002115e+00	   8.0373327e-01	   8.5155254e-01	   9.6382554e-01	   1.2878556e+00	   1.1360397e+00	   1.2294753e+00	   1.4480028e+00	   1.4881072e+00	   1.6171389e+00	   1.6298928e+00	   1.6596279e+00	   1.6328784e+00	   1.4712673e+00	   1.3144647e+00	   1.1273023e+00	   9.9967100e-01	   9.1854468e-01	   7.9671753e-01	   7.3961658e-01	   6.5511628e-01	   5.3920614e-01	   4.5518620e-01	   4.1437519e-01	   3.6102984e-01	   2.5939315e-02	   7.4504537e-02	             NaN	             NaN	             NaN	             NaN	             NaN	             NaN	
   1.3307393e+00	   9.1783022e-01	   1.2867044e+00	   9.0236734e-01	   1.1861885e+00	   1.2773411e+00	   1.2735242e+00	   1.3813785e+00	   1.4291150e+00	   1.5308290e+00	   1.5884708e+00	   1.5688143e+00	   1.5282112e+00	   1.4489986e+00	   1.2871906e+00	   1.1515218e+00	   1.0264516e+00	   9.4005831e-01	   8.5876667e-01	   7.3091456e-01	   6.5471454e-01	   5.5744525e-01	   4.6264279e-01	   3.9086785e-01	   4.2804786e-01	   1.8768202e-01	   2.5756612e-02	   1.3863358e-01	             NaN	             NaN	             NaN	             NaN	             NaN	
   1.2457847e+00	   2.2094748e-01	   1.0050876e+00	   1.2537627e+00	   1.0321140e+00	   1.1628511e+00	   1.2389317e+00	   1.3518414e+00	   1.4552272e+00	   1.5059284e+00	   1.5770046e+00	   1.6034444e+00	   1.5563935e+00	   1.4422440e+00	   1.2983150e+00	   1.1478119e+00	   9.9866860e-01	   8.9753819e-01	   8.4314070e-01	   7.5918746e-01	   6.4214181e-01	   5.5544900e-01	   4.9093673e-01	   4.0166679e-01	   3.9055490e-01	   1.9711720e-01	   4.2640378e-02	   1.1865616e-01	             NaN	             NaN	             NaN	             NaN	             NaN	
   1.4018591e+00	   9.2646426e-01	   8.7009454e-01	   8.5967488e-01	   1.1484819e+00	   1.2366722e+00	   1.2121961e+00	   1.3291723e+00	   1.4083063e+00	   1.4656878e+00	   1.5683212e+00	   1.5486681e+00	   1.5289979e+00	   1.4367282e+00	   1.2593833e+00	   1.1283458e+00	   1.0090500e+00	   9.6773206e-01	   8.7416112e-01	   7.2661109e-01	   6.6360971e-01	   5.6964391e-01	   4.7238801e-01	   3.9403522e-01	   3.5479562e-01	   2.8688171e-01	   2.8783335e-02	   1.1856140e-01	   1.2090577e-01	             NaN	             NaN	             NaN	             NaN	
   2.1690983e+00	   1.0981268e+00	   1.1030120e+00	   1.1350470e+00	   1.1437404e+00	   1.2281523e+00	   1.2229593e+00	   1.2941984e+00	   1.4068897e+00	   1.4928334e+00	   1.5677569e+00	   1.5757625e+00	   1.5183636e+00	   1.4195608e+00	   1.2843577e+00	   1.1286375e+00	   1.0133141e+00	   9.3115552e-01	   8.5920215e-01	   7.8662251e-01	   6.7417989e-01	   5.9341541e-01	   4.9196697e-01	   3.8146913e-01	   3.2957414e-01	   3.4808795e-01	   1.5491367e-01	   8.8335024e-02	   1.1994433e-01	             NaN	             NaN	             NaN	             NaN	
   1.0591422e+00	   1.0538761e+00	   1.2156868e+00	   1.0793849e+00	   1.1474404e+00	   1.2044975e+00	   1.2042240e+00	   1.2884100e+00	   1.3446045e+00	   1.4360395e+00	   1.5053246e+00	   1.5387221e+00	   1.4641572e+00	   1.4202405e+00	   1.2531760e+00	   1.1131729e+00	   1.0320909e+00	   9.1793003e-01	   8.5221964e-01	   7.7836829e-01	   6.7156065e-01	   5.7131279e-01	   4.7997972e-01	   3.9385658e-01	   3.2824118e-01	   3.0964459e-01	   2.4243252e-01	  -5.3991740e-03	   1.0980510e-01	             NaN	             NaN	             NaN	             NaN	
   7.8399204e-01	   1.2012782e+00	   1.5078523e+00	   9.8438728e-01	   1.2479595e+00	   1.1345339e+00	   1.1519063e+00	   1.2041073e+00	   1.3283992e+00	   1.3894388e+00	   1.4621714e+00	   1.4576886e+00	   1.4686607e+00	   1.4163034e+00	   1.2561032e+00	   1.1268486e+00	   9.9042179e-01	   9.5855028e-01	   8.8450231e-01	   7.6258798e-01	   6.8333756e-01	   5.8807786e-01	   4.8313265e-01	   4.0421661e-01	   3.4117849e-01	   3.4078239e-01	   3.0890590e-01	   3.2374567e-02	   1.0453145e-01	   1.1764269e-01	             NaN	             NaN	             NaN	
   9.8263383e-01	   1.7230605e+00	   1.4350201e+00	   1.2888201e+00	   1.2790129e+00	   1.1425844e+00	   1.1161112e+00	   1.2852471e+00	   1.2829681e+00	   1.3955950e+00	   1.4347007e+00	   1.4646421e+00	   1.4206778e+00	   1.3305703e+00	   1.2181008e+00	   1.1090924e+00	   9.9008752e-01	   9.5256090e-01	   8.6000312e-01	   7.8724887e-01	   7.0242075e-01	   5.7749206e-01	   4.8521366e-01	   4.2248788e-01	   3.4582050e-01	   2.9938712e-01	   3.3447496e-01	   4.6061888e-02	   7.0999901e-02	   1.1455992e-01	             NaN	             NaN	             NaN	
   1.6429119e+00	   1.5086813e+00	   1.3613845e+00	   1.2792369e+00	   1.1134549e+00	   1.1154138e+00	   1.1926740e+00	   1.3124428e+00	   1.2522871e+00	   1.3199879e+00	   1.4331127e+00	   1.4362923e+00	   1.4040381e+00	   1.3603990e+00	   1.2119069e+00	   1.1256494e+00	   1.0167074e+00	   9.5024511e-01	   8.6126034e-01	   7.6470796e-01	   6.9068030e-01	   5.8701317e-01	   5.1405353e-01	   4.3634524e-01	   3.5781185e-01	   3.0594332e-01	   2.9851012e-01	   1.5922388e-01	   5.0632938e-02	   1.1729212e-01	   1.1748484e-01	             NaN	             NaN	
   2.0100336e+00	   1.8314263e+00	   1.2456640e+00	   1.2827025e+00	   1.1467558e+00	   1.1203336e+00	   1.0643649e+00	   1.1614980e+00	   1.2017028e+00	   1.3005959e+00	   1.4090591e+00	   1.3725627e+00	   1.3890551e+00	   1.3045884e+00	   1.1918495e+00	   1.0753016e+00	   9.8794179e-01	   9.4905772e-01	   8.8131492e-01	   8.0050369e-01	   7.1243151e-01	   6.0594270e-01	   4.9766936e-01	   4.3370237e-01	   3.6774462e-01	   3.0988421e-01	   3.2278700e-01	   2.2037343e-01	   4.3092892e-02	   1.2068653e-01	   1.1833452e-01	             NaN	             NaN	
   2.0878105e+00	   1.2376773e+00	   1.3147381e+00	   1.2630201e+00	   1.1798121e+00	   1.0783783e+00	   1.1605119e+00	   1.1477382e+00	   1.1662526e+00	   1.2730921e+00	   1.3531626e+00	   1.3660411e+00	   1.3138258e+00	   1.2777360e+00	   1.1668648e+00	   1.1132645e+00	   1.0343626e+00	   9.3393515e-01	   8.7521670e-01	   8.0233392e-01	   7.3384832e-01	   6.0177751e-01	   5.0056568e-01	   4.3597937e-01	   3.8973920e-01	   3.1538767e-01	   2.8445452e-01	   2.5847801e-01	   6.6594913e-02	   8.7990554e-02	   1.1503344e-01	             NaN	             NaN	
   1.6103152e+00	   1.5966956e+00	   1.1617096e+00	   1.3389958e+00	   1.2651396e+00	   1.0579048e+00	   1.0969539e+00	   1.2003791e+00	   1.2252658e+00	   1.2232059e+00	   1.3019350e+00	   1.3096815e+00	   1.3356102e+00	   1.2477281e+00	   1.1337667e+00	   1.0984959e+00	   1.0158370e+00	   9.4168966e-01	   8.5562957e-01	   8.3442580e-01	   7.1079494e-01	   6.5717967e-01	   5.3259673e-01	   4.2670424e-01	   3.8937631e-01	   3.4191991e-01	   2.9884639e-01	   2.7435000e-01	   4.9225956e-02	   5.2188493e-02	   1.2354119e-01	   1.1451659e-01	             NaN	
   2.5297211e+00	   1.6468260e+00	   1.5798013e+00	   1.3232781e+00	   1.2078596e+00	   1.1043537e+00	   1.1123480e+00	   1.1859233e+00	   1.1668062e+00	   1.2042621e+00	   1.2572256e+00	   1.3162450e+00	   1.3126240e+00	   1.2259335e+00	   1.1437556e+00	   1.0824553e+00	   1.0016036e+00	   9.2730976e-01	   8.9300990e-01	   8.3155904e-01	   7.2895241e-01	   6.0955148e-01	   5.4830101e-01	   4.5016809e-01	   4.0498896e-01	   3.3658037e-01	   2.9574203e-01	   2.7365601e-01	   1.3497949e-01	   6.6269624e-02	   1.0812054e-01	   1.1404873e-01	             NaN	
   1.7377835e+00	   1.5633495e+00	   1.7408698e+00	   1.2830915e+00	   1.3122780e+00	   1.1729273e+00	   1.0455985e+00	   1.0923166e+00	   1.1433992e+00	   1.2064137e+00	   1.2352757e+00	   1.2481950e+00	   1.2648778e+00	   1.2041006e+00	   1.1398152e+00	   1.0372481e+00	   1.0000355e+00	   9.3377117e-01	   8.8381335e-01	   7.9805691e-01	   7.1669817e-01	   6.3788879e-01	   5.2403501e-01	   4.6602015e-01	   4.0899099e-01	   3.5035375e-01	   3.0358281e-01	   2.6670541e-01	   2.5627790e-01	   7.3894942e-02	   1.1043428e-01	   1.2212133e-01	   1.0951535e-01	
   1.9227035e+00	   1.7424635e+00	   1.7622908e+00	   1.4024497e+00	   1.1138210e+00	   1.0956984e+00	   1.1129980e+00	   1.1568570e+00	   1.0985398e+00	   1.1533883e+00	   1.1840084e+00	   1.2437734e+00	   1.2348036e+00	   1.1520341e+00	   1.1236911e+00	   1.0683144e+00	   1.0134376e+00	   9.3288894e-01	   8.6819626e-01	   8.4467367e-01	   7.2809899e-01	   6.6339689e-01	   5.4451601e-01	   4.6582962e-01	   4.1295046e-01	   3.5390960e-01	   3.0982670e-01	   2.5930312e-01	   2.6258505e-01	   6.7746226e-02	   9.6009214e-02	   1.1596769e-01	   1.1609580e-01	
   2.6004217e+00	   1.4183574e+00	   1.7436515e+00	   1.2001954e+00	   1.1445006e+00	   1.0792565e+00	   1.0885015e+00	   1.0508564e+00	   1.1333505e+00	   1.1247905e+00	   1.1835160e+00	   1.2012841e+00	   1.2209169e+00	   1.2053220e+00	   1.1043850e+00	   1.0093792e+00	   1.0005543e+00	   9.2615340e-01	   8.8343850e-01	   8.3546226e-01	   7.2693560e-01	   6.3011997e-01	   5.6154123e-01	   4.6509404e-01	   4.1562247e-01	   3.6942152e-01	   3.1578530e-01	   2.7598396e-01	   2.8801751e-01	   1.8627048e-01	   7.4763303e-02	   1.2796448e-01	   1.2199912e-01	
   2.2544022e+00	   1.8445268e+00	   1.6827448e+00	   1.2765711e+00	   1.0879832e+00	   1.0597221e+00	   1.0312727e+00	   1.0425798e+00	   1.0809695e+00	   1.1734212e+00	   1.1564736e+00	   1.1897411e+00	   1.1738924e+00	   1.1624357e+00	   1.1052557e+00	   1.0361351e+00	   9.8961647e-01	   9.5133208e-01	   9.1250374e-01	   8.1458814e-01	   7.4096053e-01	   6.5038593e-01	   5.5381786e-01	   4.7123258e-01	   4.3179641e-01	   3.6012245e-01	   3.0507337e-01	   2.8213449e-01	   3.0452462e-01	   2.5809050e-01	   7.0211641e-02	   1.1079529e-01	   1.3383684e-01	
   2.3967162e+00	   1.6580735e+00	   1.7955192e+00	   1.3304819e+00	   1.2024671e+00	   1.0997636e+00	   1.0688650e+00	   1.0533668e+00	   1.0737653e+00	   1.0801968e+00	   1.1019667e+00	   1.1666217e+00	   1.1858375e+00	   1.1189663e+00	   1.0692784e+00	   1.0018624e+00	   9.8893144e-01	   9.6828555e-01	   9.1366487e-01	   8.5807320e-01	   7.3777816e-01	   6.6362953e-01	   5.6138547e-01	   4.7988598e-01	   4.3016783e-01	   3.5837263e-01	   3.3168437e-01	   2.8138878e-01	   2.6878425e-01	   2.7149971e-01	   1.3023826e-01	   9.2640922e-02	   1.3725848e-01	
   1.4666825e+00	   2.0280734e+00	   1.7145110e+00	   1.4604863e+00	   1.2247854e+00	   1.1110946e+00	   9.4056996e-01	   9.9983034e-01	   1.0090979e+00	   1.0700226e+00	   1.0450789e+00	   1.1428059e+00	   1.1596077e+00	   1.1099858e+00	   1.0624846e+00	   1.0134217e+00	   9.3165678e-01	   9.2941284e-01	   8.9615867e-01	   8.3445521e-01	   7.4660745e-01	   6.6769588e-01	   5.9394366e-01	   4.8612098e-01	   4.0887554e-01	   3.6559798e-01	   3.3043511e-01	   3.0120561e-01	   2.6401575e-01	   2.6993684e-01	   1.4207641e-01	   8.8818126e-02	   1.4454015e-01	
             NaN	   2.0201440e+00	   1.6488809e+00	   1.3859015e+00	   1.1602802e+00	   1.0301876e+00	   9.1961410e-01	   1.0341448e+00	   1.0171616e+00	   1.0433055e+00	   1.0900840e+00	   1.0976220e+00	   1.0655130e+00	   1.0592894e+00	   1.0378470e+00	   1.0309893e+00	   1.0014202e+00	   9.3334910e-01	   8.9493275e-01	   8.0746636e-01	   7.5525598e-01	   6.5489922e-01	   5.7405331e-01	   5.0360594e-01	   4.4333170e-01	   3.8213329e-01	   3.3871265e-01	   3.1508612e-01	   2.6821320e-01	   2.6576952e-01	   2.3076923e-01	   6.7024207e-02	   1.2692305e-01	
             NaN	   1.7725995e+00	   1.4059729e+00	   1.4248411e+00	   1.2266304e+00	   1.0002293e+00	   1.0103414e+00	   1.0144764e+00	   9.3325718e-01	   1.0144712e+00	   1.0474627e+00	   1.0369786e+00	   1.0945640e+00	   1.0418055e+00	   1.0458377e+00	   1.0104356e+00	   9.6730045e-01	   9.4644590e-01	   8.9427191e-01	   8.1133921e-01	   7.4413208e-01	   6.7528680e-01	   5.6655119e-01	   4.9397352e-01	   4.4339425e-01	   3.9877572e-01	   3.4477458e-01	   3.0972223e-01	   2.6765201e-01	   2.7301915e-01	   2.7714960e-01	   1.5766269e-01	   1.0494995e-01	
             NaN	   1.7327186e+00	   1.5887552e+00	   1.4237470e+00	   1.1115340e+00	   1.0947778e+00	   9.4151267e-01	   9.0299454e-01	   9.3630387e-01	   9.7744605e-01	   1.0055874e+00	   1.0355500e+00	   1.0830342e+00	   1.0406944e+00	   1.0224132e+00	   9.8272089e-01	   9.6385846e-01	   9.4275858e-01	   8.6719127e-01	   8.2892210e-01	   7.4184293e-01	   6.7658753e-01	   5.6246361e-01	   4.9053686e-01	   4.4543867e-01	   3.9265215e-01	   3.6661274e-01	   3.2126428e-01	   2.7562722e-01	   2.5388125e-01	   2.6126782e-01	   1.3697589e-01	   7.9634563e-02	
             NaN	   1.5462133e+00	   1.5511509e+00	   1.5842625e+00	   1.1836649e+00	   1.0117680e+00	   9.8537759e-01	   9.6155507e-01	   9.0402466e-01	   9.7234019e-01	   1.0103413e+00	   1.0182776e+00	   1.0231329e+00	   1.0519407e+00	   1.0344437e+00	   9.8175410e-01	   9.6609626e-01	   8.9975806e-01	   9.0175942e-01	   8.2800235e-01	   7.6864816e-01	   6.8056041e-01	   5.9962699e-01	   5.0751695e-01	   4.5051004e-01	   3.9977836e-01	   3.6185153e-01	   3.2100259e-01	   2.8411036e-01	   2.5297714e-01	   2.9486241e-01	   1.7856102e-01	   8.7676016e-02	
             NaN	   1.6658231e+00	   1.5574476e+00	   1.4054983e+00	   1.1340721e+00	   1.0348683e+00	   9.0860596e-01	   9.1687862e-01	   8.7571442e-01	   9.4193742e-01	   9.8102916e-01	   1.0151206e+00	   1.0160055e+00	   9.9298869e-01	   1.0173737e+00	   9.6788173e-01	   9.7841147e-01	   9.1222203e-01	   8.5936836e-01	   8.1962244e-01	   7.4131303e-01	   6.6503488e-01	   6.0153883e-01	   5.2300228e-01	   4.4146833e-01	   4.1386413e-01	   3.6954082e-01	   3.2940820e-01	   2.9185970e-01	   2.6190796e-01	   2.8282226e-01	   2.5273430e-01	   1.0358050e-01	
             NaN	   1.8890268e+00	   1.5074327e+00	   1.1477003e+00	   1.0597602e+00	   1.0555544e+00	   8.3317487e-01	   9.1756518e-01	   8.7915623e-01	   9.0425193e-01	   9.6211080e-01	   1.0122218e+00	   9.9834404e-01	   9.9596759e-01	   9.6233387e-01	   9.7901824e-01	   9.2513830e-01	   9.0052161e-01	   8.6034264e-01	   7.9351548e-01	   7.4425003e-01	   6.5432865e-01	   5.8564447e-01	   4.9538182e-01	   4.4089688e-01	   4.0454637e-01	   3.6629786e-01	   3.3028707e-01	   3.0321466e-01	   2.7298993e-01	   2.5894306e-01	   2.4365737e-01	   1.4686740e-01	
             NaN	             NaN	   1.6850699e+00	   1.3403155e+00	   1.1726816e+00	   1.0282354e+00	   9.5830610e-01	   8.8975995e-01	   9.0109671e-01	   9.0953972e-01	   9.2377517e-01	   9.5442778e-01	   9.9767413e-01	   9.6984786e-01	   9.5745625e-01	   9.4673440e-01	   9.2165726e-01	   8.8764667e-01	   8.6047086e-01	   7.9245436e-01	   7.2742702e-01	   6.6431940e-01	   5.7362165e-01	   5.2199640e-01	   4.5289963e-01	   4.1109513e-01	   3.6999970e-01	   3.2921571e-01	   2.9318729e-01	   2.8801975e-01	   2.4293378e-01	   2.4356160e-01	   2.0521248e-01	
             NaN	             NaN	   1.6770135e+00	   1.2424143e+00	   1.1881086e+00	   9.5182983e-01	   9.4372267e-01	   8.6671635e-01	   8.5258447e-01	   9.1038171e-01	   8.4500696e-01	   9.2489997e-01	   9.2236709e-01	   9.5153637e-01	   9.4568850e-01	   9.2562297e-01	   9.0948397e-01	   8.9001986e-01	   8.5274525e-01	   8.0948678e-01	   7.2234853e-01	   6.4473953e-01	   5.5249764e-01	   5.1546845e-01	   4.4533374e-01	   3.9833801e-01	   3.6221468e-01	   3.3720561e-01	   3.0898123e-01	   2.7116068e-01	   2.4264371e-01	   2.2212219e-01	   1.8233656e-01	
             NaN	             NaN	   1.6148765e+00	   1.3846178e+00	   1.1973781e+00	   8.9157390e-01	   8.7834969e-01	   8.5354224e-01	   7.9981321e-01	   8.4784383e-01	   8.4211249e-01	   8.7852876e-01	   9.2016455e-01	   9.2457195e-01	   9.2945878e-01	   9.1409935e-01	   8.9500651e-01	   8.6514175e-01	   8.4351598e-01	   7.7364834e-01	   7.4840295e-01	   6.5513193e-01	   5.7658170e-01	   5.1276662e-01	   4.5228945e-01	   4.0951732e-01	   3.8440148e-01	   3.3575760e-01	   3.1557926e-01	   2.8454184e-01	   2.4437313e-01	   2.1398929e-01	   2.2705744e-01	
             NaN	             NaN	   1.4686181e+00	   1.4222094e+00	   1.1219367e+00	   9.2161454e-01	   9.3450928e-01	   8.5349250e-01	   7.8901461e-01	   8.4123577e-01	   8.4477060e-01	   8.9792409e-01	   9.0028680e-01	   8.9040906e-01	   9.2802353e-01	   8.5940423e-01	   8.7282634e-01	   8.6229760e-01	   8.0678910e-01	   7.7675563e-01	   7.1356103e-01	   6.1462524e-01	   5.5341528e-01	   5.0439532e-01	   4.4388218e-01	   3.9717089e-01	   3.6459080e-01	   3.4884336e-01	   3.0056225e-01	   2.7848231e-01	   2.6350755e-01	   2.2701043e-01	   2.4840752e-01	
             NaN	             NaN	   1.5542002e+00	   1.3096934e+00	   1.1569198e+00	   8.7117203e-01	   8.9947359e-01	   8.4645959e-01	   8.0530061e-01	   8.3449477e-01	   8.0688354e-01	   8.7314416e-01	   8.4582527e-01	   9.1250941e-01	   9.0113506e-01	   8.6813773e-01	   8.4026065e-01	   8.2178380e-01	   8.4615752e-01	   7.4494474e-01	   7.0884643e-01	   6.2109904e-01	   5.5681855e-01	   4.7682789e-01	   4.3451540e-01	   3.8728734e-01	   3.6017585e-01	   3.3636610e-01	   3.1229627e-01	   2.8821622e-01	   2.4957942e-01	   2.3303978e-01	   2.1901381e-01	
             NaN	             NaN	             NaN	   1.3196795e+00	   1.0546801e+00	   8.8751723e-01	   8.5809393e-01	   8.2677543e-01	   7.9464242e-01	   7.4823197e-01	   8.1238519e-01	   8.1515740e-01	   8.4228757e-01	   8.7030855e-01	   8.7038317e-01	   8.7049118e-01	   8.5145416e-01	   8.0554072e-01	   8.0423247e-01	   7.4622279e-01	   6.8878486e-01	   6.0830353e-01	   5.4267136e-01	   4.6900033e-01	   4.4810130e-01	   3.9194468e-01	   3.6689913e-01	   3.5652816e-01	   3.2013572e-01	   2.7945428e-01	   2.6348930e-01	   2.3363159e-01	   2.1730004e-01	
             NaN	             NaN	             NaN	   1.1829848e+00	   1.0566250e+00	   9.8681072e-01	   8.4499750e-01	   7.8450911e-01	   7.2611236e-01	   7.4394103e-01	   7.6985366e-01	   8.4148826e-01	   8.2095485e-01	   8.4229536e-01	   8.3882044e-01	   8.3691808e-01	   8.0909872e-01	   7.8709916e-01	   7.9805874e-01	   7.5183134e-01	   6.5822616e-01	   5.8026347e-01	   5.4181554e-01	   4.8030087e-01	   4.3070161e-01	   3.9655804e-01	   3.6210212e-01	   3.3384174e-01	   3.1428326e-01	   2.7578592e-01	   2.6680404e-01	   2.3352608e-01	   2.1162179e-01	
             NaN	             NaN	             NaN	   1.1616526e+00	   1.1172644e+00	   9.4045313e-01	   8.5440002e-01	   8.3521238e-01	   7.1716109e-01	   7.2684094e-01	   7.9184919e-01	   7.6564328e-01	   8.0618381e-01	   8.3597566e-01	   8.1663523e-01	   8.3098360e-01	   8.2308596e-01	   7.3749112e-01	   7.1932236e-01	   6.9423119e-01	   6.6041972e-01	   5.8727497e-01	   5.1061739e-01	   4.5232721e-01	   4.3384480e-01	   3.9131496e-01	   3.5723759e-01	   3.2095466e-01	   3.1986841e-01	   2.6583262e-01	   2.6621607e-01	   2.3312163e-01	   2.1097913e-01	
             NaN	             NaN	             NaN	   1.2351600e+00	   8.3809644e-01	   8.5825701e-01	   8.1978307e-01	   7.4659249e-01	   7.6205857e-01	   7.3770858e-01	   7.5811583e-01	   7.4301882e-01	   7.2532826e-01	   8.3548443e-01	   8.3513890e-01	   8.2657757e-01	   8.0473040e-01	   7.6848696e-01	   7.1735158e-01	   6.8453506e-01	   6.4671984e-01	   5.6935121e-01	   5.3359681e-01	   4.7613602e-01	   4.1874670e-01	   3.8042349e-01	   3.6672592e-01	   3.3054647e-01	   3.0879061e-01	   2.8044259e-01	   2.5506058e-01	   2.3009714e-01	   2.2647634e-01	
             NaN	             NaN	             NaN	   1.1671175e+00	   9.6827228e-01	   8.8324596e-01	   7.7175129e-01	   7.3230853e-01	   6.9132177e-01	   6.8053303e-01	   7.0767119e-01	   7.2588192e-01	   7.6823133e-01	   8.1299991e-01	   7.7891891e-01	   7.9028167e-01	   7.5467345e-01	   7.5186343e-01	   7.4476049e-01	   7.2198261e-01	   6.2102925e-01	   5.7638291e-01	   5.0417771e-01	   4.5717404e-01	   4.1782094e-01	   3.8200710e-01	   3.4562113e-01	   3.3173496e-01	   2.9730520e-01	   2.7955649e-01	   2.7234559e-01	   2.3706873e-01	   2.2130458e-01	
             NaN	             NaN	             NaN	             NaN	   1.0637239e+00	   8.8601218e-01	   7.6325790e-01	   6.9838304e-01	   6.9467070e-01	   6.8350169e-01	   7.0856347e-01	   6.7560157e-01	   7.0591871e-01	   7.4553724e-01	   7.5470660e-01	   7.7164636e-01	   7.3460548e-01	   7.3680362e-01	   7.2118545e-01	   6.6196127e-01	   5.9627161e-01	   5.4137498e-01	   4.8316631e-01	   4.4443216e-01	   4.1193573e-01	   3.7301169e-01	   3.6371951e-01	   3.1872710e-01	   3.1809396e-01	   2.7721704e-01	   2.6868832e-01	   2.3617856e-01	   2.1968913e-01	
             NaN	             NaN	             NaN	             NaN	   1.0190666e+00	   8.5150964e-01	   6.7481913e-01	   6.7824885e-01	   6.8067586e-01	   6.8165317e-01	   6.6243246e-01	   7.0251765e-01	   7.1796506e-01	   7.5648089e-01	   7.5072361e-01	   7.6006099e-01	   7.2034897e-01	   7.0399815e-01	   7.1082217e-01	   6.2310690e-01	   5.8389502e-01	   5.3283971e-01	   4.9991922e-01	   4.4556837e-01	   4.0155452e-01	   3.6982269e-01	   3.4438293e-01	   3.2277430e-01	   3.0526424e-01	   2.9200273e-01	   2.7501278e-01	   2.4858550e-01	   2.0346462e-01	
             NaN	             NaN	             NaN	             NaN	   9.4376063e-01	   8.2638385e-01	   7.9639159e-01	   7.0994067e-01	   7.1336229e-01	   6.6047902e-01	   6.7406830e-01	   6.9950900e-01	   7.1638282e-01	   7.1163213e-01	   7.5682990e-01	   7.1761004e-01	   7.0455684e-01	   7.1323926e-01	   6.7826116e-01	   6.4150486e-01	   5.8357589e-01	   5.4033039e-01	   4.8298718e-01	   4.2419558e-01	   3.9978641e-01	   3.5780742e-01	   3.3948929e-01	   3.3527641e-01	   3.0466743e-01	   3.0049892e-01	   2.6873865e-01	   2.3127719e-01	   2.2381932e-01	
             NaN	             NaN	             NaN	             NaN	   9.5284319e-01	   8.5446489e-01	   7.0963158e-01	   6.5508535e-01	   7.0178103e-01	   6.3520525e-01	   6.3531239e-01	   6.0884515e-01	   6.5214657e-01	   7.2438711e-01	   6.9691318e-01	   7.0520798e-01	   7.2087460e-01	   7.2397137e-01	   6.5919079e-01	   6.2250258e-01	   5.6140695e-01	   5.0072408e-01	   4.5928232e-01	   4.2670387e-01	   3.8685309e-01	   3.5924346e-01	   3.3691614e-01	   2.9894945e-01	   3.1897952e-01	   2.7403471e-01	   2.4580431e-01	   2.2697467e-01	   2.0511504e-01	
             NaN	             NaN	             NaN	             NaN	   9.7924037e-01	   8.2155610e-01	   7.0846134e-01	   6.5640679e-01	   5.5687302e-01	   5.9434254e-01	   6.2750654e-01	   6.7938721e-01	   6.5205084e-01	   7.2498380e-01	   6.7000500e-01	   7.0744202e-01	   6.8624669e-01	   6.6089870e-01	   6.5485088e-01	   5.9378520e-01	   5.3744170e-01	   4.8552485e-01	   4.5419312e-01	   4.1975134e-01	   3.8589877e-01	   3.6747952e-01	   3.3246376e-01	   3.2803234e-01	   2.8881383e-01	   2.7942406e-01	   2.4042230e-01	   2.3451387e-01	   2.2137094e-01	
             NaN	             NaN	             NaN	             NaN	             NaN	   8.0235302e-01	   6.9949691e-01	   6.4008195e-01	   6.4926631e-01	   5.7991032e-01	   5.8716763e-01	   6.3093988e-01	   5.8379583e-01	   6.8759819e-01	   6.8336432e-01	   6.4037377e-01	   6.6134363e-01	   6.4089939e-01	   6.0360993e-01	   5.9926719e-01	   5.4592362e-01	   4.8033894e-01	   4.4375246e-01	   4.1637339e-01	   3.9022637e-01	   3.3889406e-01	   3.2488716e-01	   2.9910454e-01	   2.8443996e-01	   2.6856581e-01	   2.4616202e-01	   2.3243655e-01	   2.1230849e-01	
             NaN	             NaN	             NaN	             NaN	             NaN	   7.5033679e-01	   6.9802339e-01	   6.7886883e-01	   5.9141083e-01	   5.8001474e-01	   6.0174193e-01	   5.8977920e-01	   6.2749614e-01	   6.3428239e-01	   6.8129302e-01	   6.5268086e-01	   6.1325644e-01	   6.3283598e-01	   6.1038186e-01	   5.6744982e-01	   5.2120018e-01	   4.6305438e-01	   4.1102554e-01	   3.9184027e-01	   3.6123275e-01	   3.2623258e-01	   3.2522303e-01	   3.0994565e-01	   2.8519601e-01	   2.6885482e-01	   2.5553887e-01	   2.3727405e-01	   2.1537880e-01	
             NaN	             NaN	             NaN	             NaN	             NaN	   7.6842236e-01	   7.0241879e-01	   6.0547632e-01	   5.8560284e-01	   5.7026620e-01	   5.8369691e-01	   5.7163608e-01	   5.6216758e-01	   6.0860349e-01	   6.3234224e-01	   6.0996601e-01	   6.1223287e-01	   6.2394929e-01	   5.9770998e-01	   5.3406088e-01	   5.1302485e-01	   4.6437718e-01	   4.3203403e-01	   3.8441446e-01	   3.5695211e-01	   3.4529878e-01	   3.2694625e-01	   2.9106047e-01	   2.8559740e-01	   2.7874571e-01	   2.5029815e-01	   2.3527653e-01	   2.0555199e-01	
             NaN	             NaN	             NaN	             NaN	             NaN	   7.2307516e-01	   7.3590867e-01	   6.1283010e-01	   5.3688104e-01	   5.4319863e-01	   5.2313616e-01	   5.6712456e-01	   5.5511445e-01	   5.9279477e-01	   5.9269855e-01	   6.1461769e-01	   5.9477486e-01	   6.1171368e-01	   5.6261653e-01	   5.1926080e-01	   5.1412683e-01	   4.6548214e-01	   4.1746562e-01	   3.8051974e-01	   3.3963613e-01	   3.2571002e-01	   3.0592810e-01	   2.9550110e-01	   2.7933903e-01	   2.6357666e-01	   2.4021326e-01	   2.3707600e-01	   2.2734397e-01	
             NaN	             NaN	             NaN	             NaN	             NaN	   6.7912992e-01	   7.4007090e-01	   5.8131922e-01	   6.1468082e-01	   5.3460030e-01	   5.3566049e-01	   5.5632677e-01	   5.6640343e-01	   6.0041586e-01	   6.0304529e-01	   5.8661859e-01	   5.7737073e-01	   5.7052699e-01	   5.2589397e-01	   4.8356262e-01	   4.7366704e-01	   4.4573398e-01	   4.0177544e-01	   3.5560274e-01	   3.4211690e-01	   3.4089236e-01	   3.1009531e-01	   2.7911590e-01	   2.7841167e-01	   2.5635339e-01	   2.4214427e-01	   2.3832937e-01	   2.0584495e-01	
             NaN	             NaN	             NaN	             NaN	             NaN	             NaN	   6.4528662e-01	   5.7668307e-01	   5.2723804e-01	   5.6159370e-01	   5.4063010e-01	   5.5055490e-01	   5.6373518e-01	   5.8226034e-01	   5.7594051e-01	   5.8893547e-01	   5.7001800e-01	   5.5889443e-01	   5.0812209e-01	   4.8512557e-01	   4.6487610e-01	   4.1396792e-01	   3.8572042e-01	   3.7837921e-01	   3.2849649e-01	   3.3497628e-01	   3.0900642e-01	   2.9444435e-01	   2.6986684e-01	   2.4700890e-01	   2.2211200e-01	   2.2023795e-01	   2.1446357e-01	
             NaN	             NaN	             NaN	             NaN	             NaN	             NaN	   6.4859843e-01	   5.8621385e-01	   5.4014694e-01	   4.7768484e-01	   5.0759666e-01	   5.2751597e-01	   5.5814724e-01	   5.5107251e-01	   5.4831048e-01	   5.8015065e-01	   5.5446007e-01	   5.5305429e-01	   5.4363547e-01	   4.7175850e-01	   4.4481920e-01	   4.0316035e-01	   3.9521057e-01	   3.5464872e-01	   3.2234477e-01	   3.1350457e-01	   2.8929438e-01	   2.7537445e-01	   2.6876434e-01	   2.5258701e-01	   2.4116314e-01	   2.3424291e-01	   2.1459311e-01	
   0.0000000e+00	             NaN	             NaN	             NaN	             NaN	             NaN	   5.7287913e-01	   5.5263742e-01	   4.9768510e-01	   5.2535316e-01	   5.2208012e-01	   4.7005055e-01	   5.4422206e-01	   5.6572705e-01	   5.2411161e-01	   5.5028421e-01	   5.5507493e-01	   5.3387946e-01	   5.0161597e-01	   4.8257832e-01	   4.2252209e-01	   4.1014711e-01	   3.6727022e-01	   3.4760498e-01	   3.1877704e-01	   2.9278355e-01	   2.9684897e-01	   2.5695658e-01	   2.7064513e-01	   2.4996202e-01	   2.3945423e-01	   2.3282701e-01	   2.0631228e-01	
   0.0000000e+00	             NaN	             NaN	             NaN	             NaN	             NaN	   5.9208505e-01	   5.4686716e-01	   5.3611463e-01	   4.7167841e-01	   5.1026329e-01	   5.3861199e-01	   5.0077199e-01	   5.3288402e-01	   5.4909112e-01	   5.3718687e-01	   5.2041232e-01	   5.2215976e-01	   4.8427017e-01	   4.5527943e-01	   4.3300206e-01	   3.8489209e-01	   3.6053630e-01	   3.3785803e-01	   3.1484453e-01	   2.8877906e-01	   2.7963332e-01	   2.9094978e-01	   2.5875767e-01	   2.2833151e-01	   2.2132166e-01	   2.1506719e-01	   2.0820311e-01	
   0.0000000e+00	             NaN	             NaN	             NaN	             NaN	             NaN	   6.5833763e-01	   5.8862584e-01	   4.5960267e-01	   4.7834940e-01	   5.0909218e-01	   4.7401537e-01	   4.8183316e-01	   5.0511678e-01	   5.0395628e-01	   5.0945624e-01	   5.0278465e-01	   4.7330639e-01	   4.4671411e-01	   4.4426802e-01	   4.0233452e-01	   3.6276347e-01	   3.5706116e-01	   3.0812203e-01	   2.9898963e-01	   2.8646717e-01	   2.6566650e-01	   2.5146231e-01	   2.5900144e-01	   2.4113220e-01	   2.3184744e-01	   2.1260157e-01	   2.1738726e-01	
   0.0000000e+00	             NaN	             NaN	             NaN	             NaN	             NaN	             NaN	   5.8821957e-01	   4.8791450e-01	   4.3295154e-01	   4.4611077e-01	   4.7773140e-01	   4.7263354e-01	   4.9814631e-01	   4.8148694e-01	   5.1467892e-01	   4.8284032e-01	   4.6476278e-01	   4.3833314e-01	   4.3121157e-01	   3.8734170e-01	   3.6602396e-01	   3.3991882e-01	   3.0620941e-01	   2.8593806e-01	   2.7176930e-01	   2.6903493e-01	   2.6221747e-01	   2.4071237e-01	   2.4594192e-01	   2.2647686e-01	   2.2132541e-01	   1.9927888e-01	
   0.0000000e+00	             NaN	             NaN	             NaN	             NaN	             NaN	             NaN	   5.6330278e-01	   4.9328217e-01	   4.6712406e-01	   4.6721677e-01	   4.6513033e-01	   4.7984294e-01	   4.6827650e-01	   4.6289204e-01	   4.7034586e-01	   4.7803133e-01	   4.7285749e-01	   4.4517040e-01	   4.0421616e-01	   3.9527424e-01	   3.4857881e-01	   3.3093342e-01	   3.0219760e-01	   2.9514447e-01	   2.6948899e-01	   2.7197743e-01	   2.5817909e-01	   2.4010927e-01	   2.1502334e-01	   2.2677204e-01	   2.0649768e-01	   2.1521259e-01	
   0.0000000e+00	   0.0000000e+00	             NaN	             NaN	             NaN	             NaN	             NaN	   5.1336437e-01	   5.1067644e-01	   4.8218115e-01	   4.4955083e-01	   4.2873445e-01	   4.6305139e-01	   4.6310543e-01	   4.7523905e-01	   4.7039144e-01	   4.4800066e-01	   4.6537612e-01	   4.2631282e-01	   3.7873955e-01	   3.5846980e-01	   3.4360319e-01	   3.1846019e-01	   2.8367722e-01	   2.7606838e-01	   2.9851249e-01	   2.6037660e-01	   2.4246397e-01	   2.2574858e-01	   2.2557326e-01	   2.2198629e-01	   2.1351782e-01	   2.0107848e-01	
   0.0000000e+00	   0.0000000e+00	             NaN	             NaN	             NaN	             NaN	             NaN	   5.3619130e-01	   4.7667187e-01	   4.5632991e-01	   4.0135510e-01	   4.2860998e-01	   4.2932287e-01	   4.4215850e-01	   4.4410790e-01	   4.2571115e-01	   4.7129016e-01	   4.1692720e-01	   4.2370053e-01	   3.8904249e-01	   3.7111768e-01	   3.4352062e-01	   2.9443835e-01	   2.7170027e-01	   2.6920679e-01	   2.6228101e-01	   2.6716751e-01	   2.4510126e-01	   2.3410712e-01	   2.3390812e-01	   2.2214353e-01	   2.2302665e-01	   1.9935719e-01	
   0.0000000e+00	   0.0000000e+00	             NaN	             NaN	             NaN	             NaN	             NaN	   5.3012531e-01	   4.2249608e-01	   3.8680846e-01	   3.8424636e-01	   3.9367399e-01	   4.4888219e-01	   4.7219040e-01	   4.4215616e-01	   4.1848979e-01	   4.2869870e-01	   4.3007748e-01	   3.9054673e-01	   3.7288811e-01	   3.3308871e-01	   3.5049968e-01	   3.0339567e-01	   2.7967053e-01	   2.6362006e-01	   2.5775791e-01	   2.3433260e-01	   2.3053974e-01	   2.1626567e-01	   2.2390866e-01	   2.1804471e-01	   2.1116720e-01	   1.9523634e-01	
   0.0000000e+00	   0.0000000e+00	             NaN	             NaN	             NaN	             NaN	             NaN	             NaN	   4.4046431e-01	   4.0585804e-01	   4.1837733e-01	   3.9419335e-01	   4.6021456e-01	   4.1781723e-01	   4.2744826e-01	   4.3070666e-01	   4.2067543e-01	   4.1444629e-01	   3.8924820e-01	   3.5844076e-01	   3.3270346e-01	   3.0223157e-01	   2.8665397e-01	   2.7458915e-01	   2.4753488e-01	   2.5328330e-01	   2.3135837e-01	   2.2723662e-01	   2.1154765e-01	   2.2320878e-01	   2.1654696e-01	   2.0314637e-01	   1.8875393e-01	
   0.0000000e+00	   0.0000000e+00	             NaN	             NaN	             NaN	             NaN	             NaN	             NaN	   4.6621129e-01	   4.0018045e-01	   3.9357826e-01	   3.7311028e-01	   4.2329749e-01	   3.9507314e-01	   3.9084976e-01	   4.2919981e-01	   4.0866984e-01	   3.7867863e-01	   3.6905760e-01	   3.5498134e-01	   3.3795457e-01	   2.9696942e-01	   2.7551668e-01	   2.6013754e-01	   2.5347730e-01	   2.3910669e-01	   2.1195745e-01	   2.3306154e-01	   2.1683549e-01	   2.0513047e-01	   2.0754825e-01	   1.9172436e-01	   2.0531417e-01	
   0.0000000e+00	   0.0000000e+00	   0.0000000e+00	             NaN	             NaN	             NaN	             NaN	             NaN	   4.5345819e-01	   3.7766535e-01	   4.0822153e-01	   3.7042480e-01	   3.8303041e-01	   3.7152648e-01	   4.1221302e-01	   4.0894261e-01	   3.7664255e-01	   3.8991296e-01	   3.6608501e-01	   3.3071738e-01	   3.1108152e-01	   3.1795704e-01	   2.7050495e-01	   2.4957565e-01	   2.2781559e-01	   2.4342829e-01	   2.1970317e-01	   2.2399754e-01	   2.1053136e-01	   2.1097045e-01	   2.0481662e-01	   1.9803477e-01	   1.9506382e-01	
   0.0000000e+00	   0.0000000e+00	   0.0000000e+00	             NaN	             NaN	             NaN	             NaN	             NaN	   3.5100362e-01	   3.9010470e-01	   3.3570278e-01	   3.4625292e-01	   3.7239712e-01	   3.9289203e-01	   3.8746540e-01	   3.6716155e-01	   3.8672495e-01	   3.6248326e-01	   3.5041129e-01	   3.2485901e-01	   2.9694976e-01	   2.9245329e-01	   2.7444672e-01	   2.3588822e-01	   2.2987405e-01	   2.4248728e-01	   2.2917291e-01	   2.0469713e-01	   2.0175859e-01	   2.0779233e-01	   1.9571082e-01	   1.9166011e-01	   1.9345574e-01	
   0.0000000e+00	   0.0000000e+00	   0.0000000e+00	             NaN	             NaN	             NaN	             NaN	             NaN	   4.5269253e-01	   3.5914501e-01	   3.6428285e-01	   3.7230580e-01	   3.7343678e-01	   3.9405887e-01	   4.0835329e-01	   3.9400981e-01	   3.6254285e-01	   3.5615648e-01	   3.3847502e-01	   3.4501991e-01	   2.8873437e-01	   2.6314139e-01	   2.6743487e-01	   2.3709636e-01	   2.2590434e-01	   2.2176810e-01	   2.2406674e-01	   2.1105950e-01	   2.1021695e-01	   2.0854141e-01	   1.9621035e-01	   1.8726020e-01	   1.8208609e-01	
   0.0000000e+00	   0.0000000e+00	   0.0000000e+00	             NaN	             NaN	             NaN	             NaN	             NaN	   3.9878843e-01	   3.6102133e-01	   3.1934380e-01	   3.7754185e-01	   3.5496845e-01	   3.6196419e-01	   3.5872426e-01	   3.5934262e-01	   3.5890522e-01	   3.4525223e-01	   3.1653059e-01	   3.1455021e-01	   3.0381927e-01	   2.8250274e-01	   2.6451418e-01	   2.5203975e-01	   2.1950438e-01	   2.2180000e-01	   2.0904632e-01	   1.9825975e-01	   1.8712896e-01	   2.0261543e-01	   1.7372971e-01	   1.8113521e-01	   1.8087097e-01	
   0.0000000e+00	   0.0000000e+00	   0.0000000e+00	             NaN	             NaN	             NaN	             NaN	             NaN	             NaN	   3.2888859e-01	   3.3023352e-01	   3.6479067e-01	   3.6174742e-01	   3.4525963e-01	   3.5654284e-01	   3.6485255e-01	   3.2529491e-01	   3.6415097e-01	   2.8985248e-01	   3.2720980e-01	   2.7023023e-01	   2.5585452e-01	   2.4602656e-01	   2.2409386e-01	   2.2206119e-01	   2.0890207e-01	   2.1591757e-01	   2.0595471e-01	   2.0233848e-01	   1.8234336e-01	   1.8675042e-01	   1.8751225e-01	   1.7114351e-01	
   0.0000000e+00	   0.0000000e+00	   0.0000000e+00	   0.0000000e+00	             NaN	             NaN	             NaN	             NaN	             NaN	   3.3329064e-01	   3.1870657e-01	   2.8511520e-01	   3.0028113e-01	   3.2823928e-01	   3.1315090e-01	   3.4475288e-01	   3.3023328e-01	   2.9174111e-01	   3.2075085e-01	   3.0860997e-01	   2.6390583e-01	   2.5661739e-01	   2.2387775e-01	   2.2922168e-01	   1.9851917e-01	   1.9676115e-01	   2.1251714e-01	   2.0037832e-01	   1.9508143e-01	   1.9017060e-01	   1.8975306e-01	   1.7228813e-01	   1.7180593e-01	
   0.0000000e+00	   0.0000000e+00	   0.0000000e+00	   0.0000000e+00	             NaN	             NaN	             NaN	             NaN	             NaN	   3.1402643e-01	   3.2938197e-01	   3.1435400e-01	   3.1623623e-01	   3.3802200e-01	   3.2024662e-01	   3.3692444e-01	   3.2666523e-01	   3.1753876e-01	   3.1369139e-01	   2.8697516e-01	   2.5120288e-01	   2.3458328e-01	   2.2580164e-01	   2.1487886e-01	   2.1274476e-01	   1.8679733e-01	   2.0410038e-01	   2.0389407e-01	   1.8455308e-01	   1.6280062e-01	   1.7732865e-01	   1.5706351e-01	   1.6314143e-01	
   0.0000000e+00	   0.0000000e+00	   0.0000000e+00	   0.0000000e+00	             NaN	             NaN	             NaN	             NaN	             NaN	   2.7149204e-01	   3.2240324e-01	   3.0832992e-01	   3.0401183e-01	   3.0068706e-01	   3.3073198e-01	   3.1086378e-01	   2.6574140e-01	   3.0002845e-01	   2.8017705e-01	   2.6399269e-01	   2.3811324e-01	   2.5502713e-01	   2.3365715e-01	   2.0229407e-01	   1.9645928e-01	   1.7898723e-01	   1.7761995e-01	   1.8045709e-01	   1.9751410e-01	   1.8797212e-01	   1.6051653e-01	   1.6531743e-01	   1.6259593e-01	
   0.0000000e+00	   0.0000000e+00	   0.0000000e+00	   0.0000000e+00	             NaN	             NaN	             NaN	             NaN	             NaN	   3.1879952e-01	   3.0599028e-01	   2.9822163e-01	   2.9963443e-01	   3.2958039e-01	   3.2506072e-01	   3.3338118e-01	   3.2380256e-01	   2.8494805e-01	   2.8570305e-01	   2.6060700e-01	   2.4524206e-01	   2.4108944e-01	   2.3356833e-01	   1.9284050e-01	   1.9601901e-01	   1.8115678e-01	   1.8331841e-01	   1.8129473e-01	   1.8064314e-01	   1.6951191e-01	   1.6094132e-01	   1.6454631e-01	   1.7033772e-01	
   0.0000000e+00	   0.0000000e+00	   0.0000000e+00	   0.0000000e+00	             NaN	             NaN	             NaN	             NaN	             NaN	             NaN	   2.4912838e-01	   3.0204875e-01	   2.5928375e-01	   2.9897276e-01	   2.8646130e-01	   2.7333279e-01	   2.8557975e-01	   2.9646723e-01	   2.5692940e-01	   2.4452188e-01	   2.3331125e-01	   2.1248870e-01	   2.0158439e-01	   2.0206894e-01	   1.8787433e-01	   1.9291291e-01	   1.8000807e-01	   1.7535439e-01	   1.6730364e-01	   1.7972306e-01	   1.4970786e-01	   1.5882633e-01	   1.6488630e-01	
   0.0000000e+00	   0.0000000e+00	   0.0000000e+00	   0.0000000e+00	             NaN	             NaN	             NaN	             NaN	             NaN	             NaN	   3.0523812e-01	   2.7189081e-01	   3.0123496e-01	   3.0213764e-01	   3.0817512e-01	   2.9155906e-01	   2.7685108e-01	   2.8323687e-01	   2.2799454e-01	   2.3037096e-01	   2.1372422e-01	   2.1161408e-01	   2.0115290e-01	   1.9123151e-01	   1.8487348e-01	   1.7471893e-01	   1.7863366e-01	   1.5970003e-01	   1.4545500e-01	   1.5393499e-01	   1.6674860e-01	   1.4268512e-01	   1.4027396e-01	
   0.0000000e+00	   0.0000000e+00	   0.0000000e+00	   0.0000000e+00	   0.0000000e+00	             NaN	             NaN	             NaN	             NaN	             NaN	   2.5289752e-01	   2.7699949e-01	   2.6933264e-01	   2.6975109e-01	   2.7066689e-01	   2.7525109e-01	   2.5891023e-01	   2.5012689e-01	   2.4819157e-01	   2.3548011e-01	   2.2367962e-01	   1.9072640e-01	   1.8143250e-01	   1.7513128e-01	   1.7699164e-01	   1.7368444e-01	   1.7705958e-01	   1.5809763e-01	   1.4752017e-01	   1.5626036e-01	   1.3812626e-01	   1.5118140e-01	   1.5539423e-01	
   0.0000000e+00	   0.0000000e+00	   0.0000000e+00	   0.0000000e+00	   0.0000000e+00	             NaN	             NaN	             NaN	             NaN	             NaN	   2.7553651e-01	   2.5333928e-01	   2.5822395e-01	   2.7731918e-01	   2.5815179e-01	   2.8418193e-01	   2.6588635e-01	   2.7062928e-01	   2.5977472e-01	   2.2340010e-01	   2.0552038e-01	   2.0860179e-01	   2.1381426e-01	   1.9275997e-01	   1.7156477e-01	   1.6280050e-01	   1.6564519e-01	   1.6948630e-01	   1.5070385e-01	   1.4916166e-01	   1.5709862e-01	   1.3746742e-01	   1.5066550e-01	
   0.0000000e+00	   0.0000000e+00	   0.0000000e+00	   0.0000000e+00	   0.0000000e+00	             NaN	             NaN	             NaN	             NaN	             NaN	   2.8392860e-01	   2.3799371e-01	   2.6499668e-01	   2.7999112e-01	   2.5588311e-01	   2.6559401e-01	   2.6050270e-01	   2.4018163e-01	   2.2774644e-01	   2.4803241e-01	   2.0052951e-01	   2.0440928e-01	   1.6819882e-01	   1.7546398e-01	   1.4899488e-01	   1.7267573e-01	   1.5901788e-01	   1.4974634e-01	   1.4569504e-01	   1.5949242e-01	   1.3176953e-01	   1.3993807e-01	   1.3143868e-01	
   0.0000000e+00	   0.0000000e+00	   0.0000000e+00	   0.0000000e+00	   0.0000000e+00	             NaN	             NaN	             NaN	             NaN	             NaN	             NaN	   2.3979669e-01	   2.6670361e-01	   2.6206156e-01	   2.3530188e-01	   2.6843909e-01	   2.3384876e-01	   2.2887993e-01	   2.3018704e-01	   2.1233331e-01	   1.9342264e-01	   1.9680453e-01	   1.8726675e-01	   1.6856022e-01	   1.6227461e-01	   1.7211370e-01	   1.5109644e-01	   1.6858472e-01	   1.3501347e-01	   1.3128836e-01	   1.3809358e-01	   1.4341534e-01	   1.4512672e-01	
   0.0000000e+00	   0.0000000e+00	   0.0000000e+00	   0.0000000e+00	   0.0000000e+00	             NaN	             NaN	             NaN	             NaN	             NaN	             NaN	   2.5687278e-01	   2.3044549e-01	   2.5982814e-01	   2.2707329e-01	   2.5620764e-01	   2.2906820e-01	   2.5181609e-01	   2.2319990e-01	   1.9993614e-01	   1.9795735e-01	   1.7013246e-01	   1.6173401e-01	   1.6148045e-01	   1.6112737e-01	   1.5537861e-01	   1.4480773e-01	   1.5151134e-01	   1.4057540e-01	   1.2846102e-01	   1.3888619e-01	   1.1873464e-01	   1.4138281e-01	
   0.0000000e+00	   0.0000000e+00	   0.0000000e+00	   0.0000000e+00	   0.0000000e+00	   0.0000000e+00	             NaN	             NaN	             NaN	             NaN	             NaN	   2.2866870e-01	   2.1497547e-01	   2.4954862e-01	   2.3387931e-01	   2.6296548e-01	   2.5803159e-01	   2.2232977e-01	   2.2620309e-01	   1.8736934e-01	   1.6467061e-01	   1.8435639e-01	   1.6583557e-01	   1.3284027e-01	   1.6181963e-01	   1.4232623e-01	   1.4104201e-01	   1.3004223e-01	   1.3858836e-01	   1.4269446e-01	   1.3271016e-01	   1.2437688e-01	   1.3295731e-01	
   0.0000000e+00	   0.0000000e+00	   0.0000000e+00	   0.0000000e+00	   0.0000000e+00	   0.0000000e+00	             NaN	             NaN	             NaN	             NaN	             NaN	   2.2686155e-01	   2.4267156e-01	   2.5143356e-01	   2.2698441e-01	   2.4860366e-01	   2.3176435e-01	   2.3354780e-01	   1.9992163e-01	   1.9228970e-01	   1.9057396e-01	   1.6141622e-01	   1.5967897e-01	   1.5122006e-01	   1.5120530e-01	   1.5824819e-01	   1.5225269e-01	   1.4576833e-01	   1.4134889e-01	   1.2222515e-01	   1.3401380e-01	   1.2010880e-01	   1.1390534e-01	
   0.0000000e+00	   0.0000000e+00	   0.0000000e+00	   0.0000000e+00	   0.0000000e+00	   0.0000000e+00	             NaN	             NaN	             NaN	             NaN	             NaN	   2.2479195e-01	   2.5244212e-01	   2.6370309e-01	   1.9705762e-01	   2.2340283e-01	   1.9911805e-01	   2.1698199e-01	   2.0034928e-01	   2.1398850e-01	   1.7488674e-01	   1.6249168e-01	   1.5162656e-01	   1.5933471e-01	   1.4081269e-01	   1.5211039e-01	   1.4419536e-01	   1.3794842e-01	   1.3507985e-01	   1.3561367e-01	   1.3415274e-01	   1.2074799e-01	   1.2008223e-01	
   0.0000000e+00	   0.0000000e+00	   0.0000000e+00	   0.0000000e+00	   0.0000000e+00	   0.0000000e+00	             NaN	             NaN	             NaN	             NaN	             NaN	             NaN	   1.9024770e-01	   2.3321265e-01	   2.2374336e-01	   2.1623202e-01	   2.1082780e-01	   2.1816253e-01	   1.7305351e-01	   1.9809297e-01	   1.5500961e-01	   1.4741357e-01	   1.5069099e-01	   1.4378029e-01	   1.3564864e-01	   1.2672934e-01	   1.3520354e-01	   1.3356291e-01	   1.3012367e-01	   1.2298321e-01	   1.1744380e-01	   1.1215472e-01	   1.1878507e-01	
   0.0000000e+00	   0.0000000e+00	   0.0000000e+00	   0.0000000e+00	   0.0000000e+00	   0.0000000e+00	             NaN	             NaN	             NaN	             NaN	             NaN	             NaN	   2.3076479e-01	   2.0399512e-01	   2.2439634e-01	   1.8229511e-01	   2.2012667e-01	   1.8508956e-01	   1.9951806e-01	   1.8713772e-01	   1.5584864e-01	   1.4866001e-01	   1.6142577e-01	   1.4342527e-01	   1.3473453e-01	   1.3813391e-01	   1.3065655e-01	   1.2406656e-01	   1.3441143e-01	   1.2302672e-01	   1.1859737e-01	   1.1534439e-01	   1.1238615e-01	
   0.0000000e+00	   0.0000000e+00	   0.0000000e+00	   0.0000000e+00	   0.0000000e+00	   0.0000000e+00	   0.0000000e+00	             NaN	             NaN	             NaN	             NaN	             NaN	   2.1400093e-01	   2.0756438e-01	   2.0122921e-01	   2.0712428e-01	   2.0307727e-01	   1.9981265e-01	   1.7792831e-01	   1.8355584e-01	   1.4806042e-01	   1.3787594e-01	   1.4060133e-01	   1.2897703e-01	   1.3305192e-01	   1.1335103e-01	   1.2779350e-01	   1.3868646e-01	   1.1440405e-01	   1.2154565e-01	   9.8112003e-02	   1.1614138e-01	   1.1487640e-01	
   0.0000000e+00	   0.0000000e+00	   0.0000000e+00	   0.0000000e+00	   0.0000000e+00	   0.0000000e+00	   0.0000000e+00	             NaN	             NaN	             NaN	             NaN	             NaN	   2.0132650e-01	   1.8900139e-01	   1.9888165e-01	   2.0238400e-01	   1.8360528e-01	   1.6630961e-01	   1.6109868e-01	   1.8908345e-01	   1.4731663e-01	   1.4285857e-01	   1.4544643e-01	   1.2891920e-01	   1.2599831e-01	   1.3191022e-01	   1.3093094e-01	   1.2592846e-01	   1.1702581e-01	   1.2173654e-01	   1.1758614e-01	   1.1470345e-01	   1.0148451e-01	
   0.0000000e+00	   0.0000000e+00	   0.0000000e+00	   0.0000000e+00	   0.0000000e+00	   0.0000000e+00	   0.0000000e+00	             NaN	             NaN	             NaN	             NaN	             NaN	   1.9298107e-01	   2.2267057e-01	   1.8473497e-01	   2.1361507e-01	   1.8940835e-01	   1.6387573e-01	   1.8080713e-01	   1.6724965e-01	   1.5941822e-01	   1.4515421e-01	   1.4167211e-01	   1.1959927e-01	   1.2008677e-01	   1.0654924e-01	   1.1254793e-01	   1.2254343e-01	   1.1465428e-01	   1.0119384e-01	   1.0623709e-01	   1.3440292e-01	   9.9203143e-02	
   0.0000000e+00	   0.0000000e+00	   0.0000000e+00	   0.0000000e+00	   0.0000000e+00	   0.0000000e+00	   0.0000000e+00	             NaN	             NaN	             NaN	             NaN	             NaN	             NaN	   2.0308477e-01	   2.0925533e-01	   1.8538711e-01	   1.9581772e-01	   1.6394772e-01	   1.7697465e-01	   1.6632753e-01	   1.4544816e-01	   1.2636598e-01	   1.2728129e-01	   1.2410589e-01	   1.1761413e-01	   1.0082917e-01	   1.1841619e-01	   1.1549773e-01	   1.1137157e-01	   1.0277892e-01	   1.0586696e-01	   8.5019473e-02	   8.6112838e-02	
   0.0000000e+00	   0.0000000e+00	   0.0000000e+00	   0.0000000e+00	   0.0000000e+00	   0.0000000e+00	   0.0000000e+00	             NaN	             NaN	             NaN	             NaN	             NaN	             NaN	   2.0190093e-01	   1.9972557e-01	   1.7615391e-01	   1.8486642e-01	   1.7842553e-01	   1.5272643e-01	   1.5175222e-01	   1.4076048e-01	   1.2337863e-01	   1.2618061e-01	   1.2270867e-01	   1.2413997e-01	   1.1551034e-01	   1.1815079e-01	   1.1216152e-01	   1.1171513e-01	   1.0768680e-01	   1.0608347e-01	   9.7612102e-02	   9.6403198e-02	
   0.0000000e+00	   0.0000000e+00	   0.0000000e+00	   0.0000000e+00	   0.0000000e+00	   0.0000000e+00	   0.0000000e+00	   0.0000000e+00	             NaN	             NaN	             NaN	             NaN	             NaN	   2.0425730e-01	   1.6955513e-01	   1.8491965e-01	   1.6311580e-01	   1.5821553e-01	   1.4419540e-01	   1.6410943e-01	   1.3678195e-01	   1.3145922e-01	   1.2514182e-01	   1.2204310e-01	   1.0366731e-01	   9.4099043e-02	   1.1906796e-01	   1.0406642e-01	   1.1230153e-01	   1.0416236e-01	   1.0597155e-01	   9.9924871e-02	   9.1111558e-02	
   0.0000000e+00	   0.0000000e+00	   0.0000000e+00	   0.0000000e+00	   0.0000000e+00	   0.0000000e+00	   0.0000000e+00	   0.0000000e+00	             NaN	             NaN	             NaN	             NaN	             NaN	   1.9805710e-01	   1.9595146e-01	   1.7769262e-01	   1.6259336e-01	   1.6338133e-01	   1.3904074e-01	   1.5675016e-01	   1.3211725e-01	   1.3904923e-01	   1.2562342e-01	   1.2815527e-01	   1.0379501e-01	   1.1505278e-01	   1.1457726e-01	   1.0359983e-01	   1.0201907e-01	   1.0049472e-01	   1.0605514e-01	   9.4222651e-02	   8.8125588e-02	
   0.0000000e+00	   0.0000000e+00	   0.0000000e+00	   0.0000000e+00	   0.0000000e+00	   0.0000000e+00	   0.0000000e+00	   0.0000000e+00	             NaN	             NaN	             NaN	             NaN	             NaN	   2.0130294e-01	   1.7400769e-01	   1.7377411e-01	   1.5273717e-01	   1.5901222e-01	   1.4559389e-01	   1.4571632e-01	   1.2317854e-01	   1.3260676e-01	   1.0844532e-01	   1.2078884e-01	   1.0996997e-01	   8.0260863e-02	   1.2028652e-01	   1.0270679e-01	   9.4686890e-02	   8.4888429e-02	   9.2665925e-02	   9.3522787e-02	   9.3678366e-02	
   0.0000000e+00	   0.0000000e+00	   0.0000000e+00	   0.0000000e+00	   0.0000000e+00	   0.0000000e+00	   0.0000000e+00	   0.0000000e+00	             NaN	             NaN	             NaN	             NaN	             NaN	             NaN	   1.7741620e-01	   1.2440589e-01	   1.5696418e-01	   1.5343244e-01	   1.3859482e-01	   1.4755728e-01	   1.1553793e-01	   1.1070637e-01	   1.0673733e-01	   1.1597729e-01	   1.0311586e-01	   1.0623602e-01	   9.5688020e-02	   1.0239972e-01	   9.2139040e-02	   1.0434655e-01	   9.4067885e-02	   9.4638086e-02	   9.5486659e-02	
   0.0000000e+00	   0.0000000e+00	   0.0000000e+00	   0.0000000e+00	   0.0000000e+00	   0.0000000e+00	   0.0000000e+00	   0.0000000e+00	             NaN	             NaN	             NaN	             NaN	             NaN	             NaN	   1.4795427e-01	   1.4632729e-01	   1.6031387e-01	   1.6711457e-01	   1.4302895e-01	   1.3515716e-01	   1.1869478e-01	   1.2392644e-01	   1.1499160e-01	   9.8050177e-02	   1.0313116e-01	   9.2575401e-02	   1.0612187e-01	   9.8124900e-02	   9.3347719e-02	   8.9147795e-02	   9.9377701e-02	   8.8964255e-02	   7.9836936e-02	
   0.0000000e+00	   0.0000000e+00	   0.0000000e+00	   0.0000000e+00	   0.0000000e+00	   0.0000000e+00	   0.0000000e+00	   0.0000000e+00	   0.0000000e+00	             NaN	             NaN	             NaN	             NaN	             NaN	   1.6306914e-01	   1.6592290e-01	   1.3688150e-01	   1.5702940e-01	   1.3499846e-01	   1.2969069e-01	   1.0959415e-01	   1.0263381e-01	   1.0853704e-01	   1.0142611e-01	   9.5130255e-02	   1.0332410e-01	   9.3857718e-02	   8.4954836e-02	   9.8988333e-02	   9.1055475e-02	   7.9920421e-02	   8.5526008e-02	   8.6703963e-02	
   0.0000000e+00	   0.0000000e+00	   0.0000000e+00	   0.0000000e+00	   0.0000000e+00	   0.0000000e+00	   0.0000000e+00	   0.0000000e+00	   0.0000000e+00	             NaN	             NaN	             NaN	             NaN	             NaN	   1.6837025e-01	   1.5810507e-01	   1.1864523e-01	   1.4389030e-01	   1.3234654e-01	   1.1351264e-01	   1.2136045e-01	   1.1710147e-01	   9.3438080e-02	   1.0294435e-01	   1.0231443e-01	   8.8592356e-02	   1.0112674e-01	   9.1393427e-02	   8.7966882e-02	   9.1738015e-02	   8.8259851e-02	   8.8740211e-02	   7.5084338e-02	
   0.0000000e+00	   0.0000000e+00	   0.0000000e+00	   0.0000000e+00	   0.0000000e+00	   0.0000000e+00	   0.0000000e+00	   0.0000000e+00	   0.0000000e+00	             NaN	             NaN	             NaN	             NaN	             NaN	   1.5048244e-01	   1.0740271e-01	   1.5503079e-01	   1.3420136e-01	   1.3579216e-01	   1.2227624e-01	   1.2549837e-01	   1.0199354e-01	   1.0181721e-01	   9.5830856e-02	   9.5342454e-02	   8.1928669e-02	   9.6381182e-02	   9.1396894e-02	   9.1461709e-02	   7.8804772e-02	   8.2546573e-02	   8.1668188e-02	   7.6069694e-02	
   0.0000000e+00	   0.0000000e+00	   0.0000000e+00	   0.0000000e+00	   0.0000000e+00	   0.0000000e+00	   0.0000000e+00	   0.0000000e+00	   0.0000000e+00	             NaN	             NaN	             NaN	             NaN	             NaN	             NaN	   1.3320393e-01	   1.6341354e-01	   1.3537256e-01	   1.1489628e-01	   1.2251547e-01	   1.0924862e-01	   1.0956474e-01	   9.5966378e-02	   9.9283519e-02	   9.5288589e-02	   7.8624493e-02	   7.8242446e-02	   8.6411555e-02	   9.8896208e-02	   8.2056457e-02	   8.6690100e-02	   7.1161704e-02	   8.4451362e-02	
   0.0000000e+00	   0.0000000e+00	   0.0000000e+00	   0.0000000e+00	   0.0000000e+00	   0.0000000e+00	   0.0000000e+00	   0.0000000e+00	   0.0000000e+00	             NaN	             NaN	             NaN	             NaN	             NaN	             NaN	   1.5235009e-01	   1.4743316e-01	   1.4161914e-01	   1.4577073e-01	   1.2780334e-01	   8.8133181e-02	   1.0152996e-01	   1.0463282e-01	   8.6223440e-02	   8.8823152e-02	   8.9567623e-02	   1.0183554e-01	   6.8009018e-02	   8.4047484e-02	   8.3147368e-02	   7.5741098e-02	   6.9898144e-02	   7.9778758e-02	
   0.0000000e+00	   0.0000000e+00	   0.0000000e+00	   0.0000000e+00	   0.0000000e+00	   0.0000000e+00	   0.0000000e+00	   0.0000000e+00	   0.0000000e+00	   0.0000000e+00	             NaN	             NaN	             NaN	             NaN	             NaN	   1.2938312e-01	   1.5022714e-01	   1.2895726e-01	   1.3910988e-01	   1.1712859e-01	   1.0453274e-01	   9.6593676e-02	   9.5074259e-02	   9.2929050e-02	   9.7007562e-02	   8.7579264e-02	   9.7282274e-02	   8.8870744e-02	   7.8035981e-02	   7.2549928e-02	   6.4020780e-02	   7.3783477e-02	   6.6477507e-02	
