   3.2989774e+00	  -1.5033384e+00	   1.6171670e+00	             NaN	             NaN	             NaN	             NaN	             NaN	             NaN	             NaN	             NaN	             NaN	             NaN	             NaN	   0.0000000e+00	   0.0000000e+00	   0.0000000e+00	   0.0000000e+00	   0.0000000e+00	   0.0000000e+00	   0.0000000e+00	   0.0000000e+00	   0.0000000e+00	   0.0000000e+00	   0.0000000e+00	   0.0000000e+00	   0.0000000e+00	   0.0000000e+00	   0.0000000e+00	   0.0000000e+00	   0.0000000e+00	   0.0000000e+00	   0.0000000e+00	
   3.3442487e+00	   4.0803325e+00	   2.7366437e+00	             NaN	             NaN	             NaN	             NaN	             NaN	             NaN	             NaN	             NaN	             NaN	             NaN	             NaN	   0.0000000e+00	   0.0000000e+00	   0.0000000e+00	   0.0000000e+00	   0.0000000e+00	   0.0000000e+00	   0.0000000e+00	   0.0000000e+00	   0.0000000e+00	   0.0000000e+00	   0.0000000e+00	   0.0000000e+00	   0.0000000e+00	   0.0000000e+00	   0.0000000e+00	   0.0000000e+00	   0.0000000e+00	   0.0000000e+00	   0.0000000e+00	
   6.8412895e+00	   3.9220169e+00	   3.0540349e+00	             NaN	             NaN	             NaN	             NaN	             NaN	             NaN	             NaN	             NaN	             NaN	             NaN	             NaN	   0.0000000e+00	   0.0000000e+00	   0.0000000e+00	   0.0000000e+00	   0.0000000e+00	   0.0000000e+00	   0.0000000e+00	   0.0000000e+00	   0.0000000e+00	   0.0000000e+00	   0.0000000e+00	   0.0000000e+00	   0.0000000e+00	   0.0000000e+00	   0.0000000e+00	   0.0000000e+00	   0.0000000e+00	   0.0000000e+00	   0.0000000e+00	
   9.6197997e+00	   4.7917771e+00	   7.0757711e+00	   1.2535493e+01	             NaN	             NaN	             NaN	             NaN	             NaN	             NaN	             NaN	             NaN	             NaN	             NaN	             NaN	   0.0000000e+00	   0.0000000e+00	   0.0000000e+00	   0.0000000e+00	   0.0000000e+00	   0.0000000e+00	   0.0000000e+00	   0.0000000e+00	   0.0000000e+00	   0.0000000e+00	   0.0000000e+00	   0.0000000e+00	   0.0000000e+00	   0.0000000e+00	   0.0000000e+00	   0.0000000e+00	   0.0000000e+00	   0.0000000e+00	
   1.0445910e+01	   5.7783336e+00	   8.1996915e+00	   1.3513746e+01	             NaN	             NaN	             NaN	             NaN	             NaN	             NaN	             NaN	             NaN	             NaN	             NaN	             NaN	   0.0000000e+00	   0.0000000e+00	   0.0000000e+00	   0.0000000e+00	   0.0000000e+00	   0.0000000e+00	   0.0000000e+00	   0.0000000e+00	   0.0000000e+00	   0.0000000e+00	   0.0000000e+00	   0.0000000e+00	   0.0000000e+00	   0.0000000e+00	   0.0000000e+00	   0.0000000e+00	   0.0000000e+00	   0.0000000e+00	
   1.2915105e+01	   7.3259498e+00	   8.1925264e+00	   1.3629904e+01	   2.1018673e+01	             NaN	             NaN	             NaN	             NaN	             NaN	             NaN	             NaN	             NaN	             NaN	             NaN	             NaN	   0.0000000e+00	   0.0000000e+00	   0.0000000e+00	   0.0000000e+00	   0.0000000e+00	   0.0000000e+00	   0.0000000e+00	   0.0000000e+00	   0.0000000e+00	   0.0000000e+00	   0.0000000e+00	   0.0000000e+00	   0.0000000e+00	   0.0000000e+00	   0.0000000e+00	   0.0000000e+00	   0.0000000e+00	
   1.3426291e+01	   8.8482324e+00	   9.5864958e+00	   1.3129769e+01	   2.0826385e+01	             NaN	             NaN	             NaN	             NaN	             NaN	             NaN	             NaN	             NaN	             NaN	             NaN	             NaN	   0.0000000e+00	   0.0000000e+00	   0.0000000e+00	   0.0000000e+00	   0.0000000e+00	   0.0000000e+00	   0.0000000e+00	   0.0000000e+00	   0.0000000e+00	   0.0000000e+00	   0.0000000e+00	   0.0000000e+00	   0.0000000e+00	   0.0000000e+00	   0.0000000e+00	   0.0000000e+00	   0.0000000e+00	
   1.2464082e+01	   8.6163716e+00	   8.8899929e+00	   1.4234729e+01	   2.0021662e+01	             NaN	             NaN	             NaN	             NaN	             NaN	             NaN	             NaN	             NaN	             NaN	             NaN	             NaN	   0.0000000e+00	   0.0000000e+00	   0.0000000e+00	   0.0000000e+00	   0.0000000e+00	   0.0000000e+00	   0.0000000e+00	   0.0000000e+00	   0.0000000e+00	   0.0000000e+00	   0.0000000e+00	   0.0000000e+00	   0.0000000e+00	   0.0000000e+00	   0.0000000e+00	   0.0000000e+00	   0.0000000e+00	
   1.3468391e+01	   1.0551007e+01	   9.5701413e+00	   1.3456366e+01	   1.9509812e+01	   2.6517431e+01	             NaN	             NaN	             NaN	             NaN	             NaN	             NaN	             NaN	             NaN	             NaN	             NaN	             NaN	   0.0000000e+00	   0.0000000e+00	   0.0000000e+00	   0.0000000e+00	   0.0000000e+00	   0.0000000e+00	   0.0000000e+00	   0.0000000e+00	   0.0000000e+00	   0.0000000e+00	   0.0000000e+00	   0.0000000e+00	   0.0000000e+00	   0.0000000e+00	   0.0000000e+00	   0.0000000e+00	
   1.4351287e+01	   1.0140846e+01	   9.2105742e+00	   1.2682083e+01	   1.9185745e+01	   2.5650134e+01	             NaN	             NaN	             NaN	             NaN	             NaN	             NaN	             NaN	             NaN	             NaN	             NaN	             NaN	   0.0000000e+00	   0.0000000e+00	   0.0000000e+00	   0.0000000e+00	   0.0000000e+00	   0.0000000e+00	   0.0000000e+00	   0.0000000e+00	   0.0000000e+00	   0.0000000e+00	   0.0000000e+00	   0.0000000e+00	   0.0000000e+00	   0.0000000e+00	   0.0000000e+00	   0.0000000e+00	
   1.4046004e+01	   9.6926791e+00	   9.4518653e+00	   1.1904232e+01	   1.8058005e+01	   2.4891893e+01	   2.9344345e+01	             NaN	             NaN	             NaN	             NaN	             NaN	             NaN	             NaN	             NaN	             NaN	             NaN	             NaN	   0.0000000e+00	   0.0000000e+00	   0.0000000e+00	   0.0000000e+00	   0.0000000e+00	   0.0000000e+00	   0.0000000e+00	   0.0000000e+00	   0.0000000e+00	   0.0000000e+00	   0.0000000e+00	   0.0000000e+00	   0.0000000e+00	   0.0000000e+00	   0.0000000e+00	
   1.4501551e+01	   1.0531399e+01	   1.0309862e+01	   1.2676303e+01	   1.7282767e+01	   2.3714222e+01	   2.8144790e+01	             NaN	             NaN	             NaN	             NaN	             NaN	             NaN	             NaN	             NaN	             NaN	             NaN	             NaN	   0.0000000e+00	   0.0000000e+00	   0.0000000e+00	   0.0000000e+00	   0.0000000e+00	   0.0000000e+00	   0.0000000e+00	   0.0000000e+00	   0.0000000e+00	   0.0000000e+00	   0.0000000e+00	   0.0000000e+00	   0.0000000e+00	   0.0000000e+00	   0.0000000e+00	
   1.3414581e+01	   1.0757183e+01	   9.9371504e+00	   1.2444513e+01	   1.7225640e+01	   2.2359367e+01	   2.6436434e+01	             NaN	             NaN	             NaN	             NaN	             NaN	             NaN	             NaN	             NaN	             NaN	             NaN	             NaN	   0.0000000e+00	   0.0000000e+00	   0.0000000e+00	   0.0000000e+00	   0.0000000e+00	   0.0000000e+00	   0.0000000e+00	   0.0000000e+00	   0.0000000e+00	   0.0000000e+00	   0.0000000e+00	   0.0000000e+00	   0.0000000e+00	   0.0000000e+00	   0.0000000e+00	
   1.5363237e+01	   1.0332169e+01	   9.8019536e+00	   1.2156172e+01	   1.6002634e+01	   2.0636255e+01	   2.5230982e+01	   2.5089616e+01	             NaN	             NaN	             NaN	             NaN	             NaN	             NaN	             NaN	             NaN	             NaN	             NaN	             NaN	   0.0000000e+00	   0.0000000e+00	   0.0000000e+00	   0.0000000e+00	   0.0000000e+00	   0.0000000e+00	   0.0000000e+00	   0.0000000e+00	   0.0000000e+00	   0.0000000e+00	   0.0000000e+00	   0.0000000e+00	   0.0000000e+00	   0.0000000e+00	
   1.3919295e+01	   1.0221470e+01	   9.7456377e+00	   1.1507850e+01	   1.5271990e+01	   1.9834981e+01	   2.3237862e+01	   2.3763393e+01	             NaN	             NaN	             NaN	             NaN	             NaN	             NaN	             NaN	             NaN	             NaN	             NaN	             NaN	   0.0000000e+00	   0.0000000e+00	   0.0000000e+00	   0.0000000e+00	   0.0000000e+00	   0.0000000e+00	   0.0000000e+00	   0.0000000e+00	   0.0000000e+00	   0.0000000e+00	   0.0000000e+00	   0.0000000e+00	   0.0000000e+00	   0.0000000e+00	
   1.3263526e+01	   9.6535142e+00	   8.6257248e+00	   1.0797023e+01	   1.3950290e+01	   1.7831193e+01	   2.1592667e+01	   2.1724682e+01	   1.8427877e+01	             NaN	             NaN	             NaN	             NaN	             NaN	             NaN	             NaN	             NaN	             NaN	             NaN	             NaN	   0.0000000e+00	   0.0000000e+00	   0.0000000e+00	   0.0000000e+00	   0.0000000e+00	   0.0000000e+00	   0.0000000e+00	   0.0000000e+00	   0.0000000e+00	   0.0000000e+00	   0.0000000e+00	   0.0000000e+00	   0.0000000e+00	
   1.3253627e+01	   1.0018467e+01	   9.1992067e+00	   1.0592162e+01	   1.3417217e+01	   1.7353494e+01	   2.0331638e+01	   2.0481594e+01	   1.7232127e+01	             NaN	             NaN	             NaN	             NaN	             NaN	             NaN	             NaN	             NaN	             NaN	             NaN	             NaN	   0.0000000e+00	   0.0000000e+00	   0.0000000e+00	   0.0000000e+00	   0.0000000e+00	   0.0000000e+00	   0.0000000e+00	   0.0000000e+00	   0.0000000e+00	   0.0000000e+00	   0.0000000e+00	   0.0000000e+00	   0.0000000e+00	
   1.2596858e+01	   1.0372359e+01	   8.7843419e+00	   1.0154967e+01	   1.2597771e+01	   1.5625232e+01	   1.8817914e+01	   1.8865220e+01	   1.6116925e+01	             NaN	             NaN	             NaN	             NaN	             NaN	             NaN	             NaN	             NaN	             NaN	             NaN	             NaN	   0.0000000e+00	   0.0000000e+00	   0.0000000e+00	   0.0000000e+00	   0.0000000e+00	   0.0000000e+00	   0.0000000e+00	   0.0000000e+00	   0.0000000e+00	   0.0000000e+00	   0.0000000e+00	   0.0000000e+00	   0.0000000e+00	
   1.2768851e+01	   9.5399160e+00	   8.1427622e+00	   9.3748943e+00	   1.1736892e+01	   1.4862817e+01	   1.7349200e+01	   1.7688240e+01	   1.5338803e+01	   1.0499660e+01	             NaN	             NaN	             NaN	             NaN	             NaN	             NaN	             NaN	             NaN	             NaN	             NaN	             NaN	   0.0000000e+00	   0.0000000e+00	   0.0000000e+00	   0.0000000e+00	   0.0000000e+00	   0.0000000e+00	   0.0000000e+00	   0.0000000e+00	   0.0000000e+00	   0.0000000e+00	   0.0000000e+00	   0.0000000e+00	
   1.3039179e+01	   9.8218344e+00	   8.3403914e+00	   8.9551387e+00	   1.1326547e+01	   1.3767302e+01	   1.6213236e+01	   1.6732130e+01	   1.4255154e+01	   1.0283964e+01	             NaN	             NaN	             NaN	             NaN	             NaN	             NaN	             NaN	             NaN	             NaN	             NaN	             NaN	   0.0000000e+00	   0.0000000e+00	   0.0000000e+00	   0.0000000e+00	   0.0000000e+00	   0.0000000e+00	   0.0000000e+00	   0.0000000e+00	   0.0000000e+00	   0.0000000e+00	   0.0000000e+00	   0.0000000e+00	
   1.4483980e+01	   9.7002537e+00	   8.7705050e+00	   9.1352877e+00	   1.0780256e+01	   1.3057446e+01	   1.5200317e+01	   1.5666178e+01	   1.3857647e+01	   1.0154916e+01	   6.7335833e+00	             NaN	             NaN	             NaN	             NaN	             NaN	             NaN	             NaN	             NaN	             NaN	             NaN	             NaN	   0.0000000e+00	   0.0000000e+00	   0.0000000e+00	   0.0000000e+00	   0.0000000e+00	   0.0000000e+00	   0.0000000e+00	   0.0000000e+00	   0.0000000e+00	   0.0000000e+00	   0.0000000e+00	
   1.5302748e+01	   1.1506438e+01	   8.8275719e+00	   8.9880608e+00	   1.0509584e+01	   1.2433425e+01	   1.4389799e+01	   1.4850491e+01	   1.3408757e+01	   1.0078274e+01	   6.9335057e+00	             NaN	             NaN	             NaN	             NaN	             NaN	             NaN	             NaN	             NaN	             NaN	             NaN	             NaN	   0.0000000e+00	   0.0000000e+00	   0.0000000e+00	   0.0000000e+00	   0.0000000e+00	   0.0000000e+00	   0.0000000e+00	   0.0000000e+00	   0.0000000e+00	   0.0000000e+00	   0.0000000e+00	
   1.5535052e+01	   1.2519906e+01	   9.1371649e+00	   8.6932993e+00	   1.0189204e+01	   1.1975836e+01	   1.3702396e+01	   1.4022912e+01	   1.2789818e+01	   9.8465315e+00	   6.9453793e+00	             NaN	             NaN	             NaN	             NaN	             NaN	             NaN	             NaN	             NaN	             NaN	             NaN	             NaN	   0.0000000e+00	   0.0000000e+00	   0.0000000e+00	   0.0000000e+00	   0.0000000e+00	   0.0000000e+00	   0.0000000e+00	   0.0000000e+00	   0.0000000e+00	   0.0000000e+00	   0.0000000e+00	
   1.7190879e+01	   1.2707695e+01	   9.3945385e+00	   8.8692003e+00	   9.6253369e+00	   1.1293667e+01	   1.2784140e+01	   1.3337856e+01	   1.2529165e+01	   9.8316418e+00	   7.1592506e+00	   5.8235962e+00	             NaN	             NaN	             NaN	             NaN	             NaN	             NaN	             NaN	             NaN	             NaN	             NaN	             NaN	   0.0000000e+00	   0.0000000e+00	   0.0000000e+00	   0.0000000e+00	   0.0000000e+00	   0.0000000e+00	   0.0000000e+00	   0.0000000e+00	   0.0000000e+00	   0.0000000e+00	
   1.8451040e+01	   1.3188460e+01	   9.1559168e+00	   8.7235002e+00	   9.2685432e+00	   1.0492357e+01	   1.1952586e+01	   1.2716476e+01	   1.1787697e+01	   9.6233008e+00	   7.1634334e+00	   5.7916430e+00	             NaN	             NaN	             NaN	             NaN	             NaN	             NaN	             NaN	             NaN	             NaN	             NaN	             NaN	   0.0000000e+00	   0.0000000e+00	   0.0000000e+00	   0.0000000e+00	   0.0000000e+00	   0.0000000e+00	   0.0000000e+00	   0.0000000e+00	   0.0000000e+00	   0.0000000e+00	
   1.8404591e+01	   1.2894402e+01	   9.6260065e+00	   8.3563697e+00	   8.9733568e+00	   1.0156511e+01	   1.1346449e+01	   1.2001723e+01	   1.1155662e+01	   9.1993922e+00	   7.3826345e+00	   5.8230321e+00	   5.2495810e+00	             NaN	             NaN	             NaN	             NaN	             NaN	             NaN	             NaN	             NaN	             NaN	             NaN	             NaN	   0.0000000e+00	   0.0000000e+00	   0.0000000e+00	   0.0000000e+00	   0.0000000e+00	   0.0000000e+00	   0.0000000e+00	   0.0000000e+00	   0.0000000e+00	
   1.8719980e+01	   1.2954575e+01	   9.2294019e+00	   8.4067428e+00	   8.4630664e+00	   9.6083811e+00	   1.0681515e+01	   1.1226949e+01	   1.0649178e+01	   8.8296111e+00	   7.1490577e+00	   5.9505688e+00	   5.0860614e+00	             NaN	             NaN	             NaN	             NaN	             NaN	             NaN	             NaN	             NaN	             NaN	             NaN	             NaN	   0.0000000e+00	   0.0000000e+00	   0.0000000e+00	   0.0000000e+00	   0.0000000e+00	   0.0000000e+00	   0.0000000e+00	   0.0000000e+00	   0.0000000e+00	
   1.7956102e+01	   1.2971568e+01	   8.9875639e+00	   7.7303694e+00	   8.1456332e+00	   9.2316250e+00	   1.0345835e+01	   1.0782621e+01	   1.0074286e+01	   8.6838130e+00	   7.0664562e+00	   5.8913527e+00	   4.9565556e+00	             NaN	             NaN	             NaN	             NaN	             NaN	             NaN	             NaN	             NaN	             NaN	             NaN	             NaN	   0.0000000e+00	   0.0000000e+00	   0.0000000e+00	   0.0000000e+00	   0.0000000e+00	   0.0000000e+00	   0.0000000e+00	   0.0000000e+00	   0.0000000e+00	
   1.7010520e+01	   1.2725374e+01	   8.9307163e+00	   7.7203819e+00	   7.8188376e+00	   8.4218534e+00	   9.6383301e+00	   9.9509608e+00	   9.5813174e+00	   8.4866805e+00	   6.9821989e+00	   5.8891064e+00	   5.0460778e+00	   4.0437890e+00	             NaN	             NaN	             NaN	             NaN	             NaN	             NaN	             NaN	             NaN	             NaN	             NaN	             NaN	   0.0000000e+00	   0.0000000e+00	   0.0000000e+00	   0.0000000e+00	   0.0000000e+00	   0.0000000e+00	   0.0000000e+00	   0.0000000e+00	
   1.8504265e+01	   1.3227482e+01	   8.6665723e+00	   7.2890778e+00	   7.3405989e+00	   8.1136738e+00	   9.1771399e+00	   9.5384242e+00	   9.1068340e+00	   7.9703300e+00	   6.8877879e+00	   5.8892457e+00	   4.9806204e+00	   4.0955064e+00	             NaN	             NaN	             NaN	             NaN	             NaN	             NaN	             NaN	             NaN	             NaN	             NaN	             NaN	   0.0000000e+00	   0.0000000e+00	   0.0000000e+00	   0.0000000e+00	   0.0000000e+00	   0.0000000e+00	   0.0000000e+00	   0.0000000e+00	
   1.7298547e+01	   1.2699356e+01	   8.5663406e+00	   7.3177970e+00	   7.0734882e+00	   7.8077356e+00	   8.4513740e+00	   8.8228116e+00	   8.7914867e+00	   7.7961693e+00	   6.6310561e+00	   5.8290609e+00	   4.9178364e+00	   3.9924508e+00	   2.9397509e+00	             NaN	             NaN	             NaN	             NaN	             NaN	             NaN	             NaN	             NaN	             NaN	             NaN	             NaN	   0.0000000e+00	   0.0000000e+00	   0.0000000e+00	   0.0000000e+00	   0.0000000e+00	   0.0000000e+00	   0.0000000e+00	
   1.7791636e+01	   1.2245460e+01	   8.6309752e+00	   7.0903828e+00	   6.8983887e+00	   7.3747344e+00	   8.2872325e+00	   8.7665201e+00	   8.4659006e+00	   7.6317910e+00	   6.5965171e+00	   5.8429505e+00	   5.0006126e+00	   4.0107119e+00	   3.0655416e+00	             NaN	             NaN	             NaN	             NaN	             NaN	             NaN	             NaN	             NaN	             NaN	             NaN	             NaN	   0.0000000e+00	   0.0000000e+00	   0.0000000e+00	   0.0000000e+00	   0.0000000e+00	   0.0000000e+00	   0.0000000e+00	
   1.6859894e+01	   1.2444579e+01	   8.1733592e+00	   6.9484710e+00	   6.7207856e+00	   7.1689947e+00	   7.9445828e+00	   8.3580874e+00	   8.0891161e+00	   7.4865631e+00	   6.6371191e+00	   5.7207740e+00	   5.0012965e+00	   4.0088626e+00	   3.2320370e+00	             NaN	             NaN	             NaN	             NaN	             NaN	             NaN	             NaN	             NaN	             NaN	             NaN	             NaN	   0.0000000e+00	   0.0000000e+00	   0.0000000e+00	   0.0000000e+00	   0.0000000e+00	   0.0000000e+00	   0.0000000e+00	
   1.6071654e+01	   1.1815658e+01	   7.9803979e+00	   6.3645761e+00	   6.3910317e+00	   7.0055988e+00	   7.4667145e+00	   7.8721931e+00	   7.8395501e+00	   7.3173812e+00	   6.4366553e+00	   5.8113970e+00	   5.0336181e+00	   4.0487631e+00	   3.1961313e+00	   2.6543255e+00	             NaN	             NaN	             NaN	             NaN	             NaN	             NaN	             NaN	             NaN	             NaN	             NaN	             NaN	   0.0000000e+00	   0.0000000e+00	   0.0000000e+00	   0.0000000e+00	   0.0000000e+00	   0.0000000e+00	
   1.5011799e+01	   1.1378200e+01	   7.8272611e+00	   6.2932496e+00	   6.1164834e+00	   6.6019664e+00	   7.1034390e+00	   7.4176272e+00	   7.4819074e+00	   6.8983173e+00	   6.2498072e+00	   5.7113535e+00	   4.9061716e+00	   4.0311910e+00	   3.0747489e+00	   2.6126951e+00	             NaN	             NaN	             NaN	             NaN	             NaN	             NaN	             NaN	             NaN	             NaN	             NaN	             NaN	   0.0000000e+00	   0.0000000e+00	   0.0000000e+00	   0.0000000e+00	   0.0000000e+00	   0.0000000e+00	
   1.4897050e+01	   1.0798260e+01	   7.3858330e+00	   6.2531978e+00	   5.8836939e+00	   6.0900454e+00	   6.8891150e+00	   7.0482389e+00	   7.1085101e+00	   6.6498427e+00	   6.1794922e+00	   5.4831814e+00	   4.7498133e+00	   3.9793531e+00	   3.0239124e+00	   2.5594695e+00	   1.6476319e+00	             NaN	             NaN	             NaN	             NaN	             NaN	             NaN	             NaN	             NaN	             NaN	             NaN	             NaN	   0.0000000e+00	   0.0000000e+00	   0.0000000e+00	   0.0000000e+00	   0.0000000e+00	
   1.3856083e+01	   9.4276020e+00	   6.4622280e+00	   6.1914163e+00	   5.7710573e+00	   5.8621386e+00	   6.4472812e+00	   6.9390024e+00	   6.8364901e+00	   6.4793212e+00	   5.7650702e+00	   5.3226641e+00	   4.7343706e+00	   3.9188513e+00	   3.0794952e+00	   2.4685467e+00	   1.8196487e+00	             NaN	             NaN	             NaN	             NaN	             NaN	             NaN	             NaN	             NaN	             NaN	             NaN	             NaN	   0.0000000e+00	   0.0000000e+00	   0.0000000e+00	   0.0000000e+00	   0.0000000e+00	
   1.3185965e+01	   9.3380299e+00	   6.6774774e+00	   5.4118615e+00	   5.3557750e+00	   5.6761023e+00	   6.2751923e+00	   6.4601164e+00	   6.5224009e+00	   6.3108320e+00	   5.7218345e+00	   5.1848754e+00	   4.5694434e+00	   3.8338835e+00	   3.0033626e+00	   2.3931387e+00	   2.0751902e+00	             NaN	             NaN	             NaN	             NaN	             NaN	             NaN	             NaN	             NaN	             NaN	             NaN	             NaN	   0.0000000e+00	   0.0000000e+00	   0.0000000e+00	   0.0000000e+00	   0.0000000e+00	
   1.3327511e+01	   9.1493784e+00	   5.5996302e+00	   5.2954203e+00	   5.2173291e+00	   5.4937001e+00	   5.8711740e+00	   6.1259924e+00	   6.2311320e+00	   5.9982599e+00	   5.6070020e+00	   5.1190366e+00	   4.4188134e+00	   3.7753414e+00	   3.0231604e+00	   2.4036788e+00	   1.9439345e+00	   1.2820867e+00	             NaN	             NaN	             NaN	             NaN	             NaN	             NaN	             NaN	             NaN	             NaN	             NaN	             NaN	   0.0000000e+00	   0.0000000e+00	   0.0000000e+00	   0.0000000e+00	
   1.1420089e+01	   8.6427365e+00	   5.7759894e+00	   4.9878713e+00	   4.9518784e+00	   5.4216250e+00	   5.6202434e+00	   6.0200132e+00	   6.0888925e+00	   5.8134838e+00	   5.3570427e+00	   4.9205359e+00	   4.4353237e+00	   3.7692837e+00	   2.9410688e+00	   2.3341629e+00	   1.9348460e+00	   1.4875038e+00	             NaN	             NaN	             NaN	             NaN	             NaN	             NaN	             NaN	             NaN	             NaN	             NaN	             NaN	   0.0000000e+00	   0.0000000e+00	   0.0000000e+00	   0.0000000e+00	
   1.2073110e+01	   6.3112725e+00	   5.4416403e+00	   4.7892366e+00	   4.8577059e+00	   5.1285760e+00	   5.4887976e+00	   5.8111950e+00	   5.8629556e+00	   5.5752466e+00	   5.2572713e+00	   4.9121636e+00	   4.3530311e+00	   3.6838103e+00	   2.9569935e+00	   2.3537185e+00	   1.8930085e+00	   1.7036703e+00	   8.2818553e-01	             NaN	             NaN	             NaN	             NaN	             NaN	             NaN	             NaN	             NaN	             NaN	             NaN	             NaN	   0.0000000e+00	   0.0000000e+00	   0.0000000e+00	
   1.0126896e+01	   6.2132087e+00	   4.4707601e+00	   4.5290117e+00	   4.6402831e+00	   4.8000450e+00	   5.1221239e+00	   5.5108283e+00	   5.6592756e+00	   5.4285930e+00	   5.1324205e+00	   4.7912916e+00	   4.2682928e+00	   3.6441826e+00	   2.9450470e+00	   2.3072625e+00	   1.8743938e+00	   1.7263580e+00	   1.1826118e+00	             NaN	             NaN	             NaN	             NaN	             NaN	             NaN	             NaN	             NaN	             NaN	             NaN	             NaN	   0.0000000e+00	   0.0000000e+00	   0.0000000e+00	
   1.0941310e+01	   6.0349243e+00	   4.3456852e+00	   4.5827636e+00	   4.4244693e+00	   4.6677278e+00	   4.9150153e+00	   5.2909965e+00	   5.3984429e+00	   5.3384674e+00	   5.0105204e+00	   4.6899630e+00	   4.2454645e+00	   3.6116376e+00	   2.9519211e+00	   2.3964669e+00	   1.8962757e+00	   1.6301409e+00	   1.4358505e+00	             NaN	             NaN	             NaN	             NaN	             NaN	             NaN	             NaN	             NaN	             NaN	             NaN	             NaN	   0.0000000e+00	   0.0000000e+00	   0.0000000e+00	
   8.0566585e+00	   6.1608990e+00	   3.6988268e+00	   4.0329804e+00	   4.4342204e+00	   4.3881486e+00	   4.8297890e+00	   5.0188325e+00	   5.2289314e+00	   5.0923368e+00	   4.8621792e+00	   4.5813811e+00	   4.1408767e+00	   3.5743158e+00	   2.9419648e+00	   2.3722528e+00	   1.9076049e+00	   1.6405636e+00	   1.5914895e+00	   5.7838484e-01	             NaN	             NaN	             NaN	             NaN	             NaN	             NaN	             NaN	             NaN	             NaN	             NaN	             NaN	   0.0000000e+00	   0.0000000e+00	
   7.6041386e+00	   5.2824506e+00	   3.6887536e+00	   3.9207675e+00	   4.2581356e+00	   4.4211070e+00	   4.6765630e+00	   4.9470951e+00	   5.0742585e+00	   5.0071005e+00	   4.8364677e+00	   4.5199526e+00	   4.0853108e+00	   3.6298109e+00	   2.8763404e+00	   2.3648285e+00	   1.8657239e+00	   1.6645357e+00	   1.5755655e+00	   7.9094949e-01	             NaN	             NaN	             NaN	             NaN	             NaN	             NaN	             NaN	             NaN	             NaN	             NaN	             NaN	   0.0000000e+00	   0.0000000e+00	
   6.8297922e+00	   4.9833128e+00	   3.7642691e+00	   3.5577629e+00	   4.1935687e+00	   4.1389272e+00	   4.4300181e+00	   4.6890244e+00	   4.9636150e+00	   4.7923009e+00	   4.7037756e+00	   4.5267156e+00	   4.1184697e+00	   3.5289061e+00	   2.9359056e+00	   2.3347719e+00	   1.8893868e+00	   1.6498742e+00	   1.5334145e+00	   1.0635443e+00	   2.9850610e-01	             NaN	             NaN	             NaN	             NaN	             NaN	             NaN	             NaN	             NaN	             NaN	             NaN	             NaN	   0.0000000e+00	
   6.3755739e+00	   4.7196240e+00	   3.3096131e+00	   3.4805004e+00	   3.6140558e+00	   4.0678931e+00	   4.4178136e+00	   4.5336064e+00	   4.7922656e+00	   4.7304303e+00	   4.6618312e+00	   4.4468700e+00	   4.0224670e+00	   3.4872425e+00	   2.9163998e+00	   2.3866906e+00	   1.9921133e+00	   1.6761624e+00	   1.4656840e+00	   1.1739681e+00	   2.7733985e-01	             NaN	             NaN	             NaN	             NaN	             NaN	             NaN	             NaN	             NaN	             NaN	             NaN	             NaN	   0.0000000e+00	
   5.5865236e+00	   4.6580213e+00	   2.9838483e+00	   3.4577831e+00	   3.6303280e+00	   4.0265410e+00	   4.2416324e+00	   4.4815555e+00	   4.6087556e+00	   4.7222417e+00	   4.5700090e+00	   4.3991423e+00	   4.0960581e+00	   3.4015176e+00	   2.9087158e+00	   2.3705651e+00	   1.9729406e+00	   1.6613465e+00	   1.4856600e+00	   1.3111921e+00	   4.7435777e-01	             NaN	             NaN	             NaN	             NaN	             NaN	             NaN	             NaN	             NaN	             NaN	             NaN	             NaN	   0.0000000e+00	
   5.2778072e+00	   3.1400977e+00	   2.5429185e+00	   3.4575101e+00	   3.8358570e+00	   3.8606515e+00	   4.1705985e+00	   4.3779201e+00	   4.5980565e+00	   4.6018512e+00	   4.5986446e+00	   4.3298352e+00	   4.0420694e+00	   3.4515619e+00	   2.8699370e+00	   2.3931301e+00	   2.0103682e+00	   1.6894187e+00	   1.5084458e+00	   1.2677609e+00	   7.5492029e-01	   2.4068137e-01	             NaN	             NaN	             NaN	             NaN	             NaN	             NaN	             NaN	             NaN	             NaN	             NaN	             NaN	
   4.2508312e+00	   2.8593626e+00	   2.3802464e+00	   2.8456789e+00	   3.3874116e+00	   3.5982606e+00	   3.9034338e+00	   4.3265985e+00	   4.4354703e+00	   4.5402816e+00	   4.5172312e+00	   4.3771773e+00	   3.9754384e+00	   3.5230695e+00	   2.9258497e+00	   2.3893105e+00	   2.0070496e+00	   1.7280187e+00	   1.5118019e+00	   1.1846702e+00	   9.4255297e-01	   3.3635228e-01	             NaN	             NaN	             NaN	             NaN	             NaN	             NaN	             NaN	             NaN	             NaN	             NaN	             NaN	
   5.9668434e+00	   3.1403176e+00	   2.5794243e+00	   2.8397820e+00	   3.4990010e+00	   3.7409916e+00	   3.8993041e+00	   4.1360430e+00	   4.4758582e+00	   4.4759333e+00	   4.3993562e+00	   4.2549258e+00	   3.9250103e+00	   3.4384648e+00	   2.9602888e+00	   2.4339868e+00	   1.9938039e+00	   1.7636199e+00	   1.5220510e+00	   1.2020159e+00	   1.0752473e+00	   4.4295477e-01	   2.6973038e-01	             NaN	             NaN	             NaN	             NaN	             NaN	             NaN	             NaN	             NaN	             NaN	             NaN	
   4.3763750e+00	   2.4335575e+00	   2.3184630e+00	   3.0247325e+00	   3.3680454e+00	   3.5846944e+00	   3.8080244e+00	   4.0575084e+00	   4.2644923e+00	   4.4007917e+00	   4.3977651e+00	   4.2484860e+00	   3.9254125e+00	   3.5090965e+00	   2.9490398e+00	   2.4586304e+00	   2.0798681e+00	   1.7501420e+00	   1.5574371e+00	   1.2326942e+00	   1.0523098e+00	   7.1311028e-01	   2.8138639e-01	             NaN	             NaN	             NaN	             NaN	             NaN	             NaN	             NaN	             NaN	             NaN	             NaN	
   5.4226275e+00	   2.2779631e+00	   1.6528780e+00	   2.9124400e+00	   2.8959608e+00	   3.5358725e+00	   3.7249240e+00	   3.8269378e+00	   4.3718211e+00	   4.2675279e+00	   4.3912307e+00	   4.2156827e+00	   3.9894870e+00	   3.4540689e+00	   2.9484481e+00	   2.4447246e+00	   2.0746144e+00	   1.7995437e+00	   1.6180112e+00	   1.2823062e+00	   1.0179500e+00	   8.5381801e-01	   2.1575036e-01	             NaN	             NaN	             NaN	             NaN	             NaN	             NaN	             NaN	             NaN	             NaN	             NaN	
   4.9880236e+00	   2.5033616e+00	   1.6986177e+00	   2.6936129e+00	   3.2286716e+00	   3.3435390e+00	   3.6196216e+00	   3.8622528e+00	   4.1818452e+00	   4.2417979e+00	   4.3495214e+00	   4.1989734e+00	   3.9147741e+00	   3.5107516e+00	   2.9594179e+00	   2.5294340e+00	   2.1585026e+00	   1.8740131e+00	   1.6490036e+00	   1.3293908e+00	   1.0498743e+00	   9.8820571e-01	   3.7075286e-01	   3.3316757e-01	             NaN	             NaN	             NaN	             NaN	             NaN	             NaN	             NaN	             NaN	             NaN	
   4.2757894e+00	   2.1426450e+00	   2.4293552e+00	   3.0636606e+00	   3.2611556e+00	   3.5332321e+00	   3.7000716e+00	   3.9055726e+00	   4.0043475e+00	   4.1753272e+00	   4.2763264e+00	   4.0588292e+00	   3.9535569e+00	   3.5360238e+00	   3.0260113e+00	   2.5043288e+00	   2.1264600e+00	   1.8878678e+00	   1.6697397e+00	   1.3825690e+00	   1.0746777e+00	   1.0279020e+00	   6.7935259e-01	   3.0222610e-01	             NaN	             NaN	             NaN	             NaN	             NaN	             NaN	             NaN	             NaN	             NaN	
   3.5228226e+00	   2.3746716e+00	   2.2559241e+00	   2.3807235e+00	   3.1344097e+00	   3.4303366e+00	   3.5510523e+00	   3.8046184e+00	   4.1045403e+00	   4.1990793e+00	   4.2178246e+00	   4.1637165e+00	   3.8981256e+00	   3.4131883e+00	   2.9770021e+00	   2.5262120e+00	   2.1203484e+00	   1.9066421e+00	   1.7096458e+00	   1.3944211e+00	   1.1092659e+00	   1.0168486e+00	   8.5484927e-01	   2.3922571e-01	   4.0867616e-01	             NaN	             NaN	             NaN	             NaN	             NaN	             NaN	             NaN	             NaN	
   4.0839998e+00	   2.5050995e+00	   2.0473885e+00	   3.0280855e+00	   3.2365672e+00	   3.2915350e+00	   3.4855729e+00	   3.7035595e+00	   4.0573253e+00	   4.1980502e+00	   4.2375727e+00	   4.0865066e+00	   3.8820459e+00	   3.4677354e+00	   3.0150498e+00	   2.5203829e+00	   2.1901746e+00	   1.9541193e+00	   1.7344004e+00	   1.4105152e+00	   1.1413186e+00	   9.8253709e-01	   1.0204952e+00	   3.6804634e-01	   3.8570354e-01	             NaN	             NaN	             NaN	             NaN	             NaN	             NaN	             NaN	             NaN	
   4.0943271e+00	   3.0809759e+00	   2.5265301e+00	   2.8177533e+00	   3.2030047e+00	   3.3583537e+00	   3.5040656e+00	   3.6377295e+00	   3.9071904e+00	   4.1347950e+00	   4.0969503e+00	   4.0271146e+00	   3.8792322e+00	   3.4686033e+00	   2.9808102e+00	   2.5866889e+00	   2.1978200e+00	   1.9288251e+00	   1.7536933e+00	   1.4747705e+00	   1.1539664e+00	   1.0198562e+00	   1.0114108e+00	   5.6049209e-01	   3.9145213e-01	             NaN	             NaN	             NaN	             NaN	             NaN	             NaN	             NaN	             NaN	
   4.4631936e+00	   2.5194710e+00	   2.2767200e+00	   2.8853520e+00	   3.5481628e+00	   3.1452690e+00	   3.4046482e+00	   3.5867070e+00	   3.8615519e+00	   4.0449539e+00	   4.1251637e+00	   3.9852140e+00	   3.8625871e+00	   3.3904599e+00	   3.0004269e+00	   2.6197876e+00	   2.1906294e+00	   1.9699422e+00	   1.7902002e+00	   1.5040188e+00	   1.2154873e+00	   1.0617882e+00	   1.0133104e+00	   7.7166892e-01	   3.7961296e-01	   4.3535335e-01	             NaN	             NaN	             NaN	             NaN	             NaN	             NaN	             NaN	
   4.8951296e+00	   3.8563159e+00	   3.5659215e+00	   2.9479887e+00	   3.2447080e+00	   3.2233305e+00	   3.2755363e+00	   3.7201856e+00	   3.7931376e+00	   4.0473688e+00	   4.0396844e+00	   3.9698560e+00	   3.8864274e+00	   3.4636941e+00	   2.9354664e+00	   2.6065231e+00	   2.2536355e+00	   2.0485014e+00	   1.8344828e+00	   1.5394282e+00	   1.2560848e+00	   1.0620417e+00	   9.6824320e-01	   9.2911375e-01	   4.4630098e-01	   4.3125295e-01	             NaN	             NaN	             NaN	             NaN	             NaN	             NaN	             NaN	
   5.4223299e+00	   3.3912886e+00	   2.9985874e+00	   2.9382392e+00	   3.4933617e+00	   3.2632513e+00	   3.3574963e+00	   3.4477525e+00	   3.8207834e+00	   3.9317910e+00	   4.0301794e+00	   3.9743458e+00	   3.8055087e+00	   3.4214256e+00	   2.9920254e+00	   2.5761245e+00	   2.2071499e+00	   2.0221295e+00	   1.8780141e+00	   1.5526203e+00	   1.2653106e+00	   1.0945284e+00	   9.6403060e-01	   9.2197490e-01	   5.2313332e-01	   3.7504809e-01	   4.6037980e-01	             NaN	             NaN	             NaN	             NaN	             NaN	             NaN	
   5.2576370e+00	   4.0205152e+00	   3.3052606e+00	   3.6671094e+00	   3.4176638e+00	   3.2673346e+00	   3.2622188e+00	   3.4126535e+00	   3.6809064e+00	   3.8487815e+00	   3.9090655e+00	   3.9914170e+00	   3.7064376e+00	   3.4258619e+00	   2.9611035e+00	   2.5700877e+00	   2.2547451e+00	   2.0237334e+00	   1.8597289e+00	   1.5740505e+00	   1.3037005e+00	   1.1502284e+00	   9.9135757e-01	   9.1591319e-01	   7.5437626e-01	   3.4098552e-01	   4.4296927e-01	             NaN	             NaN	             NaN	             NaN	             NaN	             NaN	
   4.8270338e+00	   4.0915182e+00	   3.2014794e+00	   3.6699785e+00	   3.5474741e+00	   3.3467450e+00	   3.2604467e+00	   3.4955262e+00	   3.5954463e+00	   3.7337634e+00	   3.9368869e+00	   3.8231452e+00	   3.6945982e+00	   3.3796365e+00	   2.9969557e+00	   2.5426263e+00	   2.2243887e+00	   2.0663988e+00	   1.8397360e+00	   1.5621081e+00	   1.3411260e+00	   1.1555172e+00	   1.0140691e+00	   9.0222005e-01	   8.6082406e-01	   4.1571708e-01	   4.2440948e-01	             NaN	             NaN	             NaN	             NaN	             NaN	             NaN	
   4.9907737e+00	   4.0456270e+00	   3.7897542e+00	   3.4332082e+00	   3.3231981e+00	   3.1399023e+00	   3.1539943e+00	   3.3114190e+00	   3.4798910e+00	   3.7072596e+00	   3.7521508e+00	   3.7260297e+00	   3.5702051e+00	   3.3518071e+00	   2.9207216e+00	   2.5304033e+00	   2.2409271e+00	   2.0259459e+00	   1.8951075e+00	   1.6124762e+00	   1.3365070e+00	   1.1670512e+00	   1.0395362e+00	   9.0878323e-01	   8.9527164e-01	   5.5653366e-01	   3.7035845e-01	   4.3490065e-01	             NaN	             NaN	             NaN	             NaN	             NaN	
   6.1547277e+00	   3.7178890e+00	   3.4705359e+00	   3.3495126e+00	   3.3808890e+00	   3.2786077e+00	   3.1406797e+00	   3.2844844e+00	   3.4566159e+00	   3.5679077e+00	   3.7211593e+00	   3.6967804e+00	   3.5495814e+00	   3.3147771e+00	   2.8718560e+00	   2.5306409e+00	   2.2587608e+00	   2.0154403e+00	   1.8845199e+00	   1.6237106e+00	   1.3778765e+00	   1.1933829e+00	   1.0369185e+00	   9.2926514e-01	   8.8990141e-01	   6.4881955e-01	   3.5952370e-01	   4.1907762e-01	             NaN	             NaN	             NaN	             NaN	             NaN	
   4.6751004e+00	   3.9402655e+00	   3.4284641e+00	   3.6649160e+00	   3.3000906e+00	   3.1345174e+00	   3.1203151e+00	   3.1296742e+00	   3.3850352e+00	   3.5386780e+00	   3.5940719e+00	   3.6542834e+00	   3.5443982e+00	   3.2682990e+00	   2.8809217e+00	   2.5415227e+00	   2.2355529e+00	   2.0402386e+00	   1.8443086e+00	   1.6061204e+00	   1.3772629e+00	   1.2334721e+00	   1.0474022e+00	   9.2794159e-01	   8.3684236e-01	   7.4701772e-01	   3.5490766e-01	   3.8227488e-01	   3.8929176e-01	             NaN	             NaN	             NaN	             NaN	
   5.0529457e+00	   3.5294214e+00	   3.3684999e+00	   3.4732417e+00	   3.0855254e+00	   3.0330161e+00	   3.0919544e+00	   3.1708412e+00	   3.3358219e+00	   3.4552862e+00	   3.5855093e+00	   3.5157652e+00	   3.4093045e+00	   3.1669331e+00	   2.7843001e+00	   2.4964466e+00	   2.2378961e+00	   2.0392700e+00	   1.8330902e+00	   1.6585134e+00	   1.3885757e+00	   1.2173686e+00	   1.0645748e+00	   9.3354690e-01	   8.4025561e-01	   8.3178176e-01	   4.8539371e-01	   3.2147738e-01	   3.9973786e-01	             NaN	             NaN	             NaN	             NaN	
   4.4692566e+00	   3.7884504e+00	   3.5292230e+00	   3.5689625e+00	   3.2462544e+00	   3.1065022e+00	   3.0197898e+00	   3.1162256e+00	   3.2012637e+00	   3.3390820e+00	   3.4755880e+00	   3.4908844e+00	   3.3491057e+00	   3.1441862e+00	   2.8090392e+00	   2.4545599e+00	   2.1998459e+00	   2.0464131e+00	   1.8755121e+00	   1.6348688e+00	   1.4310826e+00	   1.2244747e+00	   1.0994467e+00	   9.4699680e-01	   8.6786471e-01	   7.8466285e-01	   5.9776470e-01	   3.0429051e-01	   3.8383260e-01	             NaN	             NaN	             NaN	             NaN	
   4.0056080e+00	   3.8815604e+00	   3.7286359e+00	   3.5493829e+00	   3.2784264e+00	   3.0357714e+00	   2.9473589e+00	   2.9960358e+00	   3.1127921e+00	   3.2644999e+00	   3.4697045e+00	   3.4070026e+00	   3.2790779e+00	   3.0622699e+00	   2.7565838e+00	   2.4557609e+00	   2.1698399e+00	   2.0234160e+00	   1.8544679e+00	   1.6428084e+00	   1.4482037e+00	   1.2666956e+00	   1.1012063e+00	   9.6351120e-01	   8.5259478e-01	   7.7026392e-01	   6.4065613e-01	   3.4408866e-01	   3.9716764e-01	   3.4129582e-01	             NaN	             NaN	             NaN	
   4.9499500e+00	   4.4220613e+00	   3.9762033e+00	   3.6447348e+00	   3.1191129e+00	   2.9000560e+00	   2.9338259e+00	   3.0153856e+00	   3.1240234e+00	   3.2383965e+00	   3.3688987e+00	   3.3132588e+00	   3.2045789e+00	   2.9770228e+00	   2.7284282e+00	   2.4257093e+00	   2.1775831e+00	   1.9661240e+00	   1.8596374e+00	   1.6519640e+00	   1.4418292e+00	   1.2568464e+00	   1.1173102e+00	   9.6630321e-01	   8.7446286e-01	   7.7205036e-01	   7.2102139e-01	   4.0241752e-01	   3.4458885e-01	   3.6026121e-01	             NaN	             NaN	             NaN	
   5.2305906e+00	   3.8787027e+00	   3.9627087e+00	   3.4612107e+00	   3.3125119e+00	   2.9686966e+00	   2.8975744e+00	   2.9077526e+00	   3.0490034e+00	   3.1815927e+00	   3.2330685e+00	   3.1990653e+00	   3.1589221e+00	   2.9333324e+00	   2.6792189e+00	   2.3999458e+00	   2.1853522e+00	   1.9949085e+00	   1.8695576e+00	   1.6542028e+00	   1.4341852e+00	   1.2642258e+00	   1.1339956e+00	   9.8675313e-01	   8.6094356e-01	   7.6543485e-01	   7.1739104e-01	   4.7149233e-01	   2.8660830e-01	   3.5656175e-01	   3.0706323e-01	             NaN	             NaN	
   5.5981150e+00	   4.2402058e+00	   3.6764160e+00	   3.4376862e+00	   3.2923158e+00	   2.8171166e+00	   2.8003592e+00	   2.8387030e+00	   2.9308490e+00	   3.0980332e+00	   3.1163665e+00	   3.2733426e+00	   3.1286773e+00	   2.9067217e+00	   2.5860566e+00	   2.3211712e+00	   2.1469869e+00	   1.9889084e+00	   1.8392394e+00	   1.6485359e+00	   1.4156674e+00	   1.2963948e+00	   1.1368480e+00	   1.0269404e+00	   8.9658683e-01	   7.9024496e-01	   7.3655029e-01	   5.8119490e-01	   3.3718187e-01	   3.6926652e-01	   3.2665542e-01	             NaN	             NaN	
   5.5277727e+00	   3.8964728e+00	   3.8943391e+00	   3.4399916e+00	   3.2286337e+00	   2.7534843e+00	   2.8017465e+00	   2.8617526e+00	   2.9299942e+00	   3.0155736e+00	   3.0735593e+00	   3.1218718e+00	   3.0423541e+00	   2.7956459e+00	   2.6093708e+00	   2.3235065e+00	   2.1262230e+00	   1.9661699e+00	   1.8508171e+00	   1.6655326e+00	   1.4578969e+00	   1.2908354e+00	   1.1557500e+00	   1.0201398e+00	   9.0092206e-01	   7.8373428e-01	   6.8354592e-01	   6.1981688e-01	   3.3249427e-01	   3.4592559e-01	   3.5045618e-01	             NaN	             NaN	
   4.8473313e+00	   4.2574418e+00	   3.8635188e+00	   3.5271592e+00	   3.2088465e+00	   2.9345534e+00	   2.6567198e+00	   2.7584801e+00	   2.8384564e+00	   2.9443311e+00	   2.9535674e+00	   3.0413754e+00	   2.9616053e+00	   2.8098138e+00	   2.5470208e+00	   2.2881226e+00	   2.0820053e+00	   1.9373433e+00	   1.8102251e+00	   1.6463977e+00	   1.4358627e+00	   1.3031689e+00	   1.1593662e+00	   1.0114726e+00	   9.0565453e-01	   8.1359404e-01	   7.0796825e-01	   6.8772882e-01	   4.4418167e-01	   3.3430086e-01	   3.6597936e-01	   3.1887962e-01	             NaN	
   5.0523587e+00	   4.2172918e+00	   3.9339275e+00	   3.5649324e+00	   3.2406730e+00	   2.8419766e+00	   2.7413102e+00	   2.6093400e+00	   2.8363809e+00	   2.8769774e+00	   2.9668466e+00	   2.9441214e+00	   2.8729203e+00	   2.6989641e+00	   2.4907075e+00	   2.2422003e+00	   2.0975057e+00	   1.9186225e+00	   1.8356537e+00	   1.6317287e+00	   1.4551109e+00	   1.3040577e+00	   1.1601040e+00	   1.0394548e+00	   9.2720474e-01	   8.2367666e-01	   7.4264724e-01	   6.7895933e-01	   5.2337509e-01	   3.5517288e-01	   3.7441510e-01	   3.3383841e-01	             NaN	
   5.1185620e+00	   4.4247872e+00	   3.6832252e+00	   3.4132476e+00	   3.2111671e+00	   2.8250638e+00	   2.6245511e+00	   2.6024156e+00	   2.7977606e+00	   2.8316768e+00	   2.8756976e+00	   2.8987548e+00	   2.8169014e+00	   2.6438744e+00	   2.4307234e+00	   2.2576723e+00	   2.0314152e+00	   1.9217956e+00	   1.7839569e+00	   1.6414526e+00	   1.4384669e+00	   1.2948941e+00	   1.1732411e+00	   1.0562848e+00	   9.1760381e-01	   8.2561952e-01	   7.1317623e-01	   6.7357509e-01	   5.7924332e-01	   3.4302904e-01	   3.4134903e-01	   3.4440091e-01	   3.1936816e-01	
   4.7978818e+00	   3.6763601e+00	   3.6641031e+00	   3.4497275e+00	   3.0558588e+00	   2.7111550e+00	   2.7096405e+00	   2.6621407e+00	   2.6813609e+00	   2.7712029e+00	   2.7827747e+00	   2.7509298e+00	   2.7624648e+00	   2.6435030e+00	   2.4162528e+00	   2.2422261e+00	   1.9984607e+00	   1.9023259e+00	   1.7749314e+00	   1.6232223e+00	   1.4385032e+00	   1.3255625e+00	   1.1829980e+00	   1.0276092e+00	   9.3912728e-01	   8.3460321e-01	   7.1517838e-01	   6.2609106e-01	   6.3692713e-01	   3.4610027e-01	   3.6687751e-01	   3.4559470e-01	   3.1427691e-01	
   5.0019327e+00	   3.8036751e+00	   3.5620182e+00	   3.4985444e+00	   3.0532830e+00	   2.7074588e+00	   2.5679568e+00	   2.4884141e+00	   2.5138580e+00	   2.5862167e+00	   2.8217234e+00	   2.7626150e+00	   2.7107560e+00	   2.4992974e+00	   2.4091713e+00	   2.1587305e+00	   1.9981869e+00	   1.9190709e+00	   1.8061267e+00	   1.6669713e+00	   1.4637781e+00	   1.3138038e+00	   1.1801125e+00	   1.0677168e+00	   9.3639231e-01	   8.4890102e-01	   7.5575009e-01	   6.3575694e-01	   6.4434181e-01	   4.5173725e-01	   3.1316222e-01	   3.4019710e-01	   3.3437935e-01	
   4.9161996e+00	   4.1964784e+00	   3.6923037e+00	   3.3374487e+00	   2.9250960e+00	   2.7054736e+00	   2.5278684e+00	   2.4045972e+00	   2.5228864e+00	   2.5493938e+00	   2.6214624e+00	   2.7265846e+00	   2.5843516e+00	   2.5141096e+00	   2.3692714e+00	   2.1468803e+00	   1.9602790e+00	   1.8775323e+00	   1.7837832e+00	   1.6275164e+00	   1.4410158e+00	   1.3086965e+00	   1.1919700e+00	   1.0667178e+00	   9.6301030e-01	   8.4036291e-01	   7.4563578e-01	   6.7562396e-01	   6.2784647e-01	   5.8653195e-01	   2.9828802e-01	   3.3389979e-01	   3.5587192e-01	
   5.0079525e+00	   4.2703669e+00	   3.7432936e+00	   3.4043616e+00	   3.0504687e+00	   2.5372946e+00	   2.3950602e+00	   2.4016246e+00	   2.3715385e+00	   2.5151450e+00	   2.6085089e+00	   2.5917405e+00	   2.5710229e+00	   2.4564475e+00	   2.2275595e+00	   2.1119829e+00	   1.9567875e+00	   1.8908652e+00	   1.7759308e+00	   1.6711768e+00	   1.4275262e+00	   1.2912047e+00	   1.1784296e+00	   1.0634161e+00	   9.5606975e-01	   8.5419830e-01	   7.3129366e-01	   6.7186741e-01	   5.9220467e-01	   5.8595094e-01	   3.5707504e-01	   3.1785583e-01	   3.3509352e-01	
   4.2845149e+00	   4.3616184e+00	   3.4318743e+00	   3.2890797e+00	   2.8939983e+00	   2.5527810e+00	   2.3331005e+00	   2.3347433e+00	   2.3607899e+00	   2.4302769e+00	   2.5356967e+00	   2.5395223e+00	   2.4856357e+00	   2.3511788e+00	   2.2742562e+00	   2.0554256e+00	   1.9484329e+00	   1.8535438e+00	   1.7745369e+00	   1.6527281e+00	   1.4539576e+00	   1.3313815e+00	   1.1529612e+00	   1.0871116e+00	   9.6066960e-01	   8.5128788e-01	   7.5793830e-01	   6.8124479e-01	   6.0127774e-01	   5.3994914e-01	   3.8664886e-01	   3.0972696e-01	   3.2125195e-01	
             NaN	   3.8217779e+00	   3.1894834e+00	   3.1361417e+00	   2.8142071e+00	   2.4258679e+00	   2.2632086e+00	   2.3501612e+00	   2.2873917e+00	   2.3755310e+00	   2.4753392e+00	   2.4979941e+00	   2.4235923e+00	   2.3377811e+00	   2.2120638e+00	   2.0399052e+00	   1.9149591e+00	   1.8986069e+00	   1.7462203e+00	   1.6310776e+00	   1.4390405e+00	   1.3143838e+00	   1.2187055e+00	   1.0579027e+00	   9.6975256e-01	   8.7101775e-01	   7.6385359e-01	   6.7771115e-01	   5.9697161e-01	   5.7967414e-01	   4.8884737e-01	   2.6514242e-01	   3.2204382e-01	
             NaN	   3.4913740e+00	   3.1822676e+00	   3.2453327e+00	   2.6693057e+00	   2.4328156e+00	   2.2281521e+00	   2.2617375e+00	   2.2461854e+00	   2.2891091e+00	   2.3910566e+00	   2.4160317e+00	   2.3389282e+00	   2.2267330e+00	   2.1709584e+00	   1.9892525e+00	   1.8862058e+00	   1.8368342e+00	   1.7271181e+00	   1.5823923e+00	   1.4215863e+00	   1.3068469e+00	   1.1904229e+00	   1.0669064e+00	   9.5705091e-01	   8.7249704e-01	   7.5758753e-01	   6.6677481e-01	   5.9349867e-01	   5.7427932e-01	   5.2710096e-01	   3.2206664e-01	   2.8891835e-01	
             NaN	   3.8517955e+00	   3.2298247e+00	   2.9558508e+00	   2.6148644e+00	   2.3600725e+00	   2.3111464e+00	   2.2124323e+00	   2.2282038e+00	   2.2311365e+00	   2.2869237e+00	   2.3322583e+00	   2.2953023e+00	   2.2541260e+00	   2.1287198e+00	   1.9761434e+00	   1.8928460e+00	   1.7407992e+00	   1.6791464e+00	   1.5692775e+00	   1.4360370e+00	   1.3165443e+00	   1.1749931e+00	   1.0356458e+00	   9.6641512e-01	   8.5983383e-01	   7.7079038e-01	   6.8389922e-01	   6.0848366e-01	   5.4477771e-01	   5.2055249e-01	   3.2492243e-01	   2.6917401e-01	
             NaN	   3.4310803e+00	   3.1520767e+00	   2.9977771e+00	   2.5807033e+00	   2.4291118e+00	   2.1488516e+00	   2.1134079e+00	   2.1574867e+00	   2.1792533e+00	   2.3420246e+00	   2.2819208e+00	   2.2444485e+00	   2.1755049e+00	   2.0795341e+00	   1.9634047e+00	   1.8143311e+00	   1.7451794e+00	   1.6914262e+00	   1.5710801e+00	   1.3969492e+00	   1.2607305e+00	   1.1820986e+00	   1.0508515e+00	   9.8216826e-01	   8.9139657e-01	   8.0289440e-01	   6.6925740e-01	   6.1149465e-01	   5.5230784e-01	   5.6804849e-01	   4.3448778e-01	   2.9760134e-01	
             NaN	   3.4653777e+00	   3.2382597e+00	   2.7666170e+00	   2.6825479e+00	   2.2944857e+00	   2.1681458e+00	   2.1466735e+00	   2.1499378e+00	   2.1989050e+00	   2.1954326e+00	   2.1772956e+00	   2.1879595e+00	   2.1115998e+00	   2.0355839e+00	   1.9202657e+00	   1.8262198e+00	   1.7346321e+00	   1.6815544e+00	   1.5575808e+00	   1.4053129e+00	   1.2808410e+00	   1.1733464e+00	   1.0696698e+00	   9.4462076e-01	   8.5800647e-01	   7.7097904e-01	   7.0141247e-01	   6.4586829e-01	   5.7325502e-01	   5.2884375e-01	   4.8881557e-01	   3.0301650e-01	
             NaN	   3.6413636e+00	   3.0149495e+00	   2.8135266e+00	   2.6035835e+00	   2.2680361e+00	   2.0831678e+00	   2.0217552e+00	   2.0249604e+00	   2.0957896e+00	   2.1720142e+00	   2.1396294e+00	   2.1688165e+00	   2.1418407e+00	   1.9964305e+00	   1.8559226e+00	   1.8023221e+00	   1.7052199e+00	   1.6427887e+00	   1.5357126e+00	   1.3839462e+00	   1.2676720e+00	   1.1566383e+00	   1.0276742e+00	   9.6283090e-01	   8.6159190e-01	   7.6251341e-01	   6.9489655e-01	   6.4624722e-01	   5.7675269e-01	   5.4489122e-01	   4.8634098e-01	   3.4327806e-01	
             NaN	             NaN	   3.1125575e+00	   2.7646126e+00	   2.4343275e+00	   2.2071111e+00	   2.0615941e+00	   2.0121476e+00	   1.9506432e+00	   1.9788640e+00	   2.0814056e+00	   2.1288804e+00	   2.0975916e+00	   2.0191450e+00	   1.9430868e+00	   1.8592107e+00	   1.7496043e+00	   1.6731555e+00	   1.6210902e+00	   1.5290945e+00	   1.3830297e+00	   1.2764389e+00	   1.1555962e+00	   1.0173302e+00	   9.6997438e-01	   8.6514726e-01	   7.9218520e-01	   7.1176659e-01	   6.5072032e-01	   5.9533949e-01	   5.1997027e-01	   4.9091650e-01	   3.5610390e-01	
             NaN	             NaN	   3.1061738e+00	   2.7153070e+00	   2.4537777e+00	   2.0841157e+00	   1.9530965e+00	   1.9636199e+00	   1.9788752e+00	   1.9684754e+00	   2.0670705e+00	   2.0425780e+00	   2.0512694e+00	   1.9706535e+00	   1.8954252e+00	   1.8428175e+00	   1.7146738e+00	   1.6274339e+00	   1.6340135e+00	   1.5004882e+00	   1.3759646e+00	   1.2310135e+00	   1.1315457e+00	   1.0528293e+00	   9.4745588e-01	   8.5816625e-01	   7.7534089e-01	   6.8342490e-01	   6.5107436e-01	   5.9793598e-01	   5.0847194e-01	   4.7169966e-01	   4.1287835e-01	
             NaN	             NaN	   2.9977745e+00	   2.7105723e+00	   2.3688315e+00	   2.1389741e+00	   1.9979887e+00	   1.9644875e+00	   1.9007519e+00	   1.9233692e+00	   1.9968330e+00	   1.9893556e+00	   1.9965142e+00	   1.9190107e+00	   1.8592982e+00	   1.7938656e+00	   1.7167908e+00	   1.6270922e+00	   1.5796441e+00	   1.4813283e+00	   1.3678512e+00	   1.2102371e+00	   1.1365620e+00	   1.0334934e+00	   9.2559995e-01	   8.3001293e-01	   8.0124180e-01	   7.0974278e-01	   6.3959371e-01	   5.6850730e-01	   5.2204787e-01	   4.8724638e-01	   4.4411066e-01	
             NaN	             NaN	   3.0035898e+00	   2.7087518e+00	   2.4734689e+00	   2.1002991e+00	   1.8589940e+00	   1.9722688e+00	   1.8317379e+00	   1.8686371e+00	   1.9390100e+00	   1.9531903e+00	   1.9151175e+00	   1.8850059e+00	   1.7837601e+00	   1.7076578e+00	   1.6542108e+00	   1.6242845e+00	   1.5214212e+00	   1.4561367e+00	   1.3224321e+00	   1.1694260e+00	   1.1089676e+00	   9.9342010e-01	   9.1090489e-01	   8.6871962e-01	   7.7645483e-01	   6.9010190e-01	   6.2748782e-01	   5.8898936e-01	   5.1812575e-01	   4.8055390e-01	   4.2866229e-01	
             NaN	             NaN	   2.8257286e+00	   2.4084719e+00	   2.3391492e+00	   2.1262017e+00	   1.9550562e+00	   1.8712508e+00	   1.8383215e+00	   1.7953583e+00	   1.8360190e+00	   1.8689111e+00	   1.9043875e+00	   1.8480526e+00	   1.7676023e+00	   1.6548722e+00	   1.5926046e+00	   1.5582343e+00	   1.5209728e+00	   1.4470347e+00	   1.3030460e+00	   1.2090734e+00	   1.1101736e+00	   9.8491892e-01	   9.3489101e-01	   8.3354028e-01	   7.6942406e-01	   6.9346711e-01	   6.3336385e-01	   6.0199416e-01	   5.2739771e-01	   4.8853358e-01	   4.4021206e-01	
             NaN	             NaN	             NaN	   2.7134319e+00	   2.0880211e+00	   1.9622425e+00	   1.8518292e+00	   1.8176116e+00	   1.7378044e+00	   1.8276702e+00	   1.8375574e+00	   1.8310765e+00	   1.8238652e+00	   1.8299125e+00	   1.6904186e+00	   1.6507121e+00	   1.6397720e+00	   1.5679544e+00	   1.4858966e+00	   1.3919899e+00	   1.2830836e+00	   1.1698651e+00	   1.1004189e+00	   9.8493563e-01	   9.1043885e-01	   8.3352477e-01	   7.5806368e-01	   7.2695216e-01	   6.1288947e-01	   5.9948568e-01	   5.2800608e-01	   4.8456949e-01	   4.3994374e-01	
             NaN	             NaN	             NaN	   2.5237026e+00	   2.3473996e+00	   2.0440505e+00	   1.8413615e+00	   1.7074811e+00	   1.7390543e+00	   1.6743632e+00	   1.7524641e+00	   1.7731274e+00	   1.7586137e+00	   1.7631801e+00	   1.7130887e+00	   1.5970533e+00	   1.5459522e+00	   1.4914179e+00	   1.4772147e+00	   1.3496318e+00	   1.2497785e+00	   1.1709664e+00	   1.0569203e+00	   9.7531188e-01	   8.9879700e-01	   8.0910083e-01	   7.4849311e-01	   6.8644966e-01	   6.3064293e-01	   5.9347228e-01	   5.0682152e-01	   4.6862633e-01	   4.2915152e-01	
             NaN	             NaN	             NaN	   2.2784318e+00	   2.2788336e+00	   1.9386658e+00	   1.7901166e+00	   1.7813317e+00	   1.7013313e+00	   1.6783858e+00	   1.7436116e+00	   1.7159909e+00	   1.7728266e+00	   1.6180494e+00	   1.6428980e+00	   1.5670788e+00	   1.4650632e+00	   1.4715981e+00	   1.3751589e+00	   1.3154779e+00	   1.2117960e+00	   1.1360356e+00	   1.0425224e+00	   9.3497517e-01	   8.8659897e-01	   8.1113006e-01	   7.4713982e-01	   6.8538208e-01	   6.2024742e-01	   5.8777203e-01	   5.2786052e-01	   4.8399486e-01	   4.2987648e-01	
             NaN	             NaN	             NaN	   2.3811596e+00	   2.0358922e+00	   1.9181323e+00	   1.8324671e+00	   1.7796197e+00	   1.6150504e+00	   1.6579481e+00	   1.6918573e+00	   1.6495413e+00	   1.6762127e+00	   1.6613610e+00	   1.5747650e+00	   1.5323161e+00	   1.4919149e+00	   1.4359597e+00	   1.3769216e+00	   1.2844027e+00	   1.1704717e+00	   1.1069436e+00	   1.0041183e+00	   9.4120126e-01	   8.5358115e-01	   8.0907459e-01	   7.2963055e-01	   6.6323794e-01	   6.4596628e-01	   5.7933162e-01	   5.1684063e-01	   4.7024531e-01	   4.3067656e-01	
             NaN	             NaN	             NaN	   2.2537289e+00	   2.1470846e+00	   1.7997711e+00	   1.6903741e+00	   1.6411836e+00	   1.5648648e+00	   1.5508605e+00	   1.6282910e+00	   1.6955055e+00	   1.5579461e+00	   1.6218834e+00	   1.5084874e+00	   1.4997063e+00	   1.4402021e+00	   1.3670579e+00	   1.3726385e+00	   1.2771425e+00	   1.1742560e+00	   1.1128605e+00	   1.0245722e+00	   9.0662506e-01	   8.5473807e-01	   7.8512705e-01	   7.0678234e-01	   6.6826705e-01	   6.1478598e-01	   5.6657579e-01	   5.2743872e-01	   4.6989939e-01	   4.3583253e-01	
             NaN	             NaN	             NaN	             NaN	   2.0091707e+00	   1.8371336e+00	   1.6940216e+00	   1.6391107e+00	   1.6349064e+00	   1.5534536e+00	   1.5832047e+00	   1.5596407e+00	   1.5824746e+00	   1.5700800e+00	   1.5354268e+00	   1.4561911e+00	   1.3821415e+00	   1.3854006e+00	   1.3121391e+00	   1.2393641e+00	   1.1467422e+00	   1.0681050e+00	   9.8057099e-01	   8.9947920e-01	   8.3334847e-01	   7.8237398e-01	   7.2197870e-01	   6.5565264e-01	   6.2508049e-01	   5.8514965e-01	   5.1513778e-01	   4.7800700e-01	   4.3318278e-01	
             NaN	             NaN	             NaN	             NaN	   2.0005497e+00	   1.8076100e+00	   1.5631164e+00	   1.5412277e+00	   1.5127491e+00	   1.5122892e+00	   1.4906062e+00	   1.4588654e+00	   1.5079316e+00	   1.5228850e+00	   1.4194446e+00	   1.4207817e+00	   1.3846593e+00	   1.3110508e+00	   1.2825551e+00	   1.1800065e+00	   1.0945259e+00	   1.0493973e+00	   9.5143285e-01	   8.7644654e-01	   8.1643888e-01	   7.7965719e-01	   6.9410907e-01	   6.2127840e-01	   6.0912654e-01	   5.6028829e-01	   5.2766242e-01	   4.8003042e-01	   4.3232267e-01	
             NaN	             NaN	             NaN	             NaN	   1.8357527e+00	   1.8000571e+00	   1.6121092e+00	   1.5371618e+00	   1.5134895e+00	   1.4808771e+00	   1.4546524e+00	   1.5468590e+00	   1.4741596e+00	   1.4825092e+00	   1.4378595e+00	   1.3963137e+00	   1.3034343e+00	   1.2848457e+00	   1.2685820e+00	   1.2093129e+00	   1.1010806e+00	   1.0271262e+00	   9.4229573e-01	   8.8084202e-01	   8.0159444e-01	   7.4727343e-01	   6.7661790e-01	   6.4686995e-01	   5.8514091e-01	   5.6614795e-01	   5.0144440e-01	   4.6239729e-01	   4.3330564e-01	
             NaN	             NaN	             NaN	             NaN	   1.8774359e+00	   1.7133308e+00	   1.5220574e+00	   1.4607797e+00	   1.5271787e+00	   1.4309123e+00	   1.4428858e+00	   1.4314985e+00	   1.4425236e+00	   1.4636468e+00	   1.3567937e+00	   1.3630853e+00	   1.2749242e+00	   1.2404265e+00	   1.2070420e+00	   1.1494995e+00	   1.0608288e+00	   1.0062189e+00	   9.1538622e-01	   8.3780061e-01	   8.0902306e-01	   7.2827902e-01	   6.8837088e-01	   6.4196475e-01	   5.8114470e-01	   5.4753949e-01	   5.0973247e-01	   4.7394595e-01	   4.2883867e-01	
             NaN	             NaN	             NaN	             NaN	   1.6626669e+00	   1.5191858e+00	   1.5225410e+00	   1.4606829e+00	   1.3606335e+00	   1.4038457e+00	   1.4603769e+00	   1.4203187e+00	   1.4352198e+00	   1.3677538e+00	   1.3660280e+00	   1.2862466e+00	   1.2224616e+00	   1.2280334e+00	   1.2005013e+00	   1.1257227e+00	   1.0405061e+00	   9.3291204e-01	   9.1649916e-01	   8.3625595e-01	   7.6823285e-01	   7.1332437e-01	   6.6636505e-01	   6.4028088e-01	   5.6490957e-01	   5.4166482e-01	   4.8741708e-01	   4.3790865e-01	   4.4511562e-01	
             NaN	             NaN	             NaN	             NaN	             NaN	   1.6257012e+00	   1.5425825e+00	   1.4186620e+00	   1.4085692e+00	   1.3868262e+00	   1.3416118e+00	   1.3891814e+00	   1.4209122e+00	   1.3782125e+00	   1.2832283e+00	   1.2245384e+00	   1.2282638e+00	   1.1440114e+00	   1.1161545e+00	   1.0998259e+00	   9.9838980e-01	   9.2140971e-01	   8.6851297e-01	   8.0189537e-01	   7.4150940e-01	   7.1294687e-01	   6.5244299e-01	   5.8349513e-01	   5.6471154e-01	   5.3888125e-01	   4.9749457e-01	   4.6026186e-01	   4.1375007e-01	
             NaN	             NaN	             NaN	             NaN	             NaN	   1.6009495e+00	   1.4788592e+00	   1.3841571e+00	   1.3131816e+00	   1.4278542e+00	   1.3829631e+00	   1.3137534e+00	   1.2462312e+00	   1.2861511e+00	   1.2327121e+00	   1.2266426e+00	   1.1849572e+00	   1.1474301e+00	   1.1122675e+00	   1.0239882e+00	   9.9197223e-01	   9.0324063e-01	   8.5947792e-01	   8.0830345e-01	   7.2537301e-01	   6.9505142e-01	   6.2502827e-01	   6.2197659e-01	   5.6607481e-01	   5.5531809e-01	   4.9818548e-01	   4.6811201e-01	   4.3123710e-01	
             NaN	             NaN	             NaN	             NaN	             NaN	   1.4652847e+00	   1.5124230e+00	   1.3465355e+00	   1.3174043e+00	   1.2361082e+00	   1.3181221e+00	   1.2261245e+00	   1.2498794e+00	   1.2488120e+00	   1.2146654e+00	   1.1384657e+00	   1.1864590e+00	   1.0935349e+00	   1.0585429e+00	   1.0314594e+00	   9.6695775e-01	   8.9930312e-01	   8.2673725e-01	   7.3787456e-01	   7.2391296e-01	   6.6843231e-01	   6.4638840e-01	   6.0397823e-01	   5.5383475e-01	   5.2331178e-01	   4.9067419e-01	   4.5899346e-01	   4.3572058e-01	
             NaN	             NaN	             NaN	             NaN	             NaN	   1.4593695e+00	   1.4662673e+00	   1.3248768e+00	   1.2894143e+00	   1.2219725e+00	   1.2258041e+00	   1.2198153e+00	   1.2480968e+00	   1.2158252e+00	   1.1619849e+00	   1.1677112e+00	   1.0722958e+00	   1.0892040e+00	   1.0643062e+00	   1.0144832e+00	   9.2593853e-01	   8.7417943e-01	   8.0118986e-01	   7.6009725e-01	   7.1063815e-01	   6.7385091e-01	   6.2058774e-01	   5.8651607e-01	   5.6070866e-01	   5.1151425e-01	   5.0105229e-01	   4.5649003e-01	   4.2092990e-01	
             NaN	             NaN	             NaN	             NaN	             NaN	   1.5222819e+00	   1.4223352e+00	   1.3345142e+00	   1.2168403e+00	   1.1942056e+00	   1.1848528e+00	   1.2077647e+00	   1.2112610e+00	   1.1389003e+00	   1.1521555e+00	   1.1179096e+00	   1.0838345e+00	   1.0484132e+00	   9.8822343e-01	   9.3854557e-01	   8.8019300e-01	   8.2585583e-01	   7.9920122e-01	   7.4579419e-01	   6.9729763e-01	   6.6120337e-01	   6.0304023e-01	   5.7251020e-01	   5.5185343e-01	   5.2333418e-01	   4.8918193e-01	   4.7082262e-01	   4.2438221e-01	
             NaN	             NaN	             NaN	             NaN	             NaN	             NaN	   1.3314493e+00	   1.3242970e+00	   1.1941925e+00	   1.1861836e+00	   1.2302270e+00	   1.2111884e+00	   1.1703227e+00	   1.1797856e+00	   1.1025601e+00	   1.1160427e+00	   1.0676652e+00	   1.0457068e+00	   9.6288117e-01	   9.5223816e-01	   8.6717354e-01	   8.2060797e-01	   7.3928073e-01	   7.2734513e-01	   6.8345052e-01	   6.3140150e-01	   6.0865924e-01	   5.8742941e-01	   5.1971177e-01	   5.1384904e-01	   4.7131621e-01	   4.3943958e-01	   4.1605601e-01	
             NaN	             NaN	             NaN	             NaN	             NaN	             NaN	   1.3908805e+00	   1.2985495e+00	   1.1610852e+00	   1.1373702e+00	   1.1521422e+00	   1.1174189e+00	   1.1529438e+00	   1.1394414e+00	   1.0790296e+00	   1.0718538e+00	   1.0027609e+00	   9.9920512e-01	   9.6437392e-01	   9.2148141e-01	   8.6771220e-01	   8.0266341e-01	   7.1727983e-01	   6.7919515e-01	   6.6792258e-01	   6.3211332e-01	   5.9282491e-01	   5.6188513e-01	   5.1540429e-01	   5.0117426e-01	   4.5383371e-01	   4.6366639e-01	   4.2436770e-01	
   0.0000000e+00	             NaN	             NaN	             NaN	             NaN	             NaN	   1.2442735e+00	   1.2250672e+00	   1.1710524e+00	   1.1365104e+00	   1.1076757e+00	   1.1059079e+00	   1.0764941e+00	   1.0885045e+00	   1.0316830e+00	   1.0144328e+00	   9.7356364e-01	   9.7203112e-01	   9.2912341e-01	   8.7810290e-01	   8.3821224e-01	   7.7750477e-01	   7.1988957e-01	   6.7176804e-01	   6.5264076e-01	   6.3088019e-01	   5.8765585e-01	   5.4466061e-01	   5.2966968e-01	   4.8359015e-01	   4.7637954e-01	   4.3623873e-01	   4.1410037e-01	
   0.0000000e+00	             NaN	             NaN	             NaN	             NaN	             NaN	   1.2901155e+00	   1.1819756e+00	   1.1113206e+00	   1.0294209e+00	   1.1268887e+00	   1.0468319e+00	   1.0464148e+00	   1.0843962e+00	   1.0342318e+00	   9.9553447e-01	   9.7907155e-01	   9.5739185e-01	   8.9752199e-01	   8.7475012e-01	   8.1960300e-01	   7.5419031e-01	   6.8740748e-01	   6.6440783e-01	   6.4780730e-01	   6.0030353e-01	   5.8043508e-01	   5.5599757e-01	   5.1069180e-01	   4.9097811e-01	   4.5810647e-01	   4.2566836e-01	   3.9438526e-01	
   0.0000000e+00	             NaN	             NaN	             NaN	             NaN	             NaN	   1.2623471e+00	   1.1567828e+00	   1.0432664e+00	   1.0520353e+00	   1.0533090e+00	   1.0587073e+00	   1.0352541e+00	   1.0264176e+00	   1.0297951e+00	   9.4543304e-01	   9.2091293e-01	   9.0600650e-01	   8.5910408e-01	   8.5160046e-01	   7.8997050e-01	   7.2454228e-01	   6.9864131e-01	   6.5532654e-01	   6.0833257e-01	   5.8183437e-01	   5.4844395e-01	   5.2771824e-01	   5.1533803e-01	   4.7058817e-01	   4.3639224e-01	   4.3000281e-01	   4.0704928e-01	
   0.0000000e+00	             NaN	             NaN	             NaN	             NaN	             NaN	             NaN	   1.1879142e+00	   1.1114740e+00	   1.0355692e+00	   1.0083033e+00	   9.7192390e-01	   1.0524465e+00	   1.0104068e+00	   9.7219376e-01	   9.3824630e-01	   8.8032250e-01	   8.5377384e-01	   8.3838571e-01	   8.1447584e-01	   7.2479231e-01	   7.5282102e-01	   6.7863902e-01	   6.2989829e-01	   6.2372667e-01	   5.5809910e-01	   5.2953291e-01	   5.1057457e-01	   5.0358084e-01	   4.5735309e-01	   4.4090553e-01	   4.3114708e-01	   4.0999676e-01	
   0.0000000e+00	             NaN	             NaN	             NaN	             NaN	             NaN	             NaN	   1.0802949e+00	   1.0719415e+00	   1.0636391e+00	   9.5585367e-01	   9.4766648e-01	   9.6992540e-01	   9.4524227e-01	   9.4898479e-01	   9.4462153e-01	   8.7879709e-01	   8.2782454e-01	   8.5134252e-01	   7.9858086e-01	   7.4786902e-01	   6.7763803e-01	   6.6902396e-01	   6.0224893e-01	   5.7646862e-01	   5.7236404e-01	   5.3702850e-01	   5.0615286e-01	   4.9458865e-01	   4.5537924e-01	   4.4055071e-01	   4.1872461e-01	   3.9647425e-01	
   0.0000000e+00	   0.0000000e+00	             NaN	             NaN	             NaN	             NaN	             NaN	   1.0561237e+00	   1.0522763e+00	   1.0188083e+00	   1.0249460e+00	   9.4574289e-01	   9.5945631e-01	   9.4440925e-01	   9.3575417e-01	   8.9238739e-01	   8.2316471e-01	   8.3317714e-01	   8.1306362e-01	   7.9662655e-01	   7.1521193e-01	   6.5807399e-01	   6.3341813e-01	   5.9609136e-01	   5.4813174e-01	   5.3648949e-01	   5.1723124e-01	   4.9429894e-01	   4.6229146e-01	   4.7093605e-01	   4.2488353e-01	   4.1086767e-01	   3.9579102e-01	
   0.0000000e+00	   0.0000000e+00	             NaN	             NaN	             NaN	             NaN	             NaN	   1.0650446e+00	   1.0202543e+00	   9.4499191e-01	   9.5318625e-01	   9.3093048e-01	   9.3134773e-01	   9.1759034e-01	   9.3560087e-01	   8.6440398e-01	   8.1351652e-01	   7.9362701e-01	   7.5941800e-01	   7.6210190e-01	   7.0846249e-01	   6.6640071e-01	   6.2425419e-01	   5.7317638e-01	   5.4626485e-01	   5.1505822e-01	   5.2102905e-01	   4.9941058e-01	   4.6184492e-01	   4.3035895e-01	   4.2380083e-01	   4.1177549e-01	   3.9304028e-01	
   0.0000000e+00	   0.0000000e+00	             NaN	             NaN	             NaN	             NaN	             NaN	   1.0157600e+00	   9.2956446e-01	   9.1214211e-01	   9.0348268e-01	   8.9333587e-01	   8.8354110e-01	   8.9738189e-01	   8.3492561e-01	   8.1644378e-01	   7.9260121e-01	   7.8257049e-01	   7.7086939e-01	   7.3199008e-01	   6.4533794e-01	   6.3330050e-01	   6.0211917e-01	   5.8429301e-01	   5.3439491e-01	   5.3346607e-01	   5.0761148e-01	   4.5063185e-01	   4.6006441e-01	   4.3439815e-01	   4.1262681e-01	   3.9652332e-01	   3.7759773e-01	
   0.0000000e+00	   0.0000000e+00	             NaN	             NaN	             NaN	             NaN	             NaN	             NaN	   9.4884450e-01	   9.3551765e-01	   8.5737798e-01	   8.6208439e-01	   8.6500567e-01	   8.5716905e-01	   8.2880052e-01	   8.2329864e-01	   7.7739195e-01	   7.9138136e-01	   7.2032723e-01	   6.9395795e-01	   6.3079418e-01	   6.2399282e-01	   5.6861715e-01	   5.4336474e-01	   5.1611690e-01	   5.0196061e-01	   4.7113396e-01	   4.5546300e-01	   4.2523149e-01	   4.1568691e-01	   4.0854721e-01	   3.8997879e-01	   3.8807725e-01	
   0.0000000e+00	   0.0000000e+00	             NaN	             NaN	             NaN	             NaN	             NaN	             NaN	   8.7748488e-01	   9.0972696e-01	   8.5317120e-01	   8.0576249e-01	   8.3634418e-01	   8.3121984e-01	   8.1986508e-01	   7.8507957e-01	   7.3553526e-01	   7.3368828e-01	   7.2256762e-01	   6.6283767e-01	   6.0993970e-01	   5.7924312e-01	   5.5087108e-01	   5.6035908e-01	   5.0928949e-01	   4.7696734e-01	   4.6404530e-01	   4.4314008e-01	   4.4179493e-01	   4.1596506e-01	   4.0099735e-01	   3.8191980e-01	   3.5537210e-01	
   0.0000000e+00	   0.0000000e+00	   0.0000000e+00	             NaN	             NaN	             NaN	             NaN	             NaN	   8.9514263e-01	   8.6029798e-01	   9.1390584e-01	   8.1822565e-01	   8.3803720e-01	   8.0695128e-01	   7.6579325e-01	   7.5997236e-01	   7.1905220e-01	   7.0342462e-01	   6.7191374e-01	   6.5777301e-01	   6.1214393e-01	   5.8489886e-01	   5.4425217e-01	   5.2544118e-01	   4.9453372e-01	   4.8012406e-01	   4.5836561e-01	   4.4321101e-01	   4.2985923e-01	   4.1416526e-01	   3.7521418e-01	   3.7176145e-01	   3.7367270e-01	
   0.0000000e+00	   0.0000000e+00	   0.0000000e+00	             NaN	             NaN	             NaN	             NaN	             NaN	   8.5156380e-01	   8.7245659e-01	   8.1816391e-01	   8.2186460e-01	   7.9175631e-01	   7.8727708e-01	   7.7690010e-01	   7.5309351e-01	   7.0796313e-01	   6.9650075e-01	   6.5246354e-01	   6.2021068e-01	   5.7169069e-01	   5.8223479e-01	   5.4397904e-01	   5.0144690e-01	   4.7999302e-01	   4.6808937e-01	   4.3183568e-01	   4.2779707e-01	   4.1086505e-01	   3.9774986e-01	   3.8285361e-01	   3.7461112e-01	   3.4834280e-01	
   0.0000000e+00	   0.0000000e+00	   0.0000000e+00	             NaN	             NaN	             NaN	             NaN	             NaN	   8.6559293e-01	   8.5092246e-01	   7.8925823e-01	   8.2649652e-01	   7.4445212e-01	   7.6576423e-01	   7.6842006e-01	   7.1927254e-01	   7.0721663e-01	   6.9014012e-01	   6.4084890e-01	   6.2211103e-01	   5.7083340e-01	   5.5548700e-01	   5.2632731e-01	   4.8192678e-01	   4.7121366e-01	   4.4237687e-01	   4.4076573e-01	   4.4007410e-01	   4.0879366e-01	   4.0116065e-01	   3.7442934e-01	   3.5864511e-01	   3.3941503e-01	
   0.0000000e+00	   0.0000000e+00	   0.0000000e+00	             NaN	             NaN	             NaN	             NaN	             NaN	   7.7627438e-01	   7.6825788e-01	   7.9694060e-01	   7.3231983e-01	   7.7545638e-01	   7.4219928e-01	   7.2751659e-01	   7.0684433e-01	   6.6957889e-01	   6.9935591e-01	   6.4716754e-01	   5.6701634e-01	   5.5302656e-01	   5.3011532e-01	   5.0879335e-01	   4.6298620e-01	   4.5996958e-01	   4.4532144e-01	   4.2142178e-01	   4.1858698e-01	   3.9838272e-01	   3.7792525e-01	   3.6396621e-01	   3.4560376e-01	   3.3981024e-01	
   0.0000000e+00	   0.0000000e+00	   0.0000000e+00	             NaN	             NaN	             NaN	             NaN	             NaN	             NaN	   7.6615713e-01	   7.5699307e-01	   7.7134496e-01	   7.2876005e-01	   7.2764497e-01	   7.1713293e-01	   6.7735925e-01	   6.5630674e-01	   6.1205031e-01	   5.9166209e-01	   5.7702427e-01	   5.3336509e-01	   5.0340904e-01	   4.9237694e-01	   4.6634448e-01	   4.5883258e-01	   4.1164129e-01	   4.4483953e-01	   4.0169915e-01	   3.9035614e-01	   3.6990422e-01	   3.7010259e-01	   3.6322906e-01	   3.2737162e-01	
   0.0000000e+00	   0.0000000e+00	   0.0000000e+00	   0.0000000e+00	             NaN	             NaN	             NaN	             NaN	             NaN	   7.4131840e-01	   7.5164069e-01	   7.0423759e-01	   6.5228098e-01	   7.1756929e-01	   6.6625974e-01	   6.6673139e-01	   6.0707011e-01	   6.3898100e-01	   6.2035434e-01	   5.4748684e-01	   5.3734394e-01	   4.7693408e-01	   4.7858240e-01	   4.3586829e-01	   4.2444289e-01	   4.2830643e-01	   4.2445194e-01	   3.9133249e-01	   3.6818790e-01	   3.6910440e-01	   3.5693923e-01	   3.2395433e-01	   3.1857329e-01	
   0.0000000e+00	   0.0000000e+00	   0.0000000e+00	   0.0000000e+00	             NaN	             NaN	             NaN	             NaN	             NaN	   7.5805239e-01	   7.0825676e-01	   6.1674758e-01	   6.8451045e-01	   6.8753699e-01	   6.6105501e-01	   6.2194948e-01	   5.6952835e-01	   6.3428477e-01	   5.6639332e-01	   5.4151682e-01	   5.2298755e-01	   4.7581951e-01	   4.6849503e-01	   4.4378442e-01	   4.2284330e-01	   4.1435278e-01	   3.9635653e-01	   3.9782504e-01	   3.7340602e-01	   3.6474910e-01	   3.4750231e-01	   3.3379645e-01	   3.2715163e-01	
   0.0000000e+00	   0.0000000e+00	   0.0000000e+00	   0.0000000e+00	             NaN	             NaN	             NaN	             NaN	             NaN	   7.1043375e-01	   6.6359763e-01	   6.7160654e-01	   6.5206394e-01	   6.8904344e-01	   6.3927215e-01	   6.2101054e-01	   5.8155032e-01	   5.8324998e-01	   5.3393047e-01	   5.3710967e-01	   4.9092112e-01	   4.6379863e-01	   4.1977236e-01	   4.2747047e-01	   4.0354588e-01	   3.8661676e-01	   3.7818560e-01	   3.9804005e-01	   3.5435529e-01	   3.4030824e-01	   3.3480122e-01	   3.2609114e-01	   3.0685447e-01	
   0.0000000e+00	   0.0000000e+00	   0.0000000e+00	   0.0000000e+00	             NaN	             NaN	             NaN	             NaN	             NaN	   7.1055268e-01	   7.2118798e-01	   6.3534047e-01	   6.6208524e-01	   6.0680722e-01	   6.1447236e-01	   5.7598931e-01	   5.8946838e-01	   5.9058502e-01	   5.4605991e-01	   4.9937011e-01	   4.8783322e-01	   4.4795453e-01	   4.3254249e-01	   4.2277755e-01	   3.9264816e-01	   3.8151755e-01	   3.6713676e-01	   3.5794580e-01	   3.5850789e-01	   3.4004398e-01	   3.1087399e-01	   3.1075444e-01	   3.1165844e-01	
   0.0000000e+00	   0.0000000e+00	   0.0000000e+00	   0.0000000e+00	             NaN	             NaN	             NaN	             NaN	             NaN	             NaN	   6.2811392e-01	   6.0158879e-01	   6.3602859e-01	   6.2938596e-01	   6.2907003e-01	   5.5322240e-01	   5.3034830e-01	   5.9432382e-01	   5.2780848e-01	   4.9974117e-01	   4.4667608e-01	   4.3279654e-01	   4.1967211e-01	   4.0476137e-01	   3.9197838e-01	   3.6759784e-01	   3.8524594e-01	   3.5064389e-01	   3.4231663e-01	   3.4011921e-01	   3.2082033e-01	   3.1715043e-01	   3.1799833e-01	
   0.0000000e+00	   0.0000000e+00	   0.0000000e+00	   0.0000000e+00	             NaN	             NaN	             NaN	             NaN	             NaN	             NaN	   6.0305567e-01	   6.1244611e-01	   6.3876311e-01	   5.8479078e-01	   5.5490401e-01	   5.6993329e-01	   5.3054217e-01	   5.3128133e-01	   4.9699328e-01	   4.6195054e-01	   4.4874875e-01	   4.2029625e-01	   4.1446300e-01	   4.0264032e-01	   3.8875754e-01	   3.6826265e-01	   3.5922584e-01	   3.3901343e-01	   3.1817036e-01	   3.1178273e-01	   3.0916448e-01	   2.9232594e-01	   2.9574919e-01	
   0.0000000e+00	   0.0000000e+00	   0.0000000e+00	   0.0000000e+00	   0.0000000e+00	             NaN	             NaN	             NaN	             NaN	             NaN	   6.0839583e-01	   6.0531629e-01	   6.2863086e-01	   6.1714351e-01	   5.5421168e-01	   5.5489535e-01	   5.2966828e-01	   5.5003351e-01	   4.3299510e-01	   4.4444965e-01	   4.3704819e-01	   4.0554208e-01	   4.1462947e-01	   3.7074480e-01	   3.5845506e-01	   3.6197281e-01	   3.4520051e-01	   3.2989883e-01	   3.3641865e-01	   2.9273680e-01	   3.0474972e-01	   2.8994856e-01	   2.8352663e-01	
   0.0000000e+00	   0.0000000e+00	   0.0000000e+00	   0.0000000e+00	   0.0000000e+00	             NaN	             NaN	             NaN	             NaN	             NaN	   5.8225273e-01	   6.0912908e-01	   5.6490256e-01	   5.7185080e-01	   5.4674661e-01	   5.3746673e-01	   4.9882797e-01	   5.1769033e-01	   4.6907389e-01	   4.4198345e-01	   4.1698814e-01	   4.1009130e-01	   3.8691851e-01	   3.6013189e-01	   3.7258625e-01	   3.4112274e-01	   3.3166376e-01	   3.4598937e-01	   3.0324728e-01	   3.0818130e-01	   2.8477525e-01	   2.7503915e-01	   2.9317253e-01	
   0.0000000e+00	   0.0000000e+00	   0.0000000e+00	   0.0000000e+00	   0.0000000e+00	             NaN	             NaN	             NaN	             NaN	             NaN	   5.9717553e-01	   5.9212177e-01	   5.7060533e-01	   5.6884425e-01	   5.1117354e-01	   5.3693972e-01	   5.1930215e-01	   5.0801067e-01	   4.5234379e-01	   4.3704246e-01	   4.0704023e-01	   3.7548182e-01	   3.8734499e-01	   3.5396959e-01	   3.5433034e-01	   3.4814015e-01	   3.2955704e-01	   2.9957740e-01	   2.9847611e-01	   3.1639464e-01	   2.7758433e-01	   2.8000561e-01	   2.7009377e-01	
   0.0000000e+00	   0.0000000e+00	   0.0000000e+00	   0.0000000e+00	   0.0000000e+00	             NaN	             NaN	             NaN	             NaN	             NaN	             NaN	   5.5170873e-01	   5.3667435e-01	   5.2636950e-01	   4.6675738e-01	   5.0729399e-01	   4.4021439e-01	   4.8988228e-01	   4.5825631e-01	   4.2607434e-01	   4.2460961e-01	   3.7433119e-01	   3.5611465e-01	   3.5889181e-01	   3.2382612e-01	   3.2199164e-01	   3.2464020e-01	   3.2474971e-01	   2.8902822e-01	   2.7693103e-01	   2.7617301e-01	   2.7531943e-01	   2.5930546e-01	
   0.0000000e+00	   0.0000000e+00	   0.0000000e+00	   0.0000000e+00	   0.0000000e+00	             NaN	             NaN	             NaN	             NaN	             NaN	             NaN	   5.3256184e-01	   5.2419848e-01	   5.3723911e-01	   5.4263358e-01	   4.7223632e-01	   4.8705673e-01	   4.7030790e-01	   4.4328822e-01	   4.3484753e-01	   3.7112166e-01	   3.6396335e-01	   3.8903677e-01	   3.3858137e-01	   3.2752625e-01	   3.2149858e-01	   3.1398206e-01	   3.0158866e-01	   3.0611667e-01	   2.8325047e-01	   2.7782374e-01	   2.6223679e-01	   2.6300426e-01	
   0.0000000e+00	   0.0000000e+00	   0.0000000e+00	   0.0000000e+00	   0.0000000e+00	   0.0000000e+00	             NaN	             NaN	             NaN	             NaN	             NaN	   5.3193500e-01	   5.0869380e-01	   5.4089637e-01	   5.0211355e-01	   4.6503459e-01	   4.8780593e-01	   4.5496150e-01	   4.4427621e-01	   3.6903210e-01	   3.7807594e-01	   3.5595343e-01	   3.5213067e-01	   3.3427487e-01	   3.2052214e-01	   3.1010117e-01	   2.8273365e-01	   2.8947802e-01	   2.8432577e-01	   2.8305531e-01	   2.5724989e-01	   2.6394639e-01	   2.4159929e-01	
   0.0000000e+00	   0.0000000e+00	   0.0000000e+00	   0.0000000e+00	   0.0000000e+00	   0.0000000e+00	             NaN	             NaN	             NaN	             NaN	             NaN	   5.2201985e-01	   4.6405258e-01	   5.0667610e-01	   4.9297726e-01	   4.4906290e-01	   4.5607937e-01	   4.4295567e-01	   4.0792691e-01	   3.8206612e-01	   3.7830481e-01	   3.5669333e-01	   3.4740750e-01	   3.0881524e-01	   3.0105148e-01	   2.9337312e-01	   3.1607786e-01	   2.8634468e-01	   2.9213625e-01	   2.6314105e-01	   2.6272268e-01	   2.4589186e-01	   2.4925436e-01	
   0.0000000e+00	   0.0000000e+00	   0.0000000e+00	   0.0000000e+00	   0.0000000e+00	   0.0000000e+00	             NaN	             NaN	             NaN	             NaN	             NaN	   5.4189046e-01	   4.9821509e-01	   4.9206975e-01	   4.8372186e-01	   4.3582145e-01	   4.2162315e-01	   4.5222409e-01	   4.1239116e-01	   3.7898468e-01	   3.6317685e-01	   3.2551698e-01	   3.2733811e-01	   3.1573575e-01	   3.0217975e-01	   3.0982828e-01	   2.8303910e-01	   2.8885638e-01	   2.7358544e-01	   2.5858787e-01	   2.5823170e-01	   2.4133426e-01	   2.2957063e-01	
   0.0000000e+00	   0.0000000e+00	   0.0000000e+00	   0.0000000e+00	   0.0000000e+00	   0.0000000e+00	             NaN	             NaN	             NaN	             NaN	             NaN	             NaN	   4.7951429e-01	   4.9043177e-01	   4.8725792e-01	   4.4938322e-01	   4.2918170e-01	   4.4418779e-01	   3.8202323e-01	   3.6409319e-01	   3.3832493e-01	   3.3146505e-01	   3.0345836e-01	   2.9186269e-01	   2.6715908e-01	   3.1119060e-01	   2.7108044e-01	   2.6228685e-01	   2.7804358e-01	   2.5878178e-01	   2.5538778e-01	   2.3799150e-01	   2.2767413e-01	
   0.0000000e+00	   0.0000000e+00	   0.0000000e+00	   0.0000000e+00	   0.0000000e+00	   0.0000000e+00	             NaN	             NaN	             NaN	             NaN	             NaN	             NaN	   5.0844150e-01	   4.5559190e-01	   4.8636515e-01	   4.2044017e-01	   4.3003279e-01	   4.0725887e-01	   3.7581135e-01	   3.5653991e-01	   3.5549822e-01	   3.2436487e-01	   3.1111112e-01	   2.9331931e-01	   2.9153278e-01	   2.9381688e-01	   2.8246864e-01	   2.5907938e-01	   2.6105698e-01	   2.5165415e-01	   2.3263519e-01	   2.2271851e-01	   2.2623973e-01	
   0.0000000e+00	   0.0000000e+00	   0.0000000e+00	   0.0000000e+00	   0.0000000e+00	   0.0000000e+00	   0.0000000e+00	             NaN	             NaN	             NaN	             NaN	             NaN	   4.6146341e-01	   4.0581583e-01	   4.2383906e-01	   4.0933577e-01	   4.0297753e-01	   4.4615994e-01	   3.5280244e-01	   3.5542308e-01	   3.3319854e-01	   3.1729816e-01	   3.0014937e-01	   3.0391927e-01	   2.7932052e-01	   2.7170073e-01	   2.6717472e-01	   2.4991237e-01	   2.4284846e-01	   2.5278616e-01	   2.1962627e-01	   2.2177038e-01	   2.2845671e-01	
   0.0000000e+00	   0.0000000e+00	   0.0000000e+00	   0.0000000e+00	   0.0000000e+00	   0.0000000e+00	   0.0000000e+00	             NaN	             NaN	             NaN	             NaN	             NaN	   4.3676752e-01	   4.4367262e-01	   4.2018107e-01	   3.8827477e-01	   3.6193936e-01	   3.8238529e-01	   3.6581028e-01	   3.4616619e-01	   2.9611583e-01	   2.8483240e-01	   2.8544241e-01	   2.7535880e-01	   2.6841509e-01	   2.6118916e-01	   2.8282967e-01	   2.5975202e-01	   2.4480306e-01	   2.1918161e-01	   2.1995340e-01	   2.1435481e-01	   2.1096626e-01	
   0.0000000e+00	   0.0000000e+00	   0.0000000e+00	   0.0000000e+00	   0.0000000e+00	   0.0000000e+00	   0.0000000e+00	             NaN	             NaN	             NaN	             NaN	             NaN	   4.5613778e-01	   4.0485179e-01	   4.0738589e-01	   3.8406609e-01	   3.4797411e-01	   3.9605898e-01	   3.6496824e-01	   3.2769578e-01	   3.0280108e-01	   3.0158213e-01	   2.9489279e-01	   2.5848837e-01	   2.7017700e-01	   2.5266401e-01	   2.2694069e-01	   2.5155652e-01	   2.1733559e-01	   2.2271152e-01	   2.3118136e-01	   2.1500230e-01	   2.0418894e-01	
   0.0000000e+00	   0.0000000e+00	   0.0000000e+00	   0.0000000e+00	   0.0000000e+00	   0.0000000e+00	   0.0000000e+00	             NaN	             NaN	             NaN	             NaN	             NaN	             NaN	   4.1096988e-01	   4.3210962e-01	   3.9749468e-01	   3.7175912e-01	   3.7420798e-01	   3.5970956e-01	   3.0131223e-01	   3.0907730e-01	   2.6285364e-01	   2.8487765e-01	   2.7052341e-01	   2.5948034e-01	   2.5271858e-01	   2.3865195e-01	   2.3528247e-01	   2.2787184e-01	   2.2526634e-01	   2.0657378e-01	   1.9541093e-01	   1.7432620e-01	
   0.0000000e+00	   0.0000000e+00	   0.0000000e+00	   0.0000000e+00	   0.0000000e+00	   0.0000000e+00	   0.0000000e+00	             NaN	             NaN	             NaN	             NaN	             NaN	             NaN	   4.0989102e-01	   4.0142811e-01	   3.7047789e-01	   3.5576242e-01	   3.6959358e-01	   3.5872109e-01	   3.1993669e-01	   3.0200151e-01	   2.9175388e-01	   2.5378723e-01	   2.5422347e-01	   2.6485852e-01	   2.3951668e-01	   2.4390187e-01	   2.5794061e-01	   2.0480987e-01	   2.1978695e-01	   2.0327051e-01	   1.9986773e-01	   1.9482859e-01	
   0.0000000e+00	   0.0000000e+00	   0.0000000e+00	   0.0000000e+00	   0.0000000e+00	   0.0000000e+00	   0.0000000e+00	   0.0000000e+00	             NaN	             NaN	             NaN	             NaN	             NaN	   3.8059776e-01	   3.5370419e-01	   3.6884816e-01	   3.3293315e-01	   3.5304668e-01	   3.0797705e-01	   3.2989407e-01	   2.9120025e-01	   2.7920564e-01	   2.3596674e-01	   2.4720691e-01	   2.3449878e-01	   2.1808888e-01	   2.3437355e-01	   2.2137983e-01	   2.1123813e-01	   2.1085165e-01	   2.0190397e-01	   1.8837232e-01	   1.8805820e-01	
   0.0000000e+00	   0.0000000e+00	   0.0000000e+00	   0.0000000e+00	   0.0000000e+00	   0.0000000e+00	   0.0000000e+00	   0.0000000e+00	             NaN	             NaN	             NaN	             NaN	             NaN	   3.8345670e-01	   3.8523947e-01	   3.3800182e-01	   3.1611950e-01	   3.4686999e-01	   3.1103620e-01	   3.0221745e-01	   2.6144362e-01	   2.6424038e-01	   2.5998143e-01	   2.5406416e-01	   2.4026358e-01	   2.1386632e-01	   2.2999165e-01	   2.3834444e-01	   2.1052416e-01	   2.0517717e-01	   2.0232766e-01	   1.9340568e-01	   1.8238470e-01	
   0.0000000e+00	   0.0000000e+00	   0.0000000e+00	   0.0000000e+00	   0.0000000e+00	   0.0000000e+00	   0.0000000e+00	   0.0000000e+00	             NaN	             NaN	             NaN	             NaN	             NaN	   3.9811252e-01	   3.7214381e-01	   3.4240593e-01	   3.1792958e-01	   3.8390735e-01	   3.0666713e-01	   3.0762765e-01	   2.6269915e-01	   2.4640321e-01	   2.4706648e-01	   2.5136164e-01	   2.1884586e-01	   2.2660001e-01	   2.3704056e-01	   2.0997439e-01	   2.0813809e-01	   1.8988581e-01	   1.9051316e-01	   1.9080434e-01	   1.8040035e-01	
   0.0000000e+00	   0.0000000e+00	   0.0000000e+00	   0.0000000e+00	   0.0000000e+00	   0.0000000e+00	   0.0000000e+00	   0.0000000e+00	             NaN	             NaN	             NaN	             NaN	             NaN	             NaN	   3.7590930e-01	   3.1391595e-01	   2.7397513e-01	   3.3614214e-01	   3.0631675e-01	   2.5521670e-01	   2.7703300e-01	   2.4856165e-01	   2.5789785e-01	   2.3115212e-01	   2.3964475e-01	   2.1054369e-01	   2.0633623e-01	   1.9257957e-01	   2.1633879e-01	   1.9178996e-01	   1.8860722e-01	   1.7939400e-01	   1.8744228e-01	
   0.0000000e+00	   0.0000000e+00	   0.0000000e+00	   0.0000000e+00	   0.0000000e+00	   0.0000000e+00	   0.0000000e+00	   0.0000000e+00	             NaN	             NaN	             NaN	             NaN	             NaN	             NaN	   3.3381155e-01	   2.8462478e-01	   2.9911157e-01	   3.2160795e-01	   2.6489439e-01	   2.8147310e-01	   2.3789391e-01	   2.5484783e-01	   2.4514473e-01	   2.1549415e-01	   2.0937445e-01	   2.0589712e-01	   2.1565709e-01	   1.9035067e-01	   1.9398864e-01	   1.7947148e-01	   1.8392499e-01	   1.9011859e-01	   1.7325398e-01	
   0.0000000e+00	   0.0000000e+00	   0.0000000e+00	   0.0000000e+00	   0.0000000e+00	   0.0000000e+00	   0.0000000e+00	   0.0000000e+00	   0.0000000e+00	             NaN	             NaN	             NaN	             NaN	             NaN	   3.2414108e-01	   3.3589991e-01	   3.2968049e-01	   3.6434363e-01	   2.6668627e-01	   2.4770725e-01	   2.3735727e-01	   2.3192839e-01	   2.0425945e-01	   2.0792167e-01	   2.0610160e-01	   2.1063926e-01	   2.0630877e-01	   1.9206642e-01	   1.8039146e-01	   1.8035005e-01	   1.7047854e-01	   1.5709467e-01	   1.7154075e-01	
   0.0000000e+00	   0.0000000e+00	   0.0000000e+00	   0.0000000e+00	   0.0000000e+00	   0.0000000e+00	   0.0000000e+00	   0.0000000e+00	   0.0000000e+00	             NaN	             NaN	             NaN	             NaN	             NaN	   3.4265062e-01	   3.2668914e-01	   2.7835067e-01	   3.2245241e-01	   2.7284762e-01	   2.4045187e-01	   2.4233081e-01	   2.3100600e-01	   2.1809528e-01	   2.0848744e-01	   2.1249887e-01	   1.9333659e-01	   1.9924300e-01	   1.7090539e-01	   1.8710070e-01	   1.8418674e-01	   1.8150747e-01	   1.7254854e-01	   1.5798299e-01	
   0.0000000e+00	   0.0000000e+00	   0.0000000e+00	   0.0000000e+00	   0.0000000e+00	   0.0000000e+00	   0.0000000e+00	   0.0000000e+00	   0.0000000e+00	             NaN	             NaN	             NaN	             NaN	             NaN	   3.3797672e-01	   2.9432688e-01	   2.6799550e-01	   3.1836733e-01	   2.3338958e-01	   2.4958750e-01	   2.3623758e-01	   2.1000763e-01	   2.4189348e-01	   1.9789938e-01	   2.0222001e-01	   1.8404802e-01	   1.9957562e-01	   1.8148867e-01	   1.7793456e-01	   1.7674739e-01	   1.6006622e-01	   1.6513669e-01	   1.4095963e-01	
   0.0000000e+00	   0.0000000e+00	   0.0000000e+00	   0.0000000e+00	   0.0000000e+00	   0.0000000e+00	   0.0000000e+00	   0.0000000e+00	   0.0000000e+00	             NaN	             NaN	             NaN	             NaN	             NaN	             NaN	   2.9909446e-01	   2.6278382e-01	   3.2900501e-01	   2.1624519e-01	   1.9909451e-01	   1.9802694e-01	   2.2953784e-01	   1.9427089e-01	   2.1892969e-01	   1.9787833e-01	   1.9069363e-01	   1.8390145e-01	   1.8011222e-01	   1.7083959e-01	   1.5477756e-01	   1.4385331e-01	   1.5461893e-01	   1.6349023e-01	
   0.0000000e+00	   0.0000000e+00	   0.0000000e+00	   0.0000000e+00	   0.0000000e+00	   0.0000000e+00	   0.0000000e+00	   0.0000000e+00	   0.0000000e+00	             NaN	             NaN	             NaN	             NaN	             NaN	             NaN	   2.8906087e-01	   2.5610376e-01	   2.9275504e-01	   2.4733571e-01	   2.2879114e-01	   2.2826348e-01	   2.1845620e-01	   1.9512218e-01	   2.0011458e-01	   1.7800020e-01	   1.8211451e-01	   1.9339109e-01	   1.5055929e-01	   1.4971262e-01	   1.6543940e-01	   1.5861702e-01	   1.5375672e-01	   1.4890597e-01	
   0.0000000e+00	   0.0000000e+00	   0.0000000e+00	   0.0000000e+00	   0.0000000e+00	   0.0000000e+00	   0.0000000e+00	   0.0000000e+00	   0.0000000e+00	   0.0000000e+00	             NaN	             NaN	             NaN	             NaN	             NaN	   3.0486315e-01	   2.5874340e-01	   3.1496027e-01	   2.5199373e-01	   2.5814504e-01	   2.2028492e-01	   2.0625399e-01	   1.6886577e-01	   1.9300057e-01	   2.1508737e-01	   1.8477125e-01	   1.6935719e-01	   1.7601465e-01	   1.6036227e-01	   1.6824133e-01	   1.3448589e-01	   1.4744615e-01	   1.4721508e-01	
