  -1.4005977e+00	  -6.5076553e-01	  -2.6435288e+00	             NaN	             NaN	             NaN	             NaN	             NaN	             NaN	             NaN	             NaN	             NaN	             NaN	             NaN	   0.0000000e+00	   0.0000000e+00	   0.0000000e+00	   0.0000000e+00	   0.0000000e+00	   0.0000000e+00	   0.0000000e+00	   0.0000000e+00	   0.0000000e+00	   0.0000000e+00	   0.0000000e+00	   0.0000000e+00	   0.0000000e+00	   0.0000000e+00	   0.0000000e+00	   0.0000000e+00	   0.0000000e+00	   0.0000000e+00	   0.0000000e+00	
  -1.8321188e+00	  -1.4618561e+00	  -1.5741486e+00	             NaN	             NaN	             NaN	             NaN	             NaN	             NaN	             NaN	             NaN	             NaN	             NaN	             NaN	   0.0000000e+00	   0.0000000e+00	   0.0000000e+00	   0.0000000e+00	   0.0000000e+00	   0.0000000e+00	   0.0000000e+00	   0.0000000e+00	   0.0000000e+00	   0.0000000e+00	   0.0000000e+00	   0.0000000e+00	   0.0000000e+00	   0.0000000e+00	   0.0000000e+00	   0.0000000e+00	   0.0000000e+00	   0.0000000e+00	   0.0000000e+00	
  -3.2120708e+00	  -5.2346682e-01	  -1.8954377e+00	             NaN	             NaN	             NaN	             NaN	             NaN	             NaN	             NaN	             NaN	             NaN	             NaN	             NaN	   0.0000000e+00	   0.0000000e+00	   0.0000000e+00	   0.0000000e+00	   0.0000000e+00	   0.0000000e+00	   0.0000000e+00	   0.0000000e+00	   0.0000000e+00	   0.0000000e+00	   0.0000000e+00	   0.0000000e+00	   0.0000000e+00	   0.0000000e+00	   0.0000000e+00	   0.0000000e+00	   0.0000000e+00	   0.0000000e+00	   0.0000000e+00	
  -1.5446250e+00	  -7.6232182e-01	  -5.2171829e-01	  -1.0029375e+00	             NaN	             NaN	             NaN	             NaN	             NaN	             NaN	             NaN	             NaN	             NaN	             NaN	             NaN	   0.0000000e+00	   0.0000000e+00	   0.0000000e+00	   0.0000000e+00	   0.0000000e+00	   0.0000000e+00	   0.0000000e+00	   0.0000000e+00	   0.0000000e+00	   0.0000000e+00	   0.0000000e+00	   0.0000000e+00	   0.0000000e+00	   0.0000000e+00	   0.0000000e+00	   0.0000000e+00	   0.0000000e+00	   0.0000000e+00	
  -3.8421851e-01	  -1.4817663e+00	  -9.4540977e-01	  -4.6845627e-01	             NaN	             NaN	             NaN	             NaN	             NaN	             NaN	             NaN	             NaN	             NaN	             NaN	             NaN	   0.0000000e+00	   0.0000000e+00	   0.0000000e+00	   0.0000000e+00	   0.0000000e+00	   0.0000000e+00	   0.0000000e+00	   0.0000000e+00	   0.0000000e+00	   0.0000000e+00	   0.0000000e+00	   0.0000000e+00	   0.0000000e+00	   0.0000000e+00	   0.0000000e+00	   0.0000000e+00	   0.0000000e+00	   0.0000000e+00	
  -1.4949797e+00	  -3.0092454e-01	  -1.0449286e+00	  -6.1896481e-01	   9.8571009e-03	             NaN	             NaN	             NaN	             NaN	             NaN	             NaN	             NaN	             NaN	             NaN	             NaN	             NaN	   0.0000000e+00	   0.0000000e+00	   0.0000000e+00	   0.0000000e+00	   0.0000000e+00	   0.0000000e+00	   0.0000000e+00	   0.0000000e+00	   0.0000000e+00	   0.0000000e+00	   0.0000000e+00	   0.0000000e+00	   0.0000000e+00	   0.0000000e+00	   0.0000000e+00	   0.0000000e+00	   0.0000000e+00	
  -4.8911290e-01	  -5.5629423e-01	  -1.4008472e+00	  -5.1656079e-01	  -3.3247314e-01	             NaN	             NaN	             NaN	             NaN	             NaN	             NaN	             NaN	             NaN	             NaN	             NaN	             NaN	   0.0000000e+00	   0.0000000e+00	   0.0000000e+00	   0.0000000e+00	   0.0000000e+00	   0.0000000e+00	   0.0000000e+00	   0.0000000e+00	   0.0000000e+00	   0.0000000e+00	   0.0000000e+00	   0.0000000e+00	   0.0000000e+00	   0.0000000e+00	   0.0000000e+00	   0.0000000e+00	   0.0000000e+00	
  -6.8003573e-01	  -5.3486060e-01	  -1.0266743e+00	  -3.8504065e-01	  -2.7512926e-02	             NaN	             NaN	             NaN	             NaN	             NaN	             NaN	             NaN	             NaN	             NaN	             NaN	             NaN	   0.0000000e+00	   0.0000000e+00	   0.0000000e+00	   0.0000000e+00	   0.0000000e+00	   0.0000000e+00	   0.0000000e+00	   0.0000000e+00	   0.0000000e+00	   0.0000000e+00	   0.0000000e+00	   0.0000000e+00	   0.0000000e+00	   0.0000000e+00	   0.0000000e+00	   0.0000000e+00	   0.0000000e+00	
  -2.5290193e-01	  -2.7681939e-01	  -8.4583492e-01	  -3.8727151e-01	  -2.9675935e-01	  -1.1693581e-01	             NaN	             NaN	             NaN	             NaN	             NaN	             NaN	             NaN	             NaN	             NaN	             NaN	             NaN	   0.0000000e+00	   0.0000000e+00	   0.0000000e+00	   0.0000000e+00	   0.0000000e+00	   0.0000000e+00	   0.0000000e+00	   0.0000000e+00	   0.0000000e+00	   0.0000000e+00	   0.0000000e+00	   0.0000000e+00	   0.0000000e+00	   0.0000000e+00	   0.0000000e+00	   0.0000000e+00	
   1.5063467e-01	  -1.3406256e-01	  -8.2267735e-01	  -5.8797643e-01	  -1.1027923e-01	  -2.1607650e-01	             NaN	             NaN	             NaN	             NaN	             NaN	             NaN	             NaN	             NaN	             NaN	             NaN	             NaN	   0.0000000e+00	   0.0000000e+00	   0.0000000e+00	   0.0000000e+00	   0.0000000e+00	   0.0000000e+00	   0.0000000e+00	   0.0000000e+00	   0.0000000e+00	   0.0000000e+00	   0.0000000e+00	   0.0000000e+00	   0.0000000e+00	   0.0000000e+00	   0.0000000e+00	   0.0000000e+00	
  -2.9494822e-01	  -4.4642644e-01	  -2.7099842e-01	  -2.3394342e-01	  -2.3279319e-01	  -8.6282758e-02	  -5.5634215e-02	             NaN	             NaN	             NaN	             NaN	             NaN	             NaN	             NaN	             NaN	             NaN	             NaN	             NaN	   0.0000000e+00	   0.0000000e+00	   0.0000000e+00	   0.0000000e+00	   0.0000000e+00	   0.0000000e+00	   0.0000000e+00	   0.0000000e+00	   0.0000000e+00	   0.0000000e+00	   0.0000000e+00	   0.0000000e+00	   0.0000000e+00	   0.0000000e+00	   0.0000000e+00	
   3.8594255e-02	  -2.9561783e-01	  -3.7076211e-01	  -2.4442791e-01	  -8.0391836e-02	  -9.3870541e-02	  -2.4272411e-01	             NaN	             NaN	             NaN	             NaN	             NaN	             NaN	             NaN	             NaN	             NaN	             NaN	             NaN	   0.0000000e+00	   0.0000000e+00	   0.0000000e+00	   0.0000000e+00	   0.0000000e+00	   0.0000000e+00	   0.0000000e+00	   0.0000000e+00	   0.0000000e+00	   0.0000000e+00	   0.0000000e+00	   0.0000000e+00	   0.0000000e+00	   0.0000000e+00	   0.0000000e+00	
  -1.3500503e-01	  -2.5460606e-01	  -1.9101428e-01	  -2.0386762e-01	  -2.2666567e-01	  -1.1208119e-01	  -1.6737251e-01	             NaN	             NaN	             NaN	             NaN	             NaN	             NaN	             NaN	             NaN	             NaN	             NaN	             NaN	   0.0000000e+00	   0.0000000e+00	   0.0000000e+00	   0.0000000e+00	   0.0000000e+00	   0.0000000e+00	   0.0000000e+00	   0.0000000e+00	   0.0000000e+00	   0.0000000e+00	   0.0000000e+00	   0.0000000e+00	   0.0000000e+00	   0.0000000e+00	   0.0000000e+00	
  -3.2197350e-01	  -5.1161017e-01	  -2.9519125e-01	  -2.6269749e-01	  -1.4610392e-01	  -1.1759140e-01	  -2.1812469e-01	  -1.9613015e-01	             NaN	             NaN	             NaN	             NaN	             NaN	             NaN	             NaN	             NaN	             NaN	             NaN	             NaN	   0.0000000e+00	   0.0000000e+00	   0.0000000e+00	   0.0000000e+00	   0.0000000e+00	   0.0000000e+00	   0.0000000e+00	   0.0000000e+00	   0.0000000e+00	   0.0000000e+00	   0.0000000e+00	   0.0000000e+00	   0.0000000e+00	   0.0000000e+00	
  -3.8221804e-02	   1.1470719e-01	   6.0942721e-02	  -3.2824350e-01	  -1.2744365e-01	  -1.8501960e-01	  -1.3196295e-01	  -2.1151873e-01	             NaN	             NaN	             NaN	             NaN	             NaN	             NaN	             NaN	             NaN	             NaN	             NaN	             NaN	   0.0000000e+00	   0.0000000e+00	   0.0000000e+00	   0.0000000e+00	   0.0000000e+00	   0.0000000e+00	   0.0000000e+00	   0.0000000e+00	   0.0000000e+00	   0.0000000e+00	   0.0000000e+00	   0.0000000e+00	   0.0000000e+00	   0.0000000e+00	
  -1.9640443e-01	  -3.2703791e-01	  -6.1400818e-02	  -3.0252429e-01	  -2.2494962e-01	  -2.5590290e-01	  -1.7285724e-01	  -1.6344045e-01	  -1.0842269e-01	             NaN	             NaN	             NaN	             NaN	             NaN	             NaN	             NaN	             NaN	             NaN	             NaN	             NaN	   0.0000000e+00	   0.0000000e+00	   0.0000000e+00	   0.0000000e+00	   0.0000000e+00	   0.0000000e+00	   0.0000000e+00	   0.0000000e+00	   0.0000000e+00	   0.0000000e+00	   0.0000000e+00	   0.0000000e+00	   0.0000000e+00	
  -6.3657327e-01	  -3.1617439e-01	  -9.1369419e-02	  -5.9329438e-02	  -1.5022969e-01	  -1.4074550e-01	  -2.0434795e-01	  -1.9120949e-01	  -1.9249174e-01	             NaN	             NaN	             NaN	             NaN	             NaN	             NaN	             NaN	             NaN	             NaN	             NaN	             NaN	   0.0000000e+00	   0.0000000e+00	   0.0000000e+00	   0.0000000e+00	   0.0000000e+00	   0.0000000e+00	   0.0000000e+00	   0.0000000e+00	   0.0000000e+00	   0.0000000e+00	   0.0000000e+00	   0.0000000e+00	   0.0000000e+00	
  -1.6824596e-01	   1.6587920e-02	  -9.7405715e-02	  -2.2893163e-01	  -5.3532586e-02	  -2.2237230e-01	  -1.8733327e-01	  -2.4327683e-01	  -2.5429242e-01	             NaN	             NaN	             NaN	             NaN	             NaN	             NaN	             NaN	             NaN	             NaN	             NaN	             NaN	   0.0000000e+00	   0.0000000e+00	   0.0000000e+00	   0.0000000e+00	   0.0000000e+00	   0.0000000e+00	   0.0000000e+00	   0.0000000e+00	   0.0000000e+00	   0.0000000e+00	   0.0000000e+00	   0.0000000e+00	   0.0000000e+00	
  -9.0017868e-02	  -7.4682295e-03	  -1.2938112e-01	  -9.8729925e-02	  -2.0679365e-01	  -2.1183267e-01	  -1.7381565e-01	  -2.0851888e-01	  -1.9355015e-01	  -2.5696357e-01	             NaN	             NaN	             NaN	             NaN	             NaN	             NaN	             NaN	             NaN	             NaN	             NaN	             NaN	   0.0000000e+00	   0.0000000e+00	   0.0000000e+00	   0.0000000e+00	   0.0000000e+00	   0.0000000e+00	   0.0000000e+00	   0.0000000e+00	   0.0000000e+00	   0.0000000e+00	   0.0000000e+00	   0.0000000e+00	
   4.6033185e-01	  -1.1083631e-01	  -7.1198195e-02	  -2.7211591e-01	  -2.2377614e-01	  -9.5352747e-02	  -1.8744450e-01	  -1.7258618e-01	  -2.7615583e-01	  -2.7394453e-01	             NaN	             NaN	             NaN	             NaN	             NaN	             NaN	             NaN	             NaN	             NaN	             NaN	             NaN	   0.0000000e+00	   0.0000000e+00	   0.0000000e+00	   0.0000000e+00	   0.0000000e+00	   0.0000000e+00	   0.0000000e+00	   0.0000000e+00	   0.0000000e+00	   0.0000000e+00	   0.0000000e+00	   0.0000000e+00	
  -2.0080816e-01	  -8.9399252e-02	  -1.5728987e-01	  -2.1532007e-01	  -1.7962333e-01	  -1.7648426e-01	  -2.0586058e-01	  -2.0822934e-01	  -2.8978217e-01	  -2.2590350e-01	  -2.6720555e-01	             NaN	             NaN	             NaN	             NaN	             NaN	             NaN	             NaN	             NaN	             NaN	             NaN	             NaN	   0.0000000e+00	   0.0000000e+00	   0.0000000e+00	   0.0000000e+00	   0.0000000e+00	   0.0000000e+00	   0.0000000e+00	   0.0000000e+00	   0.0000000e+00	   0.0000000e+00	   0.0000000e+00	
  -4.9391449e-01	  -2.1677660e-01	  -1.6877247e-01	  -6.3169343e-02	  -1.4259404e-01	  -1.9692412e-01	  -1.9353828e-01	  -1.9882010e-01	  -2.3738846e-01	  -2.4209181e-01	  -2.1741102e-01	             NaN	             NaN	             NaN	             NaN	             NaN	             NaN	             NaN	             NaN	             NaN	             NaN	             NaN	   0.0000000e+00	   0.0000000e+00	   0.0000000e+00	   0.0000000e+00	   0.0000000e+00	   0.0000000e+00	   0.0000000e+00	   0.0000000e+00	   0.0000000e+00	   0.0000000e+00	   0.0000000e+00	
  -2.6117888e-01	  -1.6346042e-01	  -8.3352743e-02	  -3.5599776e-02	  -1.3680604e-01	  -2.2438332e-01	  -2.1154990e-01	  -2.1150956e-01	  -1.9723539e-01	  -2.6098854e-01	  -2.3486245e-01	             NaN	             NaN	             NaN	             NaN	             NaN	             NaN	             NaN	             NaN	             NaN	             NaN	             NaN	   0.0000000e+00	   0.0000000e+00	   0.0000000e+00	   0.0000000e+00	   0.0000000e+00	   0.0000000e+00	   0.0000000e+00	   0.0000000e+00	   0.0000000e+00	   0.0000000e+00	   0.0000000e+00	
  -5.2067117e-02	  -1.5692989e-01	  -1.1710003e-01	  -1.4442502e-01	  -1.4236917e-01	  -1.6831973e-01	  -1.9634177e-01	  -2.3874217e-01	  -2.3294454e-01	  -2.0838765e-01	  -1.9320366e-01	   3.3619497e-02	             NaN	             NaN	             NaN	             NaN	             NaN	             NaN	             NaN	             NaN	             NaN	             NaN	             NaN	   0.0000000e+00	   0.0000000e+00	   0.0000000e+00	   0.0000000e+00	   0.0000000e+00	   0.0000000e+00	   0.0000000e+00	   0.0000000e+00	   0.0000000e+00	   0.0000000e+00	
  -1.9063406e-01	   8.0592094e-02	   5.6971094e-02	  -3.0106794e-02	  -8.3090666e-02	  -1.4980773e-01	  -1.4140701e-01	  -2.0964683e-01	  -2.0130210e-01	  -2.3485336e-01	  -2.2548862e-01	  -4.4708719e-02	             NaN	             NaN	             NaN	             NaN	             NaN	             NaN	             NaN	             NaN	             NaN	             NaN	             NaN	   0.0000000e+00	   0.0000000e+00	   0.0000000e+00	   0.0000000e+00	   0.0000000e+00	   0.0000000e+00	   0.0000000e+00	   0.0000000e+00	   0.0000000e+00	   0.0000000e+00	
  -3.1016801e-02	  -2.0534309e-01	   6.2711365e-02	  -1.1717346e-01	  -1.3718816e-01	  -1.1840213e-01	  -2.0307961e-01	  -2.2449740e-01	  -2.6596526e-01	  -2.2354687e-01	  -2.3589789e-01	  -1.1677041e-01	   2.9651093e-01	             NaN	             NaN	             NaN	             NaN	             NaN	             NaN	             NaN	             NaN	             NaN	             NaN	             NaN	   0.0000000e+00	   0.0000000e+00	   0.0000000e+00	   0.0000000e+00	   0.0000000e+00	   0.0000000e+00	   0.0000000e+00	   0.0000000e+00	   0.0000000e+00	
  -3.5815999e-01	  -5.1091072e-02	  -6.8608156e-02	  -1.2405225e-01	  -7.3500848e-02	  -1.1704875e-01	  -1.0028592e-01	  -2.0072759e-01	  -1.4657199e-01	  -2.1305781e-01	  -1.8176884e-01	  -1.1904148e-01	   9.7014184e-02	             NaN	             NaN	             NaN	             NaN	             NaN	             NaN	             NaN	             NaN	             NaN	             NaN	             NaN	   0.0000000e+00	   0.0000000e+00	   0.0000000e+00	   0.0000000e+00	   0.0000000e+00	   0.0000000e+00	   0.0000000e+00	   0.0000000e+00	   0.0000000e+00	
  -2.1039576e-01	  -3.7116618e-01	  -2.0702452e-01	  -1.9091828e-01	  -1.0491375e-01	  -9.5780223e-02	  -1.7226687e-01	  -2.1389252e-01	  -1.8472547e-01	  -2.1593007e-01	  -1.9468400e-01	  -1.3123601e-01	  -5.1594787e-02	             NaN	             NaN	             NaN	             NaN	             NaN	             NaN	             NaN	             NaN	             NaN	             NaN	             NaN	   0.0000000e+00	   0.0000000e+00	   0.0000000e+00	   0.0000000e+00	   0.0000000e+00	   0.0000000e+00	   0.0000000e+00	   0.0000000e+00	   0.0000000e+00	
   1.3245581e-01	  -1.7143999e-01	  -2.4502370e-01	   1.5836230e-02	  -9.8000284e-02	  -9.8810255e-02	  -1.7296051e-01	  -1.1467413e-01	  -2.0232931e-01	  -1.8803728e-01	  -2.0717385e-01	  -1.1142277e-01	  -8.7797601e-02	   1.4710593e-01	             NaN	             NaN	             NaN	             NaN	             NaN	             NaN	             NaN	             NaN	             NaN	             NaN	             NaN	   0.0000000e+00	   0.0000000e+00	   0.0000000e+00	   0.0000000e+00	   0.0000000e+00	   0.0000000e+00	   0.0000000e+00	   0.0000000e+00	
  -4.2936696e-01	  -3.5539059e-01	  -1.2743403e-01	  -1.4424574e-01	  -6.6164847e-02	  -5.7376178e-02	  -1.2009723e-01	  -1.4601529e-01	  -2.0063658e-01	  -1.9310523e-01	  -1.6415703e-01	  -1.1552968e-01	  -4.6385520e-02	   1.6674589e-01	             NaN	             NaN	             NaN	             NaN	             NaN	             NaN	             NaN	             NaN	             NaN	             NaN	             NaN	   0.0000000e+00	   0.0000000e+00	   0.0000000e+00	   0.0000000e+00	   0.0000000e+00	   0.0000000e+00	   0.0000000e+00	   0.0000000e+00	
  -1.2135418e-01	  -2.7371384e-01	  -2.3287795e-01	  -9.8637926e-02	  -1.2183785e-01	  -7.4074218e-02	  -1.0000536e-01	  -1.3828693e-01	  -1.7242690e-01	  -2.0655813e-01	  -1.9453069e-01	  -1.0285648e-01	  -5.0916223e-02	   1.1055308e-01	  -5.0329687e-02	             NaN	             NaN	             NaN	             NaN	             NaN	             NaN	             NaN	             NaN	             NaN	             NaN	             NaN	   0.0000000e+00	   0.0000000e+00	   0.0000000e+00	   0.0000000e+00	   0.0000000e+00	   0.0000000e+00	   0.0000000e+00	
  -1.6020852e-01	  -2.8121295e-01	  -1.4077845e-01	  -4.3791328e-02	  -1.7155867e-02	  -9.0584209e-02	  -1.4039815e-01	  -1.5226284e-01	  -1.3204361e-01	  -1.8042226e-01	  -1.4857211e-01	  -1.0516990e-01	  -4.9926575e-02	   3.6335821e-02	   2.3557105e-01	             NaN	             NaN	             NaN	             NaN	             NaN	             NaN	             NaN	             NaN	             NaN	             NaN	             NaN	   0.0000000e+00	   0.0000000e+00	   0.0000000e+00	   0.0000000e+00	   0.0000000e+00	   0.0000000e+00	   0.0000000e+00	
  -7.7563125e-01	  -4.5030064e-01	  -1.5333040e-01	  -1.4039333e-01	  -1.2209920e-01	  -7.0523391e-02	  -1.1397227e-01	  -1.2742193e-01	  -1.5312824e-01	  -1.5544632e-01	  -1.6243355e-01	  -9.4198446e-02	  -5.1677628e-02	  -3.2925073e-02	   1.6063765e-02	             NaN	             NaN	             NaN	             NaN	             NaN	             NaN	             NaN	             NaN	             NaN	             NaN	             NaN	   0.0000000e+00	   0.0000000e+00	   0.0000000e+00	   0.0000000e+00	   0.0000000e+00	   0.0000000e+00	   0.0000000e+00	
  -1.5930971e+00	  -5.1350429e-01	  -3.4664055e-01	  -7.0809094e-02	  -9.8104434e-02	  -1.1870472e-01	  -1.0887836e-01	  -7.7923867e-02	  -1.7468895e-01	  -1.3836668e-01	  -1.1585516e-01	  -6.6118952e-02	  -4.4044911e-02	  -1.5801037e-02	   4.9700894e-02	   1.1539052e-02	             NaN	             NaN	             NaN	             NaN	             NaN	             NaN	             NaN	             NaN	             NaN	             NaN	             NaN	   0.0000000e+00	   0.0000000e+00	   0.0000000e+00	   0.0000000e+00	   0.0000000e+00	   0.0000000e+00	
  -7.1182510e-01	  -8.5297837e-01	  -2.5502253e-01	  -1.4695348e-01	  -1.8284882e-02	  -7.1093684e-02	  -7.5834642e-02	  -1.0542656e-01	  -1.5860189e-01	  -1.2311546e-01	  -1.3474737e-01	  -7.5340093e-02	  -2.2273777e-02	  -1.6156714e-02	  -1.0333397e-02	  -6.3724744e-02	             NaN	             NaN	             NaN	             NaN	             NaN	             NaN	             NaN	             NaN	             NaN	             NaN	             NaN	   0.0000000e+00	   0.0000000e+00	   0.0000000e+00	   0.0000000e+00	   0.0000000e+00	   0.0000000e+00	
  -1.1421748e+00	  -1.2225284e+00	  -5.0548791e-01	  -1.6972899e-01	  -1.2971700e-01	  -1.0450322e-01	  -8.5446331e-02	  -7.7085540e-02	  -9.7030612e-02	  -1.1116682e-01	  -1.0695798e-01	  -8.0223675e-02	  -4.5043995e-02	   2.8940864e-03	  -2.5968936e-02	  -4.7883426e-02	   6.2854664e-02	             NaN	             NaN	             NaN	             NaN	             NaN	             NaN	             NaN	             NaN	             NaN	             NaN	             NaN	   0.0000000e+00	   0.0000000e+00	   0.0000000e+00	   0.0000000e+00	   0.0000000e+00	
  -1.4757777e+00	  -1.3637230e+00	  -7.9916827e-01	  -2.5991577e-01	  -9.5702900e-02	  -7.4238967e-02	  -6.5899423e-02	  -9.2224082e-02	  -1.2683839e-01	  -1.2746340e-01	  -1.2853186e-01	  -7.0675253e-02	  -5.0051140e-02	  -2.0439884e-02	   8.4832675e-03	  -8.7918922e-03	   7.0154985e-02	             NaN	             NaN	             NaN	             NaN	             NaN	             NaN	             NaN	             NaN	             NaN	             NaN	             NaN	   0.0000000e+00	   0.0000000e+00	   0.0000000e+00	   0.0000000e+00	   0.0000000e+00	
  -1.8947959e+00	  -1.8836772e+00	  -6.4201115e-01	  -1.9455802e-01	  -1.1907495e-01	  -1.0654318e-01	  -9.9194515e-02	  -7.8728031e-02	  -1.0738802e-01	  -1.1444203e-01	  -7.2030458e-02	  -5.8283068e-02	  -1.8384625e-02	  -4.1799523e-02	  -6.6659881e-03	   3.1084044e-02	   1.5846538e-01	             NaN	             NaN	             NaN	             NaN	             NaN	             NaN	             NaN	             NaN	             NaN	             NaN	             NaN	   0.0000000e+00	   0.0000000e+00	   0.0000000e+00	   0.0000000e+00	   0.0000000e+00	
  -2.2620443e+00	  -1.5831627e+00	  -7.6348950e-01	  -2.1467247e-01	  -1.7631987e-01	  -8.7996110e-02	  -6.3979163e-02	  -6.3790058e-02	  -1.0844029e-01	  -1.1084600e-01	  -1.1008715e-01	  -6.7842156e-02	  -2.4086833e-02	  -7.5994274e-03	   1.0028178e-03	  -1.6377359e-03	   7.6522364e-02	  -6.6952487e-02	             NaN	             NaN	             NaN	             NaN	             NaN	             NaN	             NaN	             NaN	             NaN	             NaN	             NaN	   0.0000000e+00	   0.0000000e+00	   0.0000000e+00	   0.0000000e+00	
  -2.2384774e+00	  -7.5675990e-01	  -9.6500729e-01	  -4.5254233e-01	  -1.6439393e-01	  -6.9014760e-02	  -3.5397977e-02	  -7.7582506e-02	  -9.5799293e-02	  -6.6042846e-02	  -8.3513852e-02	  -5.7750373e-02	  -2.3376880e-02	  -2.0403152e-02	  -1.3848349e-02	  -9.5162755e-03	   1.0050424e-01	  -7.1509151e-03	             NaN	             NaN	             NaN	             NaN	             NaN	             NaN	             NaN	             NaN	             NaN	             NaN	             NaN	   0.0000000e+00	   0.0000000e+00	   0.0000000e+00	   0.0000000e+00	
  -2.4428954e+00	  -2.2044158e+00	  -1.2246565e+00	  -3.1549790e-01	  -1.2426075e-01	  -3.3256792e-02	  -4.9249267e-02	  -8.5056859e-02	  -5.8811365e-02	  -8.6646524e-02	  -8.0118053e-02	  -5.0613147e-02	  -1.1677593e-02	  -3.7324524e-03	  -5.2270192e-03	   1.0939612e-02	   1.4035305e-03	   4.9582837e-02	   2.9933922e-02	             NaN	             NaN	             NaN	             NaN	             NaN	             NaN	             NaN	             NaN	             NaN	             NaN	             NaN	   0.0000000e+00	   0.0000000e+00	   0.0000000e+00	
  -3.4229615e+00	  -2.2288397e+00	  -1.2197590e+00	  -7.4099929e-01	  -8.2245297e-02	  -7.1605853e-02	  -7.2028443e-02	  -9.7699910e-02	  -6.0192489e-02	  -6.3906717e-02	  -4.6403690e-02	  -2.1493427e-02	  -1.7351828e-02	  -3.2146049e-03	  -1.5660683e-03	  -8.4685748e-03	  -1.0190209e-02	   4.8911501e-02	  -1.3698076e-01	             NaN	             NaN	             NaN	             NaN	             NaN	             NaN	             NaN	             NaN	             NaN	             NaN	             NaN	   0.0000000e+00	   0.0000000e+00	   0.0000000e+00	
  -1.4478686e+00	  -2.4384303e+00	  -1.0949649e+00	  -5.1453736e-01	  -1.2700272e-01	  -1.0050006e-01	  -7.5314606e-02	  -5.8862681e-02	  -6.0359327e-02	  -2.5878043e-02	  -5.3598791e-02	  -2.6991250e-02	  -1.5315103e-02	  -1.1452829e-02	  -6.4798278e-03	  -3.6188982e-03	  -1.0164853e-02	   1.7350856e-02	  -4.7853534e-02	             NaN	             NaN	             NaN	             NaN	             NaN	             NaN	             NaN	             NaN	             NaN	             NaN	             NaN	   0.0000000e+00	   0.0000000e+00	   0.0000000e+00	
  -2.9686431e+00	  -2.2436107e+00	  -1.6235158e+00	  -7.4733267e-01	  -2.7553722e-01	  -6.9263217e-02	  -3.7624846e-02	  -4.0098042e-02	  -6.4427578e-02	  -7.0419457e-02	  -5.7082166e-02	  -3.1398327e-02	  -1.8573175e-02	  -5.9668525e-03	  -4.0621481e-03	   5.4774025e-03	  -6.9291151e-03	   8.4514818e-03	  -5.4665923e-03	  -1.0062373e-01	             NaN	             NaN	             NaN	             NaN	             NaN	             NaN	             NaN	             NaN	             NaN	             NaN	             NaN	   0.0000000e+00	   0.0000000e+00	
  -2.2240801e+00	  -2.8596142e+00	  -1.7369639e+00	  -1.0377299e+00	  -2.0593505e-01	  -4.3211147e-02	  -4.1939248e-02	  -6.6181263e-02	  -2.8253061e-02	  -6.4227828e-02	  -5.7895797e-02	  -2.7330239e-02	  -8.0287920e-03	  -2.0538455e-02	  -1.3091682e-02	  -5.9563526e-03	   6.5232773e-03	   1.8752155e-02	   8.0405238e-02	  -1.5371291e-01	             NaN	             NaN	             NaN	             NaN	             NaN	             NaN	             NaN	             NaN	             NaN	             NaN	             NaN	   0.0000000e+00	   0.0000000e+00	
  -2.3027431e+00	  -2.1726237e+00	  -1.8498848e+00	  -9.8868141e-01	  -2.8306868e-01	  -1.0682308e-01	  -3.1283465e-02	  -3.3669203e-02	  -3.9277326e-02	  -4.5956870e-02	  -6.3935273e-02	  -2.9045288e-02	  -2.2217518e-02	  -2.0820265e-02	  -6.7953070e-03	  -1.2718388e-02	   7.3248303e-03	   4.0765763e-03	   7.0140453e-02	  -1.0074483e-02	  -1.2864294e-01	             NaN	             NaN	             NaN	             NaN	             NaN	             NaN	             NaN	             NaN	             NaN	             NaN	             NaN	   0.0000000e+00	
  -3.8723494e+00	  -2.8536519e+00	  -1.7206487e+00	  -7.7792790e-01	  -2.6694893e-01	  -7.3220396e-02	  -6.8364392e-02	  -3.5032704e-02	  -3.5495155e-02	  -3.0436891e-02	  -3.3176769e-02	  -3.1013052e-02	  -2.2265183e-02	  -7.6281836e-03	  -9.7536564e-03	   5.5703979e-03	  -1.1708782e-02	  -2.7355466e-03	   1.6902833e-02	   1.0642372e-01	  -1.0147544e-01	             NaN	             NaN	             NaN	             NaN	             NaN	             NaN	             NaN	             NaN	             NaN	             NaN	             NaN	   0.0000000e+00	
  -3.4895718e+00	  -3.4707020e+00	  -1.9822699e+00	  -1.0175339e+00	  -4.3292816e-01	  -8.9981522e-02	  -3.2297737e-02	   2.2559229e-03	  -8.1981994e-03	  -4.2145675e-02	  -3.5536578e-02	  -2.3236316e-02	  -2.2646580e-02	   3.0563772e-03	  -1.8913003e-02	  -1.4929961e-02	   6.1675711e-03	  -9.0814650e-03	   5.2817927e-03	   1.0270877e-01	  -1.1351835e-01	             NaN	             NaN	             NaN	             NaN	             NaN	             NaN	             NaN	             NaN	             NaN	             NaN	             NaN	   0.0000000e+00	
  -2.2833143e+00	  -3.0933291e+00	  -2.4036624e+00	  -9.6569704e-01	  -2.9396258e-01	  -1.3086269e-01	  -3.4042612e-02	  -4.2681053e-03	  -3.2498736e-02	  -2.4566327e-02	  -2.9541345e-02	  -2.5983003e-02	  -2.3615848e-02	  -1.3043696e-02	  -1.2170868e-02	  -5.2527819e-03	  -1.0383808e-04	  -1.1879946e-02	  -3.2330041e-03	   5.6276159e-02	  -1.2511093e-01	  -1.4301585e-01	             NaN	             NaN	             NaN	             NaN	             NaN	             NaN	             NaN	             NaN	             NaN	             NaN	             NaN	
  -3.5160702e+00	  -3.1741272e+00	  -2.0236964e+00	  -1.2169872e+00	  -3.9209314e-01	  -8.7955814e-02	   6.1665912e-03	  -6.7742493e-03	  -3.5703007e-03	  -2.1709623e-02	  -3.6836216e-02	  -1.9221937e-02	  -1.7038773e-02	   5.2726607e-03	  -9.0215088e-03	  -7.2176267e-03	  -5.2130749e-03	   2.0825350e-03	   7.6076678e-03	   2.1660718e-02	   4.8231593e-02	  -1.2223314e-01	             NaN	             NaN	             NaN	             NaN	             NaN	             NaN	             NaN	             NaN	             NaN	             NaN	             NaN	
  -3.2579062e+00	  -3.1394474e+00	  -2.3546992e+00	  -1.1854521e+00	  -3.5498115e-01	  -6.7926452e-02	  -5.8448534e-02	  -7.2398005e-03	  -1.1364099e-02	  -3.0314046e-02	  -4.2413594e-02	  -1.3389633e-02	  -7.6538780e-03	  -1.0622123e-02	  -7.4358252e-03	   9.8567888e-04	   1.1515134e-02	   4.0320126e-03	   6.8793554e-03	   1.7221488e-02	   2.8458385e-02	  -9.3679014e-02	  -1.1522767e-01	             NaN	             NaN	             NaN	             NaN	             NaN	             NaN	             NaN	             NaN	             NaN	             NaN	
  -3.3847861e+00	  -3.3361473e+00	  -2.6320367e+00	  -1.1131722e+00	  -3.6728808e-01	  -5.7324877e-02	  -8.8298105e-04	  -2.0894155e-02	  -4.0708493e-02	  -1.3733575e-02	  -1.8109119e-02	  -2.2826189e-02	  -4.9980382e-03	  -1.2532529e-02	  -9.2806107e-03	  -3.5850700e-03	  -2.5639213e-03	  -2.1175082e-03	   4.1198749e-04	   1.7997792e-02	   1.4293300e-02	  -4.8703161e-02	  -9.2294379e-02	             NaN	             NaN	             NaN	             NaN	             NaN	             NaN	             NaN	             NaN	             NaN	             NaN	
  -3.3405533e+00	  -3.1641774e+00	  -2.6734764e+00	  -9.3596585e-01	  -3.6404873e-01	  -1.5277246e-01	  -3.4972282e-02	   2.7273275e-03	   4.1181538e-03	  -1.6367081e-02	  -2.9903168e-02	  -2.0021864e-02	  -2.2238931e-02	  -1.4157053e-02	  -1.6484179e-02	  -3.1516188e-03	  -1.4033302e-03	   1.0965473e-04	   2.4853534e-03	  -8.7991913e-03	   1.8086304e-02	   1.8457921e-02	  -1.5056508e-01	             NaN	             NaN	             NaN	             NaN	             NaN	             NaN	             NaN	             NaN	             NaN	             NaN	
  -3.4148964e+00	  -3.6277364e+00	  -2.5963096e+00	  -9.6748051e-01	  -3.7625960e-01	  -1.2542720e-01	   3.3193548e-03	   1.2996955e-02	  -2.8793185e-03	  -1.6528371e-02	  -4.4943693e-03	  -3.3617846e-02	  -1.7456113e-02	  -9.9255115e-03	  -5.2511698e-03	  -5.4747575e-03	  -7.1400551e-03	   4.1436970e-03	   1.6970504e-03	   3.1051286e-03	  -1.9697172e-02	   8.8808280e-03	  -5.0104042e-02	  -1.1289178e-01	             NaN	             NaN	             NaN	             NaN	             NaN	             NaN	             NaN	             NaN	             NaN	
  -2.3461076e+00	  -3.1746388e+00	  -1.9312147e+00	  -9.6941300e-01	  -4.4139084e-01	  -1.1678931e-01	   8.3788518e-03	  -1.0707867e-02	   3.4203015e-03	  -3.8850210e-02	  -9.0281252e-03	  -2.6189237e-03	  -5.7055916e-03	  -2.9053714e-03	   3.7256716e-03	  -9.5289464e-03	  -9.5066211e-03	  -6.0502198e-03	   7.8387314e-03	   1.2579686e-02	   1.4998684e-02	   4.3662199e-02	  -7.6705731e-02	  -1.5027647e-01	             NaN	             NaN	             NaN	             NaN	             NaN	             NaN	             NaN	             NaN	             NaN	
  -2.5971704e+00	  -3.1143072e+00	  -2.3440818e+00	  -1.0117236e+00	  -3.8407021e-01	  -2.7924119e-02	  -2.9369740e-02	  -3.1257603e-02	  -1.6619341e-02	  -1.9140669e-02	  -5.1802889e-03	  -2.5147203e-02	  -9.4145878e-04	   1.0027934e-03	  -1.7195182e-02	  -2.5321210e-03	   2.0076103e-03	   8.0954978e-03	   5.3070378e-03	   2.7450687e-03	   8.4566709e-03	   3.4812415e-02	   2.8623535e-02	  -1.6553952e-01	  -3.3145451e-02	             NaN	             NaN	             NaN	             NaN	             NaN	             NaN	             NaN	             NaN	
  -2.5445372e+00	  -2.9043467e+00	  -1.7337193e+00	  -1.0250216e+00	  -4.8947174e-01	  -5.8658860e-02	  -2.9316417e-02	   4.7365851e-02	   1.7135397e-02	  -8.7406848e-03	  -3.3337862e-02	  -5.8433936e-03	  -7.5504280e-03	  -1.4783998e-02	  -9.6034953e-03	   1.4458843e-02	  -5.1576113e-03	  -7.6928124e-03	   5.0827279e-03	   3.2534004e-03	  -2.8475972e-03	   6.5409689e-03	   2.3070385e-02	  -1.0017378e-01	  -4.1759938e-02	             NaN	             NaN	             NaN	             NaN	             NaN	             NaN	             NaN	             NaN	
  -3.0371421e+00	  -3.1004250e+00	  -2.1085526e+00	  -1.0703240e+00	  -4.4231870e-01	  -8.7274900e-03	  -6.0031883e-02	   1.9062190e-02	   1.1429144e-02	  -7.3981303e-03	  -2.9004732e-03	  -1.7935366e-02	  -5.5249708e-04	  -2.8622491e-03	  -8.4115650e-04	   1.2455238e-03	   4.4485763e-03	  -1.7963945e-03	   5.1790288e-03	   3.5555295e-03	   1.2066209e-02	  -4.3453794e-03	   2.0773345e-02	  -7.5639755e-02	  -9.0362624e-02	             NaN	             NaN	             NaN	             NaN	             NaN	             NaN	             NaN	             NaN	
  -2.2460324e+00	  -2.1518969e+00	  -1.5473097e+00	  -1.0967969e+00	  -3.5204811e-01	  -1.0999481e-01	  -2.7684474e-02	   3.6113836e-02	  -2.2126703e-02	  -2.6941433e-04	  -2.6767561e-03	   6.8946193e-03	   9.8094716e-03	  -1.5633617e-02	  -4.8249729e-03	   6.7012194e-03	  -2.3904134e-03	  -2.1669738e-03	   5.4970082e-03	  -1.1187699e-02	   4.6243570e-03	   3.1985097e-05	   1.0353759e-02	   2.4438819e-03	  -8.4034691e-02	  -2.5334822e-03	             NaN	             NaN	             NaN	             NaN	             NaN	             NaN	             NaN	
  -2.0104811e+00	  -2.6271650e+00	  -1.6349310e+00	  -9.3319764e-01	  -4.3304867e-01	  -1.1609892e-01	  -1.3590998e-02	  -3.8957164e-03	   1.1436317e-02	  -7.7218714e-04	   1.3088904e-03	  -2.1864899e-03	   7.7842722e-04	   3.8794123e-04	  -6.8988615e-03	   5.9586080e-03	   8.3582235e-03	  -4.1483718e-03	  -9.6593202e-03	   6.3715026e-03	   1.0090568e-02	   2.8416386e-03	   5.0087033e-03	   1.9628398e-02	  -1.1496736e-01	  -1.8865814e-02	             NaN	             NaN	             NaN	             NaN	             NaN	             NaN	             NaN	
  -1.9741701e+00	  -2.5467454e+00	  -1.3500075e+00	  -7.8389376e-01	  -2.8785946e-01	  -8.3550795e-02	  -6.5300376e-03	  -2.1895807e-03	   2.5648653e-02	   1.6543605e-02	  -2.3271737e-03	  -1.2472324e-02	  -8.4771257e-04	  -1.1171442e-02	   6.9748056e-03	   6.8261646e-03	   3.7987518e-03	   6.2118987e-04	   7.4299517e-04	   7.4834762e-03	   5.4647914e-03	  -4.3794144e-03	   6.0774983e-03	   2.2006095e-02	  -4.5863558e-02	  -6.7005593e-02	   2.5694960e-03	             NaN	             NaN	             NaN	             NaN	             NaN	             NaN	
  -1.4095366e+00	  -2.1594499e+00	  -1.7719369e+00	  -8.9409009e-01	  -4.3076170e-01	  -1.2244122e-01	   1.7913941e-02	   1.2435148e-02	  -9.5388614e-03	   6.3254163e-03	   1.1267468e-02	   6.5387620e-03	  -2.7327898e-05	  -7.9343350e-03	   7.1543982e-03	   4.0613690e-03	   1.8203850e-02	   7.1094050e-03	   5.6755163e-03	   1.0694877e-03	   6.7956232e-03	   4.1337068e-03	   2.1421212e-02	   3.4956327e-02	   3.3300893e-02	  -1.0692179e-01	  -2.7005065e-02	             NaN	             NaN	             NaN	             NaN	             NaN	             NaN	
  -1.7340199e+00	  -2.2448210e+00	  -1.4425208e+00	  -8.0390304e-01	  -3.3720246e-01	  -6.0629531e-02	  -4.4193592e-02	   3.8120589e-02	   2.9244481e-02	   2.5541763e-02	  -9.5023780e-03	  -7.7781433e-03	   8.1904931e-03	   2.1557997e-03	  -4.1176259e-03	  -4.5774798e-03	   1.8866441e-03	   4.0089769e-03	   4.4943492e-04	  -2.4921313e-03	  -2.7339241e-04	   3.1473617e-03	   2.5312932e-03	   6.3528964e-03	   1.0799169e-01	  -9.2202183e-02	  -5.0413201e-02	             NaN	             NaN	             NaN	             NaN	             NaN	             NaN	
  -2.2881925e+00	  -1.3004096e+00	  -1.4209536e+00	  -5.9974008e-01	  -3.5847634e-01	  -9.9908504e-02	  -3.2913893e-04	  -1.2786438e-03	   1.7393683e-02	  -3.0574994e-03	   8.8463705e-03	   3.9592984e-03	   6.6712685e-03	  -3.6790159e-03	   3.6639165e-04	   2.1151376e-03	   2.5728446e-03	  -4.3592654e-03	   3.3261241e-03	   1.0561166e-02	   7.0637546e-03	  -1.6032632e-04	   7.9038560e-03	   1.5195573e-02	   3.4644587e-02	  -6.4487301e-02	  -8.3818263e-02	  -7.4041412e-04	             NaN	             NaN	             NaN	             NaN	             NaN	
  -1.2151215e+00	  -1.2554756e+00	  -1.3442776e+00	  -4.8943114e-01	  -1.7209616e-01	  -9.8288665e-02	   1.6228549e-02	   2.6030827e-02	   1.6341425e-02	  -4.0334058e-03	  -5.2069233e-03	   3.0658357e-03	   5.7722043e-03	  -3.3222928e-03	  -8.5857556e-03	   1.1408342e-02	  -2.5834372e-03	   6.7138360e-03	   8.3957089e-03	   3.4007778e-03	   4.6892136e-03	   8.4160980e-03	   1.2386996e-02	   4.3512945e-03	   2.5836038e-02	   4.5838942e-02	  -3.8875965e-02	  -8.2996560e-03	             NaN	             NaN	             NaN	             NaN	             NaN	
  -1.8237020e+00	  -1.1190681e+00	  -1.1508185e+00	  -4.0409938e-01	  -1.6098189e-01	  -4.0496996e-02	  -5.4984600e-02	  -9.9389490e-04	   9.6394182e-03	  -1.2677479e-02	  -4.5732134e-03	   2.1989885e-03	   5.1025444e-03	   1.5063503e-02	   4.3557767e-03	   1.2166414e-02	  -3.1333227e-03	   9.0299240e-03	   3.7317107e-03	   3.0688891e-03	   2.1177997e-04	   3.5416252e-03	   5.3652617e-03	   4.7172798e-03	   8.5792610e-04	  -3.1965134e-02	  -1.4638368e-01	  -1.4798411e-02	   6.6111160e-03	             NaN	             NaN	             NaN	             NaN	
  -1.0832113e+00	  -1.7533494e+00	  -1.0689525e+00	  -4.8893684e-01	  -2.7618994e-01	  -3.1738467e-02	  -1.2424752e-02	   2.2383516e-02	   7.4473611e-03	   5.8164781e-03	   9.1600146e-03	   4.2630718e-03	  -3.2871407e-04	   8.0256727e-03	  -1.1666337e-02	  -4.7035006e-03	   6.4923215e-03	  -6.3638709e-03	   9.2705829e-03	  -5.1273607e-03	   1.1082234e-02	   2.1951329e-03	   6.2059212e-03	   1.9369120e-02	   1.2230859e-02	   1.5242376e-02	  -6.6286195e-02	  -1.0429647e-02	   3.5283962e-04	             NaN	             NaN	             NaN	             NaN	
  -1.2907068e+00	  -1.5124833e+00	  -1.0485446e+00	  -6.4776631e-01	  -2.2749533e-01	  -1.0899696e-02	  -8.9813896e-03	   2.0443701e-02	   1.7953860e-02	   6.4094189e-03	   6.1340961e-03	   6.5057763e-03	   8.5244133e-03	   1.0905212e-02	   6.5071873e-03	   1.1781121e-02	   1.7809446e-03	   1.0678639e-02	  -8.0338099e-04	   5.4283184e-03	   5.2905999e-03	   8.3101408e-03	  -1.9328696e-03	  -5.3155994e-04	   1.2078393e-02	   4.3561332e-02	  -2.1387923e-02	  -3.1610096e-02	  -1.4695935e-02	             NaN	             NaN	             NaN	             NaN	
  -1.0873596e+00	  -1.4410661e+00	  -1.2449413e+00	  -5.1294525e-01	  -2.5755536e-01	  -4.5330609e-02	  -8.9626019e-03	   4.0696235e-02	   2.7923592e-02	   9.4538743e-03	   8.0210565e-03	  -2.7224366e-04	  -5.5743577e-04	  -3.5434030e-03	   1.1880203e-03	  -1.2010941e-02	  -2.4850388e-03	   1.6602399e-02	   3.1637380e-03	   3.2141859e-03	  -3.4977595e-03	   5.5735041e-03	   2.4226666e-03	   3.6013589e-03	   8.7398954e-03	   3.0624438e-02	   2.3422419e-02	  -9.6040304e-02	   9.3148369e-04	   8.3913365e-04	             NaN	             NaN	             NaN	
  -8.4008923e-01	  -8.4033791e-01	  -1.0923241e+00	  -4.2031038e-01	  -1.6125219e-01	  -7.2282020e-02	  -4.5105668e-02	   4.4972274e-02	   3.6605997e-02	   1.6605527e-02	   6.6888824e-03	   1.7423146e-02	   6.3839863e-03	  -1.2254062e-02	  -5.2160061e-04	  -4.2531538e-03	   5.6299040e-03	  -5.0870676e-03	   3.0433359e-03	   8.0639465e-03	   9.7889277e-03	   2.4684672e-03	   2.6556881e-04	   1.8439347e-02	   6.4640112e-03	   3.1737287e-02	   2.8716268e-02	  -7.5973971e-02	  -3.2473945e-02	   4.6403676e-03	             NaN	             NaN	             NaN	
  -6.5598912e-01	  -9.3756933e-01	  -8.9392618e-01	  -2.9646063e-01	  -1.1322198e-01	  -4.0007371e-02	   1.4153202e-02	   2.2902214e-02	   3.2176624e-02	   1.8777923e-02	   8.6598771e-03	  -5.2796969e-04	   1.8023926e-03	  -8.0954266e-03	   2.7525298e-03	   4.0222418e-03	   1.2116860e-02	   1.0781798e-03	   2.4995761e-03	   6.2658160e-03	  -5.1175528e-04	   3.9544967e-03	  -3.2747653e-04	   6.5293115e-03	  -2.8710426e-03	   7.8821976e-03	   7.1252404e-02	  -6.6075658e-03	  -5.9249767e-02	  -1.0040067e-02	   1.2701321e-02	             NaN	             NaN	
  -6.5114229e-01	  -7.0728214e-01	  -9.2299366e-01	  -3.1361126e-01	  -2.0691342e-01	   5.4081115e-04	   2.4507573e-03	   3.9766682e-02	   3.0350957e-02	   6.5091842e-04	   7.7361591e-03	   2.0173405e-03	  -3.5946547e-03	   4.0650939e-03	  -2.1971557e-03	  -3.0832976e-04	   3.8199862e-03	   3.0440314e-03	   9.7910434e-03	  -1.6598033e-03	   1.9028919e-03	   3.2111091e-03	   5.9284837e-03	   3.6802964e-03	   4.1910509e-03	   1.2321825e-02	   3.1270854e-02	   1.4361194e-02	   1.0270984e-02	  -6.0335772e-03	   4.4124148e-04	             NaN	             NaN	
  -5.5848163e-01	  -6.8880972e-01	  -6.3375287e-01	  -3.9384158e-01	   8.7252250e-03	  -1.3157765e-02	  -1.6614197e-02	   2.4122526e-02	   3.4753058e-02	   2.2813995e-02	   1.0771462e-02	   2.7564687e-03	   7.2461291e-04	  -6.1532177e-03	   6.6005786e-03	  -3.5557744e-03	   1.4191825e-02	  -2.1924667e-03	   1.2929762e-02	   3.2657509e-03	   2.6856853e-03	   9.9987875e-03	   1.3612085e-02	   8.0955515e-03	   7.5137563e-03	   1.0721439e-02	   4.0582387e-02	   3.5430222e-04	  -3.2014228e-02	  -1.5780764e-02	   1.7954225e-02	             NaN	             NaN	
  -4.6047966e-01	  -7.0771522e-01	  -4.0110574e-01	  -2.6553270e-01	  -1.5836562e-01	  -1.9524050e-02	   3.1594957e-02	   3.3632011e-02	   2.9584987e-02	   2.2275012e-02	   2.1383322e-03	   9.6593313e-03	   6.8753535e-03	   9.4516849e-03	   8.3270978e-03	   8.0949085e-03	   7.3166282e-03	   1.5658548e-02	   8.3448748e-03	  -3.1774279e-05	   8.6069080e-03	   3.1803269e-03	   6.1462573e-03	   4.9103598e-03	   9.2883265e-03	   1.0774983e-02	   1.7257034e-02	   2.7258787e-02	  -8.5881270e-02	  -1.1266635e-02	  -1.4140713e-03	   1.0962006e-02	             NaN	
  -4.5567518e-01	  -5.3491912e-01	  -4.9297533e-01	  -2.0071463e-01	  -1.1288105e-01	   2.7666168e-02	   2.0997559e-02	   4.0098120e-02	   5.3287244e-02	   3.3348522e-02	  -2.7624876e-03	   2.0156093e-02	  -1.0215054e-02	  -1.7768561e-03	   1.3816757e-04	   7.9303555e-04	   8.0440834e-03	   5.3325471e-03	   8.8505836e-03	   5.6408840e-03	   1.3569296e-02	   1.0510092e-02	   7.5409891e-03	   8.5348459e-03	   5.2992977e-03	   1.9588073e-02	   1.3418034e-02	   2.6262706e-02	  -1.8277951e-02	  -4.3248824e-02	  -3.6686014e-03	   1.0004725e-02	             NaN	
  -8.6896774e-01	  -8.3463202e-01	  -1.8073361e-01	  -3.0410590e-01	  -1.2463456e-01	   5.1521382e-02	   1.9666106e-02	   5.2627966e-02	   2.9829741e-02	   1.0661072e-02	   1.2798446e-02	   8.5766189e-03	   1.2274885e-03	   1.5486140e-03	   1.5834884e-02	   1.2662641e-02	   2.7460093e-03	   8.3493034e-03	   1.3010748e-02	   7.7098371e-03	   9.5142789e-03	   4.6591974e-03	   5.8936309e-03	   1.1035916e-02	   8.8176863e-03	   8.0748060e-03	   2.0462921e-03	   2.8872006e-02	  -3.1027924e-03	  -5.4992730e-02	  -3.2896118e-02	   5.3023963e-03	   9.6049857e-03	
  -5.4809684e-01	  -5.0234737e-01	  -4.2443292e-01	  -2.4174896e-01	  -7.1969000e-02	   2.8081073e-02	   4.3255189e-02	   1.0481831e-02	   1.9149913e-02	   2.7483703e-02	   1.6655320e-02	  -1.2674575e-03	   1.2240694e-02	   1.0015893e-02	   1.2430213e-02	   3.5575570e-03	   2.1569408e-03	   1.4254955e-02	   1.3193487e-02	   1.5385057e-02	   9.9686207e-03	   1.3368143e-02	   3.2364102e-03	   1.4244856e-02	   9.1378355e-03	   3.7207826e-03	   7.6182261e-03	   3.7233022e-02	   5.5095639e-02	  -1.0405540e-02	  -5.6055153e-02	   9.7474862e-03	   7.2928807e-03	
  -2.5963119e-01	  -4.1000086e-01	  -1.8020650e-01	  -1.0700879e-01	   1.6187612e-02	   1.1677446e-02	   1.3028579e-02	   5.1976861e-02	   1.1494884e-02	   4.5813483e-03	   2.2366324e-02	   1.5033540e-02	   1.1828383e-02	   5.6684940e-03	   1.5036278e-02	   3.6519717e-03	   1.3820635e-02	   8.1588868e-03	   1.9593379e-03	  -1.9683442e-03	   1.1599960e-02	   8.8702746e-03	   1.2056331e-02	   7.4892688e-03	   2.7468115e-03	   1.4904445e-02	   1.3553586e-02	   1.3196031e-02	   4.9576374e-02	   2.0224965e-02	  -9.6533545e-02	   2.7544578e-04	   3.6985152e-03	
  -7.3480925e-02	  -3.5364634e-01	  -2.5738458e-01	  -2.1901856e-01	  -7.2645968e-02	   5.4399257e-02	   3.0169065e-02	   4.1670049e-02	   4.6805343e-02	   3.5149285e-02	   2.8616093e-02	   8.7081904e-03	   1.1967278e-02	   1.6811369e-02	   3.6827433e-03	   5.7928153e-03	   1.0808216e-02	   1.3033698e-02	  -5.1924805e-05	   1.5946669e-02	   1.2185174e-02	   5.1291250e-03	   1.1103188e-02	   8.7533607e-03	   8.6825362e-03	   3.8109702e-03	   1.0568406e-02	   1.7237529e-02	   2.2762694e-02	   2.4421805e-02	  -7.5086517e-02	  -2.1947784e-02	   7.1358088e-03	
  -1.3403745e-01	  -1.3614176e-01	  -4.3645265e-01	  -1.6119743e-01	   1.9473213e-02	  -9.0511703e-03	   3.7984626e-02	   4.0512065e-02	   4.9792055e-02	   3.0346075e-02	   5.1996290e-03	   1.8332106e-02	   5.4350002e-03	  -1.6652999e-03	   1.4473213e-02	   7.8696590e-03	   1.6429125e-02	   8.1927140e-03	   6.9059161e-03	   8.7524209e-03	   3.2486092e-03	   4.2215245e-03	   4.1365715e-03	   1.4304761e-02	   1.1827916e-02	   1.2360654e-02	   1.1463896e-02	   1.3954198e-02	   2.3433563e-02	   4.7852705e-02	   5.6430807e-03	  -1.8251274e-02	   1.4809940e-02	
   6.1725520e-02	  -2.0656199e-01	  -3.6152535e-01	  -1.2127694e-01	  -7.1744938e-02	   4.1785149e-02	   3.8736247e-02	   3.7834275e-02	   2.9555272e-02	   2.2826043e-02	   3.0539721e-02	   1.6153074e-02	   4.7798761e-03	   1.7082635e-02	   1.9805724e-02	   1.9638944e-02	   1.9299328e-03	   1.1221581e-02	   1.1655064e-02	   7.3177660e-03	   1.9581710e-02	   9.5789281e-03	   1.9773880e-02	   1.2100585e-02	   5.1017331e-03	   1.6518207e-02	   2.2870994e-02	   1.4182159e-02	   2.0549640e-02	   6.6293403e-03	  -5.0884126e-02	  -3.6331014e-02	   5.6655381e-03	
             NaN	  -7.3839495e-02	  -8.2448545e-02	  -2.0944002e-01	  -2.6569248e-02	   2.7481018e-02	   4.7203946e-02	   5.9664753e-02	   2.6640791e-02	   2.4901837e-02	   1.7253009e-02	   3.4560908e-02	   1.2651433e-02	   1.1472049e-02	   6.9093331e-03	   1.1203709e-02	   1.5387898e-02	   1.8126204e-02	   1.0010083e-02	   4.7452058e-03	   1.0844279e-02	   1.7721412e-02	   7.6755078e-03	   1.4902934e-02	   1.6441302e-02	   1.3484982e-02	   7.6594480e-03	   8.0521744e-03	   1.2269924e-02	   4.0947805e-03	   4.0443424e-02	  -2.9558869e-02	   8.0971711e-03	
             NaN	  -1.1136180e-03	  -1.2182210e-01	  -7.3064279e-02	   3.0103995e-02	   9.2666890e-02	   5.8162337e-02	   6.5670306e-02	   4.9970624e-02	   2.6115728e-02	   2.8638110e-02	   1.5775687e-02	   1.5415275e-02	   8.1134802e-03	   2.0278310e-02	   1.6207927e-02	  -4.1155791e-04	   1.2624275e-02	   1.3089652e-02	   1.3454144e-02	   1.2887940e-02	   7.6773580e-03	   1.3836139e-02	   1.9994716e-02	  -2.0427574e-04	   8.6050067e-03	   1.1238232e-02	   1.2024284e-02	   4.0617051e-03	   1.5335130e-02	   2.3030610e-02	  -4.4195932e-02	  -2.8878641e-03	
             NaN	  -2.7934065e-01	  -1.5290826e-01	  -4.7899373e-02	   6.3746572e-02	   4.2260271e-02	   2.7589907e-02	   4.6302472e-02	   5.6402670e-02	   2.2487250e-02	   2.0939446e-02	   2.7597857e-02	  -2.6838358e-03	   9.6819725e-03	   1.7363175e-02	   2.0168439e-02	   7.8509992e-03	   2.1677429e-02	   6.9146662e-03	   1.1156235e-02	   9.2974256e-03	   8.5995020e-03	   1.0836979e-02	   5.7836789e-03	   1.2064743e-02	   1.1707607e-02	   1.1785596e-02	   5.7056451e-03	   6.5385927e-03	   1.0141092e-02	   2.5151789e-02	  -3.4196040e-02	  -1.9227825e-02	
             NaN	   5.0946963e-02	  -2.1828828e-02	  -2.1700777e-03	   9.2611116e-02	   2.8870702e-02	   8.0349380e-02	   5.3683254e-02	   3.3949669e-02	   4.8163793e-02	   1.7306287e-02	   1.8154657e-02	   1.9397123e-02	   2.6798055e-02	   8.7597705e-03	   6.4493982e-03	   1.8575688e-02	   1.5075318e-02	   1.7045074e-02	   1.9639712e-02	   1.4064866e-02	   5.8730786e-03	   1.2388443e-02	   1.6075370e-02	   1.0823112e-02	   9.5890163e-03	   1.7497400e-02	   5.5132178e-03	   7.3189782e-03	   1.2647361e-02	   3.6429589e-02	   3.3859734e-03	  -6.4697922e-02	
             NaN	  -4.0193039e-02	   1.2286175e-01	   7.0915392e-02	   1.0174206e-01	   3.4118597e-02	   3.7749258e-02	   4.2416558e-02	   3.0171035e-02	   3.6076232e-02	   1.2327053e-02	   2.3082504e-02	   1.4435521e-02	   1.7809497e-02	   1.7866888e-02	   1.8353820e-02	   9.9203634e-03	   1.9223797e-02	   1.5049972e-02	   1.3507162e-02	   1.1752211e-02	   1.1064890e-02	   1.2402822e-02	   1.1848421e-02	   7.9175141e-03	   9.2700075e-03	   1.5793865e-02	   2.1042465e-02	   1.9104349e-02	   5.4508324e-03	   2.3919498e-02	   6.8417365e-03	  -1.1484418e-02	
             NaN	  -8.8555185e-02	   1.4774878e-01	  -7.8014485e-02	   3.7776986e-02	   7.0054990e-02	   6.2101649e-02	   4.5296344e-02	   4.1656997e-02	   3.3757302e-02	   3.5642551e-02	   2.0361913e-02	   1.9015268e-02	   1.7011729e-02	   1.0286512e-02	   1.2806430e-02	   1.6466943e-02	   1.1991263e-02	   1.6313104e-02	   1.1785637e-02	   1.1704617e-02	   1.0796267e-02	   1.1828458e-02	   1.8344239e-02	   1.2680057e-02	   1.4427230e-02	   1.3879418e-02	   1.4582378e-02	   1.6593461e-02	   1.8288379e-02	   1.4212235e-02	   1.2445459e-02	   1.3603666e-02	
             NaN	             NaN	  -6.5314493e-03	   7.2672628e-02	   9.3117085e-02	   2.6366825e-02	   6.9216982e-02	   3.8214277e-02	   4.1072541e-02	   3.5281687e-02	   3.1205567e-02	   2.2864998e-02	   1.9183542e-02	   2.2810227e-02	   1.2754796e-02	   1.4445725e-02	   1.3180346e-02	   4.6765228e-03	   2.0016287e-02	   1.2534768e-02	   1.2314718e-02	   1.6721476e-02	   1.1344724e-02	   1.6955136e-02	   1.3344448e-02	   1.0356682e-02	   8.7307250e-03	   9.9956239e-03	   7.8013149e-03	   1.5690172e-02	   1.6938027e-02	   4.8185350e-02	   3.8420347e-02	
             NaN	             NaN	  -3.5675964e-02	   3.0456670e-02	   2.3998756e-02	   3.2302741e-02	   4.6065193e-02	   6.1749661e-02	   4.5307376e-02	   2.3255522e-02	   3.8520859e-02	   1.3536636e-02	   1.9355969e-02	   1.8617328e-02	   1.5337884e-02	   1.7720383e-02	   1.4506201e-02	   1.5559731e-02	  -2.3208820e-03	   1.1962683e-02	   1.0647403e-02	   1.7140630e-02	   2.0860854e-02	   1.9044776e-02	   1.2219132e-02	   6.0924860e-03	   1.5210431e-02	   2.0944262e-02	   1.0979441e-02	   1.3319489e-02	   1.5929667e-02	  -6.0817587e-04	  -5.0090847e-02	
             NaN	             NaN	   1.2711190e-01	  -4.1960901e-02	   5.9392183e-02	   2.9527487e-02	   4.0881343e-02	   3.8631331e-02	   6.1407086e-02	   3.3697691e-02	   3.2141906e-02	   2.9069736e-02	   2.5577175e-02	   2.6794017e-03	   2.3299307e-02	   8.3249564e-03	   1.6954401e-02	   1.7756138e-02	   1.0770339e-02	   1.0395950e-02	   7.8781305e-03	   6.4250517e-03	   1.6312229e-02	   1.1664849e-02	   1.2920490e-02	   1.5268652e-02	   1.7618947e-02	   1.1000343e-02	   9.8845802e-03	   1.4804770e-02	   6.7125152e-03	   9.3305353e-03	   1.2295887e-02	
             NaN	             NaN	   1.1313727e-03	   1.4551471e-01	   3.9199908e-02	   5.2029559e-02	   4.3442741e-02	   5.1460025e-02	   3.5569115e-02	   3.7108872e-02	   2.9039043e-02	   2.1676989e-02	   2.5919470e-02	   1.0913129e-02	   9.8112986e-03	   1.1915626e-02	   1.7215898e-02	   1.4316987e-02	   1.8322535e-02	   6.9627452e-03	   1.6106976e-02	   1.9808821e-02	   1.0955891e-02	   1.5324007e-02	   1.2438523e-02	   1.6878459e-02	   2.2080257e-02	   1.5738473e-02	   2.1742766e-02	   1.3561838e-02	   9.7758771e-03	   1.9940973e-02	   5.5911016e-03	
             NaN	             NaN	   1.5099904e-01	  -5.1431058e-02	   3.4982889e-02	   7.1564466e-02	   8.5038576e-02	   5.0060710e-02	   4.1102001e-02	   1.7169115e-02	   4.1507907e-02	   2.7875422e-02	   2.7457854e-02	   2.4604802e-02	   2.0973012e-02	   1.8861490e-02	   2.2225545e-02	   2.4730546e-02	   8.2727978e-03	   1.6347429e-02	   1.4983591e-02	   1.5851738e-02	   9.7977788e-03	   1.9420517e-02	   1.1034002e-02	   1.5638136e-02	   1.4006530e-02	   1.4621472e-02	   1.2218102e-02	   1.4861122e-02	   1.2203821e-02	   1.4021708e-02	   1.7663978e-02	
             NaN	             NaN	             NaN	   2.1447955e-02	   7.4670148e-02	   4.6956199e-02	   6.2222915e-02	   8.0032872e-02	   5.3076777e-02	   3.8630039e-02	   3.2092615e-02	   2.9085132e-02	   1.6949860e-02	   3.0666740e-02	   3.3506562e-02	   1.3604827e-02	   2.4775088e-02	   2.5449078e-02	   1.7463929e-02	   1.7070108e-02	   1.4985548e-02	   2.0905330e-02	   1.1604489e-02	   1.9741361e-02	   1.4804496e-02	   1.0014741e-02	   1.6019148e-02	   1.8271343e-02	   1.5782185e-02	   1.8734984e-02	   1.1927324e-02	   1.4029753e-02	   1.6779507e-02	
             NaN	             NaN	             NaN	   5.2615659e-02	   5.4782883e-02	   1.0492704e-01	   6.9196132e-02	   4.8874440e-02	   5.9375466e-02	   4.2932389e-02	   3.2082864e-02	   1.7525270e-02	   2.8130068e-02	   3.2708906e-02	   1.1453014e-02	   1.8206294e-02	   2.1398935e-02	   1.5591884e-02	   1.6516318e-02	   6.4322521e-03	   2.2198615e-02	   2.0830382e-02	   1.3881021e-02	   2.1562512e-02	   1.4545941e-02	   1.4170574e-02	   1.9649779e-02	   1.5003836e-02	   1.7833544e-02	   1.6247098e-02	   1.2681451e-02	   1.4749530e-02	   2.2961341e-02	
             NaN	             NaN	             NaN	   8.3544119e-02	   7.1280241e-02	   9.5896235e-02	   4.7741431e-02	   8.6169517e-02	   5.3782405e-02	   2.3638266e-02	   4.2406388e-02	   2.5277498e-02	   2.0429037e-02	   3.1982832e-02	   7.9409361e-03	   2.3550067e-02	   8.3265632e-03	   2.2303081e-02	   9.5882934e-03	   1.7438974e-02	   1.0946039e-02	   1.4217822e-02	   1.8247214e-02	   1.0020894e-02	   1.6804852e-02	   1.2021979e-02	   1.4789385e-02	   7.7169351e-03	   1.8173356e-02	   6.2360361e-03	   1.0151641e-02	   1.7371991e-02	   1.9555221e-02	
             NaN	             NaN	             NaN	   5.2879012e-02	   7.2309003e-02	   7.0015119e-02	   4.6189792e-02	   7.4798187e-02	   7.0177408e-02	   4.1798967e-02	   5.7052885e-02	   2.4045159e-02	   3.0101488e-02	   2.2512417e-02	   9.2727810e-03	   1.1854112e-02	   1.8315914e-02	   2.4287219e-02	   1.5143634e-02	   1.4086850e-02	   1.5225157e-02	   1.0826289e-02	   1.4919131e-02	   1.9141459e-02	   1.9764983e-02	   1.7240765e-02	   1.5523762e-02	   1.8305068e-02	   1.4459716e-02	   9.1437927e-03	   8.5985670e-03	   8.7920346e-03	   3.6490336e-03	
             NaN	             NaN	             NaN	   1.0743542e-01	   5.3868389e-02	   6.8721534e-02	   3.9216124e-02	   8.8959288e-02	   3.4712104e-02	   4.8862146e-02	   4.6555910e-02	   2.6400846e-02	   1.1665219e-02	   2.0556272e-02	   2.8391711e-02	   1.5151980e-02	   8.3662837e-03	   1.3561366e-02	   1.8198232e-02	   1.5955746e-02	   1.4645392e-02	   2.6125768e-02	   2.1232659e-02	   1.6488819e-02	   8.9692743e-03	   2.0491742e-02	   1.4750574e-02	   1.5857504e-02	   1.2357147e-02	   1.1124808e-02	   9.7783656e-03	   1.6501076e-02	   1.1646786e-02	
             NaN	             NaN	             NaN	             NaN	   6.4554721e-02	   8.2165283e-02	   1.9840760e-02	   5.5972780e-02	   5.9982829e-02	   3.0941716e-02	   5.5626326e-02	   3.0369433e-02	   1.3254789e-02	   2.7559206e-02	   2.6779472e-02	   2.2189777e-02	   1.2121462e-02	   4.8286510e-03	   9.8535057e-03	   1.8279251e-02	   9.1052447e-03	   1.6811857e-02	   1.8355819e-02	   1.8598138e-02	   1.6910869e-02	   1.4509075e-02	   2.0158006e-02	   2.1133192e-02	   1.7681386e-02	   1.9399827e-02	   1.3419676e-02	   1.4938099e-02	   2.4411717e-02	
             NaN	             NaN	             NaN	             NaN	   7.1492058e-02	   9.8088393e-02	   4.9579612e-02	   4.2211704e-02	   6.9103079e-02	   3.0115181e-02	   4.9118107e-02	   3.1073929e-02	   1.3008373e-02	   2.4278504e-02	   1.3454492e-02	   2.3044598e-02	   2.5874258e-02	   1.2052068e-02	   1.7464649e-02	   1.4129420e-02	   1.7048910e-02	   1.1090475e-02	   1.9685120e-02	   2.2509994e-02	   1.4777374e-02	   1.1424396e-02	   1.6068608e-02	   1.5493005e-02	   1.6554367e-02	   1.4474065e-02	   1.1802115e-02	   1.3499342e-02	   6.4945482e-03	
             NaN	             NaN	             NaN	             NaN	   1.5984827e-01	   4.8384064e-02	   5.1092917e-02	   5.7828710e-02	   4.0347269e-02	   2.8486446e-02	   2.5683280e-02	   2.5143324e-02	   3.4548802e-02	   1.2761404e-02	   2.3596305e-02	   1.6589479e-02	   2.3398771e-02	   1.4044191e-02	   1.5216610e-02	   1.8692820e-02	   9.8386067e-03	   1.5789039e-02	   1.7850369e-02	   1.3159403e-02	   1.4872879e-02	   1.4801244e-02	   1.5527619e-02	   1.2226411e-02	   1.2059989e-02	   1.1317173e-02	   1.1032070e-02	   1.2062659e-02	   2.1134696e-02	
             NaN	             NaN	             NaN	             NaN	   8.5004722e-02	   6.9957692e-02	   5.9539191e-02	   5.9997980e-02	   6.4416730e-02	   4.7696427e-02	   3.2568411e-02	   1.1811968e-02	   2.4288987e-02	   2.6174660e-02	   8.4735827e-03	   1.8864706e-02	   1.2225840e-02	   1.6675976e-02	   1.0947082e-02	   1.4554359e-02	   1.3536046e-02	   2.1531686e-02	   1.0156344e-02	   2.0770564e-02	   2.1157731e-02	   8.2681519e-03	   1.6069689e-02	   1.9544833e-02	   1.2564482e-02	   1.8281860e-02	   1.4960626e-02	   1.2684312e-02	   1.7170698e-02	
             NaN	             NaN	             NaN	             NaN	   7.3375840e-02	   4.7964468e-02	   3.9273122e-02	   5.2211322e-02	   6.5983843e-02	   3.3014044e-02	   2.6302933e-02	   2.1589843e-02	   3.0943430e-02	   2.0736135e-02	   3.2096600e-02	   2.4772261e-02	   2.1224801e-02	   1.4825508e-02	   1.3490484e-02	   1.6518444e-02	   1.5394396e-02	   1.6689612e-02	   2.1161689e-02	   1.5498023e-02	   9.4868651e-03	   1.9858706e-02	   1.3296926e-02	   1.3835957e-02	   2.1972777e-02	   1.6270432e-02	   1.7237170e-02	   1.1245672e-02	   1.4965188e-02	
             NaN	             NaN	             NaN	             NaN	             NaN	   9.0813075e-02	   7.1749160e-02	   7.0676963e-02	   4.6399317e-02	   7.8474703e-03	   1.9240159e-02	   3.1935385e-02	   2.2875819e-02	   2.5777856e-02	   3.0724385e-02	   1.4521897e-02	   2.6743866e-02	   2.5759614e-02	   2.1309024e-02	   1.7968525e-02	   1.6495604e-02	   1.9243328e-02	   1.7167481e-02	   1.0559897e-02	   1.3934811e-02	   1.3005698e-02	   2.0078404e-02	   7.0795277e-03	   2.0136325e-02	   1.8208446e-02	   1.8742443e-02	   2.2711447e-02	   1.6394659e-02	
             NaN	             NaN	             NaN	             NaN	             NaN	   4.5581616e-02	   1.0632065e-01	   5.0525181e-02	   5.0060410e-02	   3.9040746e-02	   6.5613209e-02	   2.8965605e-02	   1.8265341e-02	   2.9208938e-02	   2.8217782e-02	   1.7556677e-02	   2.3386917e-02	   2.6131551e-02	   1.8889899e-02	   2.0597384e-02	   9.6771352e-03	   1.5606605e-02	   1.1327609e-02	   1.7790072e-02	   2.0147340e-02	   2.1208471e-02	   1.3655665e-02	   1.7570881e-02	   1.6511290e-02	   1.6105242e-02	   1.7318674e-02	   1.4981911e-02	   2.1456595e-02	
             NaN	             NaN	             NaN	             NaN	             NaN	   6.9968298e-02	   6.2502205e-02	   5.7093027e-02	   5.1984439e-02	   3.3750932e-02	   3.4772008e-02	   3.7524398e-02	   2.6678003e-02	   2.1225291e-02	   1.4454138e-02	   1.9774279e-02	   2.1810679e-02	   1.9929047e-02	   2.2408530e-02	   2.5914255e-02	   2.0506585e-02	   2.1883616e-02	   2.6309351e-02	   1.1159536e-02	   1.1527458e-02	   1.9533047e-02	   1.1855689e-02	   1.4566344e-02	   1.7390713e-02	   1.5424108e-02	   9.7476622e-03	   1.3892165e-02	   1.6680122e-02	
             NaN	             NaN	             NaN	             NaN	             NaN	   6.8973481e-02	   6.4547315e-02	   5.7504567e-02	   5.9220972e-02	   4.1690656e-02	   4.3700418e-02	   2.8521535e-02	   1.3180266e-02	   1.9158944e-02	   2.4396026e-02	   2.3367708e-02	   1.9952785e-02	   2.7771458e-02	   2.2727659e-02	   1.7290655e-02	   5.0991284e-03	   2.0483012e-02	   1.7067596e-02	   1.9581849e-02	   1.2595187e-02	   1.8831571e-02	   1.5652971e-02	   2.2498913e-02	   1.6347461e-02	   1.3625878e-02	   1.6107682e-02	   1.6989650e-02	   1.2100492e-02	
             NaN	             NaN	             NaN	             NaN	             NaN	   7.6895175e-02	   1.0833395e-01	   6.7857098e-02	   3.7132863e-02	   4.2205183e-02	   3.0650010e-02	   2.2299337e-02	   3.1143383e-02	   1.3389211e-02	   2.7141508e-02	   2.1963484e-02	   2.5822945e-02	   1.9043443e-02	   9.0549037e-03	   1.5871962e-02	   1.3667746e-02	   2.3346133e-02	   2.0854082e-02	   2.0355770e-02	   2.1093727e-02	   1.5555524e-02	   9.1868203e-03	   1.9188988e-02	   1.2037178e-02	   1.1928742e-02	   1.4778018e-02	   1.0750270e-02	   1.5432965e-02	
             NaN	             NaN	             NaN	             NaN	             NaN	             NaN	   7.6945678e-02	   5.3409959e-02	   5.0985614e-02	   4.5855959e-02	   6.1312833e-02	   3.9196232e-02	   2.8295100e-02	   2.6790827e-02	   3.5483316e-02	   2.6676382e-02	   1.7253595e-02	   1.7375849e-02	   1.4374262e-02	   1.2020372e-02	   2.7335851e-02	   2.1681903e-02	   1.5893330e-02	   1.9414323e-02	   1.6577266e-02	   1.4911281e-02	   1.7348992e-02	   1.9700849e-02	   1.5581529e-02	   1.4743154e-02	   1.2921193e-02	   1.7481350e-02	   1.0637403e-02	
             NaN	             NaN	             NaN	             NaN	             NaN	             NaN	   7.8284041e-02	   7.4021520e-02	   6.5069473e-02	   4.0818691e-02	   5.2016511e-02	   2.1793821e-02	   9.1751326e-03	   2.7737181e-02	   1.6491842e-02	   1.6023155e-02	   1.9960953e-02	   2.3937625e-02	   1.7244330e-02	   1.3242955e-02	   2.1191693e-02	   2.0624814e-02	   1.1633467e-02	   1.7823474e-02	   1.8371770e-02	   1.5666443e-02	   2.0213588e-02	   1.7164145e-02	   2.3560070e-02	   1.5384194e-02	   1.6855613e-02	   1.9685093e-02	   1.5240204e-02	
   0.0000000e+00	             NaN	             NaN	             NaN	             NaN	             NaN	   8.0903366e-02	   8.8664867e-02	   4.8832365e-02	   1.7120167e-02	   4.2258558e-02	   4.4587708e-02	   2.0576603e-02	   3.1368675e-02	   2.8326724e-02	   1.5259095e-02	   1.7082983e-02	   2.4895258e-02	   2.1495575e-02	   1.9557447e-02	   1.9958294e-02	   2.1304178e-02	   1.6850322e-02	   1.6394786e-02	   8.8160626e-03	   1.3563291e-02	   2.6599591e-02	   2.3550867e-02	   1.5759645e-02	   1.7460738e-02	   1.4941631e-02	   1.4478849e-02	   1.7534083e-02	
   0.0000000e+00	             NaN	             NaN	             NaN	             NaN	             NaN	   9.3945081e-02	   6.1884531e-02	   3.8593726e-02	   3.6849359e-02	   4.4552375e-02	   4.7389945e-02	   1.4419393e-02	   3.1709088e-02	   2.5137675e-02	   2.9365706e-02	   2.4001048e-02	   2.1826724e-02	   2.0494157e-02	   2.4513802e-02	   2.4198585e-02	   2.3255160e-02	   2.2490169e-02	   1.6550410e-02	   1.2074167e-02	   2.7028089e-02	   1.7893485e-02	   2.0839202e-02	   1.7885336e-02	   1.9469440e-02	   1.4986098e-02	   2.1236722e-02	   1.9149151e-02	
   0.0000000e+00	             NaN	             NaN	             NaN	             NaN	             NaN	   3.6462422e-02	   5.0594572e-02	   7.6701824e-02	   5.5850133e-02	   5.4196735e-02	   3.5798617e-02	   1.8528366e-02	   1.6190576e-02	   2.3213054e-02	   1.8225584e-02	   1.4596807e-02	   1.7576310e-02	   2.5219541e-02	   2.6111909e-02	   2.0720322e-02	   2.2316612e-02	   1.5219464e-02	   1.9680218e-02	   2.0985286e-02	   2.3311513e-02	   1.7798138e-02	   1.7510985e-02	   1.6528433e-02	   1.3574281e-02	   1.8434608e-02	   1.2999655e-02	   1.9851718e-02	
   0.0000000e+00	             NaN	             NaN	             NaN	             NaN	             NaN	             NaN	   5.1368682e-02	   4.8694115e-02	   6.3504088e-02	   2.9479102e-02	   2.6076308e-02	   2.6451018e-02	   1.9046544e-02	   2.2893797e-03	   1.5073319e-02	   2.3632810e-02	   2.7382011e-02	   2.0458722e-02	   2.3646757e-02	   1.6091604e-02	   1.0742546e-02	   1.9680107e-02	   1.4788960e-02	   1.3678599e-02	   1.8942908e-02	   2.2235591e-02	   1.9979178e-02	   1.5308418e-02	   6.4397770e-03	   2.3449360e-02	   2.4403706e-02	   2.1039377e-02	
   0.0000000e+00	             NaN	             NaN	             NaN	             NaN	             NaN	             NaN	   8.1409160e-02	   4.8220983e-02	   4.3034766e-02	   3.3308765e-02	   3.1859585e-02	   2.3118794e-02	   2.7825428e-02	   2.5114902e-02	   1.3699403e-02	   2.4504782e-02	   2.2526497e-02	   2.0186654e-02	   2.4940939e-02	   1.2330194e-02	   1.6002463e-02	   6.3272748e-03	   1.9027072e-02	   1.8523321e-02	   1.3094381e-02	   2.3687860e-02	   1.5544027e-02	   1.2118501e-02	   1.7197912e-02	   1.3754032e-02	   1.4700617e-02	   1.0421159e-02	
   0.0000000e+00	   0.0000000e+00	             NaN	             NaN	             NaN	             NaN	             NaN	   7.0524230e-02	   5.1829872e-02	   4.7209528e-02	   5.2747540e-02	   3.0962865e-02	   3.2759730e-02	   2.8264491e-02	   1.8233470e-02	   1.5979168e-02	   2.2472448e-02	   2.4023932e-02	   2.4450722e-02	   1.8531322e-02	   8.9759467e-03	   1.9871167e-02	   1.8032261e-02	   2.1836898e-02	   1.0217084e-02	   1.1123659e-02	   1.4615989e-02	   1.6335410e-02	   2.4730390e-02	   1.2190592e-02	   1.6796609e-02	   1.2231243e-02	   2.4510314e-02	
   0.0000000e+00	   0.0000000e+00	             NaN	             NaN	             NaN	             NaN	             NaN	   9.2872376e-02	   5.6245666e-02	   3.7079733e-02	   5.3840463e-02	   3.1275323e-02	   3.0191339e-02	   3.0244632e-02	   2.4191970e-02	   1.7992750e-02	   2.2090282e-02	   1.8926401e-02	   1.5295132e-02	   2.7005277e-02	   1.2041293e-02	   1.6794642e-02	   1.4465793e-02	   1.9280030e-02	   1.5447409e-02	   2.3454466e-02	   2.1348244e-02	   2.1113344e-02	   1.0002038e-02	   2.1381306e-02	   1.2730806e-02	   1.5907614e-02	   2.1095777e-02	
   0.0000000e+00	   0.0000000e+00	             NaN	             NaN	             NaN	             NaN	             NaN	   5.7709689e-02	   6.4610668e-02	   1.0906246e-02	   3.9523295e-02	   4.2029285e-02	   3.1195925e-02	   2.8613767e-02	   2.6142998e-02	   1.4112809e-02	   2.3191610e-02	   2.4200222e-02	   2.7920180e-02	   1.3931678e-02	   2.1530283e-02	   2.5882992e-02	   2.1133185e-02	   1.5054610e-02	   2.0128618e-02	   2.2242284e-02	   2.3159960e-02	   2.0651919e-02	   1.6466371e-02	   9.9261266e-03	   1.5909213e-02	   1.8215717e-02	   1.7321025e-02	
   0.0000000e+00	   0.0000000e+00	             NaN	             NaN	             NaN	             NaN	             NaN	             NaN	   5.4696741e-02	   3.4117433e-02	   5.1138072e-02	   3.2802241e-02	   2.3416273e-02	   3.9646945e-02	   2.6906594e-02	   2.2828812e-02	   2.3496320e-02	   2.2207250e-02	   2.5131891e-02	   1.6836138e-02	   2.6066464e-02	   2.1946431e-02	   2.5977334e-02	   2.4895782e-02	   9.3760852e-03	   2.4067277e-02	   2.5389631e-02	   2.1907997e-02	   1.5140960e-02	   1.4664734e-02	   1.9605880e-02	   1.5599893e-02	   1.6725546e-02	
   0.0000000e+00	   0.0000000e+00	             NaN	             NaN	             NaN	             NaN	             NaN	             NaN	   4.1507114e-02	   4.8577887e-02	   3.2842590e-02	   2.0579744e-02	   1.6702878e-02	   3.5725904e-02	   3.0562365e-02	   2.5230501e-02	   2.8069875e-02	   1.8666835e-02	   1.6231289e-02	   2.3090546e-02	   1.1771996e-02	   2.5597180e-02	   2.6002323e-02	   2.6343022e-02	   1.8626891e-02	   2.6710369e-02	   1.5748886e-02	   1.9165096e-02	   1.8822350e-02	   1.8559688e-02	   1.6383889e-02	   2.0346642e-02	   1.9087793e-02	
   0.0000000e+00	   0.0000000e+00	   0.0000000e+00	             NaN	             NaN	             NaN	             NaN	             NaN	   2.9746082e-02	   6.7595299e-02	   4.5064235e-02	   3.3436776e-02	   1.9938611e-02	   2.4090088e-02	   2.5086480e-02	   1.7029667e-02	   2.3005415e-02	   2.4399175e-02	   2.0090848e-02	   2.3757920e-02	   3.0500872e-02	   2.5601730e-02	   2.3858029e-02	   2.6630000e-02	   2.0959503e-02	   1.8837743e-02	   2.2586488e-02	   1.4063465e-02	   2.1083682e-02	   1.7158643e-02	   1.7071470e-02	   1.3740727e-02	   2.0166190e-02	
   0.0000000e+00	   0.0000000e+00	   0.0000000e+00	             NaN	             NaN	             NaN	             NaN	             NaN	   5.6893670e-02	   4.9642053e-02	   3.9793746e-02	   5.6455672e-02	   3.7580872e-02	   2.3942608e-02	   1.9986929e-02	   2.0971052e-02	   2.3670840e-02	   3.2178605e-02	   3.8392536e-02	   2.9768864e-02	   2.6792688e-02	   2.1490317e-02	   1.5936024e-02	   1.1522607e-02	   2.0754211e-02	   2.2100278e-02	   1.9390026e-02	   2.7611353e-02	   1.7166616e-02	   1.7035411e-02	   1.7032611e-02	   2.6307580e-02	   1.2544845e-02	
   0.0000000e+00	   0.0000000e+00	   0.0000000e+00	             NaN	             NaN	             NaN	             NaN	             NaN	   4.0879321e-02	   2.3264951e-02	   4.3648234e-02	   3.6252876e-02	   2.3630019e-02	   4.9531112e-02	   1.6796527e-02	   3.6596403e-02	   2.9012576e-02	   3.1602708e-02	   2.2252388e-02	   2.3663186e-02	   2.2557279e-02	   2.0572658e-02	   1.9005202e-02	   2.1543584e-02	   1.6849792e-02	   1.3775978e-02	   2.7887242e-02	   2.4633861e-02	   1.6869866e-02	   1.4459814e-02	   1.4990711e-02	   1.3860445e-02	   1.8248027e-02	
   0.0000000e+00	   0.0000000e+00	   0.0000000e+00	             NaN	             NaN	             NaN	             NaN	             NaN	   7.3060015e-02	   8.2303075e-02	   1.6419593e-02	   3.6763090e-02	   2.7910395e-02	   3.0122932e-02	   2.8998359e-02	   2.3608481e-02	   1.2627575e-02	   2.5650458e-02	   1.8218573e-02	   2.7116402e-02	   1.9491720e-02	   2.6867808e-02	   2.4589044e-02	   2.3198383e-02	   1.8325239e-02	   1.7953058e-02	   3.0069649e-02	   2.1474419e-02	   2.3026055e-02	   1.8029963e-02	   1.5098360e-02	   1.6400088e-02	   1.5987190e-02	
   0.0000000e+00	   0.0000000e+00	   0.0000000e+00	             NaN	             NaN	             NaN	             NaN	             NaN	             NaN	   4.1525256e-02	   4.6699051e-02	   4.8279813e-02	   2.7186521e-02	   2.4131695e-02	   1.7255368e-02	   2.1840338e-02	   2.6508673e-02	   1.5888646e-02	   1.8430361e-02	   1.7438308e-02	   3.0891591e-02	   1.9643108e-02	   3.7947510e-02	   2.4133854e-02	   1.5343292e-02	   1.7980361e-02	   2.9615943e-02	   2.4621696e-02	   1.4132649e-02	   1.9361727e-02	   1.7355645e-02	   1.7992303e-02	   1.9613089e-02	
   0.0000000e+00	   0.0000000e+00	   0.0000000e+00	   0.0000000e+00	             NaN	             NaN	             NaN	             NaN	             NaN	   5.7535915e-02	   3.6599463e-02	   5.5522274e-02	   2.9692952e-02	   4.1327124e-02	   2.2519699e-02	   5.7800621e-03	   2.2891295e-02	   2.2079671e-02	   1.5931230e-02	   1.2638690e-02	   2.1551192e-02	   1.7884521e-02	   2.3120746e-02	   2.8182389e-02	   2.4479183e-02	   2.5413184e-02	   2.9685645e-02	   1.8316826e-02	   2.2173838e-02	   1.9562874e-02	   1.6070739e-02	   2.3798350e-02	   1.3627924e-02	
   0.0000000e+00	   0.0000000e+00	   0.0000000e+00	   0.0000000e+00	             NaN	             NaN	             NaN	             NaN	             NaN	   5.0129641e-02	   1.5436443e-02	   1.5178916e-02	   1.6303492e-02	   4.1861375e-02	   1.6882104e-02	   1.9319916e-02	   3.1489378e-02	   2.5168605e-02	   2.3616902e-02	   2.7677148e-02	   2.8002908e-02	   1.6456614e-02	   1.4237409e-02	   1.7906855e-02	   2.2959099e-02	   2.6974684e-02	   2.4443738e-02	   1.5044027e-02	   1.7514133e-02	   1.4331716e-02	   1.6804176e-02	   2.5551888e-02	   2.0978689e-02	
   0.0000000e+00	   0.0000000e+00	   0.0000000e+00	   0.0000000e+00	             NaN	             NaN	             NaN	             NaN	             NaN	   3.9350434e-02	   2.5536557e-02	   3.3964637e-02	   3.6134458e-02	   3.1859096e-02	   3.2682760e-02	   2.7675128e-02	   3.0725402e-02	   2.9592462e-02	   1.2207054e-02	   2.3465550e-02	   2.1521791e-02	   2.1842839e-02	   3.7466897e-02	   2.7360266e-02	   1.2037189e-02	   2.4167909e-02	   2.4263196e-02	   1.9781633e-02	   1.4990327e-02	   9.9226117e-03	   1.7231830e-02	   2.5508656e-02	   1.4994810e-02	
   0.0000000e+00	   0.0000000e+00	   0.0000000e+00	   0.0000000e+00	             NaN	             NaN	             NaN	             NaN	             NaN	   6.5905277e-02	   8.9888084e-02	   4.3258043e-02	   3.3349606e-02	   2.8457499e-02	   3.3453417e-02	   2.3467965e-02	   3.1242530e-02	   2.4413295e-02	   1.4818034e-02	   3.4561887e-02	   2.0545789e-02	   2.0344840e-02	   3.2790971e-02	   2.3133919e-02	   2.2747301e-02	   2.0599575e-02	   1.9035664e-02	   2.3374312e-02	   2.2666934e-02	   1.5217182e-02	   1.9174753e-02	   1.3694462e-02	   1.7784700e-02	
   0.0000000e+00	   0.0000000e+00	   0.0000000e+00	   0.0000000e+00	             NaN	             NaN	             NaN	             NaN	             NaN	             NaN	   3.3027416e-02	   3.1078294e-02	   3.2192398e-02	   5.0092977e-02	   3.3707579e-02	   1.1030507e-02	   2.1353894e-02	   2.7640819e-02	   2.8942445e-02	   2.7703600e-02	   2.2985016e-02	   2.8176082e-02	   1.7082285e-02	   2.6546285e-02	   2.5825609e-02	   2.1843777e-02	   2.3488200e-02	   1.7994338e-02	   2.3078227e-02	   2.5715476e-02	   1.1290375e-02	   2.4987624e-02	   1.7221606e-02	
   0.0000000e+00	   0.0000000e+00	   0.0000000e+00	   0.0000000e+00	             NaN	             NaN	             NaN	             NaN	             NaN	             NaN	   5.8749773e-02	   3.4406496e-02	   5.2605367e-02	   3.1144797e-02	   3.0171121e-02	   1.9863040e-02	   2.8204055e-02	   2.6419378e-02	   3.7180203e-02	   2.2901125e-02	   3.2188909e-02	   1.2987679e-02	   3.5426376e-02	   2.1422739e-02	   2.0169693e-02	   1.2701746e-02	   2.8403902e-02	   2.4347955e-02	   1.8080925e-02	   2.8479014e-02	   1.8325649e-02	   1.4492658e-02	   1.9584241e-02	
   0.0000000e+00	   0.0000000e+00	   0.0000000e+00	   0.0000000e+00	   0.0000000e+00	             NaN	             NaN	             NaN	             NaN	             NaN	   4.3041828e-02	   3.9306428e-02	   2.5369608e-02	   2.3189903e-02	   5.5758862e-03	   3.1717157e-02	   2.4106813e-02	   3.3827185e-02	   2.6836152e-02	   2.2860727e-02	   2.0345209e-02	   2.9326046e-02	   2.4382390e-02	   2.4312873e-02	   1.8216835e-02	   2.2192119e-02	   1.5746587e-02	   2.4522403e-02	   1.6557179e-02	   2.2056930e-02	   2.1184088e-02	   2.8328611e-02	   1.3717918e-02	
   0.0000000e+00	   0.0000000e+00	   0.0000000e+00	   0.0000000e+00	   0.0000000e+00	             NaN	             NaN	             NaN	             NaN	             NaN	   5.8852991e-02	   3.9962214e-02	   4.0397633e-02	   3.0185420e-02	   3.5655704e-02	   1.6119104e-02	   1.9570331e-02	   2.5630893e-02	   2.7146600e-02	   3.0786571e-02	   1.9399518e-02	   2.9921364e-02	   1.4376844e-02	   1.6767772e-02	   1.4599140e-02	   3.0433762e-02	   2.8309211e-02	   2.2668651e-02	   1.6350490e-02	   2.0905276e-02	   1.4566465e-02	   2.3550300e-02	   2.0760817e-02	
   0.0000000e+00	   0.0000000e+00	   0.0000000e+00	   0.0000000e+00	   0.0000000e+00	             NaN	             NaN	             NaN	             NaN	             NaN	   2.8775957e-02	   3.3066537e-02	   5.1935313e-02	   3.9266816e-02	   2.6855557e-02	   4.2569297e-02	   2.7883077e-02	   3.1943116e-02	   1.0641016e-02	   3.1827644e-02	   2.9621223e-02	   2.2604598e-02	   1.4253530e-02	   2.7595358e-02	   8.8837447e-03	   2.5716655e-02	   1.7079513e-02	   2.1088454e-02	   3.3808802e-02	   2.2329626e-02	   1.4550556e-02	   1.8333869e-02	   1.4578555e-02	
   0.0000000e+00	   0.0000000e+00	   0.0000000e+00	   0.0000000e+00	   0.0000000e+00	             NaN	             NaN	             NaN	             NaN	             NaN	             NaN	   3.1608505e-02	   3.0804218e-02	   5.9867233e-03	   4.3232582e-02	   3.8000728e-02	   4.4177073e-02	   2.4971154e-02	   2.9605234e-02	   2.4024398e-02	   2.0905614e-02	   3.1750361e-02	   2.1660220e-02	   2.4688755e-02	   2.0102214e-02	   2.1179671e-02	   1.1974902e-02	   1.0770486e-02	   8.8476211e-03	   2.6079461e-02	   1.3874541e-02	   2.1559575e-02	   1.7408388e-02	
   0.0000000e+00	   0.0000000e+00	   0.0000000e+00	   0.0000000e+00	   0.0000000e+00	             NaN	             NaN	             NaN	             NaN	             NaN	             NaN	   3.1474137e-02	   2.7741939e-02	   2.0137013e-02	   1.9182887e-02	   3.8605577e-02	   3.3183600e-02	   2.4906673e-02	   3.5238191e-02	   1.8039847e-02	   2.8468294e-02	   2.2343422e-02	   1.3912414e-02	   3.0202730e-02	   1.4439308e-02	   2.1488037e-02	   2.2469668e-02	   2.2487779e-02	   1.5816787e-02	   1.9439396e-02	   2.0873945e-02	   2.1882533e-02	   1.7362881e-02	
   0.0000000e+00	   0.0000000e+00	   0.0000000e+00	   0.0000000e+00	   0.0000000e+00	   0.0000000e+00	             NaN	             NaN	             NaN	             NaN	             NaN	   6.4539435e-02	   2.8793292e-02	   3.5086713e-02	   4.5954805e-02	   2.7330982e-02	   2.3185306e-02	   2.0198548e-02	   2.7752815e-02	   2.9144500e-02	   2.6163728e-02	   2.5221677e-02	   3.5956276e-02	   2.2669375e-02	   2.6480482e-02	   2.6328628e-02	   1.4113633e-02	   2.5829743e-02	   2.3716575e-02	   2.1496131e-02	   1.7755235e-02	   2.4380123e-02	   1.3114391e-02	
   0.0000000e+00	   0.0000000e+00	   0.0000000e+00	   0.0000000e+00	   0.0000000e+00	   0.0000000e+00	             NaN	             NaN	             NaN	             NaN	             NaN	   3.4225354e-02	   1.6620130e-02	   2.7216044e-02	   2.2868154e-02	   2.8933288e-02	   2.2923207e-02	   3.2946228e-02	   2.6619798e-02	   2.7795431e-02	   1.5650321e-02	   1.8760807e-02	   1.5047222e-02	   2.2519669e-02	   1.5703044e-02	   1.7690256e-02	   2.4928508e-02	   2.9064820e-02	   2.3881933e-02	   2.4040050e-02	   1.5385295e-02	   2.1968484e-02	   1.9055295e-02	
   0.0000000e+00	   0.0000000e+00	   0.0000000e+00	   0.0000000e+00	   0.0000000e+00	   0.0000000e+00	             NaN	             NaN	             NaN	             NaN	             NaN	   5.2222722e-02	   3.9840309e-02	   2.3171924e-02	   3.2588537e-02	   2.6895249e-02	   2.2430920e-02	   1.9276910e-02	   3.9698029e-02	   1.9218857e-02	   2.5916489e-02	   2.9221235e-02	   2.2878106e-02	   1.6169383e-02	   1.9916594e-02	   1.9585667e-02	   2.3790805e-02	   1.7282397e-02	   2.0605906e-02	   2.1712379e-02	   2.4452264e-02	   1.9313008e-02	   2.0292386e-02	
   0.0000000e+00	   0.0000000e+00	   0.0000000e+00	   0.0000000e+00	   0.0000000e+00	   0.0000000e+00	             NaN	             NaN	             NaN	             NaN	             NaN	             NaN	   2.4760803e-02	   5.2628721e-02	   3.1316264e-02	   3.2853732e-02	   2.8532433e-02	   2.6035237e-02	   2.8080586e-02	   2.4367896e-02	   1.4002242e-02	   2.9007289e-02	   2.0740776e-02	   1.7083327e-02	   2.4540098e-02	   2.6368347e-02	   3.0329072e-02	   2.5619846e-02	   2.2759662e-02	   2.3588355e-02	   1.9965174e-02	   2.4023410e-02	   2.5319473e-02	
   0.0000000e+00	   0.0000000e+00	   0.0000000e+00	   0.0000000e+00	   0.0000000e+00	   0.0000000e+00	             NaN	             NaN	             NaN	             NaN	             NaN	             NaN	   2.9739778e-02	   3.4362952e-02	   3.4633566e-02	   2.3233773e-02	   3.1830442e-02	   3.0243088e-02	   2.7041908e-02	   2.4960905e-02	   2.2730263e-02	   2.0569852e-02	   1.2000185e-02	   2.0605040e-02	   1.3681445e-02	   2.4858619e-02	   2.1155810e-02	   2.5675899e-02	   2.8848432e-02	   2.0230846e-02	   2.5668388e-02	   1.7749233e-02	   2.7658500e-02	
   0.0000000e+00	   0.0000000e+00	   0.0000000e+00	   0.0000000e+00	   0.0000000e+00	   0.0000000e+00	   0.0000000e+00	             NaN	             NaN	             NaN	             NaN	             NaN	   5.6630459e-02	   3.6491225e-02	   3.9732395e-02	   1.7214474e-02	   2.9428822e-02	   5.1247109e-03	   3.0617058e-02	   2.5257480e-02	   1.8092937e-02	   1.9110996e-02	   2.6151770e-02	   2.0491239e-02	   2.3055251e-02	   2.0393382e-02	   2.5320523e-02	   1.9319438e-02	   1.7762917e-02	   1.9860183e-02	   1.8538362e-02	   1.9810645e-02	   1.5854811e-02	
   0.0000000e+00	   0.0000000e+00	   0.0000000e+00	   0.0000000e+00	   0.0000000e+00	   0.0000000e+00	   0.0000000e+00	             NaN	             NaN	             NaN	             NaN	             NaN	   2.7726422e-02	   2.1371738e-02	   4.4012115e-02	   1.5002581e-02	   2.7655561e-02	   3.4152050e-02	   1.5172803e-02	   2.2293635e-02	   3.9161766e-02	   1.6791632e-02	   2.5545523e-02	   2.1503090e-02	   2.1479831e-02	   2.7701402e-02	   2.0449750e-02	   2.1698709e-02	   1.4414895e-02	   1.9168444e-02	   2.4898976e-02	   1.9181675e-02	   1.7164157e-02	
   0.0000000e+00	   0.0000000e+00	   0.0000000e+00	   0.0000000e+00	   0.0000000e+00	   0.0000000e+00	   0.0000000e+00	             NaN	             NaN	             NaN	             NaN	             NaN	   4.0541673e-02	   1.8233088e-02	   3.3440010e-02	   1.9906331e-02	   3.8488883e-02	   1.9442432e-02	   1.5727545e-02	   2.7042966e-02	   2.0482315e-02	   2.6061983e-02	   1.8724864e-02	   1.9457331e-02	   2.5509574e-02	   2.5981729e-02	   1.4951170e-02	   2.0208416e-02	   2.3083022e-02	   1.8275234e-02	   1.7305626e-02	   2.1948386e-02	   2.6261529e-02	
   0.0000000e+00	   0.0000000e+00	   0.0000000e+00	   0.0000000e+00	   0.0000000e+00	   0.0000000e+00	   0.0000000e+00	             NaN	             NaN	             NaN	             NaN	             NaN	             NaN	   3.3983846e-02	   3.8131937e-02	   3.1114105e-02	   3.0956275e-02	   3.0191216e-02	   2.3577036e-02	   2.4191751e-02	   3.3423109e-02	   2.1272807e-02	   1.2635221e-02	   2.9882249e-02	   2.6116407e-02	   2.5019110e-02	   3.7878763e-02	   2.6310939e-02	   1.9852984e-02	   1.5543120e-02	   1.8090646e-02	   1.7529369e-02	   2.3695173e-02	
   0.0000000e+00	   0.0000000e+00	   0.0000000e+00	   0.0000000e+00	   0.0000000e+00	   0.0000000e+00	   0.0000000e+00	             NaN	             NaN	             NaN	             NaN	             NaN	             NaN	   6.1799112e-02	   2.2571035e-02	   4.0537541e-02	   4.2856311e-02	   2.1490362e-02	   8.8146798e-03	   3.2542303e-02	   2.8735889e-02	   2.8364097e-02	   3.0781405e-02	   3.0205267e-02	   1.7196404e-02	   2.7583977e-02	   2.7893412e-02	   2.3494659e-02	   1.9392571e-02	   2.1919256e-02	   1.1543288e-02	   1.7144312e-02	   2.4573000e-02	
   0.0000000e+00	   0.0000000e+00	   0.0000000e+00	   0.0000000e+00	   0.0000000e+00	   0.0000000e+00	   0.0000000e+00	   0.0000000e+00	             NaN	             NaN	             NaN	             NaN	             NaN	   2.5190002e-02	   3.7634289e-02	   3.4182687e-02	   3.8698597e-02	   2.1667413e-02	   2.3000164e-02	   3.0544672e-02	   2.5771348e-02	   3.5693666e-02	   2.1827835e-02	   2.1534569e-02	   1.7150377e-02	   2.6786218e-02	   2.8940992e-02	   3.2959001e-02	   1.8784221e-02	   3.2058844e-02	   2.4662335e-02	   2.2488673e-02	   2.4676098e-02	
   0.0000000e+00	   0.0000000e+00	   0.0000000e+00	   0.0000000e+00	   0.0000000e+00	   0.0000000e+00	   0.0000000e+00	   0.0000000e+00	             NaN	             NaN	             NaN	             NaN	             NaN	   3.0137602e-02	   3.4249762e-02	   4.6875056e-02	   2.0397460e-02	   3.8439153e-02	   2.8989748e-02	   3.4645812e-02	   3.5633150e-02	   1.6435347e-02	   3.2920568e-02	   2.5754278e-02	   2.5216496e-02	   2.2888820e-02	   2.5604960e-02	   2.2757212e-02	   2.2074573e-02	   2.3456303e-02	   1.2453878e-02	   2.3716782e-02	   1.4628575e-02	
   0.0000000e+00	   0.0000000e+00	   0.0000000e+00	   0.0000000e+00	   0.0000000e+00	   0.0000000e+00	   0.0000000e+00	   0.0000000e+00	             NaN	             NaN	             NaN	             NaN	             NaN	   2.4288206e-02	   3.9238913e-02	   3.7378014e-02	   3.5943074e-02	   3.1144792e-02	   3.7213509e-02	   4.0724484e-02	   4.0024781e-02	   2.3581622e-02	   1.8331847e-02	   1.4329704e-02	   3.9692068e-03	   2.2903278e-02	   2.5805772e-02	   2.3861477e-02	   3.1717709e-02	   1.8957166e-02	   1.5199424e-02	   1.9633872e-02	   1.8323348e-02	
   0.0000000e+00	   0.0000000e+00	   0.0000000e+00	   0.0000000e+00	   0.0000000e+00	   0.0000000e+00	   0.0000000e+00	   0.0000000e+00	             NaN	             NaN	             NaN	             NaN	             NaN	             NaN	   4.0146550e-02	   3.3574615e-02	   5.3578578e-02	   2.9487097e-02	   3.6538106e-02	   2.5457421e-02	   2.2727852e-02	   2.8780318e-02	   1.8634695e-02	   2.4655105e-02	   2.4487684e-02	   1.5869154e-02	   2.0798538e-02	   2.4525375e-02	   1.9908207e-02	   2.1011885e-02	   1.6935823e-02	   1.4429051e-02	   1.8729644e-02	
   0.0000000e+00	   0.0000000e+00	   0.0000000e+00	   0.0000000e+00	   0.0000000e+00	   0.0000000e+00	   0.0000000e+00	   0.0000000e+00	             NaN	             NaN	             NaN	             NaN	             NaN	             NaN	   1.2129301e-02	   1.6986182e-02	   2.3152377e-02	   3.9476182e-02	   1.6764665e-02	   2.7628543e-02	   1.7154563e-02	   2.8559243e-02	   2.7489122e-02	   2.9482205e-02	   1.4255899e-02	   2.0846577e-02	   2.9128442e-02	   2.4601877e-02	   2.1609652e-02	   1.7350782e-02	   2.4797727e-02	   1.6949957e-02	   1.4851607e-02	
   0.0000000e+00	   0.0000000e+00	   0.0000000e+00	   0.0000000e+00	   0.0000000e+00	   0.0000000e+00	   0.0000000e+00	   0.0000000e+00	   0.0000000e+00	             NaN	             NaN	             NaN	             NaN	             NaN	   9.3198590e-03	   2.4463761e-02	   2.1188275e-02	   3.6417572e-02	   2.2094730e-02	   2.9916430e-02	   2.7457328e-02	   2.7382731e-02	   3.3383063e-02	   2.2209247e-02	   1.2134829e-02	   2.7716666e-02	   2.6457701e-02	   2.5607319e-02	   1.9602827e-02	   1.9585437e-02	   2.1968947e-02	   1.9500195e-02	   2.4523788e-02	
   0.0000000e+00	   0.0000000e+00	   0.0000000e+00	   0.0000000e+00	   0.0000000e+00	   0.0000000e+00	   0.0000000e+00	   0.0000000e+00	   0.0000000e+00	             NaN	             NaN	             NaN	             NaN	             NaN	   4.3063724e-02	   2.5202680e-02	   3.4346469e-02	   3.7208596e-02	   1.9524172e-02	   2.8210517e-02	   1.8686791e-02	   2.1532863e-02	   4.5524278e-02	   2.8093345e-02	   2.6554395e-02	   2.6000488e-02	   3.1051724e-02	   2.7750377e-02	   1.6582580e-02	   1.8809543e-02	   1.2695319e-02	   2.2718066e-02	   2.9397189e-02	
   0.0000000e+00	   0.0000000e+00	   0.0000000e+00	   0.0000000e+00	   0.0000000e+00	   0.0000000e+00	   0.0000000e+00	   0.0000000e+00	   0.0000000e+00	             NaN	             NaN	             NaN	             NaN	             NaN	   3.7467952e-02	   1.8294844e-02	   3.9000699e-02	   4.4880168e-02	   1.6776756e-02	   1.8797997e-02	   3.7187723e-02	   2.5944568e-02	   2.8481111e-02	   1.4153870e-02	   1.9824581e-02	   2.0061482e-02	   1.8822215e-02	   2.5342658e-02	   2.2311180e-02	   1.8602913e-02	   2.5776901e-02	   2.6105584e-02	   3.0925611e-02	
   0.0000000e+00	   0.0000000e+00	   0.0000000e+00	   0.0000000e+00	   0.0000000e+00	   0.0000000e+00	   0.0000000e+00	   0.0000000e+00	   0.0000000e+00	             NaN	             NaN	             NaN	             NaN	             NaN	             NaN	   8.2977782e-03	  -3.9795012e-03	   4.3579463e-02	   1.4791966e-02	   2.2832119e-02	   1.6239407e-02	   3.1710347e-02	   3.0480166e-02	   1.8771693e-02	   2.7276457e-02	   2.7877218e-02	   3.2249721e-02	   2.2212686e-02	   1.5939277e-02	   2.1416794e-02	   1.0970971e-02	   2.1635690e-02	   1.4847994e-02	
   0.0000000e+00	   0.0000000e+00	   0.0000000e+00	   0.0000000e+00	   0.0000000e+00	   0.0000000e+00	   0.0000000e+00	   0.0000000e+00	   0.0000000e+00	             NaN	             NaN	             NaN	             NaN	             NaN	             NaN	   4.7442113e-02	   1.6871090e-02	   3.6092688e-02	   2.7765262e-02	   2.6173722e-02	   2.1722346e-02	   2.6057053e-02	   1.7997055e-02	   2.1271236e-02	   3.0298270e-02	   2.3211127e-02	   2.4839283e-02	   2.5593320e-02	   2.4431163e-02	   1.9927277e-02	   1.2257715e-02	   3.1265764e-02	   2.2859442e-02	
   0.0000000e+00	   0.0000000e+00	   0.0000000e+00	   0.0000000e+00	   0.0000000e+00	   0.0000000e+00	   0.0000000e+00	   0.0000000e+00	   0.0000000e+00	   0.0000000e+00	             NaN	             NaN	             NaN	             NaN	             NaN	   2.7534637e-02	   1.4649012e-02	   2.5050390e-02	   2.2659147e-02	   2.2777407e-02	   1.9678406e-02	   1.9115927e-02	   2.9628044e-02	   2.3508277e-02	   2.6390571e-02	   1.8150362e-02	   2.5518257e-02	   3.2090393e-02	   2.6267783e-02	   2.0848948e-02	   1.9087312e-02	   1.6691039e-02	   2.1256891e-02	
