  -9.9158957e+00	  -1.7441247e+01	  -1.5246067e+01	             NaN	             NaN	             NaN	             NaN	             NaN	             NaN	             NaN	             NaN	             NaN	             NaN	             NaN	   0.0000000e+00	   0.0000000e+00	   0.0000000e+00	   0.0000000e+00	   0.0000000e+00	   0.0000000e+00	   0.0000000e+00	   0.0000000e+00	   0.0000000e+00	   0.0000000e+00	   0.0000000e+00	   0.0000000e+00	   0.0000000e+00	   0.0000000e+00	   0.0000000e+00	   0.0000000e+00	   0.0000000e+00	   0.0000000e+00	   0.0000000e+00	
  -1.1365465e+01	  -1.3035204e+01	  -1.3268332e+01	             NaN	             NaN	             NaN	             NaN	             NaN	             NaN	             NaN	             NaN	             NaN	             NaN	             NaN	   0.0000000e+00	   0.0000000e+00	   0.0000000e+00	   0.0000000e+00	   0.0000000e+00	   0.0000000e+00	   0.0000000e+00	   0.0000000e+00	   0.0000000e+00	   0.0000000e+00	   0.0000000e+00	   0.0000000e+00	   0.0000000e+00	   0.0000000e+00	   0.0000000e+00	   0.0000000e+00	   0.0000000e+00	   0.0000000e+00	   0.0000000e+00	
  -8.2099384e+00	  -1.1073570e+01	  -1.1355642e+01	             NaN	             NaN	             NaN	             NaN	             NaN	             NaN	             NaN	             NaN	             NaN	             NaN	             NaN	   0.0000000e+00	   0.0000000e+00	   0.0000000e+00	   0.0000000e+00	   0.0000000e+00	   0.0000000e+00	   0.0000000e+00	   0.0000000e+00	   0.0000000e+00	   0.0000000e+00	   0.0000000e+00	   0.0000000e+00	   0.0000000e+00	   0.0000000e+00	   0.0000000e+00	   0.0000000e+00	   0.0000000e+00	   0.0000000e+00	   0.0000000e+00	
  -5.8276576e+00	  -9.8843287e+00	  -7.9598308e+00	  -4.5573834e+00	             NaN	             NaN	             NaN	             NaN	             NaN	             NaN	             NaN	             NaN	             NaN	             NaN	             NaN	   0.0000000e+00	   0.0000000e+00	   0.0000000e+00	   0.0000000e+00	   0.0000000e+00	   0.0000000e+00	   0.0000000e+00	   0.0000000e+00	   0.0000000e+00	   0.0000000e+00	   0.0000000e+00	   0.0000000e+00	   0.0000000e+00	   0.0000000e+00	   0.0000000e+00	   0.0000000e+00	   0.0000000e+00	   0.0000000e+00	
  -5.7913843e+00	  -7.6679603e+00	  -4.3898412e+00	  -2.2666003e+00	             NaN	             NaN	             NaN	             NaN	             NaN	             NaN	             NaN	             NaN	             NaN	             NaN	             NaN	   0.0000000e+00	   0.0000000e+00	   0.0000000e+00	   0.0000000e+00	   0.0000000e+00	   0.0000000e+00	   0.0000000e+00	   0.0000000e+00	   0.0000000e+00	   0.0000000e+00	   0.0000000e+00	   0.0000000e+00	   0.0000000e+00	   0.0000000e+00	   0.0000000e+00	   0.0000000e+00	   0.0000000e+00	   0.0000000e+00	
  -1.7565475e+00	  -4.8760168e+00	  -4.2490390e+00	  -1.0443311e+00	   2.2125652e+00	             NaN	             NaN	             NaN	             NaN	             NaN	             NaN	             NaN	             NaN	             NaN	             NaN	             NaN	   0.0000000e+00	   0.0000000e+00	   0.0000000e+00	   0.0000000e+00	   0.0000000e+00	   0.0000000e+00	   0.0000000e+00	   0.0000000e+00	   0.0000000e+00	   0.0000000e+00	   0.0000000e+00	   0.0000000e+00	   0.0000000e+00	   0.0000000e+00	   0.0000000e+00	   0.0000000e+00	   0.0000000e+00	
  -2.2910854e+00	  -3.6852323e+00	  -2.7380120e+00	  -1.0682310e-01	   2.4578666e+00	             NaN	             NaN	             NaN	             NaN	             NaN	             NaN	             NaN	             NaN	             NaN	             NaN	             NaN	   0.0000000e+00	   0.0000000e+00	   0.0000000e+00	   0.0000000e+00	   0.0000000e+00	   0.0000000e+00	   0.0000000e+00	   0.0000000e+00	   0.0000000e+00	   0.0000000e+00	   0.0000000e+00	   0.0000000e+00	   0.0000000e+00	   0.0000000e+00	   0.0000000e+00	   0.0000000e+00	   0.0000000e+00	
  -1.2874961e+00	  -1.5220836e+00	  -1.8972035e+00	   8.5472963e-01	   3.1339876e+00	             NaN	             NaN	             NaN	             NaN	             NaN	             NaN	             NaN	             NaN	             NaN	             NaN	             NaN	   0.0000000e+00	   0.0000000e+00	   0.0000000e+00	   0.0000000e+00	   0.0000000e+00	   0.0000000e+00	   0.0000000e+00	   0.0000000e+00	   0.0000000e+00	   0.0000000e+00	   0.0000000e+00	   0.0000000e+00	   0.0000000e+00	   0.0000000e+00	   0.0000000e+00	   0.0000000e+00	   0.0000000e+00	
   2.0505667e-01	  -9.9018817e-01	   1.8795013e-01	   1.6453563e+00	   3.6924139e+00	   5.4249308e+00	             NaN	             NaN	             NaN	             NaN	             NaN	             NaN	             NaN	             NaN	             NaN	             NaN	             NaN	   0.0000000e+00	   0.0000000e+00	   0.0000000e+00	   0.0000000e+00	   0.0000000e+00	   0.0000000e+00	   0.0000000e+00	   0.0000000e+00	   0.0000000e+00	   0.0000000e+00	   0.0000000e+00	   0.0000000e+00	   0.0000000e+00	   0.0000000e+00	   0.0000000e+00	   0.0000000e+00	
   1.4581079e+00	  -5.0964132e-01	   7.9517142e-01	   2.5921437e+00	   4.2468566e+00	   5.6115000e+00	             NaN	             NaN	             NaN	             NaN	             NaN	             NaN	             NaN	             NaN	             NaN	             NaN	             NaN	   0.0000000e+00	   0.0000000e+00	   0.0000000e+00	   0.0000000e+00	   0.0000000e+00	   0.0000000e+00	   0.0000000e+00	   0.0000000e+00	   0.0000000e+00	   0.0000000e+00	   0.0000000e+00	   0.0000000e+00	   0.0000000e+00	   0.0000000e+00	   0.0000000e+00	   0.0000000e+00	
   3.1656800e-01	   7.9304600e-01	   1.9654726e+00	   3.3195213e+00	   5.1642300e+00	   6.2491111e+00	   7.3308540e+00	             NaN	             NaN	             NaN	             NaN	             NaN	             NaN	             NaN	             NaN	             NaN	             NaN	             NaN	   0.0000000e+00	   0.0000000e+00	   0.0000000e+00	   0.0000000e+00	   0.0000000e+00	   0.0000000e+00	   0.0000000e+00	   0.0000000e+00	   0.0000000e+00	   0.0000000e+00	   0.0000000e+00	   0.0000000e+00	   0.0000000e+00	   0.0000000e+00	   0.0000000e+00	
   3.1685319e+00	   1.4833681e+00	   2.9444246e+00	   3.6836318e+00	   5.1930086e+00	   6.5628133e+00	   8.2071915e+00	             NaN	             NaN	             NaN	             NaN	             NaN	             NaN	             NaN	             NaN	             NaN	             NaN	             NaN	   0.0000000e+00	   0.0000000e+00	   0.0000000e+00	   0.0000000e+00	   0.0000000e+00	   0.0000000e+00	   0.0000000e+00	   0.0000000e+00	   0.0000000e+00	   0.0000000e+00	   0.0000000e+00	   0.0000000e+00	   0.0000000e+00	   0.0000000e+00	   0.0000000e+00	
   3.8802312e+00	   2.8579350e+00	   3.6554679e+00	   4.5938411e+00	   6.1121085e+00	   7.2286582e+00	   8.5520418e+00	             NaN	             NaN	             NaN	             NaN	             NaN	             NaN	             NaN	             NaN	             NaN	             NaN	             NaN	   0.0000000e+00	   0.0000000e+00	   0.0000000e+00	   0.0000000e+00	   0.0000000e+00	   0.0000000e+00	   0.0000000e+00	   0.0000000e+00	   0.0000000e+00	   0.0000000e+00	   0.0000000e+00	   0.0000000e+00	   0.0000000e+00	   0.0000000e+00	   0.0000000e+00	
   4.5771240e+00	   2.9810702e+00	   4.6034458e+00	   5.3957899e+00	   6.6546790e+00	   7.7654032e+00	   9.0523521e+00	   9.9558425e+00	             NaN	             NaN	             NaN	             NaN	             NaN	             NaN	             NaN	             NaN	             NaN	             NaN	             NaN	   0.0000000e+00	   0.0000000e+00	   0.0000000e+00	   0.0000000e+00	   0.0000000e+00	   0.0000000e+00	   0.0000000e+00	   0.0000000e+00	   0.0000000e+00	   0.0000000e+00	   0.0000000e+00	   0.0000000e+00	   0.0000000e+00	   0.0000000e+00	
   4.4216222e+00	   3.4652871e+00	   4.8633597e+00	   6.2635160e+00	   7.3449852e+00	   8.1895905e+00	   9.0940849e+00	   1.0223600e+01	             NaN	             NaN	             NaN	             NaN	             NaN	             NaN	             NaN	             NaN	             NaN	             NaN	             NaN	   0.0000000e+00	   0.0000000e+00	   0.0000000e+00	   0.0000000e+00	   0.0000000e+00	   0.0000000e+00	   0.0000000e+00	   0.0000000e+00	   0.0000000e+00	   0.0000000e+00	   0.0000000e+00	   0.0000000e+00	   0.0000000e+00	   0.0000000e+00	
   5.5842636e+00	   5.0631787e+00	   5.3229745e+00	   6.4239057e+00	   7.4627048e+00	   8.5081485e+00	   9.2920203e+00	   1.0423844e+01	   1.0007242e+01	             NaN	             NaN	             NaN	             NaN	             NaN	             NaN	             NaN	             NaN	             NaN	             NaN	             NaN	   0.0000000e+00	   0.0000000e+00	   0.0000000e+00	   0.0000000e+00	   0.0000000e+00	   0.0000000e+00	   0.0000000e+00	   0.0000000e+00	   0.0000000e+00	   0.0000000e+00	   0.0000000e+00	   0.0000000e+00	   0.0000000e+00	
   5.7492927e+00	   5.0733984e+00	   6.1605305e+00	   6.6985987e+00	   7.7968530e+00	   8.9128433e+00	   9.9877476e+00	   1.1038755e+01	   1.1048254e+01	             NaN	             NaN	             NaN	             NaN	             NaN	             NaN	             NaN	             NaN	             NaN	             NaN	             NaN	   0.0000000e+00	   0.0000000e+00	   0.0000000e+00	   0.0000000e+00	   0.0000000e+00	   0.0000000e+00	   0.0000000e+00	   0.0000000e+00	   0.0000000e+00	   0.0000000e+00	   0.0000000e+00	   0.0000000e+00	   0.0000000e+00	
   5.9623590e+00	   5.8706895e+00	   6.6065077e+00	   7.7084311e+00	   8.4608715e+00	   9.0688566e+00	   9.9554217e+00	   1.1036021e+01	   1.1263053e+01	             NaN	             NaN	             NaN	             NaN	             NaN	             NaN	             NaN	             NaN	             NaN	             NaN	             NaN	   0.0000000e+00	   0.0000000e+00	   0.0000000e+00	   0.0000000e+00	   0.0000000e+00	   0.0000000e+00	   0.0000000e+00	   0.0000000e+00	   0.0000000e+00	   0.0000000e+00	   0.0000000e+00	   0.0000000e+00	   0.0000000e+00	
   6.7510915e+00	   6.6203463e+00	   7.1379551e+00	   8.0137620e+00	   8.8718513e+00	   9.6578873e+00	   1.0548139e+01	   1.1384538e+01	   1.1552355e+01	   1.1060477e+01	             NaN	             NaN	             NaN	             NaN	             NaN	             NaN	             NaN	             NaN	             NaN	             NaN	             NaN	   0.0000000e+00	   0.0000000e+00	   0.0000000e+00	   0.0000000e+00	   0.0000000e+00	   0.0000000e+00	   0.0000000e+00	   0.0000000e+00	   0.0000000e+00	   0.0000000e+00	   0.0000000e+00	   0.0000000e+00	
   8.1529829e+00	   7.4539329e+00	   7.9935296e+00	   8.8664239e+00	   9.2813110e+00	   1.0361956e+01	   1.0969680e+01	   1.1636520e+01	   1.2073611e+01	   1.1308577e+01	             NaN	             NaN	             NaN	             NaN	             NaN	             NaN	             NaN	             NaN	             NaN	             NaN	             NaN	   0.0000000e+00	   0.0000000e+00	   0.0000000e+00	   0.0000000e+00	   0.0000000e+00	   0.0000000e+00	   0.0000000e+00	   0.0000000e+00	   0.0000000e+00	   0.0000000e+00	   0.0000000e+00	   0.0000000e+00	
   8.6951848e+00	   7.5110061e+00	   8.3992438e+00	   9.4269307e+00	   9.9280461e+00	   1.0379962e+01	   1.1681674e+01	   1.2138065e+01	   1.2388096e+01	   1.1875834e+01	   9.7114372e+00	             NaN	             NaN	             NaN	             NaN	             NaN	             NaN	             NaN	             NaN	             NaN	             NaN	             NaN	   0.0000000e+00	   0.0000000e+00	   0.0000000e+00	   0.0000000e+00	   0.0000000e+00	   0.0000000e+00	   0.0000000e+00	   0.0000000e+00	   0.0000000e+00	   0.0000000e+00	   0.0000000e+00	
   8.6633105e+00	   8.2018576e+00	   8.1916949e+00	   9.6748450e+00	   1.0208941e+01	   1.0891078e+01	   1.1550582e+01	   1.2060070e+01	   1.2720428e+01	   1.2600294e+01	   1.0845340e+01	             NaN	             NaN	             NaN	             NaN	             NaN	             NaN	             NaN	             NaN	             NaN	             NaN	             NaN	   0.0000000e+00	   0.0000000e+00	   0.0000000e+00	   0.0000000e+00	   0.0000000e+00	   0.0000000e+00	   0.0000000e+00	   0.0000000e+00	   0.0000000e+00	   0.0000000e+00	   0.0000000e+00	
   9.1687109e+00	   8.6992254e+00	   9.2673689e+00	   1.0028792e+01	   1.0728996e+01	   1.1005539e+01	   1.1936394e+01	   1.2897104e+01	   1.3060255e+01	   1.2835666e+01	   1.1464777e+01	             NaN	             NaN	             NaN	             NaN	             NaN	             NaN	             NaN	             NaN	             NaN	             NaN	             NaN	   0.0000000e+00	   0.0000000e+00	   0.0000000e+00	   0.0000000e+00	   0.0000000e+00	   0.0000000e+00	   0.0000000e+00	   0.0000000e+00	   0.0000000e+00	   0.0000000e+00	   0.0000000e+00	
   1.0765562e+01	   9.3466230e+00	   9.8697825e+00	   1.0300675e+01	   1.1250938e+01	   1.1887064e+01	   1.2163648e+01	   1.2984077e+01	   1.3322274e+01	   1.3468794e+01	   1.2151679e+01	   9.5753089e+00	             NaN	             NaN	             NaN	             NaN	             NaN	             NaN	             NaN	             NaN	             NaN	             NaN	             NaN	   0.0000000e+00	   0.0000000e+00	   0.0000000e+00	   0.0000000e+00	   0.0000000e+00	   0.0000000e+00	   0.0000000e+00	   0.0000000e+00	   0.0000000e+00	   0.0000000e+00	
   1.0029871e+01	   9.8300701e+00	   9.8974090e+00	   1.1357469e+01	   1.1532128e+01	   1.2029540e+01	   1.2789659e+01	   1.3221120e+01	   1.3561548e+01	   1.3600318e+01	   1.2872991e+01	   1.0798445e+01	             NaN	             NaN	             NaN	             NaN	             NaN	             NaN	             NaN	             NaN	             NaN	             NaN	             NaN	   0.0000000e+00	   0.0000000e+00	   0.0000000e+00	   0.0000000e+00	   0.0000000e+00	   0.0000000e+00	   0.0000000e+00	   0.0000000e+00	   0.0000000e+00	   0.0000000e+00	
   1.1495706e+01	   1.0535562e+01	   1.1375272e+01	   1.1314713e+01	   1.2241529e+01	   1.2585450e+01	   1.2778838e+01	   1.3921636e+01	   1.4412730e+01	   1.4383447e+01	   1.3717762e+01	   1.1961094e+01	   8.0681979e+00	             NaN	             NaN	             NaN	             NaN	             NaN	             NaN	             NaN	             NaN	             NaN	             NaN	             NaN	   0.0000000e+00	   0.0000000e+00	   0.0000000e+00	   0.0000000e+00	   0.0000000e+00	   0.0000000e+00	   0.0000000e+00	   0.0000000e+00	   0.0000000e+00	
   1.2631998e+01	   1.1040977e+01	   1.1675887e+01	   1.2159956e+01	   1.2788542e+01	   1.3176847e+01	   1.3809711e+01	   1.4078526e+01	   1.4702974e+01	   1.4490183e+01	   1.4096388e+01	   1.2513692e+01	   1.0130826e+01	             NaN	             NaN	             NaN	             NaN	             NaN	             NaN	             NaN	             NaN	             NaN	             NaN	             NaN	   0.0000000e+00	   0.0000000e+00	   0.0000000e+00	   0.0000000e+00	   0.0000000e+00	   0.0000000e+00	   0.0000000e+00	   0.0000000e+00	   0.0000000e+00	
   1.1107317e+01	   1.1996406e+01	   1.2371245e+01	   1.2464891e+01	   1.2993685e+01	   1.3553492e+01	   1.3764665e+01	   1.4781484e+01	   1.4939644e+01	   1.5111543e+01	   1.4706449e+01	   1.3419826e+01	   1.1620690e+01	             NaN	             NaN	             NaN	             NaN	             NaN	             NaN	             NaN	             NaN	             NaN	             NaN	             NaN	   0.0000000e+00	   0.0000000e+00	   0.0000000e+00	   0.0000000e+00	   0.0000000e+00	   0.0000000e+00	   0.0000000e+00	   0.0000000e+00	   0.0000000e+00	
   1.2143830e+01	   1.1804804e+01	   1.3132327e+01	   1.3512469e+01	   1.3382393e+01	   1.3738815e+01	   1.4158774e+01	   1.4879433e+01	   1.5271261e+01	   1.5452095e+01	   1.5289357e+01	   1.4007334e+01	   1.2471836e+01	   9.0513425e+00	             NaN	             NaN	             NaN	             NaN	             NaN	             NaN	             NaN	             NaN	             NaN	             NaN	             NaN	   0.0000000e+00	   0.0000000e+00	   0.0000000e+00	   0.0000000e+00	   0.0000000e+00	   0.0000000e+00	   0.0000000e+00	   0.0000000e+00	
   1.1928893e+01	   1.2890349e+01	   1.3337701e+01	   1.3938121e+01	   1.4312248e+01	   1.4344091e+01	   1.4773311e+01	   1.5136251e+01	   1.5097133e+01	   1.5804054e+01	   1.5770616e+01	   1.4731090e+01	   1.3449624e+01	   1.1408515e+01	             NaN	             NaN	             NaN	             NaN	             NaN	             NaN	             NaN	             NaN	             NaN	             NaN	             NaN	   0.0000000e+00	   0.0000000e+00	   0.0000000e+00	   0.0000000e+00	   0.0000000e+00	   0.0000000e+00	   0.0000000e+00	   0.0000000e+00	
   1.2318891e+01	   1.3499770e+01	   1.4239187e+01	   1.4875868e+01	   1.5188266e+01	   1.4914044e+01	   1.5099391e+01	   1.5358747e+01	   1.5755013e+01	   1.6101247e+01	   1.6178897e+01	   1.5236339e+01	   1.4164578e+01	   1.2834147e+01	   8.3423168e+00	             NaN	             NaN	             NaN	             NaN	             NaN	             NaN	             NaN	             NaN	             NaN	             NaN	             NaN	   0.0000000e+00	   0.0000000e+00	   0.0000000e+00	   0.0000000e+00	   0.0000000e+00	   0.0000000e+00	   0.0000000e+00	
   1.3571149e+01	   1.4322120e+01	   1.5401107e+01	   1.5536591e+01	   1.5739082e+01	   1.5429710e+01	   1.6010197e+01	   1.6394423e+01	   1.6630331e+01	   1.7293884e+01	   1.7192786e+01	   1.6562970e+01	   1.5572806e+01	   1.4215529e+01	   1.1144048e+01	             NaN	             NaN	             NaN	             NaN	             NaN	             NaN	             NaN	             NaN	             NaN	             NaN	             NaN	   0.0000000e+00	   0.0000000e+00	   0.0000000e+00	   0.0000000e+00	   0.0000000e+00	   0.0000000e+00	   0.0000000e+00	
   1.4099588e+01	   1.4945389e+01	   1.6272660e+01	   1.6994134e+01	   1.6946909e+01	   1.6556896e+01	   1.6898591e+01	   1.6869072e+01	   1.7405042e+01	   1.7903047e+01	   1.8135901e+01	   1.7608036e+01	   1.6693035e+01	   1.5723858e+01	   1.3688972e+01	             NaN	             NaN	             NaN	             NaN	             NaN	             NaN	             NaN	             NaN	             NaN	             NaN	             NaN	   0.0000000e+00	   0.0000000e+00	   0.0000000e+00	   0.0000000e+00	   0.0000000e+00	   0.0000000e+00	   0.0000000e+00	
   1.4731718e+01	   1.5751569e+01	   1.7820109e+01	   1.8202135e+01	   1.7792087e+01	   1.7908856e+01	   1.8108966e+01	   1.8182109e+01	   1.8437928e+01	   1.8872254e+01	   1.9327476e+01	   1.8899500e+01	   1.8083823e+01	   1.7259650e+01	   1.5679649e+01	   1.1659374e+01	             NaN	             NaN	             NaN	             NaN	             NaN	             NaN	             NaN	             NaN	             NaN	             NaN	             NaN	   0.0000000e+00	   0.0000000e+00	   0.0000000e+00	   0.0000000e+00	   0.0000000e+00	   0.0000000e+00	
   1.5044077e+01	   1.6907773e+01	   1.9456371e+01	   1.9627504e+01	   1.9122194e+01	   1.9029255e+01	   1.9042258e+01	   1.8877551e+01	   1.9214028e+01	   1.9810920e+01	   2.0371538e+01	   2.0032746e+01	   1.9483128e+01	   1.8838567e+01	   1.7389659e+01	   1.4596809e+01	             NaN	             NaN	             NaN	             NaN	             NaN	             NaN	             NaN	             NaN	             NaN	             NaN	             NaN	   0.0000000e+00	   0.0000000e+00	   0.0000000e+00	   0.0000000e+00	   0.0000000e+00	   0.0000000e+00	
   1.6153413e+01	   1.6388693e+01	   2.0390824e+01	   2.0614876e+01	   2.0663559e+01	   2.0419202e+01	   1.9972453e+01	   2.0051733e+01	   2.0264668e+01	   2.0621963e+01	   2.1238439e+01	   2.1158328e+01	   2.0869541e+01	   2.0090295e+01	   1.9162404e+01	   1.7145713e+01	   1.2252608e+01	             NaN	             NaN	             NaN	             NaN	             NaN	             NaN	             NaN	             NaN	             NaN	             NaN	             NaN	   0.0000000e+00	   0.0000000e+00	   0.0000000e+00	   0.0000000e+00	   0.0000000e+00	
   1.6038564e+01	   1.7302285e+01	   2.0571536e+01	   2.1793302e+01	   2.1572638e+01	   2.0799972e+01	   2.0629583e+01	   2.0575507e+01	   2.0975686e+01	   2.1579874e+01	   2.2054164e+01	   2.1978430e+01	   2.1889935e+01	   2.1333309e+01	   2.0242598e+01	   1.8429897e+01	   1.4431664e+01	             NaN	             NaN	             NaN	             NaN	             NaN	             NaN	             NaN	             NaN	             NaN	             NaN	             NaN	   0.0000000e+00	   0.0000000e+00	   0.0000000e+00	   0.0000000e+00	   0.0000000e+00	
   1.6203444e+01	   1.9240524e+01	   2.1785358e+01	   2.3792438e+01	   2.3193755e+01	   2.1825978e+01	   2.1924012e+01	   2.1570530e+01	   2.2006020e+01	   2.2413156e+01	   2.3041198e+01	   2.3126270e+01	   2.3225531e+01	   2.2885132e+01	   2.1870426e+01	   2.0447810e+01	   1.7285058e+01	             NaN	             NaN	             NaN	             NaN	             NaN	             NaN	             NaN	             NaN	             NaN	             NaN	             NaN	   0.0000000e+00	   0.0000000e+00	   0.0000000e+00	   0.0000000e+00	   0.0000000e+00	
   1.7929330e+01	   1.9118867e+01	   2.2251122e+01	   2.4454651e+01	   2.4886203e+01	   2.3500090e+01	   2.3024905e+01	   2.2744821e+01	   2.3161253e+01	   2.3706167e+01	   2.4467309e+01	   2.4515098e+01	   2.4731383e+01	   2.4472939e+01	   2.3931813e+01	   2.2355898e+01	   1.9855429e+01	   1.5331275e+01	             NaN	             NaN	             NaN	             NaN	             NaN	             NaN	             NaN	             NaN	             NaN	             NaN	             NaN	   0.0000000e+00	   0.0000000e+00	   0.0000000e+00	   0.0000000e+00	
   1.7760903e+01	   2.0097450e+01	   2.4490081e+01	   2.6134814e+01	   2.5864176e+01	   2.4821355e+01	   2.3873463e+01	   2.4070676e+01	   2.4248514e+01	   2.4678321e+01	   2.5492651e+01	   2.5911542e+01	   2.6231090e+01	   2.6251834e+01	   2.5434849e+01	   2.4221169e+01	   2.1941140e+01	   1.7907845e+01	             NaN	             NaN	             NaN	             NaN	             NaN	             NaN	             NaN	             NaN	             NaN	             NaN	             NaN	   0.0000000e+00	   0.0000000e+00	   0.0000000e+00	   0.0000000e+00	
   1.9762146e+01	   2.1392434e+01	   2.4732341e+01	   2.7995614e+01	   2.7171287e+01	   2.6276937e+01	   2.5575015e+01	   2.5016319e+01	   2.4995528e+01	   2.6182145e+01	   2.6691692e+01	   2.7166987e+01	   2.7939660e+01	   2.7934255e+01	   2.6979554e+01	   2.5877244e+01	   2.3941465e+01	   2.0381166e+01	   1.6495537e+01	             NaN	             NaN	             NaN	             NaN	             NaN	             NaN	             NaN	             NaN	             NaN	             NaN	             NaN	   0.0000000e+00	   0.0000000e+00	   0.0000000e+00	
   1.8815608e+01	   2.3560844e+01	   2.7806504e+01	   2.9489726e+01	   2.9270114e+01	   2.8582780e+01	   2.7123851e+01	   2.6412863e+01	   2.6539025e+01	   2.7213557e+01	   2.8146954e+01	   2.8823155e+01	   2.9742744e+01	   2.9684283e+01	   2.8710413e+01	   2.7323860e+01	   2.5746995e+01	   2.2998673e+01	   1.8273762e+01	             NaN	             NaN	             NaN	             NaN	             NaN	             NaN	             NaN	             NaN	             NaN	             NaN	             NaN	   0.0000000e+00	   0.0000000e+00	   0.0000000e+00	
   2.3396931e+01	   2.4978223e+01	   2.8406656e+01	   3.1818242e+01	   3.1452588e+01	   2.9863915e+01	   2.8618965e+01	   2.8101915e+01	   2.7879652e+01	   2.8621931e+01	   2.9789500e+01	   3.0385618e+01	   3.1135295e+01	   3.1622068e+01	   3.0969599e+01	   2.9623798e+01	   2.7577391e+01	   2.5320506e+01	   2.0701789e+01	             NaN	             NaN	             NaN	             NaN	             NaN	             NaN	             NaN	             NaN	             NaN	             NaN	             NaN	   0.0000000e+00	   0.0000000e+00	   0.0000000e+00	
   2.3305378e+01	   2.7320662e+01	   3.0755237e+01	   3.2689280e+01	   3.2495427e+01	   3.1478442e+01	   3.0537425e+01	   2.9523042e+01	   2.9697382e+01	   3.0072839e+01	   3.1195633e+01	   3.2020527e+01	   3.3055478e+01	   3.3542831e+01	   3.2875898e+01	   3.1547725e+01	   2.9657502e+01	   2.7418331e+01	   2.3389425e+01	   1.9690389e+01	             NaN	             NaN	             NaN	             NaN	             NaN	             NaN	             NaN	             NaN	             NaN	             NaN	             NaN	   0.0000000e+00	   0.0000000e+00	
   2.3005984e+01	   2.7143515e+01	   3.2254473e+01	   3.5012712e+01	   3.4411271e+01	   3.3801808e+01	   3.2195517e+01	   3.1233920e+01	   3.1110773e+01	   3.1555900e+01	   3.2728120e+01	   3.3559409e+01	   3.4834063e+01	   3.5517799e+01	   3.4854525e+01	   3.3811221e+01	   3.1727834e+01	   2.9492591e+01	   2.6014381e+01	   2.1406995e+01	             NaN	             NaN	             NaN	             NaN	             NaN	             NaN	             NaN	             NaN	             NaN	             NaN	             NaN	   0.0000000e+00	   0.0000000e+00	
   2.6323799e+01	   3.0247361e+01	   3.3727830e+01	   3.6879688e+01	   3.7180720e+01	   3.5448922e+01	   3.3611202e+01	   3.2690147e+01	   3.2353110e+01	   3.2889683e+01	   3.4141930e+01	   3.5359277e+01	   3.6761076e+01	   3.7415902e+01	   3.7125435e+01	   3.5579854e+01	   3.3404385e+01	   3.1466449e+01	   2.8589111e+01	   2.3652570e+01	   2.0469130e+01	             NaN	             NaN	             NaN	             NaN	             NaN	             NaN	             NaN	             NaN	             NaN	             NaN	             NaN	   0.0000000e+00	
   2.7289528e+01	   3.1681788e+01	   3.6176955e+01	   3.9522908e+01	   3.9052079e+01	   3.7504175e+01	   3.5645215e+01	   3.4313482e+01	   3.4082690e+01	   3.4949520e+01	   3.6329701e+01	   3.7425082e+01	   3.8917733e+01	   3.9915533e+01	   3.9589236e+01	   3.8096923e+01	   3.6225307e+01	   3.3697897e+01	   3.0778213e+01	   2.6559554e+01	   2.1884991e+01	             NaN	             NaN	             NaN	             NaN	             NaN	             NaN	             NaN	             NaN	             NaN	             NaN	             NaN	   0.0000000e+00	
   3.0596814e+01	   3.4142063e+01	   3.8697160e+01	   4.2528272e+01	   4.0996486e+01	   3.9822790e+01	   3.7833193e+01	   3.6411585e+01	   3.5590127e+01	   3.6571722e+01	   3.7765312e+01	   3.9466790e+01	   4.1104717e+01	   4.2134184e+01	   4.1731786e+01	   4.0396477e+01	   3.8815895e+01	   3.6047752e+01	   3.3123101e+01	   2.9248494e+01	   2.4132400e+01	             NaN	             NaN	             NaN	             NaN	             NaN	             NaN	             NaN	             NaN	             NaN	             NaN	             NaN	   0.0000000e+00	
   3.1788725e+01	   3.6473380e+01	   4.1209940e+01	   4.4823171e+01	   4.3908503e+01	   4.1309448e+01	   3.9728212e+01	   3.7870304e+01	   3.7800289e+01	   3.8333486e+01	   3.9680180e+01	   4.1377794e+01	   4.3215969e+01	   4.4067853e+01	   4.4275314e+01	   4.2784779e+01	   4.0582491e+01	   3.8083056e+01	   3.5015473e+01	   3.1484297e+01	   2.6347959e+01	   2.2712440e+01	             NaN	             NaN	             NaN	             NaN	             NaN	             NaN	             NaN	             NaN	             NaN	             NaN	             NaN	
   3.3034364e+01	   4.0803534e+01	   4.4024361e+01	   4.6511453e+01	   4.6122491e+01	   4.3595820e+01	   4.1595563e+01	   3.9798572e+01	   3.8937318e+01	   3.9740333e+01	   4.1406929e+01	   4.2954986e+01	   4.5069857e+01	   4.6469500e+01	   4.6633003e+01	   4.5028234e+01	   4.3071515e+01	   4.0307932e+01	   3.7335857e+01	   3.3895347e+01	   2.8955598e+01	   2.4411226e+01	             NaN	             NaN	             NaN	             NaN	             NaN	             NaN	             NaN	             NaN	             NaN	             NaN	             NaN	
   3.9577327e+01	   4.1288933e+01	   4.5979521e+01	   4.9225145e+01	   4.8829989e+01	   4.6443324e+01	   4.3656694e+01	   4.1777663e+01	   4.0835302e+01	   4.1446518e+01	   4.3206419e+01	   4.4915716e+01	   4.7065198e+01	   4.8563158e+01	   4.9126364e+01	   4.7343722e+01	   4.4970220e+01	   4.2467071e+01	   3.9343224e+01	   3.6070940e+01	   3.1639555e+01	   2.6310697e+01	   2.3024591e+01	             NaN	             NaN	             NaN	             NaN	             NaN	             NaN	             NaN	             NaN	             NaN	             NaN	
   4.1842390e+01	   4.6051344e+01	   4.9491112e+01	   5.2032140e+01	   5.1408334e+01	   4.8518676e+01	   4.5448393e+01	   4.3464132e+01	   4.2762762e+01	   4.3270594e+01	   4.5058630e+01	   4.6803616e+01	   4.9142426e+01	   5.0970214e+01	   5.0918927e+01	   4.9752414e+01	   4.7678862e+01	   4.4838310e+01	   4.1748211e+01	   3.8386325e+01	   3.4320164e+01	   2.8564748e+01	   2.4712085e+01	             NaN	             NaN	             NaN	             NaN	             NaN	             NaN	             NaN	             NaN	             NaN	             NaN	
   4.4304709e+01	   4.8887185e+01	   5.2916134e+01	   5.5134108e+01	   5.3466988e+01	   5.0888630e+01	   4.7814878e+01	   4.5314298e+01	   4.4321408e+01	   4.5306948e+01	   4.7012554e+01	   4.8998144e+01	   5.1469408e+01	   5.2977978e+01	   5.3606678e+01	   5.2448210e+01	   5.0246935e+01	   4.7247902e+01	   4.4168244e+01	   4.0773263e+01	   3.6705158e+01	   3.1462398e+01	   2.6232388e+01	             NaN	             NaN	             NaN	             NaN	             NaN	             NaN	             NaN	             NaN	             NaN	             NaN	
   4.9245208e+01	   5.2046838e+01	   5.5630434e+01	   5.7991817e+01	   5.6406988e+01	   5.3382465e+01	   4.9365017e+01	   4.7176245e+01	   4.6260266e+01	   4.7271917e+01	   4.8774672e+01	   5.0831511e+01	   5.3776493e+01	   5.5522175e+01	   5.5934946e+01	   5.4761448e+01	   5.2668528e+01	   4.9720956e+01	   4.6478017e+01	   4.2928797e+01	   3.9112717e+01	   3.3958880e+01	   2.8292442e+01	   2.4726507e+01	             NaN	             NaN	             NaN	             NaN	             NaN	             NaN	             NaN	             NaN	             NaN	
   4.9602399e+01	   5.3289289e+01	   5.9272171e+01	   6.0127324e+01	   5.8825950e+01	   5.5606683e+01	   5.2006849e+01	   4.9189396e+01	   4.8208974e+01	   4.8697036e+01	   5.0544668e+01	   5.2809640e+01	   5.5628839e+01	   5.7794796e+01	   5.8304356e+01	   5.7003642e+01	   5.5108794e+01	   5.2009357e+01	   4.8762723e+01	   4.5280224e+01	   4.1161757e+01	   3.6347270e+01	   3.0517381e+01	   2.6340076e+01	             NaN	             NaN	             NaN	             NaN	             NaN	             NaN	             NaN	             NaN	             NaN	
   5.3007141e+01	   5.8027015e+01	   6.2427604e+01	   6.3854379e+01	   6.1376474e+01	   5.7691560e+01	   5.3945325e+01	   5.1415662e+01	   4.9431093e+01	   5.0111787e+01	   5.2063823e+01	   5.4637543e+01	   5.7117517e+01	   5.9833513e+01	   6.0310203e+01	   5.9315111e+01	   5.7063642e+01	   5.4679235e+01	   5.0985574e+01	   4.7433215e+01	   4.3587999e+01	   3.8969598e+01	   3.3025186e+01	   2.8262510e+01	   2.4637537e+01	             NaN	             NaN	             NaN	             NaN	             NaN	             NaN	             NaN	             NaN	
   5.5824806e+01	   6.0879198e+01	   6.4149789e+01	   6.6539576e+01	   6.4093240e+01	   5.9920809e+01	   5.5725716e+01	   5.2583889e+01	   5.1517741e+01	   5.1682814e+01	   5.3683255e+01	   5.5984172e+01	   5.9085413e+01	   6.1727868e+01	   6.2547268e+01	   6.1529041e+01	   5.9212722e+01	   5.6351153e+01	   5.3537025e+01	   4.9779346e+01	   4.5652396e+01	   4.1208345e+01	   3.5639582e+01	   2.9874779e+01	   2.6318395e+01	             NaN	             NaN	             NaN	             NaN	             NaN	             NaN	             NaN	             NaN	
   5.9543417e+01	   6.3837973e+01	   6.7036709e+01	   6.9035068e+01	   6.7275799e+01	   6.2127450e+01	   5.7854145e+01	   5.4713076e+01	   5.2603072e+01	   5.3200249e+01	   5.5037162e+01	   5.7428003e+01	   6.0889895e+01	   6.3578994e+01	   6.4175042e+01	   6.3381630e+01	   6.1480532e+01	   5.8707412e+01	   5.5309269e+01	   5.1765379e+01	   4.7818290e+01	   4.3290228e+01	   3.8216344e+01	   3.2039506e+01	   2.8208972e+01	             NaN	             NaN	             NaN	             NaN	             NaN	             NaN	             NaN	             NaN	
   6.2590817e+01	   6.6649030e+01	   7.1190335e+01	   7.1754176e+01	   6.8566230e+01	   6.4270440e+01	   6.0492304e+01	   5.6639657e+01	   5.4719157e+01	   5.5030372e+01	   5.6531491e+01	   5.9101946e+01	   6.2246306e+01	   6.5183789e+01	   6.6194972e+01	   6.5361759e+01	   6.3445394e+01	   6.0514166e+01	   5.7561740e+01	   5.4138778e+01	   5.0000104e+01	   4.5567818e+01	   4.0450615e+01	   3.4493115e+01	   2.9927870e+01	   2.5828271e+01	             NaN	             NaN	             NaN	             NaN	             NaN	             NaN	             NaN	
   6.7051929e+01	   7.0556891e+01	   7.4230536e+01	   7.4964776e+01	   7.2001036e+01	   6.7505116e+01	   6.1571041e+01	   5.8430854e+01	   5.6569556e+01	   5.6400372e+01	   5.8308574e+01	   6.0741057e+01	   6.4185833e+01	   6.6741350e+01	   6.7626766e+01	   6.7455751e+01	   6.5550717e+01	   6.2677820e+01	   5.9626371e+01	   5.6390789e+01	   5.1850694e+01	   4.7378916e+01	   4.2572120e+01	   3.6994537e+01	   3.1650833e+01	   2.7726505e+01	             NaN	             NaN	             NaN	             NaN	             NaN	             NaN	             NaN	
   6.6784093e+01	   7.4571279e+01	   7.7177722e+01	   7.7000432e+01	   7.5523528e+01	   6.9301794e+01	   6.3958292e+01	   6.0062431e+01	   5.7932221e+01	   5.7510879e+01	   5.9270805e+01	   6.2080429e+01	   6.5380029e+01	   6.8360883e+01	   6.9807187e+01	   6.9110502e+01	   6.7508725e+01	   6.4972920e+01	   6.1853793e+01	   5.8126947e+01	   5.4171307e+01	   4.9433652e+01	   4.4573992e+01	   3.9400803e+01	   3.3515175e+01	   2.9568474e+01	   2.4850374e+01	             NaN	             NaN	             NaN	             NaN	             NaN	             NaN	
   7.2890184e+01	   7.6976481e+01	   8.0264652e+01	   7.9370875e+01	   7.6881739e+01	   7.1314845e+01	   6.6357233e+01	   6.1757469e+01	   5.9208338e+01	   5.8725318e+01	   6.0606285e+01	   6.3303066e+01	   6.6607152e+01	   6.9710235e+01	   7.0925277e+01	   7.0867855e+01	   6.9230981e+01	   6.6986827e+01	   6.3634285e+01	   6.0388976e+01	   5.6450252e+01	   5.1923655e+01	   4.6809188e+01	   4.1882328e+01	   3.6108130e+01	   3.1284396e+01	   2.6871705e+01	             NaN	             NaN	             NaN	             NaN	             NaN	             NaN	
   7.4994097e+01	   8.0444370e+01	   8.2297155e+01	   8.2752005e+01	   7.9136944e+01	   7.3704505e+01	   6.8148022e+01	   6.3655270e+01	   6.0251932e+01	   6.0087546e+01	   6.1988992e+01	   6.4660825e+01	   6.8161100e+01	   7.0871030e+01	   7.2560569e+01	   7.2342349e+01	   7.1009124e+01	   6.8555129e+01	   6.5628361e+01	   6.2423426e+01	   5.8179852e+01	   5.3677593e+01	   4.8768014e+01	   4.3901799e+01	   3.8612223e+01	   3.2943134e+01	   2.8489070e+01	             NaN	             NaN	             NaN	             NaN	             NaN	             NaN	
   7.6666695e+01	   8.2899277e+01	   8.6362504e+01	   8.5766539e+01	   8.2654407e+01	   7.5567953e+01	   6.9265067e+01	   6.4521076e+01	   6.2290616e+01	   6.1915666e+01	   6.2897219e+01	   6.5356767e+01	   6.9313737e+01	   7.2087453e+01	   7.3832623e+01	   7.3678774e+01	   7.2562455e+01	   7.0063565e+01	   6.7513932e+01	   6.3989050e+01	   6.0179187e+01	   5.5570412e+01	   5.1023310e+01	   4.6172975e+01	   4.0981683e+01	   3.4977317e+01	   3.0149661e+01	   2.5396118e+01	             NaN	             NaN	             NaN	             NaN	             NaN	
   7.7661880e+01	   8.3321736e+01	   8.7178293e+01	   8.8115796e+01	   8.3034094e+01	   7.7720186e+01	   7.1501193e+01	   6.6581373e+01	   6.3280754e+01	   6.2342353e+01	   6.3794095e+01	   6.6301121e+01	   6.9470597e+01	   7.2828184e+01	   7.5022968e+01	   7.5058859e+01	   7.3564562e+01	   7.1448863e+01	   6.8849897e+01	   6.5639434e+01	   6.1940350e+01	   5.7447376e+01	   5.2458877e+01	   4.7450474e+01	   4.2560604e+01	   3.6741183e+01	   3.1786350e+01	   2.6850506e+01	             NaN	             NaN	             NaN	             NaN	             NaN	
   7.9651368e+01	   8.6999840e+01	   8.8754773e+01	   8.9088771e+01	   8.5643177e+01	   7.9046130e+01	   7.3029108e+01	   6.7690085e+01	   6.4255513e+01	   6.3893933e+01	   6.4940589e+01	   6.6889416e+01	   7.0526424e+01	   7.3971029e+01	   7.5599839e+01	   7.5751295e+01	   7.4749635e+01	   7.2822165e+01	   7.0252761e+01	   6.7143365e+01	   6.3731541e+01	   5.9051609e+01	   5.4215435e+01	   4.9142830e+01	   4.4250212e+01	   3.8905307e+01	   3.3217286e+01	   2.8504473e+01	   2.3576633e+01	             NaN	             NaN	             NaN	             NaN	
   8.2106600e+01	   8.7549577e+01	   9.1730177e+01	   9.2283485e+01	   8.6714252e+01	   8.1008846e+01	   7.3918058e+01	   6.9261741e+01	   6.5769567e+01	   6.4715939e+01	   6.5426414e+01	   6.7903960e+01	   7.1349762e+01	   7.4674268e+01	   7.6756255e+01	   7.6928643e+01	   7.5925315e+01	   7.4252139e+01	   7.1760731e+01	   6.9000906e+01	   6.5350361e+01	   6.0841095e+01	   5.5858171e+01	   5.1162557e+01	   4.6375809e+01	   4.0945649e+01	   3.5047569e+01	   3.0131818e+01	   2.5308347e+01	             NaN	             NaN	             NaN	             NaN	
   8.3547458e+01	   9.0524612e+01	   9.3821924e+01	   9.3340583e+01	   8.9304247e+01	   8.2899134e+01	   7.6498745e+01	   7.0780648e+01	   6.6710152e+01	   6.5346334e+01	   6.6616320e+01	   6.8181624e+01	   7.1757547e+01	   7.5242487e+01	   7.7578865e+01	   7.7910912e+01	   7.7143136e+01	   7.5365245e+01	   7.3246048e+01	   7.0594934e+01	   6.6454503e+01	   6.2264962e+01	   5.7515983e+01	   5.2609526e+01	   4.7965911e+01	   4.2897290e+01	   3.6746728e+01	   3.1459386e+01	   2.6651552e+01	             NaN	             NaN	             NaN	             NaN	
   8.2960221e+01	   9.2393286e+01	   9.5183587e+01	   9.5548132e+01	   9.1096244e+01	   8.4889574e+01	   7.7225489e+01	   7.1895510e+01	   6.8096635e+01	   6.6682880e+01	   6.7439725e+01	   6.9496105e+01	   7.2584085e+01	   7.5699920e+01	   7.8112839e+01	   7.8179792e+01	   7.8041583e+01	   7.6247289e+01	   7.4217916e+01	   7.1687531e+01	   6.8049833e+01	   6.3681117e+01	   5.9055102e+01	   5.4544191e+01	   4.9558341e+01	   4.4788012e+01	   3.8676244e+01	   3.2902935e+01	   2.8150468e+01	   2.3191306e+01	             NaN	             NaN	             NaN	
   8.6410294e+01	   9.3901871e+01	   9.7292023e+01	   9.6940249e+01	   9.2445963e+01	   8.5580591e+01	   7.8715160e+01	   7.3775236e+01	   6.8570262e+01	   6.7210020e+01	   6.7973182e+01	   6.9726490e+01	   7.3083422e+01	   7.6085512e+01	   7.8588663e+01	   7.9103297e+01	   7.8358503e+01	   7.7338445e+01	   7.5455689e+01	   7.2942106e+01	   6.9436703e+01	   6.4926680e+01	   6.0500050e+01	   5.5781485e+01	   5.1278969e+01	   4.6180891e+01	   4.0480054e+01	   3.4517395e+01	   2.9601017e+01	   2.4547494e+01	             NaN	             NaN	             NaN	
   8.8689074e+01	   9.5500203e+01	   9.8427292e+01	   9.7308227e+01	   9.3254251e+01	   8.6924190e+01	   8.0044809e+01	   7.4113781e+01	   6.9527630e+01	   6.8088708e+01	   6.8273388e+01	   6.9999254e+01	   7.3587257e+01	   7.6424508e+01	   7.8528155e+01	   7.9500670e+01	   7.9424877e+01	   7.7974559e+01	   7.6291977e+01	   7.3798898e+01	   7.0455350e+01	   6.6456220e+01	   6.1741548e+01	   5.7031616e+01	   5.2774736e+01	   4.7877963e+01	   4.2142236e+01	   3.6091731e+01	   3.0980714e+01	   2.6149283e+01	   2.1268577e+01	             NaN	             NaN	
   8.8730590e+01	   9.5760416e+01	   9.9794026e+01	   9.9315912e+01	   9.5192310e+01	   8.7930681e+01	   8.1680863e+01	   7.5113210e+01	   7.0508708e+01	   6.8464036e+01	   6.9071911e+01	   7.0652304e+01	   7.3109321e+01	   7.6680551e+01	   7.8691768e+01	   7.9746292e+01	   7.9835349e+01	   7.8565206e+01	   7.7064231e+01	   7.4672232e+01	   7.1689095e+01	   6.7580475e+01	   6.3142716e+01	   5.8465714e+01	   5.4215189e+01	   4.9196314e+01	   4.3951859e+01	   3.7868225e+01	   3.2264005e+01	   2.7541267e+01	   2.2683322e+01	             NaN	             NaN	
   9.0959953e+01	   9.8005636e+01	   1.0012289e+02	   1.0106350e+02	   9.6051947e+01	   8.9266955e+01	   8.2929557e+01	   7.6045959e+01	   7.1024095e+01	   6.8862442e+01	   6.8989539e+01	   7.0591188e+01	   7.3459820e+01	   7.7058907e+01	   7.9076793e+01	   8.0098055e+01	   7.9701687e+01	   7.9144131e+01	   7.7742862e+01	   7.5642053e+01	   7.2225192e+01	   6.8413609e+01	   6.4113216e+01	   5.9376247e+01	   5.5376324e+01	   5.0673394e+01	   4.5346945e+01	   3.9401382e+01	   3.3659687e+01	   2.8884341e+01	   2.4055551e+01	             NaN	             NaN	
   9.1835708e+01	   9.8122953e+01	   1.0316458e+02	   1.0146790e+02	   9.7932838e+01	   9.0096011e+01	   8.3829167e+01	   7.7478689e+01	   7.2175726e+01	   6.9461958e+01	   6.9788125e+01	   7.0795523e+01	   7.3538023e+01	   7.6572504e+01	   7.8928946e+01	   8.0087162e+01	   7.9882842e+01	   7.9570210e+01	   7.8225303e+01	   7.6319719e+01	   7.3122841e+01	   6.9267117e+01	   6.4976670e+01	   6.0678063e+01	   5.6430324e+01	   5.1951032e+01	   4.6609657e+01	   4.1133581e+01	   3.5020610e+01	   2.9989014e+01	   2.5557404e+01	   2.0942785e+01	             NaN	
   9.2682910e+01	   1.0047240e+02	   1.0272271e+02	   1.0199617e+02	   9.8441461e+01	   9.1792307e+01	   8.4208868e+01	   7.7508748e+01	   7.2700846e+01	   7.0081123e+01	   6.9383815e+01	   7.0995141e+01	   7.3534624e+01	   7.6689501e+01	   7.9227559e+01	   8.0260439e+01	   8.0282827e+01	   7.9838620e+01	   7.8507996e+01	   7.6590652e+01	   7.3847038e+01	   7.0409845e+01	   6.5942882e+01	   6.1295271e+01	   5.7544628e+01	   5.3037990e+01	   4.7941714e+01	   4.2469104e+01	   3.6390940e+01	   3.1348019e+01	   2.6779089e+01	   2.2266871e+01	             NaN	
   9.2626621e+01	   9.9223348e+01	   1.0339805e+02	   1.0223426e+02	   9.8994139e+01	   9.1906996e+01	   8.5523843e+01	   7.8238415e+01	   7.3686388e+01	   7.0702011e+01	   7.0207923e+01	   7.0784618e+01	   7.3576417e+01	   7.6724843e+01	   7.8707285e+01	   7.9721498e+01	   8.0313130e+01	   7.9817943e+01	   7.9179853e+01	   7.7103808e+01	   7.4515742e+01	   7.0843471e+01	   6.6719702e+01	   6.2404211e+01	   5.8541460e+01	   5.4033341e+01	   4.9271460e+01	   4.3830815e+01	   3.7858877e+01	   3.2508819e+01	   2.7950065e+01	   2.3605585e+01	   1.9629031e+01	
   9.4469350e+01	   9.9160565e+01	   1.0476816e+02	   1.0319349e+02	   9.9915635e+01	   9.2941916e+01	   8.5913774e+01	   7.9281966e+01	   7.3743105e+01	   7.1125017e+01	   7.0219237e+01	   7.1145333e+01	   7.3813345e+01	   7.6518424e+01	   7.8675380e+01	   7.9716302e+01	   8.0130507e+01	   7.9894237e+01	   7.9307640e+01	   7.7502585e+01	   7.5232939e+01	   7.1596362e+01	   6.7820264e+01	   6.3136437e+01	   5.9519370e+01	   5.5250040e+01	   5.0459990e+01	   4.4926179e+01	   3.9513483e+01	   3.3628763e+01	   2.9246561e+01	   2.4937740e+01	   2.0901377e+01	
   9.4353859e+01	   1.0024732e+02	   1.0447962e+02	   1.0484877e+02	   9.9801042e+01	   9.3493669e+01	   8.6474020e+01	   8.0097188e+01	   7.4133928e+01	   7.1383310e+01	   7.0454929e+01	   7.1335255e+01	   7.3323633e+01	   7.6200062e+01	   7.8345362e+01	   7.9548789e+01	   8.0021132e+01	   7.9781185e+01	   7.9359901e+01	   7.8199628e+01	   7.5727143e+01	   7.2234749e+01	   6.8296636e+01	   6.4174269e+01	   6.0507437e+01	   5.6119273e+01	   5.1513562e+01	   4.6274603e+01	   4.0835914e+01	   3.5168055e+01	   3.0371819e+01	   2.6239720e+01	   2.2070893e+01	
   9.1221987e+01	   1.0115377e+02	   1.0491591e+02	   1.0384464e+02	   1.0055025e+02	   9.4312679e+01	   8.7286000e+01	   8.0611319e+01	   7.5266865e+01	   7.1523834e+01	   7.0408345e+01	   7.0880233e+01	   7.3492198e+01	   7.5735438e+01	   7.8338517e+01	   7.9211822e+01	   8.0005388e+01	   8.0117964e+01	   7.9230387e+01	   7.8295224e+01	   7.5882008e+01	   7.2429552e+01	   6.8756253e+01	   6.4792708e+01	   6.1144839e+01	   5.7104315e+01	   5.2320334e+01	   4.7243571e+01	   4.2031219e+01	   3.6587870e+01	   3.1486671e+01	   2.7189246e+01	   2.3314576e+01	
   9.3400834e+01	   1.0111396e+02	   1.0553438e+02	   1.0471443e+02	   1.0258457e+02	   9.5120662e+01	   8.7919024e+01	   8.1157345e+01	   7.5567386e+01	   7.2422491e+01	   7.0658548e+01	   7.1130549e+01	   7.2840722e+01	   7.5544757e+01	   7.7668576e+01	   7.9046416e+01	   7.9675459e+01	   7.9778843e+01	   7.9275260e+01	   7.8156325e+01	   7.6203690e+01	   7.2974102e+01	   6.9249541e+01	   6.5374063e+01	   6.1837558e+01	   5.7942240e+01	   5.3296268e+01	   4.8271856e+01	   4.3046410e+01	   3.7972349e+01	   3.2553447e+01	   2.8462514e+01	   2.4468526e+01	
   9.3049167e+01	   1.0271714e+02	   1.0635110e+02	   1.0526401e+02	   1.0186788e+02	   9.5407990e+01	   8.8608824e+01	   8.1886808e+01	   7.6017246e+01	   7.2194689e+01	   7.0850184e+01	   7.0729221e+01	   7.2925654e+01	   7.5187269e+01	   7.7631742e+01	   7.8458995e+01	   7.9301675e+01	   7.9491853e+01	   7.9114017e+01	   7.7922398e+01	   7.6373109e+01	   7.2978974e+01	   6.9524602e+01	   6.5702033e+01	   6.2353992e+01	   5.8519775e+01	   5.4088315e+01	   4.9101625e+01	   4.4104660e+01	   3.8915169e+01	   3.3752607e+01	   2.9390238e+01	   2.5611073e+01	
             NaN	   1.0254247e+02	   1.0503209e+02	   1.0621475e+02	   1.0139681e+02	   9.5068405e+01	   8.9115002e+01	   8.2505343e+01	   7.6489359e+01	   7.3122300e+01	   7.0867840e+01	   7.0847462e+01	   7.2313686e+01	   7.5132344e+01	   7.7273917e+01	   7.8242900e+01	   7.9048310e+01	   7.8776817e+01	   7.9199192e+01	   7.8318881e+01	   7.6330369e+01	   7.3284566e+01	   6.9778508e+01	   6.6054233e+01	   6.2790254e+01	   5.9257120e+01	   5.4680464e+01	   5.0148984e+01	   4.4998286e+01	   4.0035529e+01	   3.4851255e+01	   3.0369127e+01	   2.6511661e+01	
             NaN	   1.0168032e+02	   1.0432946e+02	   1.0543599e+02	   1.0174033e+02	   9.5682516e+01	   8.9645736e+01	   8.2479591e+01	   7.6538057e+01	   7.3088890e+01	   7.0742146e+01	   7.0675212e+01	   7.2021743e+01	   7.4826876e+01	   7.6407495e+01	   7.7652111e+01	   7.8615092e+01	   7.8789727e+01	   7.8484502e+01	   7.7868577e+01	   7.5984008e+01	   7.3389769e+01	   7.0091841e+01	   6.6287922e+01	   6.3161109e+01	   5.9757753e+01	   5.5475565e+01	   5.0752103e+01	   4.5959890e+01	   4.1032932e+01	   3.5952218e+01	   3.1233386e+01	   2.7579631e+01	
             NaN	   1.0128994e+02	   1.0512065e+02	   1.0526350e+02	   1.0236365e+02	   9.5460383e+01	   9.0101333e+01	   8.2578915e+01	   7.6978410e+01	   7.3246606e+01	   7.1013974e+01	   7.0115787e+01	   7.1777308e+01	   7.3782672e+01	   7.5930905e+01	   7.7033500e+01	   7.7759262e+01	   7.8081893e+01	   7.8179641e+01	   7.7459835e+01	   7.6089399e+01	   7.3376751e+01	   6.9967759e+01	   6.6554822e+01	   6.3771899e+01	   6.0144575e+01	   5.5943418e+01	   5.1437179e+01	   4.6703866e+01	   4.2022269e+01	   3.7065135e+01	   3.2234050e+01	   2.8289802e+01	
             NaN	   9.9816608e+01	   1.0541573e+02	   1.0592724e+02	   1.0194565e+02	   9.6378932e+01	   8.9967560e+01	   8.3242248e+01	   7.6957635e+01	   7.3506836e+01	   7.1035145e+01	   7.0506233e+01	   7.1478297e+01	   7.3690463e+01	   7.5431479e+01	   7.6572929e+01	   7.7011430e+01	   7.7769029e+01	   7.7948037e+01	   7.7199925e+01	   7.5513347e+01	   7.3132336e+01	   7.0160209e+01	   6.7046344e+01	   6.3878375e+01	   6.0714828e+01	   5.6303011e+01	   5.2228986e+01	   4.7508443e+01	   4.2661422e+01	   3.7801140e+01	   3.3119888e+01	   2.9275969e+01	
             NaN	   9.8603201e+01	   1.0404116e+02	   1.0540228e+02	   1.0240137e+02	   9.6188540e+01	   9.0041389e+01	   8.3560812e+01	   7.6974225e+01	   7.3595866e+01	   7.1220252e+01	   7.0071115e+01	   7.1075102e+01	   7.2972269e+01	   7.4390067e+01	   7.5797544e+01	   7.6541757e+01	   7.7266583e+01	   7.6915272e+01	   7.6919265e+01	   7.5255986e+01	   7.3164550e+01	   7.0149429e+01	   6.6945997e+01	   6.4103976e+01	   6.1006061e+01	   5.6914004e+01	   5.2620678e+01	   4.7920380e+01	   4.3344848e+01	   3.8836861e+01	   3.4183025e+01	   3.0161035e+01	
             NaN	   1.0073645e+02	   1.0383738e+02	   1.0518758e+02	   1.0093536e+02	   9.6286363e+01	   9.0603996e+01	   8.3679689e+01	   7.7424666e+01	   7.3713739e+01	   7.0766820e+01	   6.9557715e+01	   7.0771741e+01	   7.2192157e+01	   7.4036726e+01	   7.5173703e+01	   7.5812085e+01	   7.6250843e+01	   7.6999129e+01	   7.6259015e+01	   7.5227108e+01	   7.2541593e+01	   7.0035672e+01	   6.6910388e+01	   6.4015357e+01	   6.0846499e+01	   5.7395399e+01	   5.3128283e+01	   4.8398179e+01	   4.4062041e+01	   3.9518178e+01	   3.5086688e+01	   3.0905457e+01	
             NaN	             NaN	   1.0365378e+02	   1.0394136e+02	   1.0102423e+02	   9.6522515e+01	   8.9965544e+01	   8.3575427e+01	   7.7414248e+01	   7.3068254e+01	   7.0254975e+01	   6.9256593e+01	   7.0487349e+01	   7.1898720e+01	   7.3276996e+01	   7.4435378e+01	   7.5288173e+01	   7.5772147e+01	   7.6211470e+01	   7.5687865e+01	   7.4669329e+01	   7.2432819e+01	   6.9709544e+01	   6.6590011e+01	   6.4229631e+01	   6.1216614e+01	   5.7575086e+01	   5.3540321e+01	   4.9167552e+01	   4.4671697e+01	   4.0233753e+01	   3.5925462e+01	   3.1762513e+01	
             NaN	             NaN	   1.0330590e+02	   1.0339608e+02	   1.0111801e+02	   9.5750853e+01	   8.9620341e+01	   8.3578214e+01	   7.7485963e+01	   7.3299176e+01	   7.0521069e+01	   6.8970668e+01	   6.9494092e+01	   7.1428675e+01	   7.2412787e+01	   7.3604812e+01	   7.4629127e+01	   7.4818861e+01	   7.5068936e+01	   7.5148329e+01	   7.4144920e+01	   7.1870711e+01	   6.9392659e+01	   6.6519071e+01	   6.3925152e+01	   6.1056548e+01	   5.7610138e+01	   5.3725138e+01	   4.9351452e+01	   4.5049020e+01	   4.0514086e+01	   3.6556656e+01	   3.2478835e+01	
             NaN	             NaN	   1.0271776e+02	   1.0282444e+02	   1.0051497e+02	   9.5081291e+01	   9.0209963e+01	   8.3532896e+01	   7.7189121e+01	   7.3159989e+01	   7.0291112e+01	   6.9025185e+01	   6.9166783e+01	   7.0117826e+01	   7.1568375e+01	   7.2656404e+01	   7.3367088e+01	   7.3891541e+01	   7.4313498e+01	   7.4360158e+01	   7.3355229e+01	   7.1102792e+01	   6.8906727e+01	   6.6170221e+01	   6.3960561e+01	   6.1173544e+01	   5.7896249e+01	   5.3794070e+01	   4.9670029e+01	   4.5640817e+01	   4.1289585e+01	   3.7277698e+01	   3.3278430e+01	
             NaN	             NaN	   1.0196209e+02	   1.0200127e+02	   9.9558381e+01	   9.5212670e+01	   8.9552391e+01	   8.3127554e+01	   7.7168614e+01	   7.2539403e+01	   7.0007287e+01	   6.8208258e+01	   6.8422168e+01	   6.9268777e+01	   7.0665793e+01	   7.1543272e+01	   7.2139080e+01	   7.2901816e+01	   7.3288232e+01	   7.3392863e+01	   7.2215838e+01	   7.0603308e+01	   6.8242351e+01	   6.5627041e+01	   6.3482823e+01	   6.0975648e+01	   5.7711096e+01	   5.3820350e+01	   4.9768505e+01	   4.5879329e+01	   4.1698640e+01	   3.7619454e+01	   3.3960647e+01	
             NaN	             NaN	   9.9811096e+01	   1.0120646e+02	   9.8491424e+01	   9.3694646e+01	   8.8494239e+01	   8.2816617e+01	   7.6912975e+01	   7.2414424e+01	   6.9548444e+01	   6.7752323e+01	   6.7495132e+01	   6.8661228e+01	   6.9797402e+01	   7.0970506e+01	   7.1519818e+01	   7.1974618e+01	   7.2434661e+01	   7.2382119e+01	   7.1835462e+01	   7.0056807e+01	   6.7851733e+01	   6.5456622e+01	   6.3255197e+01	   6.0755430e+01	   5.7496819e+01	   5.3914138e+01	   5.0203654e+01	   4.5995797e+01	   4.2037180e+01	   3.8169072e+01	   3.4412151e+01	
             NaN	             NaN	             NaN	   1.0139959e+02	   9.8832365e+01	   9.2883652e+01	   8.8705083e+01	   8.2590159e+01	   7.6735534e+01	   7.2630682e+01	   6.8963526e+01	   6.7002070e+01	   6.7407005e+01	   6.8083772e+01	   6.9201116e+01	   7.0019314e+01	   7.0437942e+01	   7.1373467e+01	   7.1696180e+01	   7.2048349e+01	   7.1242060e+01	   6.9450626e+01	   6.7336302e+01	   6.5089538e+01	   6.2897392e+01	   6.0916443e+01	   5.7590680e+01	   5.4046079e+01	   5.0255163e+01	   4.6191164e+01	   4.2151620e+01	   3.8481333e+01	   3.4768941e+01	
             NaN	             NaN	             NaN	   9.9833444e+01	   9.7241614e+01	   9.3313723e+01	   8.8074967e+01	   8.2287168e+01	   7.5951049e+01	   7.2286104e+01	   6.9040059e+01	   6.6768604e+01	   6.6486682e+01	   6.7500321e+01	   6.8276242e+01	   6.8974398e+01	   6.9559675e+01	   7.0355132e+01	   7.0887870e+01	   7.0894186e+01	   7.0167789e+01	   6.8566525e+01	   6.6830846e+01	   6.4376965e+01	   6.2351897e+01	   6.0291145e+01	   5.7257978e+01	   5.3831840e+01	   5.0023876e+01	   4.6203662e+01	   4.2577692e+01	   3.8680219e+01	   3.5503652e+01	
             NaN	             NaN	             NaN	   9.9166633e+01	   9.7393002e+01	   9.1966954e+01	   8.7073748e+01	   8.1464450e+01	   7.5552461e+01	   7.1781751e+01	   6.8218888e+01	   6.6222494e+01	   6.6192005e+01	   6.6477207e+01	   6.7485679e+01	   6.7765294e+01	   6.8815842e+01	   6.8936114e+01	   6.9578091e+01	   6.9760712e+01	   6.9411428e+01	   6.7882855e+01	   6.5915086e+01	   6.3829125e+01	   6.1987013e+01	   5.9944958e+01	   5.6901946e+01	   5.3603965e+01	   5.0148848e+01	   4.6368909e+01	   4.2800070e+01	   3.9122971e+01	   3.5617070e+01	
             NaN	             NaN	             NaN	   9.7356610e+01	   9.5274814e+01	   9.1447662e+01	   8.6750823e+01	   8.1062077e+01	   7.5394239e+01	   7.1000842e+01	   6.7992353e+01	   6.5654822e+01	   6.5385089e+01	   6.5915304e+01	   6.6559857e+01	   6.7364039e+01	   6.7658468e+01	   6.8284767e+01	   6.8740421e+01	   6.8827319e+01	   6.8138013e+01	   6.6904416e+01	   6.5272817e+01	   6.3085554e+01	   6.1672317e+01	   5.9414774e+01	   5.6704938e+01	   5.3577924e+01	   5.0249598e+01	   4.6301518e+01	   4.2848068e+01	   3.9200160e+01	   3.5926056e+01	
             NaN	             NaN	             NaN	   9.5991853e+01	   9.4373193e+01	   9.1401091e+01	   8.5661236e+01	   8.0586548e+01	   7.4662497e+01	   7.0569306e+01	   6.7067895e+01	   6.5406594e+01	   6.4660754e+01	   6.5302682e+01	   6.5395336e+01	   6.6029140e+01	   6.6995568e+01	   6.7337685e+01	   6.7707841e+01	   6.7880979e+01	   6.7517673e+01	   6.5885590e+01	   6.4308862e+01	   6.2432506e+01	   6.0872528e+01	   5.8975550e+01	   5.6579254e+01	   5.3511482e+01	   4.9941532e+01	   4.6296259e+01	   4.2719944e+01	   3.9261129e+01	   3.6181672e+01	
             NaN	             NaN	             NaN	             NaN	   9.2663163e+01	   9.0250722e+01	   8.5880202e+01	   8.0184914e+01	   7.4797567e+01	   7.0158062e+01	   6.6554851e+01	   6.4963818e+01	   6.4621060e+01	   6.4375128e+01	   6.4582680e+01	   6.5157311e+01	   6.5638592e+01	   6.6274616e+01	   6.6521755e+01	   6.6770427e+01	   6.6595519e+01	   6.5097570e+01	   6.3903302e+01	   6.1858397e+01	   6.0341546e+01	   5.8636017e+01	   5.6078303e+01	   5.3040274e+01	   4.9643598e+01	   4.6317107e+01	   4.2883762e+01	   3.9432697e+01	   3.6362955e+01	
             NaN	             NaN	             NaN	             NaN	   9.2306952e+01	   8.9230698e+01	   8.4650143e+01	   7.9317720e+01	   7.3358422e+01	   6.9358610e+01	   6.6431100e+01	   6.3992743e+01	   6.3346636e+01	   6.3569908e+01	   6.3949983e+01	   6.3923080e+01	   6.4755521e+01	   6.4700610e+01	   6.5588523e+01	   6.5608723e+01	   6.5431898e+01	   6.4259728e+01	   6.2875384e+01	   6.0769222e+01	   5.9365460e+01	   5.8037439e+01	   5.5459667e+01	   5.2699918e+01	   4.9368004e+01	   4.6163200e+01	   4.2874977e+01	   3.9609426e+01	   3.6392071e+01	
             NaN	             NaN	             NaN	             NaN	   9.0758403e+01	   8.7899704e+01	   8.3442118e+01	   7.8346641e+01	   7.2653676e+01	   6.8436850e+01	   6.5847628e+01	   6.3143052e+01	   6.2407062e+01	   6.2736035e+01	   6.2730078e+01	   6.2916773e+01	   6.3243478e+01	   6.3746659e+01	   6.3969293e+01	   6.4321931e+01	   6.4076803e+01	   6.3181165e+01	   6.1665416e+01	   5.9953145e+01	   5.8739542e+01	   5.7180890e+01	   5.4802844e+01	   5.2148112e+01	   4.9249335e+01	   4.5670718e+01	   4.2634136e+01	   3.9463004e+01	   3.6338269e+01	
             NaN	             NaN	             NaN	             NaN	   9.0030430e+01	   8.6221023e+01	   8.2725257e+01	   7.7420346e+01	   7.1880323e+01	   6.7883497e+01	   6.4767493e+01	   6.2248475e+01	   6.2039738e+01	   6.1718806e+01	   6.1701922e+01	   6.1583322e+01	   6.2134816e+01	   6.2291622e+01	   6.2917470e+01	   6.3130308e+01	   6.3083113e+01	   6.1944680e+01	   6.0496342e+01	   5.8986644e+01	   5.7831099e+01	   5.6359932e+01	   5.4175308e+01	   5.1682295e+01	   4.8471656e+01	   4.5400200e+01	   4.2250955e+01	   3.9273877e+01	   3.6367110e+01	
             NaN	             NaN	             NaN	             NaN	   8.8757507e+01	   8.5097633e+01	   8.1203933e+01	   7.6461892e+01	   7.1130192e+01	   6.7032997e+01	   6.3772006e+01	   6.1241473e+01	   6.0702554e+01	   6.0676397e+01	   6.0615649e+01	   6.1216094e+01	   6.0758734e+01	   6.1374941e+01	   6.1627206e+01	   6.1919558e+01	   6.1920291e+01	   6.1009703e+01	   5.9724708e+01	   5.8364784e+01	   5.7109075e+01	   5.5629061e+01	   5.3694001e+01	   5.1094696e+01	   4.8124687e+01	   4.4957294e+01	   4.2069981e+01	   3.9103493e+01	   3.6254837e+01	
             NaN	             NaN	             NaN	             NaN	             NaN	   8.3295067e+01	   8.0542566e+01	   7.5223054e+01	   7.0627677e+01	   6.6539319e+01	   6.3166462e+01	   6.0903131e+01	   5.9972766e+01	   5.9710325e+01	   5.9481499e+01	   5.9736781e+01	   5.9819383e+01	   6.0263909e+01	   6.0587989e+01	   6.0754453e+01	   6.0568236e+01	   5.9911654e+01	   5.8677771e+01	   5.7243635e+01	   5.6357190e+01	   5.5114793e+01	   5.2839342e+01	   5.0470956e+01	   4.7542063e+01	   4.4802025e+01	   4.1896697e+01	   3.8751144e+01	   3.6060605e+01	
             NaN	             NaN	             NaN	             NaN	             NaN	   8.3035543e+01	   7.9100799e+01	   7.4496280e+01	   6.9380719e+01	   6.5807467e+01	   6.2213299e+01	   6.0388783e+01	   5.8779263e+01	   5.8829522e+01	   5.8733977e+01	   5.8578376e+01	   5.8893169e+01	   5.8970877e+01	   5.9558381e+01	   5.9630337e+01	   5.9553401e+01	   5.8979655e+01	   5.7510740e+01	   5.6193331e+01	   5.5293550e+01	   5.4152191e+01	   5.2295983e+01	   4.9848978e+01	   4.7353057e+01	   4.4282567e+01	   4.1457324e+01	   3.8738763e+01	   3.5980027e+01	
             NaN	             NaN	             NaN	             NaN	             NaN	   8.1411377e+01	   7.8338748e+01	   7.3483563e+01	   6.8471774e+01	   6.4901053e+01	   6.1626834e+01	   5.9167934e+01	   5.7929245e+01	   5.7688743e+01	   5.7371330e+01	   5.7608735e+01	   5.7637514e+01	   5.7746680e+01	   5.8080216e+01	   5.8758951e+01	   5.8106816e+01	   5.7673626e+01	   5.6583273e+01	   5.5322272e+01	   5.4607079e+01	   5.3228107e+01	   5.1382974e+01	   4.9412945e+01	   4.6716354e+01	   4.3854621e+01	   4.1095493e+01	   3.8540013e+01	   3.5780997e+01	
             NaN	             NaN	             NaN	             NaN	             NaN	   8.0394759e+01	   7.7394712e+01	   7.2921659e+01	   6.7475560e+01	   6.4132801e+01	   6.0721631e+01	   5.8197681e+01	   5.7295795e+01	   5.6849303e+01	   5.7117351e+01	   5.6017850e+01	   5.6238130e+01	   5.6529135e+01	   5.6914166e+01	   5.7420201e+01	   5.7163959e+01	   5.6271907e+01	   5.5547688e+01	   5.4244053e+01	   5.3586782e+01	   5.2357864e+01	   5.0487704e+01	   4.8440647e+01	   4.6097656e+01	   4.3286061e+01	   4.0539178e+01	   3.8040198e+01	   3.5629546e+01	
             NaN	             NaN	             NaN	             NaN	             NaN	   7.8963187e+01	   7.5458897e+01	   7.1680941e+01	   6.6804427e+01	   6.3014167e+01	   5.9863268e+01	   5.7593847e+01	   5.6428290e+01	   5.6005041e+01	   5.5699254e+01	   5.5491702e+01	   5.5538904e+01	   5.5684981e+01	   5.5765787e+01	   5.6188290e+01	   5.6157961e+01	   5.5357843e+01	   5.4556836e+01	   5.3335081e+01	   5.2813882e+01	   5.1918856e+01	   5.0027879e+01	   4.7959934e+01	   4.5492293e+01	   4.3087428e+01	   4.0341743e+01	   3.7618324e+01	   3.5334855e+01	
             NaN	             NaN	             NaN	             NaN	             NaN	             NaN	   7.4917524e+01	   7.0632216e+01	   6.6081006e+01	   6.2130207e+01	   5.8937759e+01	   5.7052383e+01	   5.5470380e+01	   5.4835810e+01	   5.4716612e+01	   5.4592918e+01	   5.4470295e+01	   5.4518249e+01	   5.4764944e+01	   5.5148302e+01	   5.4853063e+01	   5.4291912e+01	   5.3759511e+01	   5.2623456e+01	   5.2004744e+01	   5.0912328e+01	   4.9262842e+01	   4.7403072e+01	   4.4949480e+01	   4.2512357e+01	   3.9920957e+01	   3.7458263e+01	   3.4953240e+01	
             NaN	             NaN	             NaN	             NaN	             NaN	             NaN	   7.2993684e+01	   6.9737753e+01	   6.5326333e+01	   6.1380246e+01	   5.8094039e+01	   5.6377132e+01	   5.4932369e+01	   5.4408107e+01	   5.3709131e+01	   5.3503271e+01	   5.3401519e+01	   5.3445286e+01	   5.3751911e+01	   5.3988351e+01	   5.4063313e+01	   5.3234326e+01	   5.2405767e+01	   5.1704094e+01	   5.0987480e+01	   5.0049387e+01	   4.8683956e+01	   4.6543828e+01	   4.4498306e+01	   4.2055199e+01	   3.9698517e+01	   3.7173716e+01	   3.4817034e+01	
   0.0000000e+00	             NaN	             NaN	             NaN	             NaN	             NaN	   7.3009285e+01	   6.8778353e+01	   6.4335206e+01	   6.0950275e+01	   5.7649620e+01	   5.5130023e+01	   5.3882503e+01	   5.3351031e+01	   5.2843140e+01	   5.2499027e+01	   5.2508856e+01	   5.2334942e+01	   5.2586284e+01	   5.2874730e+01	   5.2864655e+01	   5.2508431e+01	   5.1610751e+01	   5.0918626e+01	   4.9998271e+01	   4.9039317e+01	   4.7623897e+01	   4.5840991e+01	   4.3697984e+01	   4.1393153e+01	   3.9032801e+01	   3.6585550e+01	   3.4629407e+01	
   0.0000000e+00	             NaN	             NaN	             NaN	             NaN	             NaN	   7.1119759e+01	   6.7068419e+01	   6.3510540e+01	   6.0018393e+01	   5.6271355e+01	   5.3750446e+01	   5.2996915e+01	   5.2590082e+01	   5.1883706e+01	   5.1370769e+01	   5.1068019e+01	   5.1252365e+01	   5.1819310e+01	   5.1492431e+01	   5.1719453e+01	   5.1184701e+01	   5.0646261e+01	   4.9473473e+01	   4.9145360e+01	   4.8353482e+01	   4.6792387e+01	   4.5194440e+01	   4.3094988e+01	   4.0797350e+01	   3.8667007e+01	   3.6097597e+01	   3.4109152e+01	
   0.0000000e+00	             NaN	             NaN	             NaN	             NaN	             NaN	   7.0447483e+01	   6.6240010e+01	   6.2005472e+01	   5.8792499e+01	   5.5995105e+01	   5.3316420e+01	   5.2015071e+01	   5.1314896e+01	   5.0839711e+01	   5.0371000e+01	   5.0083289e+01	   5.0111171e+01	   5.0052614e+01	   5.0771093e+01	   5.0571188e+01	   5.0476545e+01	   4.9360849e+01	   4.8704038e+01	   4.7999209e+01	   4.7468544e+01	   4.6375578e+01	   4.4298962e+01	   4.2347756e+01	   4.0197764e+01	   3.8059179e+01	   3.5714981e+01	   3.3795295e+01	
   0.0000000e+00	             NaN	             NaN	             NaN	             NaN	             NaN	             NaN	   6.4696214e+01	   6.1325211e+01	   5.8385280e+01	   5.5128913e+01	   5.2582891e+01	   5.1669811e+01	   5.0526842e+01	   5.0174158e+01	   4.9602124e+01	   4.9158358e+01	   4.9295108e+01	   4.9403039e+01	   4.9423778e+01	   4.9643985e+01	   4.9113493e+01	   4.8240727e+01	   4.7716312e+01	   4.7560848e+01	   4.6703839e+01	   4.5405663e+01	   4.3615430e+01	   4.1499992e+01	   3.9514416e+01	   3.7369531e+01	   3.5319978e+01	   3.3291735e+01	
   0.0000000e+00	             NaN	             NaN	             NaN	             NaN	             NaN	             NaN	   6.4093398e+01	   6.0075241e+01	   5.6855360e+01	   5.4175138e+01	   5.1807472e+01	   5.0112490e+01	   4.9388892e+01	   4.8945812e+01	   4.8482910e+01	   4.8234678e+01	   4.7955443e+01	   4.8564907e+01	   4.8120267e+01	   4.8366930e+01	   4.7986883e+01	   4.7413808e+01	   4.6641777e+01	   4.6379204e+01	   4.5429125e+01	   4.4700574e+01	   4.2870666e+01	   4.0734152e+01	   3.8759548e+01	   3.6878675e+01	   3.4685762e+01	   3.2884390e+01	
   0.0000000e+00	   0.0000000e+00	             NaN	             NaN	             NaN	             NaN	             NaN	   6.3007819e+01	   5.9314242e+01	   5.5814790e+01	   5.3021594e+01	   5.0942735e+01	   4.9208841e+01	   4.9097315e+01	   4.8057528e+01	   4.7145857e+01	   4.7365385e+01	   4.7048898e+01	   4.7436262e+01	   4.7696385e+01	   4.7216008e+01	   4.7068606e+01	   4.6357212e+01	   4.5698711e+01	   4.5340981e+01	   4.4640197e+01	   4.3537656e+01	   4.1880947e+01	   4.0146621e+01	   3.8201027e+01	   3.6328803e+01	   3.4633758e+01	   3.2386736e+01	
   0.0000000e+00	   0.0000000e+00	             NaN	             NaN	             NaN	             NaN	             NaN	   6.1855728e+01	   5.8228190e+01	   5.4870095e+01	   5.2284130e+01	   5.0182995e+01	   4.8719432e+01	   4.7943776e+01	   4.7277201e+01	   4.6231833e+01	   4.6077265e+01	   4.6326919e+01	   4.6097464e+01	   4.6198173e+01	   4.6356636e+01	   4.5909628e+01	   4.5221057e+01	   4.4482339e+01	   4.4262824e+01	   4.3854216e+01	   4.2598174e+01	   4.1276156e+01	   3.9510296e+01	   3.7786042e+01	   3.5587175e+01	   3.3529548e+01	   3.1933249e+01	
   0.0000000e+00	   0.0000000e+00	             NaN	             NaN	             NaN	             NaN	             NaN	   6.0576625e+01	   5.6987479e+01	   5.4127982e+01	   5.0943500e+01	   4.8280580e+01	   4.7836192e+01	   4.6914582e+01	   4.6160811e+01	   4.5348350e+01	   4.5247148e+01	   4.4818730e+01	   4.5020308e+01	   4.5154039e+01	   4.5096637e+01	   4.4716072e+01	   4.4203185e+01	   4.3510784e+01	   4.3247698e+01	   4.2588194e+01	   4.1803919e+01	   4.0342855e+01	   3.8442432e+01	   3.6826623e+01	   3.5058027e+01	   3.3291752e+01	   3.1236325e+01	
   0.0000000e+00	   0.0000000e+00	             NaN	             NaN	             NaN	             NaN	             NaN	             NaN	   5.5594776e+01	   5.2922177e+01	   5.0211418e+01	   4.7747109e+01	   4.7001516e+01	   4.5804421e+01	   4.4728106e+01	   4.4303671e+01	   4.3861282e+01	   4.3623840e+01	   4.3888459e+01	   4.3964028e+01	   4.3863696e+01	   4.3656105e+01	   4.2941836e+01	   4.2549459e+01	   4.2267229e+01	   4.1610426e+01	   4.0758169e+01	   3.9385097e+01	   3.7683863e+01	   3.5962702e+01	   3.4229201e+01	   3.2337379e+01	   3.0796554e+01	
   0.0000000e+00	   0.0000000e+00	             NaN	             NaN	             NaN	             NaN	             NaN	             NaN	   5.4584558e+01	   5.1935282e+01	   4.8969520e+01	   4.6834398e+01	   4.5668235e+01	   4.4647579e+01	   4.3868891e+01	   4.3397151e+01	   4.2739957e+01	   4.2538302e+01	   4.2603093e+01	   4.2834814e+01	   4.2775005e+01	   4.2141284e+01	   4.1800266e+01	   4.1458321e+01	   4.1150336e+01	   4.0739605e+01	   3.9723309e+01	   3.8485949e+01	   3.6749440e+01	   3.5270100e+01	   3.3513300e+01	   3.1693593e+01	   3.0062732e+01	
   0.0000000e+00	   0.0000000e+00	   0.0000000e+00	             NaN	             NaN	             NaN	             NaN	             NaN	   5.3575497e+01	   5.1013943e+01	   4.8076028e+01	   4.6119388e+01	   4.5230112e+01	   4.4267185e+01	   4.3439531e+01	   4.2501716e+01	   4.2145934e+01	   4.2076946e+01	   4.1919741e+01	   4.1818189e+01	   4.1860556e+01	   4.1570206e+01	   4.1300077e+01	   4.0778123e+01	   4.0733200e+01	   3.9931236e+01	   3.9055504e+01	   3.7965654e+01	   3.6111825e+01	   3.4710727e+01	   3.2959185e+01	   3.1257621e+01	   2.9734581e+01	
   0.0000000e+00	   0.0000000e+00	   0.0000000e+00	             NaN	             NaN	             NaN	             NaN	             NaN	   5.2460168e+01	   5.0044226e+01	   4.7249358e+01	   4.5151639e+01	   4.4199681e+01	   4.3048802e+01	   4.2383025e+01	   4.1616113e+01	   4.1263529e+01	   4.0924186e+01	   4.0837248e+01	   4.0835268e+01	   4.0712018e+01	   4.0828916e+01	   4.0198165e+01	   3.9561240e+01	   3.9349617e+01	   3.8988672e+01	   3.7994474e+01	   3.7209470e+01	   3.5503503e+01	   3.3873805e+01	   3.2273840e+01	   3.0607877e+01	   2.9351555e+01	
   0.0000000e+00	   0.0000000e+00	   0.0000000e+00	             NaN	             NaN	             NaN	             NaN	             NaN	   5.1646357e+01	   4.8648000e+01	   4.6224528e+01	   4.4453846e+01	   4.2844281e+01	   4.1859149e+01	   4.1636762e+01	   4.0617493e+01	   4.0372347e+01	   3.9908943e+01	   3.9764043e+01	   4.0148873e+01	   4.0103085e+01	   3.9644128e+01	   3.9246543e+01	   3.8871167e+01	   3.8442828e+01	   3.8160223e+01	   3.7252875e+01	   3.6364862e+01	   3.4736435e+01	   3.3271185e+01	   3.1741467e+01	   3.0140182e+01	   2.8566281e+01	
   0.0000000e+00	   0.0000000e+00	   0.0000000e+00	             NaN	             NaN	             NaN	             NaN	             NaN	   5.0209411e+01	   4.7652647e+01	   4.5648311e+01	   4.3430908e+01	   4.2226128e+01	   4.1535603e+01	   4.0654668e+01	   3.9761336e+01	   3.9439551e+01	   3.9206167e+01	   3.8743440e+01	   3.9063939e+01	   3.8743340e+01	   3.8367925e+01	   3.8228464e+01	   3.7802871e+01	   3.7566472e+01	   3.7412172e+01	   3.6650245e+01	   3.5386603e+01	   3.4054888e+01	   3.2579804e+01	   3.1156017e+01	   2.9694906e+01	   2.8149832e+01	
   0.0000000e+00	   0.0000000e+00	   0.0000000e+00	             NaN	             NaN	             NaN	             NaN	             NaN	             NaN	   4.7309335e+01	   4.4054952e+01	   4.2745879e+01	   4.1676921e+01	   4.0799136e+01	   3.9731206e+01	   3.8862849e+01	   3.8327745e+01	   3.8043876e+01	   3.8219345e+01	   3.7830515e+01	   3.7749474e+01	   3.7740362e+01	   3.7234802e+01	   3.6755157e+01	   3.6698629e+01	   3.6359597e+01	   3.5711004e+01	   3.4466897e+01	   3.2921484e+01	   3.1892785e+01	   3.0326246e+01	   2.8955814e+01	   2.7535239e+01	
   0.0000000e+00	   0.0000000e+00	   0.0000000e+00	   0.0000000e+00	             NaN	             NaN	             NaN	             NaN	             NaN	   4.5932653e+01	   4.3483315e+01	   4.1429555e+01	   4.0374146e+01	   3.9528962e+01	   3.8704876e+01	   3.7856158e+01	   3.7366621e+01	   3.7236023e+01	   3.6913989e+01	   3.7059881e+01	   3.6763921e+01	   3.6597844e+01	   3.6067664e+01	   3.5844202e+01	   3.6105120e+01	   3.5521010e+01	   3.4720157e+01	   3.3702007e+01	   3.2311133e+01	   3.1145867e+01	   2.9592459e+01	   2.8435390e+01	   2.6951113e+01	
   0.0000000e+00	   0.0000000e+00	   0.0000000e+00	   0.0000000e+00	             NaN	             NaN	             NaN	             NaN	             NaN	   4.4360818e+01	   4.2750207e+01	   4.0721170e+01	   3.9847339e+01	   3.8435667e+01	   3.7539897e+01	   3.7094935e+01	   3.6353144e+01	   3.6150349e+01	   3.5917676e+01	   3.6087594e+01	   3.5628361e+01	   3.5973508e+01	   3.5068452e+01	   3.4921202e+01	   3.4696359e+01	   3.4462212e+01	   3.3792733e+01	   3.2803035e+01	   3.1417582e+01	   3.0371437e+01	   2.8851797e+01	   2.7504766e+01	   2.6458080e+01	
   0.0000000e+00	   0.0000000e+00	   0.0000000e+00	   0.0000000e+00	             NaN	             NaN	             NaN	             NaN	             NaN	   4.4047517e+01	   4.1709213e+01	   3.9658147e+01	   3.8786052e+01	   3.8033734e+01	   3.6915312e+01	   3.5991227e+01	   3.5735248e+01	   3.4777557e+01	   3.5095206e+01	   3.5097708e+01	   3.4859509e+01	   3.4847161e+01	   3.4354490e+01	   3.3830374e+01	   3.3796615e+01	   3.3728491e+01	   3.2967745e+01	   3.1900549e+01	   3.0818043e+01	   2.9661043e+01	   2.8239758e+01	   2.6906502e+01	   2.5711473e+01	
   0.0000000e+00	   0.0000000e+00	   0.0000000e+00	   0.0000000e+00	             NaN	             NaN	             NaN	             NaN	             NaN	   4.2985136e+01	   4.0797606e+01	   3.8763273e+01	   3.7659841e+01	   3.6873067e+01	   3.5945072e+01	   3.5220934e+01	   3.4626826e+01	   3.4058810e+01	   3.4195789e+01	   3.3974615e+01	   3.4153354e+01	   3.3890160e+01	   3.3543175e+01	   3.3329787e+01	   3.2991024e+01	   3.2932308e+01	   3.2096191e+01	   3.1280457e+01	   3.0030498e+01	   2.8727179e+01	   2.7493113e+01	   2.6466224e+01	   2.5238333e+01	
   0.0000000e+00	   0.0000000e+00	   0.0000000e+00	   0.0000000e+00	             NaN	             NaN	             NaN	             NaN	             NaN	             NaN	   3.9674301e+01	   3.8007939e+01	   3.6993236e+01	   3.6104323e+01	   3.5265063e+01	   3.4557743e+01	   3.3921101e+01	   3.3280855e+01	   3.3178789e+01	   3.3555340e+01	   3.2948337e+01	   3.2978192e+01	   3.2503779e+01	   3.2137254e+01	   3.2156560e+01	   3.2048653e+01	   3.1252263e+01	   3.0468636e+01	   2.9276025e+01	   2.8255569e+01	   2.6898699e+01	   2.5738506e+01	   2.4693679e+01	
   0.0000000e+00	   0.0000000e+00	   0.0000000e+00	   0.0000000e+00	             NaN	             NaN	             NaN	             NaN	             NaN	             NaN	   3.8848168e+01	   3.6883044e+01	   3.6043490e+01	   3.5155476e+01	   3.4589972e+01	   3.3633811e+01	   3.2819724e+01	   3.2609000e+01	   3.2431403e+01	   3.2455465e+01	   3.2440314e+01	   3.1888019e+01	   3.1732317e+01	   3.1324351e+01	   3.1296455e+01	   3.1062814e+01	   3.0485222e+01	   2.9535270e+01	   2.8574088e+01	   2.7620426e+01	   2.6233394e+01	   2.5148026e+01	   2.4153357e+01	
   0.0000000e+00	   0.0000000e+00	   0.0000000e+00	   0.0000000e+00	   0.0000000e+00	             NaN	             NaN	             NaN	             NaN	             NaN	   3.7845300e+01	   3.6174545e+01	   3.4870551e+01	   3.4132177e+01	   3.3434264e+01	   3.2617553e+01	   3.2208971e+01	   3.1837964e+01	   3.1568757e+01	   3.1423631e+01	   3.1502128e+01	   3.1189090e+01	   3.0638073e+01	   3.0463462e+01	   3.0451135e+01	   3.0150064e+01	   2.9621040e+01	   2.8849514e+01	   2.7768211e+01	   2.6544340e+01	   2.5444328e+01	   2.4414278e+01	   2.3613516e+01	
   0.0000000e+00	   0.0000000e+00	   0.0000000e+00	   0.0000000e+00	   0.0000000e+00	             NaN	             NaN	             NaN	             NaN	             NaN	   3.6650411e+01	   3.5663596e+01	   3.4224569e+01	   3.3596711e+01	   3.2426650e+01	   3.1873738e+01	   3.1255780e+01	   3.0755018e+01	   3.0514199e+01	   3.0497131e+01	   3.0433853e+01	   3.0344919e+01	   3.0001343e+01	   2.9715077e+01	   2.9380874e+01	   2.9445864e+01	   2.8723378e+01	   2.8170854e+01	   2.7031139e+01	   2.5962830e+01	   2.4931122e+01	   2.3947944e+01	   2.2840794e+01	
   0.0000000e+00	   0.0000000e+00	   0.0000000e+00	   0.0000000e+00	   0.0000000e+00	             NaN	             NaN	             NaN	             NaN	             NaN	   3.5732112e+01	   3.4425300e+01	   3.3764315e+01	   3.2457148e+01	   3.1814552e+01	   3.0770498e+01	   3.0211077e+01	   3.0070629e+01	   2.9596397e+01	   2.9542510e+01	   2.9618677e+01	   2.9228681e+01	   2.8965246e+01	   2.8922609e+01	   2.8768399e+01	   2.8588982e+01	   2.7988959e+01	   2.7416885e+01	   2.6363170e+01	   2.5342359e+01	   2.4158220e+01	   2.3234112e+01	   2.2437367e+01	
   0.0000000e+00	   0.0000000e+00	   0.0000000e+00	   0.0000000e+00	   0.0000000e+00	             NaN	             NaN	             NaN	             NaN	             NaN	             NaN	   3.3494542e+01	   3.2127739e+01	   3.1464908e+01	   3.1176739e+01	   3.0077548e+01	   2.9915250e+01	   2.9042425e+01	   2.8889924e+01	   2.8901541e+01	   2.8813927e+01	   2.8297040e+01	   2.8119194e+01	   2.7808851e+01	   2.8014254e+01	   2.7876391e+01	   2.7342202e+01	   2.6501938e+01	   2.5581905e+01	   2.4652770e+01	   2.3658131e+01	   2.2552267e+01	   2.1727813e+01	
   0.0000000e+00	   0.0000000e+00	   0.0000000e+00	   0.0000000e+00	   0.0000000e+00	             NaN	             NaN	             NaN	             NaN	             NaN	             NaN	   3.2838383e+01	   3.1837083e+01	   3.0867809e+01	   2.9902926e+01	   2.9221074e+01	   2.8707264e+01	   2.8464858e+01	   2.7962081e+01	   2.7971153e+01	   2.7962822e+01	   2.7814230e+01	   2.7569188e+01	   2.7194927e+01	   2.7012693e+01	   2.6844238e+01	   2.6361070e+01	   2.5731533e+01	   2.4738095e+01	   2.4076142e+01	   2.2936245e+01	   2.1991354e+01	   2.1374686e+01	
   0.0000000e+00	   0.0000000e+00	   0.0000000e+00	   0.0000000e+00	   0.0000000e+00	   0.0000000e+00	             NaN	             NaN	             NaN	             NaN	             NaN	   3.2200254e+01	   3.0831578e+01	   3.0191383e+01	   2.9284310e+01	   2.8333271e+01	   2.8228259e+01	   2.7628746e+01	   2.7181919e+01	   2.7197005e+01	   2.7095962e+01	   2.6943984e+01	   2.6658896e+01	   2.6489406e+01	   2.6379721e+01	   2.6221909e+01	   2.5637560e+01	   2.5132935e+01	   2.4236343e+01	   2.3249061e+01	   2.2432365e+01	   2.1512863e+01	   2.0483461e+01	
   0.0000000e+00	   0.0000000e+00	   0.0000000e+00	   0.0000000e+00	   0.0000000e+00	   0.0000000e+00	             NaN	             NaN	             NaN	             NaN	             NaN	   3.1186532e+01	   3.0415018e+01	   2.9137898e+01	   2.8371681e+01	   2.7879069e+01	   2.7275036e+01	   2.7080537e+01	   2.6634835e+01	   2.6335517e+01	   2.6232700e+01	   2.6151987e+01	   2.6101833e+01	   2.5473939e+01	   2.5760239e+01	   2.5489771e+01	   2.5014782e+01	   2.4531952e+01	   2.3628837e+01	   2.2718548e+01	   2.1676726e+01	   2.0827020e+01	   2.0007228e+01	
   0.0000000e+00	   0.0000000e+00	   0.0000000e+00	   0.0000000e+00	   0.0000000e+00	   0.0000000e+00	             NaN	             NaN	             NaN	             NaN	             NaN	   3.0359535e+01	   2.9128734e+01	   2.8560669e+01	   2.7876296e+01	   2.7039255e+01	   2.6505755e+01	   2.6061899e+01	   2.5896153e+01	   2.5886162e+01	   2.5588669e+01	   2.5465323e+01	   2.5098979e+01	   2.4921701e+01	   2.4894032e+01	   2.4625845e+01	   2.4316579e+01	   2.3595935e+01	   2.2723327e+01	   2.2056438e+01	   2.1161378e+01	   2.0374409e+01	   1.9393032e+01	
   0.0000000e+00	   0.0000000e+00	   0.0000000e+00	   0.0000000e+00	   0.0000000e+00	   0.0000000e+00	             NaN	             NaN	             NaN	             NaN	             NaN	             NaN	   2.8464685e+01	   2.8104499e+01	   2.6982618e+01	   2.6173803e+01	   2.5998808e+01	   2.5219522e+01	   2.5067076e+01	   2.5033355e+01	   2.4929036e+01	   2.4301924e+01	   2.4463635e+01	   2.4149379e+01	   2.4185410e+01	   2.4062374e+01	   2.3690036e+01	   2.2942551e+01	   2.2049575e+01	   2.1336895e+01	   2.0502201e+01	   1.9716346e+01	   1.8983679e+01	
   0.0000000e+00	   0.0000000e+00	   0.0000000e+00	   0.0000000e+00	   0.0000000e+00	   0.0000000e+00	             NaN	             NaN	             NaN	             NaN	             NaN	             NaN	   2.7595749e+01	   2.6672268e+01	   2.6541483e+01	   2.5534352e+01	   2.5091925e+01	   2.4564948e+01	   2.4435727e+01	   2.4184035e+01	   2.4168335e+01	   2.3833759e+01	   2.3673823e+01	   2.3238831e+01	   2.3450990e+01	   2.3319413e+01	   2.2989738e+01	   2.2262240e+01	   2.1479851e+01	   2.0737922e+01	   2.0060538e+01	   1.9345270e+01	   1.8513462e+01	
   0.0000000e+00	   0.0000000e+00	   0.0000000e+00	   0.0000000e+00	   0.0000000e+00	   0.0000000e+00	   0.0000000e+00	             NaN	             NaN	             NaN	             NaN	             NaN	   2.7290327e+01	   2.6412529e+01	   2.5636412e+01	   2.4930350e+01	   2.4482074e+01	   2.4019570e+01	   2.3558968e+01	   2.3473907e+01	   2.3073611e+01	   2.3201524e+01	   2.3179282e+01	   2.2759624e+01	   2.2810032e+01	   2.2628585e+01	   2.2282093e+01	   2.1595589e+01	   2.0888484e+01	   2.0180310e+01	   1.9354528e+01	   1.8677362e+01	   1.8121397e+01	
   0.0000000e+00	   0.0000000e+00	   0.0000000e+00	   0.0000000e+00	   0.0000000e+00	   0.0000000e+00	   0.0000000e+00	             NaN	             NaN	             NaN	             NaN	             NaN	   2.6460740e+01	   2.5815554e+01	   2.4880074e+01	   2.4149221e+01	   2.3748364e+01	   2.3285154e+01	   2.2861794e+01	   2.2737409e+01	   2.2734730e+01	   2.2366624e+01	   2.2062130e+01	   2.1969072e+01	   2.1904449e+01	   2.1897729e+01	   2.1618228e+01	   2.1037465e+01	   2.0105108e+01	   1.9488267e+01	   1.8839635e+01	   1.8132917e+01	   1.7410941e+01	
   0.0000000e+00	   0.0000000e+00	   0.0000000e+00	   0.0000000e+00	   0.0000000e+00	   0.0000000e+00	   0.0000000e+00	             NaN	             NaN	             NaN	             NaN	             NaN	   2.5458574e+01	   2.4393661e+01	   2.3949976e+01	   2.3392491e+01	   2.3053117e+01	   2.2525116e+01	   2.2318762e+01	   2.2073299e+01	   2.1859963e+01	   2.1806024e+01	   2.1479225e+01	   2.1432346e+01	   2.1216905e+01	   2.1255282e+01	   2.0780144e+01	   2.0399516e+01	   1.9567782e+01	   1.8911837e+01	   1.8313259e+01	   1.7676272e+01	   1.6821435e+01	
   0.0000000e+00	   0.0000000e+00	   0.0000000e+00	   0.0000000e+00	   0.0000000e+00	   0.0000000e+00	   0.0000000e+00	             NaN	             NaN	             NaN	             NaN	             NaN	             NaN	   2.4241831e+01	   2.3284830e+01	   2.2644050e+01	   2.2328642e+01	   2.1893058e+01	   2.1588880e+01	   2.1337777e+01	   2.1235676e+01	   2.1117834e+01	   2.0812538e+01	   2.0579282e+01	   2.0590443e+01	   2.0623940e+01	   2.0056268e+01	   1.9738075e+01	   1.8985232e+01	   1.8320478e+01	   1.7572253e+01	   1.7027487e+01	   1.6339059e+01	
   0.0000000e+00	   0.0000000e+00	   0.0000000e+00	   0.0000000e+00	   0.0000000e+00	   0.0000000e+00	   0.0000000e+00	             NaN	             NaN	             NaN	             NaN	             NaN	             NaN	   2.3588872e+01	   2.2576913e+01	   2.1833048e+01	   2.1500619e+01	   2.1056503e+01	   2.0847861e+01	   2.0661141e+01	   2.0574842e+01	   2.0536602e+01	   2.0185124e+01	   1.9887088e+01	   2.0049817e+01	   1.9819553e+01	   1.9385308e+01	   1.8894590e+01	   1.8213465e+01	   1.7767222e+01	   1.7016725e+01	   1.6445933e+01	   1.5803383e+01	
   0.0000000e+00	   0.0000000e+00	   0.0000000e+00	   0.0000000e+00	   0.0000000e+00	   0.0000000e+00	   0.0000000e+00	   0.0000000e+00	             NaN	             NaN	             NaN	             NaN	             NaN	   2.2809968e+01	   2.2096081e+01	   2.1302557e+01	   2.0962641e+01	   2.0515800e+01	   2.0249515e+01	   2.0114800e+01	   1.9651860e+01	   1.9692324e+01	   1.9377494e+01	   1.9275947e+01	   1.9325011e+01	   1.9207398e+01	   1.8986909e+01	   1.8322232e+01	   1.7675249e+01	   1.7251775e+01	   1.6454795e+01	   1.5957181e+01	   1.5359497e+01	
   0.0000000e+00	   0.0000000e+00	   0.0000000e+00	   0.0000000e+00	   0.0000000e+00	   0.0000000e+00	   0.0000000e+00	   0.0000000e+00	             NaN	             NaN	             NaN	             NaN	             NaN	   2.1972952e+01	   2.1464439e+01	   2.0920904e+01	   2.0476012e+01	   2.0010063e+01	   2.0014624e+01	   1.9478131e+01	   1.9453457e+01	   1.9276886e+01	   1.8997072e+01	   1.8681295e+01	   1.8716792e+01	   1.8790285e+01	   1.8329851e+01	   1.7825542e+01	   1.7130195e+01	   1.6574131e+01	   1.6024100e+01	   1.5550441e+01	   1.4928446e+01	
   0.0000000e+00	   0.0000000e+00	   0.0000000e+00	   0.0000000e+00	   0.0000000e+00	   0.0000000e+00	   0.0000000e+00	   0.0000000e+00	             NaN	             NaN	             NaN	             NaN	             NaN	   2.1465963e+01	   2.0998391e+01	   2.0098868e+01	   1.9816666e+01	   1.9653454e+01	   1.9074062e+01	   1.8870021e+01	   1.8470425e+01	   1.8541678e+01	   1.8269256e+01	   1.8165371e+01	   1.8118579e+01	   1.7929604e+01	   1.7923004e+01	   1.7093545e+01	   1.6720448e+01	   1.6233882e+01	   1.5667090e+01	   1.5213933e+01	   1.4527529e+01	
   0.0000000e+00	   0.0000000e+00	   0.0000000e+00	   0.0000000e+00	   0.0000000e+00	   0.0000000e+00	   0.0000000e+00	   0.0000000e+00	             NaN	             NaN	             NaN	             NaN	             NaN	             NaN	   2.0493089e+01	   1.9670212e+01	   1.9254524e+01	   1.8874485e+01	   1.8393527e+01	   1.8371020e+01	   1.8064032e+01	   1.8058808e+01	   1.7595409e+01	   1.7676518e+01	   1.7623039e+01	   1.7511142e+01	   1.7225539e+01	   1.6755891e+01	   1.6149685e+01	   1.5756480e+01	   1.5165545e+01	   1.4689026e+01	   1.4212813e+01	
   0.0000000e+00	   0.0000000e+00	   0.0000000e+00	   0.0000000e+00	   0.0000000e+00	   0.0000000e+00	   0.0000000e+00	   0.0000000e+00	             NaN	             NaN	             NaN	             NaN	             NaN	             NaN	   1.9625342e+01	   1.9184267e+01	   1.8564500e+01	   1.8089756e+01	   1.8007478e+01	   1.7693422e+01	   1.7683358e+01	   1.7416991e+01	   1.7285090e+01	   1.7084597e+01	   1.7037941e+01	   1.6895227e+01	   1.6565054e+01	   1.6248340e+01	   1.5706361e+01	   1.5250492e+01	   1.4498219e+01	   1.4077290e+01	   1.3699752e+01	
   0.0000000e+00	   0.0000000e+00	   0.0000000e+00	   0.0000000e+00	   0.0000000e+00	   0.0000000e+00	   0.0000000e+00	   0.0000000e+00	   0.0000000e+00	             NaN	             NaN	             NaN	             NaN	             NaN	   1.9161734e+01	   1.8495673e+01	   1.7957393e+01	   1.7649473e+01	   1.7424024e+01	   1.7175797e+01	   1.6945937e+01	   1.6739162e+01	   1.6520652e+01	   1.6522522e+01	   1.6631993e+01	   1.6431977e+01	   1.5999610e+01	   1.5601600e+01	   1.5176905e+01	   1.4521379e+01	   1.4068007e+01	   1.3584472e+01	   1.3176852e+01	
   0.0000000e+00	   0.0000000e+00	   0.0000000e+00	   0.0000000e+00	   0.0000000e+00	   0.0000000e+00	   0.0000000e+00	   0.0000000e+00	   0.0000000e+00	             NaN	             NaN	             NaN	             NaN	             NaN	   1.8579274e+01	   1.7915996e+01	   1.7210125e+01	   1.7408403e+01	   1.6954396e+01	   1.6658997e+01	   1.6433794e+01	   1.6407315e+01	   1.6214669e+01	   1.5950102e+01	   1.5873527e+01	   1.6028824e+01	   1.5533899e+01	   1.5154530e+01	   1.4663078e+01	   1.4164126e+01	   1.3721053e+01	   1.3215999e+01	   1.2887150e+01	
   0.0000000e+00	   0.0000000e+00	   0.0000000e+00	   0.0000000e+00	   0.0000000e+00	   0.0000000e+00	   0.0000000e+00	   0.0000000e+00	   0.0000000e+00	             NaN	             NaN	             NaN	             NaN	             NaN	   1.7985322e+01	   1.7241693e+01	   1.6985122e+01	   1.6475075e+01	   1.6585814e+01	   1.6350257e+01	   1.5964732e+01	   1.5837830e+01	   1.5419387e+01	   1.5405527e+01	   1.5427696e+01	   1.5404261e+01	   1.5084372e+01	   1.4744148e+01	   1.4102168e+01	   1.3871277e+01	   1.3364762e+01	   1.2897146e+01	   1.2333021e+01	
   0.0000000e+00	   0.0000000e+00	   0.0000000e+00	   0.0000000e+00	   0.0000000e+00	   0.0000000e+00	   0.0000000e+00	   0.0000000e+00	   0.0000000e+00	             NaN	             NaN	             NaN	             NaN	             NaN	             NaN	   1.6815676e+01	   1.6381312e+01	   1.6280033e+01	   1.5828789e+01	   1.5608988e+01	   1.5406967e+01	   1.5232071e+01	   1.5238185e+01	   1.4859260e+01	   1.4901396e+01	   1.4778542e+01	   1.4624461e+01	   1.4115687e+01	   1.3666215e+01	   1.3441747e+01	   1.2958904e+01	   1.2513636e+01	   1.2060148e+01	
   0.0000000e+00	   0.0000000e+00	   0.0000000e+00	   0.0000000e+00	   0.0000000e+00	   0.0000000e+00	   0.0000000e+00	   0.0000000e+00	   0.0000000e+00	             NaN	             NaN	             NaN	             NaN	             NaN	             NaN	   1.6504031e+01	   1.6084207e+01	   1.5596447e+01	   1.5507514e+01	   1.5208089e+01	   1.5033781e+01	   1.4663122e+01	   1.4542848e+01	   1.4400896e+01	   1.4398500e+01	   1.4316100e+01	   1.4143608e+01	   1.3758321e+01	   1.3349035e+01	   1.2814503e+01	   1.2272917e+01	   1.1960397e+01	   1.1711509e+01	
   0.0000000e+00	   0.0000000e+00	   0.0000000e+00	   0.0000000e+00	   0.0000000e+00	   0.0000000e+00	   0.0000000e+00	   0.0000000e+00	   0.0000000e+00	   0.0000000e+00	             NaN	             NaN	             NaN	             NaN	             NaN	   1.5794057e+01	   1.5442941e+01	   1.5179977e+01	   1.4942709e+01	   1.4725605e+01	   1.4606582e+01	   1.4354420e+01	   1.3959793e+01	   1.3984323e+01	   1.3892065e+01	   1.3786169e+01	   1.3637929e+01	   1.3242394e+01	   1.2786019e+01	   1.2358845e+01	   1.1944058e+01	   1.1680263e+01	   1.1131122e+01	
