  -1.6634283e+01	  -2.3841778e+01	  -1.9133345e+01	             NaN	             NaN	             NaN	             NaN	             NaN	             NaN	             NaN	             NaN	             NaN	             NaN	             NaN	   0.0000000e+00	   0.0000000e+00	   0.0000000e+00	   0.0000000e+00	   0.0000000e+00	   0.0000000e+00	   0.0000000e+00	   0.0000000e+00	   0.0000000e+00	   0.0000000e+00	   0.0000000e+00	   0.0000000e+00	   0.0000000e+00	   0.0000000e+00	   0.0000000e+00	   0.0000000e+00	   0.0000000e+00	   0.0000000e+00	   0.0000000e+00	
  -1.7186907e+01	  -1.7974829e+01	  -1.7902874e+01	             NaN	             NaN	             NaN	             NaN	             NaN	             NaN	             NaN	             NaN	             NaN	             NaN	             NaN	   0.0000000e+00	   0.0000000e+00	   0.0000000e+00	   0.0000000e+00	   0.0000000e+00	   0.0000000e+00	   0.0000000e+00	   0.0000000e+00	   0.0000000e+00	   0.0000000e+00	   0.0000000e+00	   0.0000000e+00	   0.0000000e+00	   0.0000000e+00	   0.0000000e+00	   0.0000000e+00	   0.0000000e+00	   0.0000000e+00	   0.0000000e+00	
  -1.4123842e+01	  -1.5861493e+01	  -1.5099452e+01	             NaN	             NaN	             NaN	             NaN	             NaN	             NaN	             NaN	             NaN	             NaN	             NaN	             NaN	   0.0000000e+00	   0.0000000e+00	   0.0000000e+00	   0.0000000e+00	   0.0000000e+00	   0.0000000e+00	   0.0000000e+00	   0.0000000e+00	   0.0000000e+00	   0.0000000e+00	   0.0000000e+00	   0.0000000e+00	   0.0000000e+00	   0.0000000e+00	   0.0000000e+00	   0.0000000e+00	   0.0000000e+00	   0.0000000e+00	   0.0000000e+00	
  -1.0311169e+01	  -1.4348482e+01	  -1.2355864e+01	  -7.3409934e+00	             NaN	             NaN	             NaN	             NaN	             NaN	             NaN	             NaN	             NaN	             NaN	             NaN	             NaN	   0.0000000e+00	   0.0000000e+00	   0.0000000e+00	   0.0000000e+00	   0.0000000e+00	   0.0000000e+00	   0.0000000e+00	   0.0000000e+00	   0.0000000e+00	   0.0000000e+00	   0.0000000e+00	   0.0000000e+00	   0.0000000e+00	   0.0000000e+00	   0.0000000e+00	   0.0000000e+00	   0.0000000e+00	   0.0000000e+00	
  -9.5374379e+00	  -1.1645184e+01	  -8.7482064e+00	  -4.7656011e+00	             NaN	             NaN	             NaN	             NaN	             NaN	             NaN	             NaN	             NaN	             NaN	             NaN	             NaN	   0.0000000e+00	   0.0000000e+00	   0.0000000e+00	   0.0000000e+00	   0.0000000e+00	   0.0000000e+00	   0.0000000e+00	   0.0000000e+00	   0.0000000e+00	   0.0000000e+00	   0.0000000e+00	   0.0000000e+00	   0.0000000e+00	   0.0000000e+00	   0.0000000e+00	   0.0000000e+00	   0.0000000e+00	   0.0000000e+00	
  -6.3250593e+00	  -8.5735248e+00	  -7.0361677e+00	  -3.4680985e+00	   1.0535834e-01	             NaN	             NaN	             NaN	             NaN	             NaN	             NaN	             NaN	             NaN	             NaN	             NaN	             NaN	   0.0000000e+00	   0.0000000e+00	   0.0000000e+00	   0.0000000e+00	   0.0000000e+00	   0.0000000e+00	   0.0000000e+00	   0.0000000e+00	   0.0000000e+00	   0.0000000e+00	   0.0000000e+00	   0.0000000e+00	   0.0000000e+00	   0.0000000e+00	   0.0000000e+00	   0.0000000e+00	   0.0000000e+00	
  -6.8712987e+00	  -7.3934293e+00	  -5.6380401e+00	  -2.6739267e+00	   4.1166517e-01	             NaN	             NaN	             NaN	             NaN	             NaN	             NaN	             NaN	             NaN	             NaN	             NaN	             NaN	   0.0000000e+00	   0.0000000e+00	   0.0000000e+00	   0.0000000e+00	   0.0000000e+00	   0.0000000e+00	   0.0000000e+00	   0.0000000e+00	   0.0000000e+00	   0.0000000e+00	   0.0000000e+00	   0.0000000e+00	   0.0000000e+00	   0.0000000e+00	   0.0000000e+00	   0.0000000e+00	   0.0000000e+00	
  -4.4596858e+00	  -4.8026156e+00	  -4.4507301e+00	  -2.0229089e+00	   1.1903107e+00	             NaN	             NaN	             NaN	             NaN	             NaN	             NaN	             NaN	             NaN	             NaN	             NaN	             NaN	   0.0000000e+00	   0.0000000e+00	   0.0000000e+00	   0.0000000e+00	   0.0000000e+00	   0.0000000e+00	   0.0000000e+00	   0.0000000e+00	   0.0000000e+00	   0.0000000e+00	   0.0000000e+00	   0.0000000e+00	   0.0000000e+00	   0.0000000e+00	   0.0000000e+00	   0.0000000e+00	   0.0000000e+00	
  -3.7439441e+00	  -3.8001782e+00	  -3.3153979e+00	  -1.0702707e+00	   1.3262862e+00	   3.2995622e+00	             NaN	             NaN	             NaN	             NaN	             NaN	             NaN	             NaN	             NaN	             NaN	             NaN	             NaN	   0.0000000e+00	   0.0000000e+00	   0.0000000e+00	   0.0000000e+00	   0.0000000e+00	   0.0000000e+00	   0.0000000e+00	   0.0000000e+00	   0.0000000e+00	   0.0000000e+00	   0.0000000e+00	   0.0000000e+00	   0.0000000e+00	   0.0000000e+00	   0.0000000e+00	   0.0000000e+00	
  -2.1261262e+00	  -3.0120758e+00	  -1.9199465e+00	  -9.6194788e-02	   2.1957998e+00	   3.6380178e+00	             NaN	             NaN	             NaN	             NaN	             NaN	             NaN	             NaN	             NaN	             NaN	             NaN	             NaN	   0.0000000e+00	   0.0000000e+00	   0.0000000e+00	   0.0000000e+00	   0.0000000e+00	   0.0000000e+00	   0.0000000e+00	   0.0000000e+00	   0.0000000e+00	   0.0000000e+00	   0.0000000e+00	   0.0000000e+00	   0.0000000e+00	   0.0000000e+00	   0.0000000e+00	   0.0000000e+00	
  -2.7847713e+00	  -2.2218732e+00	  -8.7119401e-01	   9.7395407e-01	   2.7550440e+00	   4.1221539e+00	   5.0432124e+00	             NaN	             NaN	             NaN	             NaN	             NaN	             NaN	             NaN	             NaN	             NaN	             NaN	             NaN	   0.0000000e+00	   0.0000000e+00	   0.0000000e+00	   0.0000000e+00	   0.0000000e+00	   0.0000000e+00	   0.0000000e+00	   0.0000000e+00	   0.0000000e+00	   0.0000000e+00	   0.0000000e+00	   0.0000000e+00	   0.0000000e+00	   0.0000000e+00	   0.0000000e+00	
   6.3680446e-01	  -1.1501832e+00	   1.3365081e-01	   1.6627170e+00	   3.2450397e+00	   4.5535841e+00	   5.8791251e+00	             NaN	             NaN	             NaN	             NaN	             NaN	             NaN	             NaN	             NaN	             NaN	             NaN	             NaN	   0.0000000e+00	   0.0000000e+00	   0.0000000e+00	   0.0000000e+00	   0.0000000e+00	   0.0000000e+00	   0.0000000e+00	   0.0000000e+00	   0.0000000e+00	   0.0000000e+00	   0.0000000e+00	   0.0000000e+00	   0.0000000e+00	   0.0000000e+00	   0.0000000e+00	
   3.0698277e-01	   4.9020062e-01	   6.5033442e-01	   2.2995486e+00	   3.8739078e+00	   4.9031185e+00	   6.2053010e+00	             NaN	             NaN	             NaN	             NaN	             NaN	             NaN	             NaN	             NaN	             NaN	             NaN	             NaN	   0.0000000e+00	   0.0000000e+00	   0.0000000e+00	   0.0000000e+00	   0.0000000e+00	   0.0000000e+00	   0.0000000e+00	   0.0000000e+00	   0.0000000e+00	   0.0000000e+00	   0.0000000e+00	   0.0000000e+00	   0.0000000e+00	   0.0000000e+00	   0.0000000e+00	
   1.5607517e+00	   8.9254176e-01	   2.0198315e+00	   3.0830260e+00	   4.2070811e+00	   5.3375718e+00	   6.5738303e+00	   7.2626015e+00	             NaN	             NaN	             NaN	             NaN	             NaN	             NaN	             NaN	             NaN	             NaN	             NaN	             NaN	   0.0000000e+00	   0.0000000e+00	   0.0000000e+00	   0.0000000e+00	   0.0000000e+00	   0.0000000e+00	   0.0000000e+00	   0.0000000e+00	   0.0000000e+00	   0.0000000e+00	   0.0000000e+00	   0.0000000e+00	   0.0000000e+00	   0.0000000e+00	
   2.3412892e+00	   1.1529028e+00	   1.7210214e+00	   3.4530577e+00	   4.5381700e+00	   5.9267773e+00	   6.6348928e+00	   7.5729313e+00	             NaN	             NaN	             NaN	             NaN	             NaN	             NaN	             NaN	             NaN	             NaN	             NaN	             NaN	   0.0000000e+00	   0.0000000e+00	   0.0000000e+00	   0.0000000e+00	   0.0000000e+00	   0.0000000e+00	   0.0000000e+00	   0.0000000e+00	   0.0000000e+00	   0.0000000e+00	   0.0000000e+00	   0.0000000e+00	   0.0000000e+00	   0.0000000e+00	
   1.5433833e+00	   1.9167393e+00	   2.6606880e+00	   4.0209566e+00	   5.2156530e+00	   5.8751617e+00	   6.7976002e+00	   8.0528431e+00	   7.5315879e+00	             NaN	             NaN	             NaN	             NaN	             NaN	             NaN	             NaN	             NaN	             NaN	             NaN	             NaN	   0.0000000e+00	   0.0000000e+00	   0.0000000e+00	   0.0000000e+00	   0.0000000e+00	   0.0000000e+00	   0.0000000e+00	   0.0000000e+00	   0.0000000e+00	   0.0000000e+00	   0.0000000e+00	   0.0000000e+00	   0.0000000e+00	
   2.7429898e+00	   2.9624200e+00	   3.4641248e+00	   4.5975494e+00	   5.3770090e+00	   6.1363260e+00	   7.2800789e+00	   8.2589586e+00	   8.7075159e+00	             NaN	             NaN	             NaN	             NaN	             NaN	             NaN	             NaN	             NaN	             NaN	             NaN	             NaN	   0.0000000e+00	   0.0000000e+00	   0.0000000e+00	   0.0000000e+00	   0.0000000e+00	   0.0000000e+00	   0.0000000e+00	   0.0000000e+00	   0.0000000e+00	   0.0000000e+00	   0.0000000e+00	   0.0000000e+00	   0.0000000e+00	
   2.8770587e+00	   3.4433985e+00	   4.1789308e+00	   4.9199638e+00	   5.8477372e+00	   6.8756042e+00	   7.4930052e+00	   8.5782042e+00	   8.9703845e+00	             NaN	             NaN	             NaN	             NaN	             NaN	             NaN	             NaN	             NaN	             NaN	             NaN	             NaN	   0.0000000e+00	   0.0000000e+00	   0.0000000e+00	   0.0000000e+00	   0.0000000e+00	   0.0000000e+00	   0.0000000e+00	   0.0000000e+00	   0.0000000e+00	   0.0000000e+00	   0.0000000e+00	   0.0000000e+00	   0.0000000e+00	
   3.4230497e+00	   3.8333111e+00	   4.8833520e+00	   5.2056985e+00	   6.3831672e+00	   6.9610961e+00	   7.9639231e+00	   9.1331489e+00	   9.2038117e+00	   8.4229546e+00	             NaN	             NaN	             NaN	             NaN	             NaN	             NaN	             NaN	             NaN	             NaN	             NaN	             NaN	   0.0000000e+00	   0.0000000e+00	   0.0000000e+00	   0.0000000e+00	   0.0000000e+00	   0.0000000e+00	   0.0000000e+00	   0.0000000e+00	   0.0000000e+00	   0.0000000e+00	   0.0000000e+00	   0.0000000e+00	
   3.6658950e+00	   4.6207365e+00	   4.7285890e+00	   6.0430406e+00	   6.5976638e+00	   7.5119980e+00	   7.8208948e+00	   9.0979034e+00	   9.6999419e+00	   9.4543306e+00	             NaN	             NaN	             NaN	             NaN	             NaN	             NaN	             NaN	             NaN	             NaN	             NaN	             NaN	   0.0000000e+00	   0.0000000e+00	   0.0000000e+00	   0.0000000e+00	   0.0000000e+00	   0.0000000e+00	   0.0000000e+00	   0.0000000e+00	   0.0000000e+00	   0.0000000e+00	   0.0000000e+00	   0.0000000e+00	
   4.5589136e+00	   4.9355539e+00	   5.4906247e+00	   6.3119704e+00	   7.0169506e+00	   7.8738228e+00	   8.6997187e+00	   9.0236796e+00	   1.0071871e+01	   9.6317518e+00	   6.9887137e+00	             NaN	             NaN	             NaN	             NaN	             NaN	             NaN	             NaN	             NaN	             NaN	             NaN	             NaN	   0.0000000e+00	   0.0000000e+00	   0.0000000e+00	   0.0000000e+00	   0.0000000e+00	   0.0000000e+00	   0.0000000e+00	   0.0000000e+00	   0.0000000e+00	   0.0000000e+00	   0.0000000e+00	
   4.7985609e+00	   4.8459386e+00	   5.5494401e+00	   6.7122085e+00	   7.6791054e+00	   7.8782630e+00	   8.8438585e+00	   9.5734019e+00	   1.0238928e+01	   1.0298006e+01	   8.7537331e+00	             NaN	             NaN	             NaN	             NaN	             NaN	             NaN	             NaN	             NaN	             NaN	             NaN	             NaN	   0.0000000e+00	   0.0000000e+00	   0.0000000e+00	   0.0000000e+00	   0.0000000e+00	   0.0000000e+00	   0.0000000e+00	   0.0000000e+00	   0.0000000e+00	   0.0000000e+00	   0.0000000e+00	
   4.9589634e+00	   6.0226967e+00	   6.2963672e+00	   7.2881661e+00	   7.8901031e+00	   8.8860587e+00	   9.2107205e+00	   1.0280783e+01	   1.0403429e+01	   1.0643483e+01	   9.7560515e+00	             NaN	             NaN	             NaN	             NaN	             NaN	             NaN	             NaN	             NaN	             NaN	             NaN	             NaN	   0.0000000e+00	   0.0000000e+00	   0.0000000e+00	   0.0000000e+00	   0.0000000e+00	   0.0000000e+00	   0.0000000e+00	   0.0000000e+00	   0.0000000e+00	   0.0000000e+00	   0.0000000e+00	
   5.4452127e+00	   6.1916986e+00	   6.3525341e+00	   7.6279822e+00	   8.2514394e+00	   9.1468039e+00	   9.5280377e+00	   1.0420745e+01	   1.0758736e+01	   1.0722930e+01	   1.0221836e+01	   7.2090051e+00	             NaN	             NaN	             NaN	             NaN	             NaN	             NaN	             NaN	             NaN	             NaN	             NaN	             NaN	   0.0000000e+00	   0.0000000e+00	   0.0000000e+00	   0.0000000e+00	   0.0000000e+00	   0.0000000e+00	   0.0000000e+00	   0.0000000e+00	   0.0000000e+00	   0.0000000e+00	
   6.6474936e+00	   7.1517626e+00	   7.7359295e+00	   8.3313295e+00	   8.6404911e+00	   9.5655004e+00	   9.8873267e+00	   1.0588567e+01	   1.1056354e+01	   1.1661777e+01	   1.0833452e+01	   9.2926018e+00	             NaN	             NaN	             NaN	             NaN	             NaN	             NaN	             NaN	             NaN	             NaN	             NaN	             NaN	   0.0000000e+00	   0.0000000e+00	   0.0000000e+00	   0.0000000e+00	   0.0000000e+00	   0.0000000e+00	   0.0000000e+00	   0.0000000e+00	   0.0000000e+00	   0.0000000e+00	
   6.5484800e+00	   7.3981357e+00	   8.1845541e+00	   8.6120388e+00	   9.4641817e+00	   9.8408475e+00	   1.0089358e+01	   1.0792248e+01	   1.1559699e+01	   1.2107983e+01	   1.1660501e+01	   1.0436723e+01	   5.2927539e+00	             NaN	             NaN	             NaN	             NaN	             NaN	             NaN	             NaN	             NaN	             NaN	             NaN	             NaN	   0.0000000e+00	   0.0000000e+00	   0.0000000e+00	   0.0000000e+00	   0.0000000e+00	   0.0000000e+00	   0.0000000e+00	   0.0000000e+00	   0.0000000e+00	
   6.5323394e+00	   7.5707724e+00	   8.6038215e+00	   8.9106427e+00	   9.3173606e+00	   1.0501882e+01	   1.0686472e+01	   1.1343483e+01	   1.2264333e+01	   1.2321989e+01	   1.2057829e+01	   1.1117858e+01	   8.1831619e+00	             NaN	             NaN	             NaN	             NaN	             NaN	             NaN	             NaN	             NaN	             NaN	             NaN	             NaN	   0.0000000e+00	   0.0000000e+00	   0.0000000e+00	   0.0000000e+00	   0.0000000e+00	   0.0000000e+00	   0.0000000e+00	   0.0000000e+00	   0.0000000e+00	
   7.3367904e+00	   6.6946442e+00	   8.7000073e+00	   9.7949176e+00	   1.0117263e+01	   1.0291378e+01	   1.0977699e+01	   1.1685281e+01	   1.2261124e+01	   1.2933782e+01	   1.2688236e+01	   1.1878531e+01	   1.0106982e+01	             NaN	             NaN	             NaN	             NaN	             NaN	             NaN	             NaN	             NaN	             NaN	             NaN	             NaN	   0.0000000e+00	   0.0000000e+00	   0.0000000e+00	   0.0000000e+00	   0.0000000e+00	   0.0000000e+00	   0.0000000e+00	   0.0000000e+00	   0.0000000e+00	
   6.9717616e+00	   8.3626960e+00	   8.7576561e+00	   1.0237238e+01	   1.0489894e+01	   1.0992516e+01	   1.1305781e+01	   1.2209884e+01	   1.2563455e+01	   1.3245396e+01	   1.3289886e+01	   1.2647534e+01	   1.1588452e+01	   6.5521263e+00	             NaN	             NaN	             NaN	             NaN	             NaN	             NaN	             NaN	             NaN	             NaN	             NaN	             NaN	   0.0000000e+00	   0.0000000e+00	   0.0000000e+00	   0.0000000e+00	   0.0000000e+00	   0.0000000e+00	   0.0000000e+00	   0.0000000e+00	
   7.6698443e+00	   8.7468643e+00	   1.0146364e+01	   1.0772098e+01	   1.1121782e+01	   1.1191311e+01	   1.1936955e+01	   1.2532503e+01	   1.2960630e+01	   1.3692616e+01	   1.4008915e+01	   1.3354947e+01	   1.2309392e+01	   9.6944215e+00	             NaN	             NaN	             NaN	             NaN	             NaN	             NaN	             NaN	             NaN	             NaN	             NaN	             NaN	   0.0000000e+00	   0.0000000e+00	   0.0000000e+00	   0.0000000e+00	   0.0000000e+00	   0.0000000e+00	   0.0000000e+00	   0.0000000e+00	
   6.5655558e+00	   8.4513524e+00	   1.0278356e+01	   1.1238402e+01	   1.1131295e+01	   1.1808975e+01	   1.2019473e+01	   1.2779914e+01	   1.3374948e+01	   1.3959563e+01	   1.4258668e+01	   1.3896643e+01	   1.3376926e+01	   1.1694035e+01	   5.0696050e+00	             NaN	             NaN	             NaN	             NaN	             NaN	             NaN	             NaN	             NaN	             NaN	             NaN	             NaN	   0.0000000e+00	   0.0000000e+00	   0.0000000e+00	   0.0000000e+00	   0.0000000e+00	   0.0000000e+00	   0.0000000e+00	
   7.0828382e+00	   8.9848493e+00	   1.0825060e+01	   1.1909963e+01	   1.2198697e+01	   1.2535168e+01	   1.2731586e+01	   1.3448283e+01	   1.4152178e+01	   1.4992478e+01	   1.5439918e+01	   1.4957514e+01	   1.4520185e+01	   1.3342488e+01	   8.9790911e+00	             NaN	             NaN	             NaN	             NaN	             NaN	             NaN	             NaN	             NaN	             NaN	             NaN	             NaN	   0.0000000e+00	   0.0000000e+00	   0.0000000e+00	   0.0000000e+00	   0.0000000e+00	   0.0000000e+00	   0.0000000e+00	
   7.2830117e+00	   9.2663187e+00	   1.1408636e+01	   1.2912766e+01	   1.3649964e+01	   1.3440370e+01	   1.3717938e+01	   1.4299157e+01	   1.4915977e+01	   1.5737720e+01	   1.6324558e+01	   1.6223456e+01	   1.5780195e+01	   1.5029016e+01	   1.2385346e+01	             NaN	             NaN	             NaN	             NaN	             NaN	             NaN	             NaN	             NaN	             NaN	             NaN	             NaN	   0.0000000e+00	   0.0000000e+00	   0.0000000e+00	   0.0000000e+00	   0.0000000e+00	   0.0000000e+00	   0.0000000e+00	
   6.3923334e+00	   9.1767151e+00	   1.2488463e+01	   1.3866610e+01	   1.4363814e+01	   1.4534571e+01	   1.4453154e+01	   1.5125587e+01	   1.6047467e+01	   1.6650771e+01	   1.7314269e+01	   1.7596795e+01	   1.7278019e+01	   1.6757226e+01	   1.5081038e+01	   9.2017180e+00	             NaN	             NaN	             NaN	             NaN	             NaN	             NaN	             NaN	             NaN	             NaN	             NaN	             NaN	   0.0000000e+00	   0.0000000e+00	   0.0000000e+00	   0.0000000e+00	   0.0000000e+00	   0.0000000e+00	
   7.3426367e+00	   1.0415209e+01	   1.3324766e+01	   1.5120247e+01	   1.5182224e+01	   1.5291971e+01	   1.5794112e+01	   1.5875470e+01	   1.6615426e+01	   1.7581121e+01	   1.8471679e+01	   1.8672156e+01	   1.8478323e+01	   1.8308441e+01	   1.7171236e+01	   1.3137881e+01	             NaN	             NaN	             NaN	             NaN	             NaN	             NaN	             NaN	             NaN	             NaN	             NaN	             NaN	   0.0000000e+00	   0.0000000e+00	   0.0000000e+00	   0.0000000e+00	   0.0000000e+00	   0.0000000e+00	
   6.3611447e+00	   9.6226116e+00	   1.3026338e+01	   1.5787413e+01	   1.6591320e+01	   1.6424765e+01	   1.6702430e+01	   1.6913247e+01	   1.7773711e+01	   1.8632073e+01	   1.9518620e+01	   1.9904922e+01	   2.0040057e+01	   2.0002499e+01	   1.8959925e+01	   1.6613424e+01	   9.6975593e+00	             NaN	             NaN	             NaN	             NaN	             NaN	             NaN	             NaN	             NaN	             NaN	             NaN	             NaN	   0.0000000e+00	   0.0000000e+00	   0.0000000e+00	   0.0000000e+00	   0.0000000e+00	
   5.1912572e+00	   1.0402736e+01	   1.3739350e+01	   1.6798336e+01	   1.7690830e+01	   1.7331483e+01	   1.7673041e+01	   1.7747084e+01	   1.8491612e+01	   1.9260863e+01	   2.0114822e+01	   2.0734431e+01	   2.1146822e+01	   2.1090411e+01	   2.0273118e+01	   1.8393522e+01	   1.2665906e+01	             NaN	             NaN	             NaN	             NaN	             NaN	             NaN	             NaN	             NaN	             NaN	             NaN	             NaN	   0.0000000e+00	   0.0000000e+00	   0.0000000e+00	   0.0000000e+00	   0.0000000e+00	
   6.3026661e+00	   9.6828074e+00	   1.5224794e+01	   1.7668351e+01	   1.8597250e+01	   1.8432111e+01	   1.8820799e+01	   1.8787332e+01	   1.9484126e+01	   2.0223838e+01	   2.1362063e+01	   2.2264951e+01	   2.2650682e+01	   2.2738094e+01	   2.2084809e+01	   2.0753063e+01	   1.6302251e+01	             NaN	             NaN	             NaN	             NaN	             NaN	             NaN	             NaN	             NaN	             NaN	             NaN	             NaN	   0.0000000e+00	   0.0000000e+00	   0.0000000e+00	   0.0000000e+00	   0.0000000e+00	
   7.4492180e+00	   9.5315887e+00	   1.4916643e+01	   1.8703719e+01	   2.0361393e+01	   1.9560212e+01	   1.9579446e+01	   2.0013573e+01	   2.0510192e+01	   2.1698525e+01	   2.2676748e+01	   2.3321107e+01	   2.4488089e+01	   2.4561184e+01	   2.3891438e+01	   2.2753356e+01	   1.9690066e+01	   1.3857615e+01	             NaN	             NaN	             NaN	             NaN	             NaN	             NaN	             NaN	             NaN	             NaN	             NaN	             NaN	   0.0000000e+00	   0.0000000e+00	   0.0000000e+00	   0.0000000e+00	
   6.2438039e+00	   1.0406020e+01	   1.5991007e+01	   1.9747298e+01	   2.1094787e+01	   2.0786227e+01	   2.0776765e+01	   2.1254041e+01	   2.1705699e+01	   2.2670454e+01	   2.3925638e+01	   2.4987573e+01	   2.5657423e+01	   2.6188928e+01	   2.5776802e+01	   2.4720714e+01	   2.2629523e+01	   1.7012014e+01	             NaN	             NaN	             NaN	             NaN	             NaN	             NaN	             NaN	             NaN	             NaN	             NaN	             NaN	   0.0000000e+00	   0.0000000e+00	   0.0000000e+00	   0.0000000e+00	
   6.7679049e+00	   9.6911908e+00	   1.7015736e+01	   2.1159855e+01	   2.2818455e+01	   2.2036172e+01	   2.2184364e+01	   2.2040839e+01	   2.2648895e+01	   2.4014936e+01	   2.5153236e+01	   2.6396120e+01	   2.7643543e+01	   2.8042256e+01	   2.7756042e+01	   2.6888938e+01	   2.4994029e+01	   2.0736628e+01	   1.6209366e+01	             NaN	             NaN	             NaN	             NaN	             NaN	             NaN	             NaN	             NaN	             NaN	             NaN	             NaN	   0.0000000e+00	   0.0000000e+00	   0.0000000e+00	
   6.4473537e+00	   1.1358131e+01	   1.7296177e+01	   2.1904720e+01	   2.4547984e+01	   2.3610791e+01	   2.3411796e+01	   2.3477129e+01	   2.4129258e+01	   2.5616471e+01	   2.6834227e+01	   2.8062355e+01	   2.9454005e+01	   3.0253784e+01	   2.9796066e+01	   2.8865055e+01	   2.7571532e+01	   2.3936600e+01	   1.8238008e+01	             NaN	             NaN	             NaN	             NaN	             NaN	             NaN	             NaN	             NaN	             NaN	             NaN	             NaN	   0.0000000e+00	   0.0000000e+00	   0.0000000e+00	
   9.5685327e+00	   1.2589540e+01	   1.8729296e+01	   2.4133162e+01	   2.5737318e+01	   2.5436079e+01	   2.4871099e+01	   2.4785328e+01	   2.5344082e+01	   2.6745094e+01	   2.8610476e+01	   3.0005460e+01	   3.1393418e+01	   3.2348116e+01	   3.2222447e+01	   3.1317080e+01	   2.9409625e+01	   2.6880364e+01	   2.1157834e+01	             NaN	             NaN	             NaN	             NaN	             NaN	             NaN	             NaN	             NaN	             NaN	             NaN	             NaN	   0.0000000e+00	   0.0000000e+00	   0.0000000e+00	
   9.0557297e+00	   1.2949123e+01	   1.9402310e+01	   2.5697519e+01	   2.7386315e+01	   2.7110080e+01	   2.6464766e+01	   2.6624730e+01	   2.6960999e+01	   2.8132571e+01	   3.0196971e+01	   3.1874607e+01	   3.3171825e+01	   3.4371301e+01	   3.4590294e+01	   3.3614040e+01	   3.1927334e+01	   2.9771593e+01	   2.4691230e+01	   2.0638134e+01	             NaN	             NaN	             NaN	             NaN	             NaN	             NaN	             NaN	             NaN	             NaN	             NaN	             NaN	   0.0000000e+00	   0.0000000e+00	
   7.8914498e+00	   1.2096412e+01	   2.1672663e+01	   2.6758478e+01	   2.9430753e+01	   2.8961505e+01	   2.8329082e+01	   2.8264329e+01	   2.8784154e+01	   3.0009330e+01	   3.1578403e+01	   3.3542771e+01	   3.5513334e+01	   3.6793728e+01	   3.6790815e+01	   3.5788563e+01	   3.4131492e+01	   3.2343440e+01	   2.8077967e+01	   2.2587753e+01	             NaN	             NaN	             NaN	             NaN	             NaN	             NaN	             NaN	             NaN	             NaN	             NaN	             NaN	   0.0000000e+00	   0.0000000e+00	
   1.0658132e+01	   1.5312935e+01	   2.2360754e+01	   2.8461683e+01	   3.0521577e+01	   3.0769618e+01	   2.9797933e+01	   2.9559959e+01	   3.0285198e+01	   3.1507732e+01	   3.3463718e+01	   3.5452996e+01	   3.7680502e+01	   3.9169357e+01	   3.9205024e+01	   3.8424094e+01	   3.6640430e+01	   3.4694780e+01	   3.1458970e+01	   2.5592147e+01	   2.2984859e+01	             NaN	             NaN	             NaN	             NaN	             NaN	             NaN	             NaN	             NaN	             NaN	             NaN	             NaN	   0.0000000e+00	
   1.1630872e+01	   1.7226281e+01	   2.4950010e+01	   3.0400327e+01	   3.3016424e+01	   3.3288463e+01	   3.1785594e+01	   3.1675323e+01	   3.1620114e+01	   3.3796449e+01	   3.5831009e+01	   3.7480012e+01	   3.9910334e+01	   4.1613772e+01	   4.1920681e+01	   4.1361452e+01	   3.9603101e+01	   3.7594085e+01	   3.4368982e+01	   2.9119842e+01	   2.4494438e+01	             NaN	             NaN	             NaN	             NaN	             NaN	             NaN	             NaN	             NaN	             NaN	             NaN	             NaN	   0.0000000e+00	
   1.2957984e+01	   1.8968558e+01	   2.6892550e+01	   3.2698708e+01	   3.5123841e+01	   3.4784085e+01	   3.3798226e+01	   3.3430361e+01	   3.3526652e+01	   3.4926272e+01	   3.7542463e+01	   4.0106942e+01	   4.2484340e+01	   4.4429153e+01	   4.4901043e+01	   4.4195801e+01	   4.2492056e+01	   4.0261732e+01	   3.7474320e+01	   3.2957072e+01	   2.6820263e+01	             NaN	             NaN	             NaN	             NaN	             NaN	             NaN	             NaN	             NaN	             NaN	             NaN	             NaN	   0.0000000e+00	
   1.6850404e+01	   2.0629374e+01	   2.8305735e+01	   3.4818023e+01	   3.7232722e+01	   3.6775109e+01	   3.5741744e+01	   3.5081920e+01	   3.5177574e+01	   3.7063881e+01	   3.9534269e+01	   4.1949914e+01	   4.4833371e+01	   4.7185718e+01	   4.7363981e+01	   4.6937234e+01	   4.5083261e+01	   4.2981482e+01	   3.9978519e+01	   3.6222625e+01	   2.9845982e+01	   2.6410640e+01	             NaN	             NaN	             NaN	             NaN	             NaN	             NaN	             NaN	             NaN	             NaN	             NaN	             NaN	
   1.6914035e+01	   2.2114367e+01	   2.9634404e+01	   3.6852131e+01	   3.8911978e+01	   3.8972159e+01	   3.7463330e+01	   3.7104390e+01	   3.7344978e+01	   3.9073779e+01	   4.1177862e+01	   4.4271458e+01	   4.7585710e+01	   4.9678045e+01	   5.0246483e+01	   4.9709293e+01	   4.8020117e+01	   4.5808725e+01	   4.2829279e+01	   3.9231935e+01	   3.3036388e+01	   2.8035291e+01	             NaN	             NaN	             NaN	             NaN	             NaN	             NaN	             NaN	             NaN	             NaN	             NaN	             NaN	
   2.0971661e+01	   2.6074770e+01	   3.2560797e+01	   3.9002836e+01	   4.1778223e+01	   4.1306937e+01	   3.9201715e+01	   3.8974371e+01	   3.9163331e+01	   4.0521231e+01	   4.2874700e+01	   4.6254158e+01	   4.9723785e+01	   5.2257531e+01	   5.3159787e+01	   5.2346576e+01	   5.0798669e+01	   4.8170933e+01	   4.5529328e+01	   4.1987742e+01	   3.6787346e+01	   3.0266119e+01	   2.7303936e+01	             NaN	             NaN	             NaN	             NaN	             NaN	             NaN	             NaN	             NaN	             NaN	             NaN	
   2.2625473e+01	   2.8262071e+01	   3.5624040e+01	   4.1371583e+01	   4.4318884e+01	   4.2843028e+01	   4.1917793e+01	   4.0844377e+01	   4.1025776e+01	   4.2738156e+01	   4.5433340e+01	   4.8457117e+01	   5.2104178e+01	   5.4542658e+01	   5.6004054e+01	   5.5428987e+01	   5.3823418e+01	   5.1408514e+01	   4.8272818e+01	   4.4820700e+01	   4.0279722e+01	   3.2996238e+01	   2.9138415e+01	             NaN	             NaN	             NaN	             NaN	             NaN	             NaN	             NaN	             NaN	             NaN	             NaN	
   2.8575405e+01	   3.0915310e+01	   3.8175819e+01	   4.4572161e+01	   4.6399743e+01	   4.5229865e+01	   4.3327625e+01	   4.2743122e+01	   4.3079406e+01	   4.4777978e+01	   4.7107217e+01	   5.0712137e+01	   5.4505230e+01	   5.7918001e+01	   5.8899955e+01	   5.8706235e+01	   5.6806797e+01	   5.4564402e+01	   5.1517535e+01	   4.8044656e+01	   4.3397778e+01	   3.6520653e+01	   3.1108814e+01	             NaN	             NaN	             NaN	             NaN	             NaN	             NaN	             NaN	             NaN	             NaN	             NaN	
   2.8316309e+01	   3.4359653e+01	   3.9962823e+01	   4.6087846e+01	   4.8948782e+01	   4.7245164e+01	   4.5836175e+01	   4.5032594e+01	   4.4714815e+01	   4.6464225e+01	   4.9670565e+01	   5.3137310e+01	   5.7284488e+01	   6.0859150e+01	   6.1665426e+01	   6.1444959e+01	   5.9985863e+01	   5.7442689e+01	   5.4326159e+01	   5.0851961e+01	   4.6525781e+01	   4.0444233e+01	   3.3358487e+01	   3.0479309e+01	             NaN	             NaN	             NaN	             NaN	             NaN	             NaN	             NaN	             NaN	             NaN	
   2.9734251e+01	   3.5752119e+01	   4.3726056e+01	   4.9777537e+01	   5.1319321e+01	   5.0544797e+01	   4.8247233e+01	   4.6901351e+01	   4.6870889e+01	   4.8574678e+01	   5.1427016e+01	   5.5091663e+01	   5.9269976e+01	   6.2798148e+01	   6.4377683e+01	   6.4246079e+01	   6.2741137e+01	   6.0651678e+01	   5.7364924e+01	   5.3825630e+01	   4.9603720e+01	   4.3825580e+01	   3.6191379e+01	   3.2198760e+01	             NaN	             NaN	             NaN	             NaN	             NaN	             NaN	             NaN	             NaN	             NaN	
   3.2733623e+01	   4.0136706e+01	   4.7103237e+01	   5.3004354e+01	   5.4214020e+01	   5.2619742e+01	   5.0487230e+01	   4.9206547e+01	   4.8990212e+01	   5.0203458e+01	   5.3250546e+01	   5.7497999e+01	   6.1632548e+01	   6.5329127e+01	   6.6944757e+01	   6.7329169e+01	   6.5466713e+01	   6.3714090e+01	   6.0524255e+01	   5.6755214e+01	   5.2622896e+01	   4.7186350e+01	   3.9982226e+01	   3.4408188e+01	   3.0825883e+01	             NaN	             NaN	             NaN	             NaN	             NaN	             NaN	             NaN	             NaN	
   3.7462689e+01	   4.3187848e+01	   5.0845651e+01	   5.5383128e+01	   5.6764269e+01	   5.4987043e+01	   5.2000045e+01	   5.0741639e+01	   5.0266657e+01	   5.2202977e+01	   5.4955592e+01	   5.9005562e+01	   6.3328043e+01	   6.7767406e+01	   6.9650659e+01	   7.0153183e+01	   6.8644527e+01	   6.6424376e+01	   6.3326501e+01	   5.9805155e+01	   5.5285572e+01	   5.0185240e+01	   4.2997370e+01	   3.6614545e+01	   3.3044202e+01	             NaN	             NaN	             NaN	             NaN	             NaN	             NaN	             NaN	             NaN	
   4.0849510e+01	   4.6900917e+01	   5.3667955e+01	   5.7441011e+01	   5.8409225e+01	   5.6909262e+01	   5.4763337e+01	   5.2768647e+01	   5.2641626e+01	   5.4070579e+01	   5.6406862e+01	   6.0790475e+01	   6.5603560e+01	   7.0001248e+01	   7.2002599e+01	   7.2743483e+01	   7.1082176e+01	   6.9384298e+01	   6.6106919e+01	   6.2666249e+01	   5.8328083e+01	   5.3168354e+01	   4.6691492e+01	   3.9305143e+01	   3.5164877e+01	             NaN	             NaN	             NaN	             NaN	             NaN	             NaN	             NaN	             NaN	
   4.3772338e+01	   5.0882004e+01	   5.6492359e+01	   6.1062672e+01	   6.1017678e+01	   5.9397877e+01	   5.6690729e+01	   5.4961464e+01	   5.4147385e+01	   5.5723385e+01	   5.8136236e+01	   6.2934855e+01	   6.7785646e+01	   7.2095636e+01	   7.4653075e+01	   7.5326037e+01	   7.4074179e+01	   7.1935399e+01	   6.8833460e+01	   6.5737945e+01	   6.1221876e+01	   5.5925824e+01	   4.9770933e+01	   4.2612166e+01	   3.7296699e+01	   3.3089619e+01	             NaN	             NaN	             NaN	             NaN	             NaN	             NaN	             NaN	
   4.7546770e+01	   5.3971161e+01	   5.9576118e+01	   6.2558050e+01	   6.3369576e+01	   6.1550483e+01	   5.8486980e+01	   5.6296054e+01	   5.6083711e+01	   5.7269502e+01	   6.0349838e+01	   6.4527082e+01	   6.9393285e+01	   7.4335719e+01	   7.6453215e+01	   7.7515778e+01	   7.6354975e+01	   7.4785707e+01	   7.1685042e+01	   6.8342409e+01	   6.4124681e+01	   5.8812461e+01	   5.2913825e+01	   4.5904735e+01	   3.9866467e+01	   3.5601204e+01	             NaN	             NaN	             NaN	             NaN	             NaN	             NaN	             NaN	
   4.9401560e+01	   5.5003196e+01	   6.2637140e+01	   6.6519402e+01	   6.7493373e+01	   6.3744178e+01	   6.0602981e+01	   5.8419132e+01	   5.7393177e+01	   5.9071763e+01	   6.1714720e+01	   6.6243719e+01	   7.1224142e+01	   7.5947221e+01	   7.9074573e+01	   7.9708257e+01	   7.8740604e+01	   7.6944594e+01	   7.4387535e+01	   7.1240821e+01	   6.6884044e+01	   6.1907854e+01	   5.5732928e+01	   4.9205111e+01	   4.2257397e+01	   3.7679874e+01	   3.2187915e+01	             NaN	             NaN	             NaN	             NaN	             NaN	             NaN	
   5.2408108e+01	   6.0499594e+01	   6.4668460e+01	   6.8908468e+01	   6.8922106e+01	   6.6685590e+01	   6.2733802e+01	   6.0386408e+01	   5.9026870e+01	   6.0439540e+01	   6.3000033e+01	   6.7636190e+01	   7.3180507e+01	   7.8190920e+01	   8.0957862e+01	   8.2209720e+01	   8.1532576e+01	   7.9814024e+01	   7.7453912e+01	   7.4063677e+01	   6.9800090e+01	   6.4526883e+01	   5.8717689e+01	   5.2631027e+01	   4.5326741e+01	   4.0201763e+01	   3.4979338e+01	             NaN	             NaN	             NaN	             NaN	             NaN	             NaN	
   5.4147111e+01	   6.3772435e+01	   6.8714410e+01	   7.2780244e+01	   7.1004135e+01	   6.7865540e+01	   6.4351961e+01	   6.2092748e+01	   6.0846439e+01	   6.2002436e+01	   6.4657580e+01	   6.9375506e+01	   7.4239195e+01	   7.9932885e+01	   8.2671837e+01	   8.4362504e+01	   8.3770650e+01	   8.2507776e+01	   8.0113371e+01	   7.7011029e+01	   7.2501468e+01	   6.7288230e+01	   6.1606723e+01	   5.5591610e+01	   4.9051513e+01	   4.2553093e+01	   3.7230871e+01	             NaN	             NaN	             NaN	             NaN	             NaN	             NaN	
   5.7287684e+01	   6.5784909e+01	   7.1706080e+01	   7.4020677e+01	   7.3944739e+01	   6.9726688e+01	   6.6728130e+01	   6.3936438e+01	   6.2021967e+01	   6.3443753e+01	   6.6169870e+01	   7.0717443e+01	   7.5883960e+01	   8.1501894e+01	   8.4897449e+01	   8.6523137e+01	   8.5944848e+01	   8.4859391e+01	   8.2760416e+01	   7.9544695e+01	   7.5607073e+01	   7.0089561e+01	   6.4464543e+01	   5.8682504e+01	   5.2391706e+01	   4.5160988e+01	   3.9511312e+01	   3.3817271e+01	             NaN	             NaN	             NaN	             NaN	             NaN	
   5.9711488e+01	   6.7478284e+01	   7.3113818e+01	   7.5431856e+01	   7.5134098e+01	   7.2416747e+01	   6.7926163e+01	   6.4999612e+01	   6.3569243e+01	   6.4410488e+01	   6.6988573e+01	   7.1610116e+01	   7.6895155e+01	   8.2051694e+01	   8.5710845e+01	   8.7804844e+01	   8.7549682e+01	   8.6548092e+01	   8.4534613e+01	   8.1443498e+01	   7.7504835e+01	   7.2249290e+01	   6.6491732e+01	   6.0633407e+01	   5.4886731e+01	   4.7550840e+01	   4.1389791e+01	   3.5577906e+01	             NaN	             NaN	             NaN	             NaN	             NaN	
   6.1471989e+01	   6.9703585e+01	   7.5792810e+01	   7.8187082e+01	   7.7105171e+01	   7.4366300e+01	   6.9994342e+01	   6.6314032e+01	   6.5507088e+01	   6.5736239e+01	   6.8240702e+01	   7.2610328e+01	   7.8330688e+01	   8.3511424e+01	   8.7221475e+01	   8.9341894e+01	   8.9149806e+01	   8.8403460e+01	   8.6336232e+01	   8.3720982e+01	   7.9844975e+01	   7.4782953e+01	   6.9050488e+01	   6.3260676e+01	   5.7599089e+01	   5.0565727e+01	   4.3451173e+01	   3.8039391e+01	   3.1494257e+01	             NaN	             NaN	             NaN	             NaN	
   6.3579694e+01	   7.2280973e+01	   7.7080854e+01	   8.0942527e+01	   7.9433986e+01	   7.5990638e+01	   7.2223120e+01	   6.8067123e+01	   6.6138993e+01	   6.7019691e+01	   6.9602006e+01	   7.3613827e+01	   7.8938052e+01	   8.4926221e+01	   8.8719554e+01	   9.0779450e+01	   9.1015759e+01	   9.0653933e+01	   8.8608488e+01	   8.6179645e+01	   8.2433766e+01	   7.7211670e+01	   7.1690346e+01	   6.5886786e+01	   6.0199332e+01	   5.3633682e+01	   4.5755797e+01	   4.0274792e+01	   3.3752559e+01	             NaN	             NaN	             NaN	             NaN	
   6.5685695e+01	   7.4907411e+01	   8.0403848e+01	   8.2708551e+01	   8.1559966e+01	   7.8601056e+01	   7.3744556e+01	   7.0064070e+01	   6.7797688e+01	   6.8090560e+01	   7.0581704e+01	   7.4848214e+01	   8.0311437e+01	   8.6072797e+01	   9.0004521e+01	   9.2010646e+01	   9.2491921e+01	   9.2290502e+01	   9.0638469e+01	   8.8586495e+01	   8.4545871e+01	   7.9910494e+01	   7.3806982e+01	   6.8173393e+01	   6.2776230e+01	   5.6333774e+01	   4.8331829e+01	   4.2238134e+01	   3.6146613e+01	             NaN	             NaN	             NaN	             NaN	
   6.5736337e+01	   7.5381964e+01	   8.2116212e+01	   8.3570284e+01	   8.3766353e+01	   7.9277711e+01	   7.4497535e+01	   7.1717391e+01	   6.9051559e+01	   6.9165931e+01	   7.1472055e+01	   7.5707840e+01	   8.0795145e+01	   8.6462975e+01	   9.0657364e+01	   9.3072045e+01	   9.4168032e+01	   9.3790959e+01	   9.2446275e+01	   9.0827696e+01	   8.6628161e+01	   8.1907338e+01	   7.5979682e+01	   7.0465840e+01	   6.5094066e+01	   5.8994199e+01	   5.1063105e+01	   4.4247064e+01	   3.8120372e+01	   3.1869737e+01	             NaN	             NaN	             NaN	
   6.9008674e+01	   8.0020073e+01	   8.4200534e+01	   8.6599370e+01	   8.5116588e+01	   8.0364449e+01	   7.5849935e+01	   7.2487534e+01	   7.0299165e+01	   7.0131821e+01	   7.2095355e+01	   7.6489735e+01	   8.1399686e+01	   8.7645782e+01	   9.1413013e+01	   9.3909110e+01	   9.4732782e+01	   9.5017165e+01	   9.4416897e+01	   9.2015541e+01	   8.8485371e+01	   8.3845259e+01	   7.8042036e+01	   7.2628752e+01	   6.7068449e+01	   6.1406160e+01	   5.3740035e+01	   4.6314891e+01	   3.9980973e+01	   3.3819090e+01	             NaN	             NaN	             NaN	
   7.2142004e+01	   7.9549462e+01	   8.5454863e+01	   8.7957823e+01	   8.6842609e+01	   8.2189166e+01	   7.7971615e+01	   7.3978194e+01	   7.1336628e+01	   7.0986564e+01	   7.2954604e+01	   7.6682117e+01	   8.2231124e+01	   8.8262208e+01	   9.2251380e+01	   9.5015109e+01	   9.6091358e+01	   9.6234468e+01	   9.5764920e+01	   9.3670770e+01	   9.0424644e+01	   8.5601319e+01	   8.0047749e+01	   7.4480467e+01	   6.9220593e+01	   6.3564874e+01	   5.6112804e+01	   4.8496703e+01	   4.1976172e+01	   3.5855846e+01	   2.9631100e+01	             NaN	             NaN	
   7.2777205e+01	   8.2719177e+01	   8.7985946e+01	   8.8971481e+01	   8.6975560e+01	   8.3392725e+01	   7.9370894e+01	   7.5493741e+01	   7.2152006e+01	   7.2031143e+01	   7.3917117e+01	   7.6983458e+01	   8.2524284e+01	   8.8547250e+01	   9.2657681e+01	   9.5677035e+01	   9.6672379e+01	   9.7507789e+01	   9.7063192e+01	   9.4922998e+01	   9.2098471e+01	   8.7506884e+01	   8.2206831e+01	   7.6769842e+01	   7.1499033e+01	   6.5489464e+01	   5.8643827e+01	   5.0735577e+01	   4.3869753e+01	   3.7789830e+01	   3.1535617e+01	             NaN	             NaN	
   7.5027614e+01	   8.2763578e+01	   8.8093844e+01	   9.1015615e+01	   8.9250818e+01	   8.4482322e+01	   8.0666654e+01	   7.6849718e+01	   7.3363678e+01	   7.2277830e+01	   7.4229483e+01	   7.7741740e+01	   8.2302354e+01	   8.8843917e+01	   9.3101405e+01	   9.6253478e+01	   9.7636069e+01	   9.8283869e+01	   9.7909115e+01	   9.6447092e+01	   9.3628728e+01	   8.8779729e+01	   8.3811700e+01	   7.8047483e+01	   7.3157521e+01	   6.7424156e+01	   6.0717771e+01	   5.3289154e+01	   4.5645472e+01	   3.9702598e+01	   3.3487877e+01	             NaN	             NaN	
   7.5739640e+01	   8.3550785e+01	   8.9860563e+01	   9.2269289e+01	   9.0754091e+01	   8.6355302e+01	   8.1415234e+01	   7.7521452e+01	   7.4338872e+01	   7.3641768e+01	   7.5292826e+01	   7.8257928e+01	   8.3167668e+01	   8.8560292e+01	   9.3502842e+01	   9.6616441e+01	   9.8118793e+01	   9.9135679e+01	   9.8828898e+01	   9.7972419e+01	   9.4950810e+01	   9.0721191e+01	   8.5274435e+01	   7.9906437e+01	   7.5040720e+01	   6.9354651e+01	   6.2744123e+01	   5.5383026e+01	   4.7629360e+01	   4.1440187e+01	   3.5418937e+01	   2.9595327e+01	             NaN	
   7.5931757e+01	   8.5157650e+01	   9.0660391e+01	   9.2660919e+01	   9.1171008e+01	   8.6855687e+01	   8.2624033e+01	   7.8600537e+01	   7.4981275e+01	   7.3986183e+01	   7.5279721e+01	   7.8715003e+01	   8.3499235e+01	   8.8920808e+01	   9.3583379e+01	   9.6949893e+01	   9.8502077e+01	   9.9752252e+01	   1.0004187e+02	   9.8961806e+01	   9.6315741e+01	   9.1776503e+01	   8.6493868e+01	   8.1666647e+01	   7.6603372e+01	   7.1273230e+01	   6.4531767e+01	   5.7738788e+01	   4.9597763e+01	   4.3131364e+01	   3.7210322e+01	   3.1467048e+01	             NaN	
   7.4901577e+01	   8.4310695e+01	   9.1914356e+01	   9.2910376e+01	   9.2017742e+01	   8.8477552e+01	   8.3164127e+01	   7.8696752e+01	   7.5757977e+01	   7.5074317e+01	   7.6126887e+01	   7.8692642e+01	   8.3413916e+01	   8.9100806e+01	   9.3156332e+01	   9.6926143e+01	   9.8678569e+01	   1.0025378e+02	   1.0071754e+02	   9.9713902e+01	   9.7295451e+01	   9.3225294e+01	   8.8234488e+01	   8.3094649e+01	   7.8344934e+01	   7.2934300e+01	   6.6221725e+01	   5.9612874e+01	   5.1702028e+01	   4.4767779e+01	   3.9087342e+01	   3.3279468e+01	   2.8042929e+01	
   7.8176035e+01	   8.7254968e+01	   9.3103017e+01	   9.4541196e+01	   9.3547499e+01	   8.8782712e+01	   8.4002626e+01	   8.0253821e+01	   7.7122955e+01	   7.5476386e+01	   7.6354764e+01	   7.9356203e+01	   8.3508895e+01	   8.9315570e+01	   9.3478071e+01	   9.7059739e+01	   9.9135916e+01	   1.0055092e+02	   1.0143349e+02	   1.0046360e+02	   9.8415259e+01	   9.4614669e+01	   8.9333840e+01	   8.4311521e+01	   7.9663989e+01	   7.4484310e+01	   6.7752755e+01	   6.1518356e+01	   5.3900783e+01	   4.6547764e+01	   4.0836024e+01	   3.5192353e+01	   2.9722737e+01	
   7.8074936e+01	   8.8039730e+01	   9.2837395e+01	   9.6249900e+01	   9.3591936e+01	   9.0558725e+01	   8.5175099e+01	   8.1127300e+01	   7.7987353e+01	   7.6096018e+01	   7.6563985e+01	   7.9349060e+01	   8.3849396e+01	   8.9467271e+01	   9.3312978e+01	   9.6945580e+01	   9.8999473e+01	   1.0133906e+02	   1.0173555e+02	   1.0149832e+02	   9.9165018e+01	   9.5384340e+01	   9.0864043e+01	   8.5440210e+01	   8.1021933e+01	   7.5966878e+01	   6.9435009e+01	   6.3216887e+01	   5.5850650e+01	   4.8401432e+01	   4.2302735e+01	   3.6931902e+01	   3.1436428e+01	
   7.7816581e+01	   8.8979011e+01	   9.3540184e+01	   9.6022255e+01	   9.3210151e+01	   9.0628953e+01	   8.6448852e+01	   8.1671285e+01	   7.8431885e+01	   7.5974285e+01	   7.6557778e+01	   7.9710141e+01	   8.3497245e+01	   8.9115980e+01	   9.3519390e+01	   9.6821699e+01	   9.9270867e+01	   1.0155682e+02	   1.0211535e+02	   1.0168237e+02	   1.0020390e+02	   9.6492331e+01	   9.1631968e+01	   8.6824957e+01	   8.2387304e+01	   7.7269405e+01	   7.0968146e+01	   6.4781822e+01	   5.7771809e+01	   5.0245602e+01	   4.3752497e+01	   3.8507255e+01	   3.3466193e+01	
   7.8080472e+01	   8.8243478e+01	   9.3898354e+01	   9.5778775e+01	   9.4402569e+01	   9.1623653e+01	   8.7102144e+01	   8.2708044e+01	   7.8982773e+01	   7.7144294e+01	   7.6747347e+01	   7.9476805e+01	   8.3721774e+01	   8.8628454e+01	   9.3586992e+01	   9.6758301e+01	   9.9286669e+01	   1.0108581e+02	   1.0245038e+02	   1.0198414e+02	   1.0057151e+02	   9.7065683e+01	   9.2638822e+01	   8.7805176e+01	   8.3592898e+01	   7.8518953e+01	   7.2492000e+01	   6.6169079e+01	   5.9204676e+01	   5.1923347e+01	   4.5417766e+01	   3.9995019e+01	   3.4920352e+01	
   7.9216910e+01	   8.7319424e+01	   9.3874010e+01	   9.6665831e+01	   9.6197672e+01	   9.2769538e+01	   8.7166802e+01	   8.3233338e+01	   7.9358261e+01	   7.7565030e+01	   7.7764603e+01	   7.9814508e+01	   8.3616620e+01	   8.8883355e+01	   9.2854309e+01	   9.6444553e+01	   9.8930819e+01	   1.0105375e+02	   1.0255151e+02	   1.0262284e+02	   1.0108358e+02	   9.7586069e+01	   9.3220377e+01	   8.8822988e+01	   8.4323232e+01	   7.9453160e+01	   7.3831139e+01	   6.7388636e+01	   6.0716095e+01	   5.3793967e+01	   4.6877299e+01	   4.1513209e+01	   3.6643280e+01	
             NaN	   8.8743276e+01	   9.3673319e+01	   9.6599755e+01	   9.6459751e+01	   9.2916752e+01	   8.8164955e+01	   8.3518088e+01	   8.0033927e+01	   7.7794892e+01	   7.7557775e+01	   7.9766673e+01	   8.3283146e+01	   8.8080718e+01	   9.2427481e+01	   9.6012032e+01	   9.8482727e+01	   1.0108834e+02	   1.0207628e+02	   1.0278135e+02	   1.0141494e+02	   9.8229739e+01	   9.3871250e+01	   8.9452378e+01	   8.5103216e+01	   8.0568076e+01	   7.4885098e+01	   6.8680927e+01	   6.2080474e+01	   5.5345319e+01	   4.8507495e+01	   4.2796541e+01	   3.8174526e+01	
             NaN	   8.7593987e+01	   9.4901042e+01	   9.7452682e+01	   9.6464223e+01	   9.2759937e+01	   8.8225790e+01	   8.3887349e+01	   8.0087366e+01	   7.7573289e+01	   7.7650797e+01	   7.9773237e+01	   8.3536936e+01	   8.7923982e+01	   9.1862694e+01	   9.5604319e+01	   9.8359448e+01	   1.0078757e+02	   1.0213175e+02	   1.0286966e+02	   1.0133360e+02	   9.8642721e+01	   9.3955541e+01	   8.9811349e+01	   8.5870173e+01	   8.1258594e+01	   7.5804373e+01	   6.9764795e+01	   6.3312880e+01	   5.6733785e+01	   5.0053008e+01	   4.4185018e+01	   3.9621979e+01	
             NaN	   8.8726605e+01	   9.5863669e+01	   9.7953873e+01	   9.7307785e+01	   9.2736295e+01	   8.8276044e+01	   8.5036916e+01	   8.0637908e+01	   7.7796212e+01	   7.8663067e+01	   7.9834973e+01	   8.2801730e+01	   8.7806797e+01	   9.1671824e+01	   9.4887147e+01	   9.7624117e+01	   1.0035210e+02	   1.0218050e+02	   1.0276661e+02	   1.0176230e+02	   9.8791122e+01	   9.4488791e+01	   9.0411735e+01	   8.6814734e+01	   8.2320431e+01	   7.6661370e+01	   7.0761190e+01	   6.4317019e+01	   5.7969047e+01	   5.1754697e+01	   4.5395176e+01	   4.0634665e+01	
             NaN	   8.8757342e+01	   9.4559956e+01	   9.7509639e+01	   9.6267466e+01	   9.3333996e+01	   8.9478858e+01	   8.5363954e+01	   8.1117365e+01	   7.8794446e+01	   7.8132045e+01	   7.9752794e+01	   8.2611108e+01	   8.7408149e+01	   9.0809576e+01	   9.4837449e+01	   9.7249805e+01	   9.9911931e+01	   1.0159244e+02	   1.0249984e+02	   1.0162148e+02	   9.8732384e+01	   9.5099622e+01	   9.1070815e+01	   8.7218447e+01	   8.3114246e+01	   7.7608549e+01	   7.1647729e+01	   6.5663576e+01	   5.9284624e+01	   5.3077460e+01	   4.6906909e+01	   4.2048066e+01	
             NaN	   8.7984807e+01	   9.4968232e+01	   9.7026696e+01	   9.6645045e+01	   9.3081203e+01	   8.9964913e+01	   8.5191057e+01	   8.0984768e+01	   7.8656981e+01	   7.8175248e+01	   7.9517935e+01	   8.2328586e+01	   8.6948901e+01	   9.0395701e+01	   9.4327119e+01	   9.6713341e+01	   9.9283381e+01	   1.0140596e+02	   1.0200071e+02	   1.0168612e+02	   9.8942847e+01	   9.5102061e+01	   9.1261068e+01	   8.7539924e+01	   8.3555680e+01	   7.8227654e+01	   7.2634537e+01	   6.6344530e+01	   6.0302733e+01	   5.4256975e+01	   4.8276876e+01	   4.3225799e+01	
             NaN	   8.7788648e+01	   9.4133411e+01	   9.7047572e+01	   9.6694730e+01	   9.3916099e+01	   9.0070101e+01	   8.5450501e+01	   8.1399794e+01	   7.9035165e+01	   7.8487763e+01	   7.9246723e+01	   8.2097706e+01	   8.5888287e+01	   8.9777201e+01	   9.3292800e+01	   9.6296838e+01	   9.8683493e+01	   1.0053878e+02	   1.0185855e+02	   1.0080975e+02	   9.8888707e+01	   9.5157967e+01	   9.1352696e+01	   8.8015609e+01	   8.3932839e+01	   7.8826284e+01	   7.3476087e+01	   6.7127011e+01	   6.1111787e+01	   5.5396256e+01	   4.9544998e+01	   4.4087914e+01	
             NaN	             NaN	   9.4508224e+01	   9.5945397e+01	   9.5807338e+01	   9.3508790e+01	   8.9971409e+01	   8.5573370e+01	   8.1727944e+01	   7.8853788e+01	   7.8256214e+01	   7.9073183e+01	   8.1324722e+01	   8.5775110e+01	   8.9126720e+01	   9.2500508e+01	   9.5249205e+01	   9.8256422e+01	   1.0023997e+02	   1.0117506e+02	   1.0075385e+02	   9.8581339e+01	   9.5178690e+01	   9.1431495e+01	   8.8208523e+01	   8.4530742e+01	   7.9677616e+01	   7.3959580e+01	   6.7999048e+01	   6.2283041e+01	   5.6633546e+01	   5.0966493e+01	   4.5389095e+01	
             NaN	             NaN	   9.4486432e+01	   9.6692245e+01	   9.6239695e+01	   9.3620383e+01	   8.9924894e+01	   8.5633902e+01	   8.1569571e+01	   7.9444932e+01	   7.8121378e+01	   7.8455200e+01	   8.0962739e+01	   8.5207615e+01	   8.8658549e+01	   9.1572725e+01	   9.4382686e+01	   9.7135580e+01	   9.9313593e+01	   1.0056525e+02	   1.0025104e+02	   9.8042074e+01	   9.4621481e+01	   9.1414658e+01	   8.8111184e+01	   8.4555751e+01	   7.9641205e+01	   7.4569975e+01	   6.8847621e+01	   6.2786706e+01	   5.7340870e+01	   5.1901309e+01	   4.6669001e+01	
             NaN	             NaN	   9.4579624e+01	   9.5992234e+01	   9.7016605e+01	   9.3498247e+01	   8.9632786e+01	   8.6078055e+01	   8.0978583e+01	   7.8663719e+01	   7.8109802e+01	   7.8569552e+01	   8.0394166e+01	   8.4391624e+01	   8.7792682e+01	   9.0710281e+01	   9.3403157e+01	   9.6539023e+01	   9.8132250e+01	   9.9540807e+01	   9.9314552e+01	   9.7578243e+01	   9.4268115e+01	   9.1145176e+01	   8.8099966e+01	   8.4762499e+01	   8.0043888e+01	   7.4870729e+01	   6.9310783e+01	   6.3696884e+01	   5.8133099e+01	   5.2848806e+01	   4.7790184e+01	
             NaN	             NaN	   9.1761539e+01	   9.5657265e+01	   9.4930138e+01	   9.2911045e+01	   8.8930934e+01	   8.5316718e+01	   8.1477925e+01	   7.8661487e+01	   7.7483262e+01	   7.8219885e+01	   7.9535003e+01	   8.3204623e+01	   8.6496987e+01	   8.9549681e+01	   9.2295921e+01	   9.5223840e+01	   9.7097640e+01	   9.8455735e+01	   9.8400749e+01	   9.6472514e+01	   9.3592450e+01	   9.0733372e+01	   8.7845151e+01	   8.4782524e+01	   8.0042628e+01	   7.5049673e+01	   6.9639875e+01	   6.4087569e+01	   5.8609305e+01	   5.3612153e+01	   4.8657270e+01	
             NaN	             NaN	   9.1159215e+01	   9.4672360e+01	   9.5215209e+01	   9.3077806e+01	   8.9520220e+01	   8.4899621e+01	   8.1395371e+01	   7.8105575e+01	   7.7061812e+01	   7.7348825e+01	   7.9574076e+01	   8.2974651e+01	   8.5991976e+01	   8.8881571e+01	   9.1198155e+01	   9.4260507e+01	   9.6282299e+01	   9.7576738e+01	   9.7548487e+01	   9.6099774e+01	   9.3286155e+01	   9.0505083e+01	   8.7733586e+01	   8.4533208e+01	   8.0290166e+01	   7.5418903e+01	   6.9925342e+01	   6.4512636e+01	   5.9341126e+01	   5.4238199e+01	   4.9907251e+01	
             NaN	             NaN	             NaN	   9.4130151e+01	   9.4400682e+01	   9.2099113e+01	   8.8612393e+01	   8.5077077e+01	   8.1574786e+01	   7.8011219e+01	   7.7158904e+01	   7.6700728e+01	   7.8504659e+01	   8.1940524e+01	   8.5407824e+01	   8.7772520e+01	   9.0179577e+01	   9.2915147e+01	   9.5340703e+01	   9.6878330e+01	   9.6981232e+01	   9.5575385e+01	   9.2880255e+01	   9.0150720e+01	   8.7673233e+01	   8.4775799e+01	   8.0220270e+01	   7.5359130e+01	   7.0216416e+01	   6.4877111e+01	   5.9841126e+01	   5.5050202e+01	   5.0306557e+01	
             NaN	             NaN	             NaN	   9.2314869e+01	   9.3778620e+01	   9.0960746e+01	   8.8659595e+01	   8.4909271e+01	   8.1228340e+01	   7.7540979e+01	   7.6429098e+01	   7.6674059e+01	   7.8011552e+01	   8.1051590e+01	   8.3889917e+01	   8.6653935e+01	   8.9506968e+01	   9.1788379e+01	   9.4204578e+01	   9.5567247e+01	   9.5854629e+01	   9.4421527e+01	   9.2027295e+01	   8.9265750e+01	   8.7247028e+01	   8.3975239e+01	   8.0375437e+01	   7.5491611e+01	   7.0512136e+01	   6.5192963e+01	   6.0331129e+01	   5.5356602e+01	   5.0692988e+01	
             NaN	             NaN	             NaN	   9.2591755e+01	   9.3241018e+01	   9.0735372e+01	   8.7852111e+01	   8.4623949e+01	   8.0914969e+01	   7.7480582e+01	   7.6287738e+01	   7.5722552e+01	   7.7313067e+01	   8.0452396e+01	   8.3165148e+01	   8.5783651e+01	   8.8008869e+01	   9.0702713e+01	   9.3098864e+01	   9.4612608e+01	   9.4755733e+01	   9.3933901e+01	   9.1372824e+01	   8.8831935e+01	   8.6639495e+01	   8.3712438e+01	   7.9787591e+01	   7.5440612e+01	   7.0482865e+01	   6.5194041e+01	   6.0639863e+01	   5.5715396e+01	   5.1391153e+01	
             NaN	             NaN	             NaN	   9.1648883e+01	   9.2383863e+01	   9.0165410e+01	   8.7869164e+01	   8.4449123e+01	   7.9933163e+01	   7.7389978e+01	   7.5237364e+01	   7.5672622e+01	   7.6723482e+01	   7.9382300e+01	   8.2044218e+01	   8.4598373e+01	   8.7029821e+01	   8.9355135e+01	   9.1721769e+01	   9.3549686e+01	   9.3996862e+01	   9.2885643e+01	   9.0234245e+01	   8.8114530e+01	   8.5713054e+01	   8.3620146e+01	   7.9545912e+01	   7.5346159e+01	   7.0403804e+01	   6.5565064e+01	   6.0910910e+01	   5.6433300e+01	   5.1891277e+01	
             NaN	             NaN	             NaN	   9.0619064e+01	   9.1722385e+01	   9.0008220e+01	   8.7295029e+01	   8.3506539e+01	   7.9652110e+01	   7.6784953e+01	   7.5071167e+01	   7.4862137e+01	   7.6235271e+01	   7.8966056e+01	   8.1020932e+01	   8.3646145e+01	   8.5912374e+01	   8.8326233e+01	   9.0456230e+01	   9.2538790e+01	   9.2838549e+01	   9.1647748e+01	   8.9699047e+01	   8.7275557e+01	   8.5273569e+01	   8.2917583e+01	   7.9426875e+01	   7.5224767e+01	   7.0453149e+01	   6.5554662e+01	   6.1057101e+01	   5.6622045e+01	   5.2332671e+01	
             NaN	             NaN	             NaN	             NaN	   8.9906276e+01	   8.8801227e+01	   8.6274578e+01	   8.2669778e+01	   7.9240729e+01	   7.6389450e+01	   7.4634179e+01	   7.4414871e+01	   7.5765589e+01	   7.7757411e+01	   7.9839792e+01	   8.2450760e+01	   8.4534486e+01	   8.6889353e+01	   8.9328579e+01	   9.0720164e+01	   9.1234238e+01	   9.0555879e+01	   8.8585908e+01	   8.6622097e+01	   8.5040727e+01	   8.2128160e+01	   7.9090862e+01	   7.4988818e+01	   7.0261306e+01	   6.5388531e+01	   6.1067297e+01	   5.6712945e+01	   5.2578663e+01	
             NaN	             NaN	             NaN	             NaN	   8.9885813e+01	   8.8250673e+01	   8.5317669e+01	   8.2302780e+01	   7.8453435e+01	   7.5866789e+01	   7.4274525e+01	   7.4036794e+01	   7.4674070e+01	   7.7062964e+01	   7.9407011e+01	   8.1250251e+01	   8.2854227e+01	   8.5516261e+01	   8.7857577e+01	   8.9453449e+01	   9.0159768e+01	   8.9280790e+01	   8.7250600e+01	   8.5471538e+01	   8.3616709e+01	   8.1925154e+01	   7.8375815e+01	   7.4525546e+01	   6.9906969e+01	   6.5589609e+01	   6.1199789e+01	   5.6705171e+01	   5.2882615e+01	
             NaN	             NaN	             NaN	             NaN	   8.7797183e+01	   8.6706457e+01	   8.4325231e+01	   8.2125622e+01	   7.8126622e+01	   7.4642916e+01	   7.2775784e+01	   7.2947235e+01	   7.3536960e+01	   7.5869169e+01	   7.7650534e+01	   7.9603017e+01	   8.1728085e+01	   8.4083143e+01	   8.6084627e+01	   8.7827284e+01	   8.8685755e+01	   8.8000315e+01	   8.6333917e+01	   8.4252371e+01	   8.2863088e+01	   8.0818064e+01	   7.7574586e+01	   7.3955079e+01	   6.9375778e+01	   6.5222680e+01	   6.0872647e+01	   5.6672631e+01	   5.2795663e+01	
             NaN	             NaN	             NaN	             NaN	   8.6084717e+01	   8.5238047e+01	   8.4080140e+01	   8.0497137e+01	   7.7096825e+01	   7.4038421e+01	   7.3031061e+01	   7.2003595e+01	   7.3159115e+01	   7.4716550e+01	   7.6121734e+01	   7.8398868e+01	   8.0220924e+01	   8.2579010e+01	   8.4469354e+01	   8.6155533e+01	   8.6813981e+01	   8.6244801e+01	   8.5079302e+01	   8.3165770e+01	   8.1740306e+01	   8.0060323e+01	   7.6893147e+01	   7.3053569e+01	   6.8980079e+01	   6.4568303e+01	   6.0793896e+01	   5.6498134e+01	   5.2785935e+01	
             NaN	             NaN	             NaN	             NaN	   8.5681824e+01	   8.4300179e+01	   8.2382491e+01	   7.9077499e+01	   7.5829764e+01	   7.3290515e+01	   7.1735472e+01	   7.1222769e+01	   7.1272769e+01	   7.3519294e+01	   7.5350270e+01	   7.7126115e+01	   7.8694925e+01	   8.0918490e+01	   8.3244137e+01	   8.4993646e+01	   8.5431881e+01	   8.5080284e+01	   8.3682817e+01	   8.2131141e+01	   8.0912083e+01	   7.9136432e+01	   7.6067251e+01	   7.2504718e+01	   6.8466833e+01	   6.4372397e+01	   6.0383701e+01	   5.6459147e+01	   5.2673775e+01	
             NaN	             NaN	             NaN	             NaN	             NaN	   8.2821634e+01	   8.2381377e+01	   7.9235062e+01	   7.4931501e+01	   7.2432501e+01	   7.0897297e+01	   7.0472636e+01	   7.0490347e+01	   7.2170103e+01	   7.3820513e+01	   7.5895075e+01	   7.7525630e+01	   7.9358991e+01	   8.1441461e+01	   8.3455463e+01	   8.3910295e+01	   8.3790224e+01	   8.2368610e+01	   8.0971466e+01	   7.9787802e+01	   7.7992355e+01	   7.5319480e+01	   7.1898002e+01	   6.7928942e+01	   6.3768098e+01	   6.0005966e+01	   5.6087987e+01	   5.2867794e+01	
             NaN	             NaN	             NaN	             NaN	             NaN	   8.2033476e+01	   8.0573669e+01	   7.7783247e+01	   7.4786306e+01	   7.1701281e+01	   7.0259767e+01	   6.9199344e+01	   6.9864002e+01	   7.1413989e+01	   7.2582313e+01	   7.4036909e+01	   7.5819063e+01	   7.8225898e+01	   8.0049093e+01	   8.1742612e+01	   8.2716658e+01	   8.2163111e+01	   8.0931349e+01	   7.9732391e+01	   7.8487933e+01	   7.7085873e+01	   7.4392567e+01	   7.1129999e+01	   6.7244985e+01	   6.3511185e+01	   5.9653477e+01	   5.6092577e+01	   5.2623647e+01	
             NaN	             NaN	             NaN	             NaN	             NaN	   8.0743601e+01	   7.9323979e+01	   7.6849971e+01	   7.3633051e+01	   7.1120444e+01	   6.9570863e+01	   6.8259629e+01	   6.8723105e+01	   7.0292109e+01	   7.1163880e+01	   7.3289166e+01	   7.4438616e+01	   7.6342622e+01	   7.8608497e+01	   8.0177524e+01	   8.1251471e+01	   8.0502942e+01	   7.9660422e+01	   7.8361353e+01	   7.7620935e+01	   7.5975422e+01	   7.3564160e+01	   7.0634430e+01	   6.6546464e+01	   6.2776358e+01	   5.9115019e+01	   5.5653610e+01	   5.2157521e+01	
             NaN	             NaN	             NaN	             NaN	             NaN	   7.9652362e+01	   7.9143136e+01	   7.5839998e+01	   7.2286279e+01	   7.0136619e+01	   6.7956738e+01	   6.7461672e+01	   6.7685458e+01	   6.9059176e+01	   7.0083249e+01	   7.1843269e+01	   7.3011687e+01	   7.4923848e+01	   7.6710854e+01	   7.8776293e+01	   7.9420488e+01	   7.9199479e+01	   7.8336488e+01	   7.7214506e+01	   7.6088900e+01	   7.5260869e+01	   7.2587671e+01	   6.9538142e+01	   6.6039427e+01	   6.2331571e+01	   5.8721754e+01	   5.5316567e+01	   5.1992111e+01	
             NaN	             NaN	             NaN	             NaN	             NaN	   7.9035136e+01	   7.7359952e+01	   7.4818592e+01	   7.1628905e+01	   6.9027957e+01	   6.7490764e+01	   6.7092176e+01	   6.6839500e+01	   6.7998277e+01	   6.8861694e+01	   7.0873922e+01	   7.2059720e+01	   7.3760576e+01	   7.5453629e+01	   7.7203660e+01	   7.7955456e+01	   7.7871514e+01	   7.7255493e+01	   7.6098298e+01	   7.5380659e+01	   7.3907044e+01	   7.1592218e+01	   6.8817703e+01	   6.5225599e+01	   6.2029957e+01	   5.8295622e+01	   5.4861542e+01	   5.2041902e+01	
             NaN	             NaN	             NaN	             NaN	             NaN	             NaN	   7.6024271e+01	   7.4276438e+01	   7.0741305e+01	   6.8456203e+01	   6.6937015e+01	   6.6215586e+01	   6.5687567e+01	   6.6940082e+01	   6.7971761e+01	   6.9465140e+01	   7.0488666e+01	   7.2229406e+01	   7.3922332e+01	   7.5487178e+01	   7.6439592e+01	   7.6594198e+01	   7.5701416e+01	   7.4642065e+01	   7.3977948e+01	   7.2862948e+01	   7.0614783e+01	   6.7884645e+01	   6.4654956e+01	   6.1632858e+01	   5.7841700e+01	   5.4431201e+01	   5.1402948e+01	
             NaN	             NaN	             NaN	             NaN	             NaN	             NaN	   7.5328666e+01	   7.3082632e+01	   7.0631553e+01	   6.7547627e+01	   6.6037688e+01	   6.4950905e+01	   6.5037779e+01	   6.5937620e+01	   6.7023428e+01	   6.8281564e+01	   6.9158424e+01	   7.1136176e+01	   7.2761954e+01	   7.4495414e+01	   7.5113941e+01	   7.4931715e+01	   7.4458869e+01	   7.3482900e+01	   7.2964525e+01	   7.1937742e+01	   6.9636734e+01	   6.6975295e+01	   6.3799568e+01	   6.0710982e+01	   5.7316075e+01	   5.4131857e+01	   5.1326468e+01	
   0.0000000e+00	             NaN	             NaN	             NaN	             NaN	             NaN	   7.4657962e+01	   7.1939907e+01	   6.9120737e+01	   6.6755306e+01	   6.5033133e+01	   6.4122242e+01	   6.3530263e+01	   6.4536929e+01	   6.5801157e+01	   6.6945041e+01	   6.7737663e+01	   6.9559401e+01	   7.1227197e+01	   7.2626626e+01	   7.3743501e+01	   7.3540081e+01	   7.3291134e+01	   7.2597315e+01	   7.1625782e+01	   7.0755542e+01	   6.8707600e+01	   6.6088334e+01	   6.3001352e+01	   5.9769927e+01	   5.6937452e+01	   5.3714069e+01	   5.0765489e+01	
   0.0000000e+00	             NaN	             NaN	             NaN	             NaN	             NaN	   7.2928925e+01	   7.0996901e+01	   6.8106350e+01	   6.5614107e+01	   6.3912368e+01	   6.2951478e+01	   6.2990089e+01	   6.3933718e+01	   6.4267522e+01	   6.5278301e+01	   6.6778091e+01	   6.8271511e+01	   6.9737998e+01	   7.1152702e+01	   7.2128276e+01	   7.2235785e+01	   7.1661938e+01	   7.0946812e+01	   7.0359490e+01	   6.9495861e+01	   6.7521107e+01	   6.5482120e+01	   6.2087064e+01	   5.9275728e+01	   5.6074233e+01	   5.2939608e+01	   5.0224367e+01	
   0.0000000e+00	             NaN	             NaN	             NaN	             NaN	             NaN	   7.1724192e+01	   6.9755486e+01	   6.6771549e+01	   6.4601885e+01	   6.2811545e+01	   6.1959387e+01	   6.1565685e+01	   6.2826641e+01	   6.3379664e+01	   6.4293918e+01	   6.5433679e+01	   6.6916362e+01	   6.8520123e+01	   6.9644898e+01	   7.0187311e+01	   7.0977990e+01	   7.0390571e+01	   6.9816254e+01	   6.9398630e+01	   6.8481404e+01	   6.6433593e+01	   6.4468668e+01	   6.1228363e+01	   5.8253928e+01	   5.5363761e+01	   5.2599810e+01	   4.9527800e+01	
   0.0000000e+00	             NaN	             NaN	             NaN	             NaN	             NaN	             NaN	   6.7914526e+01	   6.5517670e+01	   6.3645347e+01	   6.1813585e+01	   6.1073751e+01	   6.0768467e+01	   6.1731574e+01	   6.2048100e+01	   6.3159294e+01	   6.3814501e+01	   6.5335214e+01	   6.7168518e+01	   6.8415805e+01	   6.9210234e+01	   6.9556694e+01	   6.9123832e+01	   6.8229455e+01	   6.8025153e+01	   6.7077765e+01	   6.5222428e+01	   6.3215386e+01	   6.0352850e+01	   5.7336808e+01	   5.4736728e+01	   5.1934716e+01	   4.9092839e+01	
   0.0000000e+00	             NaN	             NaN	             NaN	             NaN	             NaN	             NaN	   6.7888149e+01	   6.4579152e+01	   6.2469278e+01	   6.1495647e+01	   6.0334169e+01	   5.9605522e+01	   6.0329655e+01	   6.1089100e+01	   6.1712118e+01	   6.2830770e+01	   6.4280452e+01	   6.5662755e+01	   6.6952138e+01	   6.7805411e+01	   6.7893148e+01	   6.7550151e+01	   6.6898762e+01	   6.6460961e+01	   6.5922753e+01	   6.4499739e+01	   6.2287560e+01	   5.9471773e+01	   5.6646680e+01	   5.3810809e+01	   5.1242561e+01	   4.8567732e+01	
   0.0000000e+00	   0.0000000e+00	             NaN	             NaN	             NaN	             NaN	             NaN	   6.5981505e+01	   6.3622719e+01	   6.1689339e+01	   6.0287702e+01	   5.8983495e+01	   5.9160134e+01	   5.9404133e+01	   5.9874430e+01	   6.0595023e+01	   6.1328394e+01	   6.2499708e+01	   6.4006248e+01	   6.5347659e+01	   6.6410047e+01	   6.6272867e+01	   6.6388833e+01	   6.5754947e+01	   6.5444405e+01	   6.4802381e+01	   6.3186463e+01	   6.0927706e+01	   5.8567400e+01	   5.5733597e+01	   5.3225515e+01	   5.0656919e+01	   4.8063043e+01	
   0.0000000e+00	   0.0000000e+00	             NaN	             NaN	             NaN	             NaN	             NaN	   6.4644902e+01	   6.2383276e+01	   6.0435901e+01	   5.9065057e+01	   5.7973763e+01	   5.8037566e+01	   5.8308595e+01	   5.8559871e+01	   5.9108765e+01	   6.0482999e+01	   6.1058499e+01	   6.2562327e+01	   6.4201964e+01	   6.4565599e+01	   6.4967639e+01	   6.4840842e+01	   6.4128891e+01	   6.4281469e+01	   6.3340748e+01	   6.2091990e+01	   6.0135130e+01	   5.7474571e+01	   5.4932478e+01	   5.2598528e+01	   4.9852897e+01	   4.7373291e+01	
   0.0000000e+00	   0.0000000e+00	             NaN	             NaN	             NaN	             NaN	             NaN	   6.3908685e+01	   6.1376236e+01	   5.9371055e+01	   5.7677397e+01	   5.6732746e+01	   5.6429576e+01	   5.7118051e+01	   5.7240430e+01	   5.8084238e+01	   5.8551145e+01	   5.9724095e+01	   6.0808378e+01	   6.2336126e+01	   6.2575619e+01	   6.3404263e+01	   6.2942341e+01	   6.2606598e+01	   6.2587055e+01	   6.1896612e+01	   6.0607146e+01	   5.8698723e+01	   5.6257896e+01	   5.3885103e+01	   5.1349903e+01	   4.8832661e+01	   4.6400014e+01	
   0.0000000e+00	   0.0000000e+00	             NaN	             NaN	             NaN	             NaN	             NaN	             NaN	   5.9666337e+01	   5.8549227e+01	   5.6637421e+01	   5.5472625e+01	   5.5205199e+01	   5.5798455e+01	   5.6188901e+01	   5.6657828e+01	   5.7117808e+01	   5.8102514e+01	   5.9708042e+01	   6.0845715e+01	   6.1157618e+01	   6.1838148e+01	   6.1563232e+01	   6.1332780e+01	   6.1131827e+01	   6.0557617e+01	   5.9466981e+01	   5.7646528e+01	   5.5114899e+01	   5.2861591e+01	   5.0234174e+01	   4.8012475e+01	   4.5797134e+01	
   0.0000000e+00	   0.0000000e+00	             NaN	             NaN	             NaN	             NaN	             NaN	             NaN	   5.8782732e+01	   5.6417809e+01	   5.5053653e+01	   5.4172540e+01	   5.4132113e+01	   5.4462155e+01	   5.4639566e+01	   5.5280244e+01	   5.5780152e+01	   5.6731387e+01	   5.8261891e+01	   5.9283199e+01	   5.9700315e+01	   6.0020994e+01	   5.9852427e+01	   5.9402901e+01	   5.9526118e+01	   5.9167135e+01	   5.7859090e+01	   5.6236746e+01	   5.3963513e+01	   5.1514442e+01	   4.9519585e+01	   4.7181461e+01	   4.4828453e+01	
   0.0000000e+00	   0.0000000e+00	   0.0000000e+00	             NaN	             NaN	             NaN	             NaN	             NaN	   5.7792338e+01	   5.6057003e+01	   5.4532906e+01	   5.4252614e+01	   5.3508366e+01	   5.3559100e+01	   5.4457414e+01	   5.4434627e+01	   5.5182834e+01	   5.5619430e+01	   5.6913106e+01	   5.7666448e+01	   5.8814478e+01	   5.9175757e+01	   5.9261105e+01	   5.8493866e+01	   5.8506422e+01	   5.8385380e+01	   5.7031923e+01	   5.5211382e+01	   5.3318442e+01	   5.0664843e+01	   4.8779564e+01	   4.6241144e+01	   4.4602786e+01	
   0.0000000e+00	   0.0000000e+00	   0.0000000e+00	             NaN	             NaN	             NaN	             NaN	             NaN	   5.6461935e+01	   5.4777351e+01	   5.3514230e+01	   5.2790270e+01	   5.2351191e+01	   5.2761871e+01	   5.2672379e+01	   5.3220760e+01	   5.3534344e+01	   5.4514349e+01	   5.5555646e+01	   5.6721402e+01	   5.7341330e+01	   5.7609265e+01	   5.7600149e+01	   5.7601454e+01	   5.7195560e+01	   5.7222344e+01	   5.5733372e+01	   5.4077684e+01	   5.2227472e+01	   5.0064633e+01	   4.7992602e+01	   4.5841366e+01	   4.3828009e+01	
   0.0000000e+00	   0.0000000e+00	   0.0000000e+00	             NaN	             NaN	             NaN	             NaN	             NaN	   5.5440209e+01	   5.4116294e+01	   5.2467487e+01	   5.1993252e+01	   5.1085108e+01	   5.1497078e+01	   5.1560498e+01	   5.2158355e+01	   5.2714133e+01	   5.3287754e+01	   5.4194097e+01	   5.5080127e+01	   5.5846318e+01	   5.6238399e+01	   5.6233251e+01	   5.6097084e+01	   5.5945866e+01	   5.5874194e+01	   5.4508857e+01	   5.2832316e+01	   5.1096842e+01	   4.8929542e+01	   4.7083174e+01	   4.4954419e+01	   4.2888281e+01	
   0.0000000e+00	   0.0000000e+00	   0.0000000e+00	             NaN	             NaN	             NaN	             NaN	             NaN	   5.3898528e+01	   5.2647152e+01	   5.1473244e+01	   5.0618243e+01	   5.0024202e+01	   5.0374831e+01	   5.0618203e+01	   5.1013722e+01	   5.1305907e+01	   5.2231181e+01	   5.2964013e+01	   5.4044333e+01	   5.4690037e+01	   5.4976275e+01	   5.5017157e+01	   5.4722395e+01	   5.4722798e+01	   5.4721741e+01	   5.3465396e+01	   5.1875369e+01	   4.9817341e+01	   4.7822108e+01	   4.5942745e+01	   4.4008827e+01	   4.2300249e+01	
   0.0000000e+00	   0.0000000e+00	   0.0000000e+00	             NaN	             NaN	             NaN	             NaN	             NaN	             NaN	   5.1882898e+01	   5.0479334e+01	   4.9393101e+01	   4.9209758e+01	   4.9560723e+01	   4.9552330e+01	   4.9691559e+01	   5.0091276e+01	   5.0540504e+01	   5.1675501e+01	   5.2406153e+01	   5.3078503e+01	   5.3532040e+01	   5.3484184e+01	   5.3412695e+01	   5.3424300e+01	   5.3396367e+01	   5.2072621e+01	   5.0675661e+01	   4.9011801e+01	   4.6855633e+01	   4.5109193e+01	   4.3064745e+01	   4.1197120e+01	
   0.0000000e+00	   0.0000000e+00	   0.0000000e+00	   0.0000000e+00	             NaN	             NaN	             NaN	             NaN	             NaN	   5.0394272e+01	   4.9012206e+01	   4.8657526e+01	   4.7957209e+01	   4.8063639e+01	   4.8543028e+01	   4.8524747e+01	   4.9031596e+01	   4.9319281e+01	   5.0274197e+01	   5.1337807e+01	   5.1725993e+01	   5.2172307e+01	   5.1965487e+01	   5.2125975e+01	   5.2161885e+01	   5.1758945e+01	   5.0829268e+01	   4.9644351e+01	   4.7747721e+01	   4.5975669e+01	   4.4231040e+01	   4.2204889e+01	   4.0677301e+01	
   0.0000000e+00	   0.0000000e+00	   0.0000000e+00	   0.0000000e+00	             NaN	             NaN	             NaN	             NaN	             NaN	   4.8685354e+01	   4.8462841e+01	   4.7431872e+01	   4.7140099e+01	   4.7023368e+01	   4.7077682e+01	   4.7177086e+01	   4.7148562e+01	   4.7989013e+01	   4.8828618e+01	   4.9868899e+01	   5.0363473e+01	   5.0623675e+01	   5.0712789e+01	   5.0459898e+01	   5.0759155e+01	   5.0688729e+01	   4.9751427e+01	   4.8345085e+01	   4.6654407e+01	   4.4887511e+01	   4.3066336e+01	   4.1372152e+01	   3.9795303e+01	
   0.0000000e+00	   0.0000000e+00	   0.0000000e+00	   0.0000000e+00	             NaN	             NaN	             NaN	             NaN	             NaN	   4.8296890e+01	   4.7168943e+01	   4.6565303e+01	   4.5616119e+01	   4.5747751e+01	   4.5920013e+01	   4.6412599e+01	   4.6429985e+01	   4.6594580e+01	   4.7626188e+01	   4.8640628e+01	   4.9131997e+01	   4.9320173e+01	   4.9254702e+01	   4.9555500e+01	   4.9233782e+01	   4.9319111e+01	   4.8507897e+01	   4.7255611e+01	   4.5436800e+01	   4.3685305e+01	   4.2138369e+01	   4.0414547e+01	   3.8828905e+01	
   0.0000000e+00	   0.0000000e+00	   0.0000000e+00	   0.0000000e+00	             NaN	             NaN	             NaN	             NaN	             NaN	   4.6572234e+01	   4.6078313e+01	   4.4980885e+01	   4.4398945e+01	   4.5370800e+01	   4.4651783e+01	   4.5125567e+01	   4.5263418e+01	   4.5689931e+01	   4.6517518e+01	   4.7197338e+01	   4.7643627e+01	   4.8115570e+01	   4.7668286e+01	   4.7846630e+01	   4.8494140e+01	   4.8082058e+01	   4.7243251e+01	   4.6018483e+01	   4.4438502e+01	   4.2921362e+01	   4.0867499e+01	   3.9749984e+01	   3.7785399e+01	
   0.0000000e+00	   0.0000000e+00	   0.0000000e+00	   0.0000000e+00	             NaN	             NaN	             NaN	             NaN	             NaN	             NaN	   4.4651235e+01	   4.3891079e+01	   4.3555717e+01	   4.3812574e+01	   4.3490079e+01	   4.3995938e+01	   4.4188939e+01	   4.4757141e+01	   4.5118059e+01	   4.6226583e+01	   4.6572848e+01	   4.6846674e+01	   4.6785306e+01	   4.6764509e+01	   4.7087400e+01	   4.6697548e+01	   4.6144718e+01	   4.4790126e+01	   4.3271103e+01	   4.1808819e+01	   4.0208283e+01	   3.8575897e+01	   3.7236336e+01	
   0.0000000e+00	   0.0000000e+00	   0.0000000e+00	   0.0000000e+00	             NaN	             NaN	             NaN	             NaN	             NaN	             NaN	   4.3785763e+01	   4.2996553e+01	   4.2953881e+01	   4.2848404e+01	   4.2219639e+01	   4.2846320e+01	   4.2592379e+01	   4.3342212e+01	   4.4231066e+01	   4.4598208e+01	   4.5440145e+01	   4.5683572e+01	   4.5525537e+01	   4.5437186e+01	   4.5730166e+01	   4.5571460e+01	   4.4687586e+01	   4.3673774e+01	   4.2249104e+01	   4.0541906e+01	   3.9237843e+01	   3.7765279e+01	   3.6394569e+01	
   0.0000000e+00	   0.0000000e+00	   0.0000000e+00	   0.0000000e+00	   0.0000000e+00	             NaN	             NaN	             NaN	             NaN	             NaN	   4.2733783e+01	   4.2138932e+01	   4.1324701e+01	   4.1436846e+01	   4.1274609e+01	   4.1751532e+01	   4.1610529e+01	   4.1907835e+01	   4.3153714e+01	   4.3049567e+01	   4.4102213e+01	   4.4106818e+01	   4.4172280e+01	   4.4270796e+01	   4.4465400e+01	   4.4313436e+01	   4.3462923e+01	   4.2541111e+01	   4.1266905e+01	   3.9699745e+01	   3.8144100e+01	   3.6885817e+01	   3.5457206e+01	
   0.0000000e+00	   0.0000000e+00	   0.0000000e+00	   0.0000000e+00	   0.0000000e+00	             NaN	             NaN	             NaN	             NaN	             NaN	   4.1894079e+01	   4.0954285e+01	   4.0477556e+01	   4.0877749e+01	   4.0311780e+01	   4.0762681e+01	   4.0678632e+01	   4.1095120e+01	   4.1978552e+01	   4.2120162e+01	   4.2734895e+01	   4.2723150e+01	   4.3030726e+01	   4.2899877e+01	   4.3107447e+01	   4.3003866e+01	   4.2705121e+01	   4.1551626e+01	   3.9855534e+01	   3.8732370e+01	   3.7418649e+01	   3.6043175e+01	   3.4592280e+01	
   0.0000000e+00	   0.0000000e+00	   0.0000000e+00	   0.0000000e+00	   0.0000000e+00	             NaN	             NaN	             NaN	             NaN	             NaN	   4.1158205e+01	   3.9914986e+01	   3.9538674e+01	   3.9734834e+01	   3.9298839e+01	   3.9100830e+01	   3.9619382e+01	   3.9810801e+01	   4.0276666e+01	   4.1177816e+01	   4.1436651e+01	   4.1876453e+01	   4.1646780e+01	   4.1682340e+01	   4.1953626e+01	   4.1728821e+01	   4.1142842e+01	   4.0167830e+01	   3.9085978e+01	   3.7817392e+01	   3.6409929e+01	   3.4857999e+01	   3.3679077e+01	
   0.0000000e+00	   0.0000000e+00	   0.0000000e+00	   0.0000000e+00	   0.0000000e+00	             NaN	             NaN	             NaN	             NaN	             NaN	             NaN	   3.9136301e+01	   3.8502536e+01	   3.8446520e+01	   3.8702815e+01	   3.8623596e+01	   3.8404503e+01	   3.8775955e+01	   3.9553860e+01	   3.9700939e+01	   4.0178111e+01	   4.0455677e+01	   4.0620489e+01	   4.0591775e+01	   4.0754615e+01	   4.0658897e+01	   4.0093546e+01	   3.9185819e+01	   3.8096671e+01	   3.6673990e+01	   3.5579201e+01	   3.4089006e+01	   3.3003264e+01	
   0.0000000e+00	   0.0000000e+00	   0.0000000e+00	   0.0000000e+00	   0.0000000e+00	             NaN	             NaN	             NaN	             NaN	             NaN	             NaN	   3.8195053e+01	   3.7727158e+01	   3.7834721e+01	   3.7371851e+01	   3.7494405e+01	   3.7339367e+01	   3.7661424e+01	   3.8186999e+01	   3.8673558e+01	   3.8816942e+01	   3.9544264e+01	   3.9529628e+01	   3.9028234e+01	   3.9750100e+01	   3.9676834e+01	   3.9109024e+01	   3.8252786e+01	   3.7149000e+01	   3.5904423e+01	   3.4427552e+01	   3.3312414e+01	   3.2131462e+01	
   0.0000000e+00	   0.0000000e+00	   0.0000000e+00	   0.0000000e+00	   0.0000000e+00	   0.0000000e+00	             NaN	             NaN	             NaN	             NaN	             NaN	   3.6906982e+01	   3.6648990e+01	   3.6335045e+01	   3.6474958e+01	   3.6563096e+01	   3.6408422e+01	   3.6897884e+01	   3.7053952e+01	   3.7496208e+01	   3.8276408e+01	   3.8108724e+01	   3.8298607e+01	   3.8490277e+01	   3.8750510e+01	   3.8607004e+01	   3.8088237e+01	   3.7110249e+01	   3.6030674e+01	   3.4750195e+01	   3.3789082e+01	   3.2411742e+01	   3.1267695e+01	
   0.0000000e+00	   0.0000000e+00	   0.0000000e+00	   0.0000000e+00	   0.0000000e+00	   0.0000000e+00	             NaN	             NaN	             NaN	             NaN	             NaN	   3.6111145e+01	   3.5846669e+01	   3.5954256e+01	   3.5717790e+01	   3.5591632e+01	   3.5549881e+01	   3.5493180e+01	   3.6041813e+01	   3.6466626e+01	   3.6910319e+01	   3.7279956e+01	   3.7355998e+01	   3.7113701e+01	   3.7500481e+01	   3.7687287e+01	   3.6925273e+01	   3.5990126e+01	   3.4883950e+01	   3.3884488e+01	   3.2786546e+01	   3.1555107e+01	   3.0468918e+01	
   0.0000000e+00	   0.0000000e+00	   0.0000000e+00	   0.0000000e+00	   0.0000000e+00	   0.0000000e+00	             NaN	             NaN	             NaN	             NaN	             NaN	   3.5463558e+01	   3.4746287e+01	   3.5051369e+01	   3.4291983e+01	   3.4650816e+01	   3.4624816e+01	   3.4642261e+01	   3.5086860e+01	   3.5661031e+01	   3.5893007e+01	   3.6040707e+01	   3.6282633e+01	   3.6268489e+01	   3.6155439e+01	   3.6554348e+01	   3.5840549e+01	   3.5146281e+01	   3.4030662e+01	   3.2811058e+01	   3.1916681e+01	   3.0806521e+01	   2.9671522e+01	
   0.0000000e+00	   0.0000000e+00	   0.0000000e+00	   0.0000000e+00	   0.0000000e+00	   0.0000000e+00	             NaN	             NaN	             NaN	             NaN	             NaN	             NaN	   3.3805116e+01	   3.4088084e+01	   3.3469437e+01	   3.3253393e+01	   3.3399477e+01	   3.3598574e+01	   3.3660381e+01	   3.4531988e+01	   3.4632771e+01	   3.5232638e+01	   3.4931745e+01	   3.4931319e+01	   3.5385230e+01	   3.5284577e+01	   3.4664965e+01	   3.4195619e+01	   3.3048913e+01	   3.2021443e+01	   3.1096515e+01	   3.0006480e+01	   2.8901860e+01	
   0.0000000e+00	   0.0000000e+00	   0.0000000e+00	   0.0000000e+00	   0.0000000e+00	   0.0000000e+00	             NaN	             NaN	             NaN	             NaN	             NaN	             NaN	   3.2652993e+01	   3.2865865e+01	   3.2346252e+01	   3.2872013e+01	   3.2540918e+01	   3.2726172e+01	   3.3093625e+01	   3.3526293e+01	   3.3812127e+01	   3.4279021e+01	   3.3781882e+01	   3.3958858e+01	   3.4272209e+01	   3.4424236e+01	   3.3756434e+01	   3.3204311e+01	   3.2089475e+01	   3.1115223e+01	   3.0162112e+01	   2.9142504e+01	   2.8219946e+01	
   0.0000000e+00	   0.0000000e+00	   0.0000000e+00	   0.0000000e+00	   0.0000000e+00	   0.0000000e+00	   0.0000000e+00	             NaN	             NaN	             NaN	             NaN	             NaN	   3.2047612e+01	   3.2182276e+01	   3.1798624e+01	   3.1996423e+01	   3.1622734e+01	   3.1564779e+01	   3.1952420e+01	   3.2669169e+01	   3.2864976e+01	   3.2915568e+01	   3.3117077e+01	   3.2723005e+01	   3.3066322e+01	   3.3112612e+01	   3.2848043e+01	   3.2060043e+01	   3.1154216e+01	   3.0223798e+01	   2.9197415e+01	   2.8278030e+01	   2.7604698e+01	
   0.0000000e+00	   0.0000000e+00	   0.0000000e+00	   0.0000000e+00	   0.0000000e+00	   0.0000000e+00	   0.0000000e+00	             NaN	             NaN	             NaN	             NaN	             NaN	   3.1198078e+01	   3.1148957e+01	   3.1058950e+01	   3.0382419e+01	   3.0418633e+01	   3.0544485e+01	   3.0882489e+01	   3.1373504e+01	   3.1743118e+01	   3.1963483e+01	   3.2028327e+01	   3.2110231e+01	   3.1992002e+01	   3.2296183e+01	   3.1647266e+01	   3.1027058e+01	   3.0253998e+01	   2.9556004e+01	   2.8368484e+01	   2.7676819e+01	   2.6646056e+01	
   0.0000000e+00	   0.0000000e+00	   0.0000000e+00	   0.0000000e+00	   0.0000000e+00	   0.0000000e+00	   0.0000000e+00	             NaN	             NaN	             NaN	             NaN	             NaN	   2.9976977e+01	   3.0058829e+01	   2.9856935e+01	   3.0007768e+01	   3.0010037e+01	   2.9925402e+01	   3.0294114e+01	   3.0036847e+01	   3.0888905e+01	   3.0755125e+01	   3.0843908e+01	   3.1037618e+01	   3.1245246e+01	   3.1084385e+01	   3.1114708e+01	   3.0016878e+01	   2.9234259e+01	   2.8389416e+01	   2.7581625e+01	   2.6681615e+01	   2.5751350e+01	
   0.0000000e+00	   0.0000000e+00	   0.0000000e+00	   0.0000000e+00	   0.0000000e+00	   0.0000000e+00	   0.0000000e+00	             NaN	             NaN	             NaN	             NaN	             NaN	             NaN	   2.9495434e+01	   2.8908396e+01	   2.8937798e+01	   2.8934375e+01	   2.8716571e+01	   2.9064523e+01	   2.9416006e+01	   2.9651262e+01	   2.9763524e+01	   2.9806210e+01	   3.0050059e+01	   3.0396922e+01	   2.9982603e+01	   2.9789765e+01	   2.9173601e+01	   2.8171137e+01	   2.7509260e+01	   2.6589608e+01	   2.5811218e+01	   2.5124850e+01	
   0.0000000e+00	   0.0000000e+00	   0.0000000e+00	   0.0000000e+00	   0.0000000e+00	   0.0000000e+00	   0.0000000e+00	             NaN	             NaN	             NaN	             NaN	             NaN	             NaN	   2.8483606e+01	   2.8399746e+01	   2.7864898e+01	   2.8018750e+01	   2.7736403e+01	   2.8356609e+01	   2.8529032e+01	   2.8842488e+01	   2.8927292e+01	   2.8960772e+01	   2.9025372e+01	   2.8980556e+01	   2.9227453e+01	   2.8891421e+01	   2.8432181e+01	   2.7621066e+01	   2.6800068e+01	   2.5936969e+01	   2.5178362e+01	   2.4346408e+01	
   0.0000000e+00	   0.0000000e+00	   0.0000000e+00	   0.0000000e+00	   0.0000000e+00	   0.0000000e+00	   0.0000000e+00	   0.0000000e+00	             NaN	             NaN	             NaN	             NaN	             NaN	   2.7460428e+01	   2.7366003e+01	   2.7280357e+01	   2.6957356e+01	   2.7107258e+01	   2.7372568e+01	   2.7902620e+01	   2.7772020e+01	   2.7933448e+01	   2.7933223e+01	   2.8091905e+01	   2.8253581e+01	   2.8295113e+01	   2.8060714e+01	   2.7243316e+01	   2.6639155e+01	   2.5755468e+01	   2.4887701e+01	   2.4316588e+01	   2.3545387e+01	
   0.0000000e+00	   0.0000000e+00	   0.0000000e+00	   0.0000000e+00	   0.0000000e+00	   0.0000000e+00	   0.0000000e+00	   0.0000000e+00	             NaN	             NaN	             NaN	             NaN	             NaN	   2.6595128e+01	   2.6743190e+01	   2.6459266e+01	   2.6523453e+01	   2.6405922e+01	   2.6282682e+01	   2.6927059e+01	   2.7086183e+01	   2.7069563e+01	   2.7235142e+01	   2.7351424e+01	   2.7538354e+01	   2.7400843e+01	   2.7199437e+01	   2.6575695e+01	   2.5774985e+01	   2.4908072e+01	   2.4382180e+01	   2.3864402e+01	   2.2762889e+01	
   0.0000000e+00	   0.0000000e+00	   0.0000000e+00	   0.0000000e+00	   0.0000000e+00	   0.0000000e+00	   0.0000000e+00	   0.0000000e+00	             NaN	             NaN	             NaN	             NaN	             NaN	   2.6091556e+01	   2.6158306e+01	   2.5738880e+01	   2.5415121e+01	   2.5125726e+01	   2.5672873e+01	   2.6057952e+01	   2.5922354e+01	   2.6303560e+01	   2.6394777e+01	   2.6215769e+01	   2.6594090e+01	   2.6499349e+01	   2.6142503e+01	   2.5794659e+01	   2.5124270e+01	   2.4296086e+01	   2.3541026e+01	   2.3024938e+01	   2.2252751e+01	
   0.0000000e+00	   0.0000000e+00	   0.0000000e+00	   0.0000000e+00	   0.0000000e+00	   0.0000000e+00	   0.0000000e+00	   0.0000000e+00	             NaN	             NaN	             NaN	             NaN	             NaN	             NaN	   2.5002279e+01	   2.4757384e+01	   2.4783612e+01	   2.4822563e+01	   2.5135745e+01	   2.5081270e+01	   2.5300241e+01	   2.5557110e+01	   2.5549590e+01	   2.5663572e+01	   2.5502130e+01	   2.5635761e+01	   2.5591013e+01	   2.5081069e+01	   2.4450464e+01	   2.3511500e+01	   2.2872117e+01	   2.2245471e+01	   2.1411991e+01	
   0.0000000e+00	   0.0000000e+00	   0.0000000e+00	   0.0000000e+00	   0.0000000e+00	   0.0000000e+00	   0.0000000e+00	   0.0000000e+00	             NaN	             NaN	             NaN	             NaN	             NaN	             NaN	   2.4534379e+01	   2.4035778e+01	   2.4179012e+01	   2.3983645e+01	   2.4198257e+01	   2.4388526e+01	   2.4503567e+01	   2.4656872e+01	   2.4602214e+01	   2.4723696e+01	   2.4892033e+01	   2.5053572e+01	   2.4875263e+01	   2.4314082e+01	   2.3656932e+01	   2.2746988e+01	   2.2070240e+01	   2.1526884e+01	   2.0840077e+01	
   0.0000000e+00	   0.0000000e+00	   0.0000000e+00	   0.0000000e+00	   0.0000000e+00	   0.0000000e+00	   0.0000000e+00	   0.0000000e+00	   0.0000000e+00	             NaN	             NaN	             NaN	             NaN	             NaN	   2.3635845e+01	   2.3408813e+01	   2.3357972e+01	   2.3254180e+01	   2.3526050e+01	   2.3492715e+01	   2.3668411e+01	   2.3868056e+01	   2.3874712e+01	   2.3791153e+01	   2.4033106e+01	   2.4350798e+01	   2.4014161e+01	   2.3301564e+01	   2.2808015e+01	   2.2057871e+01	   2.1405676e+01	   2.0847752e+01	   2.0107092e+01	
   0.0000000e+00	   0.0000000e+00	   0.0000000e+00	   0.0000000e+00	   0.0000000e+00	   0.0000000e+00	   0.0000000e+00	   0.0000000e+00	   0.0000000e+00	             NaN	             NaN	             NaN	             NaN	             NaN	   2.2715508e+01	   2.2610778e+01	   2.2624270e+01	   2.2437959e+01	   2.2742245e+01	   2.2934073e+01	   2.3191712e+01	   2.3051102e+01	   2.2973872e+01	   2.3208804e+01	   2.3261791e+01	   2.3296322e+01	   2.3128680e+01	   2.2605084e+01	   2.1956684e+01	   2.1490195e+01	   2.0840468e+01	   2.0144216e+01	   1.9477216e+01	
   0.0000000e+00	   0.0000000e+00	   0.0000000e+00	   0.0000000e+00	   0.0000000e+00	   0.0000000e+00	   0.0000000e+00	   0.0000000e+00	   0.0000000e+00	             NaN	             NaN	             NaN	             NaN	             NaN	   2.2151149e+01	   2.2102248e+01	   2.1549409e+01	   2.1714467e+01	   2.2021171e+01	   2.2094735e+01	   2.2385835e+01	   2.2277290e+01	   2.2350402e+01	   2.2647444e+01	   2.2580117e+01	   2.2548013e+01	   2.2480610e+01	   2.1848831e+01	   2.1104985e+01	   2.0882677e+01	   2.0240660e+01	   1.9416670e+01	   1.9014964e+01	
   0.0000000e+00	   0.0000000e+00	   0.0000000e+00	   0.0000000e+00	   0.0000000e+00	   0.0000000e+00	   0.0000000e+00	   0.0000000e+00	   0.0000000e+00	             NaN	             NaN	             NaN	             NaN	             NaN	             NaN	   2.1330114e+01	   2.0949254e+01	   2.0978517e+01	   2.1254611e+01	   2.1426168e+01	   2.1566882e+01	   2.1725219e+01	   2.1552982e+01	   2.1490917e+01	   2.1730723e+01	   2.1747666e+01	   2.1809254e+01	   2.1248974e+01	   2.0555251e+01	   1.9911421e+01	   1.9467418e+01	   1.9151534e+01	   1.8347391e+01	
   0.0000000e+00	   0.0000000e+00	   0.0000000e+00	   0.0000000e+00	   0.0000000e+00	   0.0000000e+00	   0.0000000e+00	   0.0000000e+00	   0.0000000e+00	             NaN	             NaN	             NaN	             NaN	             NaN	             NaN	   2.0659693e+01	   2.0153477e+01	   2.0163056e+01	   2.0567067e+01	   2.0577653e+01	   2.0959486e+01	   2.0729655e+01	   2.0874026e+01	   2.0945409e+01	   2.1113723e+01	   2.1121994e+01	   2.0909016e+01	   2.0537111e+01	   1.9900064e+01	   1.9354453e+01	   1.8946039e+01	   1.8388015e+01	   1.7707150e+01	
   0.0000000e+00	   0.0000000e+00	   0.0000000e+00	   0.0000000e+00	   0.0000000e+00	   0.0000000e+00	   0.0000000e+00	   0.0000000e+00	   0.0000000e+00	   0.0000000e+00	             NaN	             NaN	             NaN	             NaN	             NaN	   1.9904281e+01	   1.9762016e+01	   1.9673916e+01	   1.9821071e+01	   2.0032904e+01	   2.0066785e+01	   2.0273891e+01	   2.0364476e+01	   2.0306558e+01	   2.0463551e+01	   2.0249931e+01	   1.9997553e+01	   1.9824038e+01	   1.9356676e+01	   1.8584855e+01	   1.8352760e+01	   1.7712477e+01	   1.7170590e+01	
