  -5.0435270e+00	  -8.4694581e+00	  -8.0100137e+00	             NaN	             NaN	             NaN	             NaN	             NaN	             NaN	             NaN	             NaN	             NaN	             NaN	             NaN	   0.0000000e+00	   0.0000000e+00	   0.0000000e+00	   0.0000000e+00	   0.0000000e+00	   0.0000000e+00	   0.0000000e+00	   0.0000000e+00	   0.0000000e+00	   0.0000000e+00	   0.0000000e+00	   0.0000000e+00	   0.0000000e+00	   0.0000000e+00	   0.0000000e+00	   0.0000000e+00	   0.0000000e+00	   0.0000000e+00	   0.0000000e+00	
  -6.0205105e+00	  -4.1059290e+00	  -6.6348648e+00	             NaN	             NaN	             NaN	             NaN	             NaN	             NaN	             NaN	             NaN	             NaN	             NaN	             NaN	   0.0000000e+00	   0.0000000e+00	   0.0000000e+00	   0.0000000e+00	   0.0000000e+00	   0.0000000e+00	   0.0000000e+00	   0.0000000e+00	   0.0000000e+00	   0.0000000e+00	   0.0000000e+00	   0.0000000e+00	   0.0000000e+00	   0.0000000e+00	   0.0000000e+00	   0.0000000e+00	   0.0000000e+00	   0.0000000e+00	   0.0000000e+00	
  -3.4073571e+00	  -5.3275690e+00	  -4.8666877e+00	             NaN	             NaN	             NaN	             NaN	             NaN	             NaN	             NaN	             NaN	             NaN	             NaN	             NaN	   0.0000000e+00	   0.0000000e+00	   0.0000000e+00	   0.0000000e+00	   0.0000000e+00	   0.0000000e+00	   0.0000000e+00	   0.0000000e+00	   0.0000000e+00	   0.0000000e+00	   0.0000000e+00	   0.0000000e+00	   0.0000000e+00	   0.0000000e+00	   0.0000000e+00	   0.0000000e+00	   0.0000000e+00	   0.0000000e+00	   0.0000000e+00	
  -1.7377558e+00	  -4.7140179e+00	  -3.3444474e+00	  -1.0831221e+00	             NaN	             NaN	             NaN	             NaN	             NaN	             NaN	             NaN	             NaN	             NaN	             NaN	             NaN	   0.0000000e+00	   0.0000000e+00	   0.0000000e+00	   0.0000000e+00	   0.0000000e+00	   0.0000000e+00	   0.0000000e+00	   0.0000000e+00	   0.0000000e+00	   0.0000000e+00	   0.0000000e+00	   0.0000000e+00	   0.0000000e+00	   0.0000000e+00	   0.0000000e+00	   0.0000000e+00	   0.0000000e+00	   0.0000000e+00	
  -1.7452303e+00	  -1.9708706e+00	  -9.5673443e-01	   1.5296689e+00	             NaN	             NaN	             NaN	             NaN	             NaN	             NaN	             NaN	             NaN	             NaN	             NaN	             NaN	   0.0000000e+00	   0.0000000e+00	   0.0000000e+00	   0.0000000e+00	   0.0000000e+00	   0.0000000e+00	   0.0000000e+00	   0.0000000e+00	   0.0000000e+00	   0.0000000e+00	   0.0000000e+00	   0.0000000e+00	   0.0000000e+00	   0.0000000e+00	   0.0000000e+00	   0.0000000e+00	   0.0000000e+00	   0.0000000e+00	
   7.1074670e-01	  -8.8234890e-01	   1.5854970e-02	   2.0266743e+00	   4.0019325e+00	             NaN	             NaN	             NaN	             NaN	             NaN	             NaN	             NaN	             NaN	             NaN	             NaN	             NaN	   0.0000000e+00	   0.0000000e+00	   0.0000000e+00	   0.0000000e+00	   0.0000000e+00	   0.0000000e+00	   0.0000000e+00	   0.0000000e+00	   0.0000000e+00	   0.0000000e+00	   0.0000000e+00	   0.0000000e+00	   0.0000000e+00	   0.0000000e+00	   0.0000000e+00	   0.0000000e+00	   0.0000000e+00	
   1.2127686e+00	  -2.5647203e-01	   1.5997128e+00	   2.0003271e+00	   4.2302343e+00	             NaN	             NaN	             NaN	             NaN	             NaN	             NaN	             NaN	             NaN	             NaN	             NaN	             NaN	   0.0000000e+00	   0.0000000e+00	   0.0000000e+00	   0.0000000e+00	   0.0000000e+00	   0.0000000e+00	   0.0000000e+00	   0.0000000e+00	   0.0000000e+00	   0.0000000e+00	   0.0000000e+00	   0.0000000e+00	   0.0000000e+00	   0.0000000e+00	   0.0000000e+00	   0.0000000e+00	   0.0000000e+00	
   2.4305032e+00	   7.2589243e-01	   2.0794271e+00	   3.1838033e+00	   4.6142247e+00	             NaN	             NaN	             NaN	             NaN	             NaN	             NaN	             NaN	             NaN	             NaN	             NaN	             NaN	   0.0000000e+00	   0.0000000e+00	   0.0000000e+00	   0.0000000e+00	   0.0000000e+00	   0.0000000e+00	   0.0000000e+00	   0.0000000e+00	   0.0000000e+00	   0.0000000e+00	   0.0000000e+00	   0.0000000e+00	   0.0000000e+00	   0.0000000e+00	   0.0000000e+00	   0.0000000e+00	   0.0000000e+00	
   2.3772499e+00	   2.6196731e+00	   2.0054689e+00	   3.7414680e+00	   5.5881665e+00	   6.9810744e+00	             NaN	             NaN	             NaN	             NaN	             NaN	             NaN	             NaN	             NaN	             NaN	             NaN	             NaN	   0.0000000e+00	   0.0000000e+00	   0.0000000e+00	   0.0000000e+00	   0.0000000e+00	   0.0000000e+00	   0.0000000e+00	   0.0000000e+00	   0.0000000e+00	   0.0000000e+00	   0.0000000e+00	   0.0000000e+00	   0.0000000e+00	   0.0000000e+00	   0.0000000e+00	   0.0000000e+00	
   4.3687232e+00	   2.2950534e+00	   3.4930277e+00	   4.6187621e+00	   5.6939186e+00	   6.6548041e+00	             NaN	             NaN	             NaN	             NaN	             NaN	             NaN	             NaN	             NaN	             NaN	             NaN	             NaN	   0.0000000e+00	   0.0000000e+00	   0.0000000e+00	   0.0000000e+00	   0.0000000e+00	   0.0000000e+00	   0.0000000e+00	   0.0000000e+00	   0.0000000e+00	   0.0000000e+00	   0.0000000e+00	   0.0000000e+00	   0.0000000e+00	   0.0000000e+00	   0.0000000e+00	   0.0000000e+00	
   3.4241546e+00	   2.4416148e+00	   3.2420868e+00	   4.7468232e+00	   6.7124616e+00	   7.3522824e+00	   8.6906700e+00	             NaN	             NaN	             NaN	             NaN	             NaN	             NaN	             NaN	             NaN	             NaN	             NaN	             NaN	   0.0000000e+00	   0.0000000e+00	   0.0000000e+00	   0.0000000e+00	   0.0000000e+00	   0.0000000e+00	   0.0000000e+00	   0.0000000e+00	   0.0000000e+00	   0.0000000e+00	   0.0000000e+00	   0.0000000e+00	   0.0000000e+00	   0.0000000e+00	   0.0000000e+00	
   4.5882622e+00	   4.7345888e+00	   4.2251440e+00	   5.2513855e+00	   6.8882676e+00	   7.9825390e+00	   9.2809333e+00	             NaN	             NaN	             NaN	             NaN	             NaN	             NaN	             NaN	             NaN	             NaN	             NaN	             NaN	   0.0000000e+00	   0.0000000e+00	   0.0000000e+00	   0.0000000e+00	   0.0000000e+00	   0.0000000e+00	   0.0000000e+00	   0.0000000e+00	   0.0000000e+00	   0.0000000e+00	   0.0000000e+00	   0.0000000e+00	   0.0000000e+00	   0.0000000e+00	   0.0000000e+00	
   4.8212173e+00	   4.0698732e+00	   5.1132795e+00	   6.1374748e+00	   7.4444372e+00	   8.5059926e+00	   9.8162947e+00	             NaN	             NaN	             NaN	             NaN	             NaN	             NaN	             NaN	             NaN	             NaN	             NaN	             NaN	   0.0000000e+00	   0.0000000e+00	   0.0000000e+00	   0.0000000e+00	   0.0000000e+00	   0.0000000e+00	   0.0000000e+00	   0.0000000e+00	   0.0000000e+00	   0.0000000e+00	   0.0000000e+00	   0.0000000e+00	   0.0000000e+00	   0.0000000e+00	   0.0000000e+00	
   5.7856342e+00	   4.3762420e+00	   6.0083517e+00	   6.7023746e+00	   7.4667116e+00	   8.6003762e+00	   9.8404184e+00	   1.0415567e+01	             NaN	             NaN	             NaN	             NaN	             NaN	             NaN	             NaN	             NaN	             NaN	             NaN	             NaN	   0.0000000e+00	   0.0000000e+00	   0.0000000e+00	   0.0000000e+00	   0.0000000e+00	   0.0000000e+00	   0.0000000e+00	   0.0000000e+00	   0.0000000e+00	   0.0000000e+00	   0.0000000e+00	   0.0000000e+00	   0.0000000e+00	   0.0000000e+00	
   6.3015187e+00	   5.4198007e+00	   6.1095398e+00	   7.3310084e+00	   8.5079407e+00	   9.2144768e+00	   9.8049171e+00	   1.0792078e+01	             NaN	             NaN	             NaN	             NaN	             NaN	             NaN	             NaN	             NaN	             NaN	             NaN	             NaN	   0.0000000e+00	   0.0000000e+00	   0.0000000e+00	   0.0000000e+00	   0.0000000e+00	   0.0000000e+00	   0.0000000e+00	   0.0000000e+00	   0.0000000e+00	   0.0000000e+00	   0.0000000e+00	   0.0000000e+00	   0.0000000e+00	   0.0000000e+00	
   6.6149844e+00	   6.5841282e+00	   5.5755387e+00	   7.3087765e+00	   8.1685708e+00	   9.3345964e+00	   9.9464962e+00	   1.1209381e+01	   1.1216096e+01	             NaN	             NaN	             NaN	             NaN	             NaN	             NaN	             NaN	             NaN	             NaN	             NaN	             NaN	   0.0000000e+00	   0.0000000e+00	   0.0000000e+00	   0.0000000e+00	   0.0000000e+00	   0.0000000e+00	   0.0000000e+00	   0.0000000e+00	   0.0000000e+00	   0.0000000e+00	   0.0000000e+00	   0.0000000e+00	   0.0000000e+00	
   7.3749455e+00	   6.3324386e+00	   7.3716186e+00	   7.8537042e+00	   8.6538370e+00	   9.8681847e+00	   1.0738781e+01	   1.1362009e+01	   1.1249431e+01	             NaN	             NaN	             NaN	             NaN	             NaN	             NaN	             NaN	             NaN	             NaN	             NaN	             NaN	   0.0000000e+00	   0.0000000e+00	   0.0000000e+00	   0.0000000e+00	   0.0000000e+00	   0.0000000e+00	   0.0000000e+00	   0.0000000e+00	   0.0000000e+00	   0.0000000e+00	   0.0000000e+00	   0.0000000e+00	   0.0000000e+00	
   7.4450929e+00	   7.4295826e+00	   7.2575518e+00	   7.7412649e+00	   8.9891539e+00	   1.0045804e+01	   1.0977244e+01	   1.1893628e+01	   1.1943093e+01	             NaN	             NaN	             NaN	             NaN	             NaN	             NaN	             NaN	             NaN	             NaN	             NaN	             NaN	   0.0000000e+00	   0.0000000e+00	   0.0000000e+00	   0.0000000e+00	   0.0000000e+00	   0.0000000e+00	   0.0000000e+00	   0.0000000e+00	   0.0000000e+00	   0.0000000e+00	   0.0000000e+00	   0.0000000e+00	   0.0000000e+00	
   7.6921818e+00	   6.8618430e+00	   7.5079978e+00	   8.6258628e+00	   9.4838779e+00	   1.0489024e+01	   1.1248409e+01	   1.2073360e+01	   1.2173720e+01	   1.1410267e+01	             NaN	             NaN	             NaN	             NaN	             NaN	             NaN	             NaN	             NaN	             NaN	             NaN	             NaN	   0.0000000e+00	   0.0000000e+00	   0.0000000e+00	   0.0000000e+00	   0.0000000e+00	   0.0000000e+00	   0.0000000e+00	   0.0000000e+00	   0.0000000e+00	   0.0000000e+00	   0.0000000e+00	   0.0000000e+00	
   7.7974859e+00	   7.1631165e+00	   8.7444235e+00	   9.6933757e+00	   9.7604285e+00	   1.0349757e+01	   1.1411321e+01	   1.2148635e+01	   1.2490087e+01	   1.1677284e+01	             NaN	             NaN	             NaN	             NaN	             NaN	             NaN	             NaN	             NaN	             NaN	             NaN	             NaN	   0.0000000e+00	   0.0000000e+00	   0.0000000e+00	   0.0000000e+00	   0.0000000e+00	   0.0000000e+00	   0.0000000e+00	   0.0000000e+00	   0.0000000e+00	   0.0000000e+00	   0.0000000e+00	   0.0000000e+00	
   8.1339820e+00	   8.6632913e+00	   8.3975637e+00	   9.4994898e+00	   1.0062049e+01	   1.1255628e+01	   1.2023288e+01	   1.2620175e+01	   1.2900076e+01	   1.2073668e+01	   1.0633686e+01	             NaN	             NaN	             NaN	             NaN	             NaN	             NaN	             NaN	             NaN	             NaN	             NaN	             NaN	   0.0000000e+00	   0.0000000e+00	   0.0000000e+00	   0.0000000e+00	   0.0000000e+00	   0.0000000e+00	   0.0000000e+00	   0.0000000e+00	   0.0000000e+00	   0.0000000e+00	   0.0000000e+00	
   8.2102372e+00	   8.9572556e+00	   8.9480494e+00	   9.5943147e+00	   1.0061767e+01	   1.1048147e+01	   1.2194834e+01	   1.2594412e+01	   1.3148142e+01	   1.2611422e+01	   1.1054286e+01	             NaN	             NaN	             NaN	             NaN	             NaN	             NaN	             NaN	             NaN	             NaN	             NaN	             NaN	   0.0000000e+00	   0.0000000e+00	   0.0000000e+00	   0.0000000e+00	   0.0000000e+00	   0.0000000e+00	   0.0000000e+00	   0.0000000e+00	   0.0000000e+00	   0.0000000e+00	   0.0000000e+00	
   9.5610103e+00	   9.7870407e+00	   9.6007231e+00	   1.0202069e+01	   1.0773162e+01	   1.1775139e+01	   1.2391451e+01	   1.3362147e+01	   1.3413475e+01	   1.3061006e+01	   1.1581367e+01	             NaN	             NaN	             NaN	             NaN	             NaN	             NaN	             NaN	             NaN	             NaN	             NaN	             NaN	   0.0000000e+00	   0.0000000e+00	   0.0000000e+00	   0.0000000e+00	   0.0000000e+00	   0.0000000e+00	   0.0000000e+00	   0.0000000e+00	   0.0000000e+00	   0.0000000e+00	   0.0000000e+00	
   1.0029996e+01	   1.0321203e+01	   1.0407100e+01	   1.0652311e+01	   1.1354627e+01	   1.1864608e+01	   1.2933351e+01	   1.3374308e+01	   1.3563937e+01	   1.3463202e+01	   1.1844142e+01	   9.8101265e+00	             NaN	             NaN	             NaN	             NaN	             NaN	             NaN	             NaN	             NaN	             NaN	             NaN	             NaN	   0.0000000e+00	   0.0000000e+00	   0.0000000e+00	   0.0000000e+00	   0.0000000e+00	   0.0000000e+00	   0.0000000e+00	   0.0000000e+00	   0.0000000e+00	   0.0000000e+00	
   1.1881500e+01	   1.1064544e+01	   1.0550528e+01	   1.1372250e+01	   1.1853762e+01	   1.2374678e+01	   1.2963282e+01	   1.3373872e+01	   1.3857296e+01	   1.3573938e+01	   1.2798525e+01	   1.0515834e+01	             NaN	             NaN	             NaN	             NaN	             NaN	             NaN	             NaN	             NaN	             NaN	             NaN	             NaN	   0.0000000e+00	   0.0000000e+00	   0.0000000e+00	   0.0000000e+00	   0.0000000e+00	   0.0000000e+00	   0.0000000e+00	   0.0000000e+00	   0.0000000e+00	   0.0000000e+00	
   1.2389645e+01	   1.1195345e+01	   1.1696140e+01	   1.1923862e+01	   1.1904592e+01	   1.2538850e+01	   1.3016146e+01	   1.3765722e+01	   1.4424817e+01	   1.4378989e+01	   1.3290563e+01	   1.1384949e+01	   9.2657264e+00	             NaN	             NaN	             NaN	             NaN	             NaN	             NaN	             NaN	             NaN	             NaN	             NaN	             NaN	   0.0000000e+00	   0.0000000e+00	   0.0000000e+00	   0.0000000e+00	   0.0000000e+00	   0.0000000e+00	   0.0000000e+00	   0.0000000e+00	   0.0000000e+00	
   1.2279072e+01	   1.1714491e+01	   1.2203584e+01	   1.2401743e+01	   1.2249890e+01	   1.3024057e+01	   1.3535447e+01	   1.4286956e+01	   1.4598312e+01	   1.4690623e+01	   1.3555105e+01	   1.1942058e+01	   1.0242993e+01	             NaN	             NaN	             NaN	             NaN	             NaN	             NaN	             NaN	             NaN	             NaN	             NaN	             NaN	   0.0000000e+00	   0.0000000e+00	   0.0000000e+00	   0.0000000e+00	   0.0000000e+00	   0.0000000e+00	   0.0000000e+00	   0.0000000e+00	   0.0000000e+00	
   1.4231294e+01	   1.3229269e+01	   1.3327183e+01	   1.2951491e+01	   1.2661899e+01	   1.3203008e+01	   1.4011162e+01	   1.4676150e+01	   1.5019166e+01	   1.5090947e+01	   1.4138256e+01	   1.2575953e+01	   1.1017568e+01	             NaN	             NaN	             NaN	             NaN	             NaN	             NaN	             NaN	             NaN	             NaN	             NaN	             NaN	   0.0000000e+00	   0.0000000e+00	   0.0000000e+00	   0.0000000e+00	   0.0000000e+00	   0.0000000e+00	   0.0000000e+00	   0.0000000e+00	   0.0000000e+00	
   1.2907729e+01	   1.2782234e+01	   1.3649331e+01	   1.3356861e+01	   1.3183500e+01	   1.3987647e+01	   1.4335923e+01	   1.4693552e+01	   1.5327881e+01	   1.5325787e+01	   1.4582220e+01	   1.3105728e+01	   1.1815603e+01	   1.0154175e+01	             NaN	             NaN	             NaN	             NaN	             NaN	             NaN	             NaN	             NaN	             NaN	             NaN	             NaN	   0.0000000e+00	   0.0000000e+00	   0.0000000e+00	   0.0000000e+00	   0.0000000e+00	   0.0000000e+00	   0.0000000e+00	   0.0000000e+00	
   1.4444717e+01	   1.4763700e+01	   1.4549786e+01	   1.3961729e+01	   1.3805111e+01	   1.3846525e+01	   1.4723906e+01	   1.4876317e+01	   1.5520447e+01	   1.5840263e+01	   1.4892543e+01	   1.3715583e+01	   1.2379469e+01	   1.1050386e+01	             NaN	             NaN	             NaN	             NaN	             NaN	             NaN	             NaN	             NaN	             NaN	             NaN	             NaN	   0.0000000e+00	   0.0000000e+00	   0.0000000e+00	   0.0000000e+00	   0.0000000e+00	   0.0000000e+00	   0.0000000e+00	   0.0000000e+00	
   1.5214949e+01	   1.6049393e+01	   1.5052471e+01	   1.4684023e+01	   1.4065263e+01	   1.4412813e+01	   1.4720639e+01	   1.5092736e+01	   1.5630766e+01	   1.6019328e+01	   1.5475570e+01	   1.4317218e+01	   1.3040430e+01	   1.2082763e+01	   9.5805161e+00	             NaN	             NaN	             NaN	             NaN	             NaN	             NaN	             NaN	             NaN	             NaN	             NaN	             NaN	   0.0000000e+00	   0.0000000e+00	   0.0000000e+00	   0.0000000e+00	   0.0000000e+00	   0.0000000e+00	   0.0000000e+00	
   1.5847375e+01	   1.6461395e+01	   1.6072516e+01	   1.5849711e+01	   1.5005993e+01	   1.5115296e+01	   1.5452817e+01	   1.5791342e+01	   1.6514199e+01	   1.6780413e+01	   1.6342776e+01	   1.5382344e+01	   1.4188485e+01	   1.3159693e+01	   1.1367222e+01	             NaN	             NaN	             NaN	             NaN	             NaN	             NaN	             NaN	             NaN	             NaN	             NaN	             NaN	   0.0000000e+00	   0.0000000e+00	   0.0000000e+00	   0.0000000e+00	   0.0000000e+00	   0.0000000e+00	   0.0000000e+00	
   1.8205287e+01	   1.7521144e+01	   1.7940651e+01	   1.6934852e+01	   1.6376791e+01	   1.5922321e+01	   1.6170928e+01	   1.6568062e+01	   1.6882051e+01	   1.7542048e+01	   1.7021315e+01	   1.6407717e+01	   1.5269099e+01	   1.4245050e+01	   1.3022205e+01	             NaN	             NaN	             NaN	             NaN	             NaN	             NaN	             NaN	             NaN	             NaN	             NaN	             NaN	   0.0000000e+00	   0.0000000e+00	   0.0000000e+00	   0.0000000e+00	   0.0000000e+00	   0.0000000e+00	   0.0000000e+00	
   1.7232616e+01	   1.9189018e+01	   1.8516866e+01	   1.7817358e+01	   1.6941056e+01	   1.7060656e+01	   1.7211455e+01	   1.7169157e+01	   1.7698758e+01	   1.8112201e+01	   1.8179812e+01	   1.7396028e+01	   1.6523099e+01	   1.5629715e+01	   1.4194659e+01	   1.2305840e+01	             NaN	             NaN	             NaN	             NaN	             NaN	             NaN	             NaN	             NaN	             NaN	             NaN	             NaN	   0.0000000e+00	   0.0000000e+00	   0.0000000e+00	   0.0000000e+00	   0.0000000e+00	   0.0000000e+00	
   1.8712327e+01	   2.0138134e+01	   2.0195516e+01	   1.9330940e+01	   1.8714856e+01	   1.7886680e+01	   1.7788009e+01	   1.8271862e+01	   1.8227108e+01	   1.8817923e+01	   1.8913534e+01	   1.8199962e+01	   1.7456799e+01	   1.6564727e+01	   1.5469864e+01	   1.3972297e+01	             NaN	             NaN	             NaN	             NaN	             NaN	             NaN	             NaN	             NaN	             NaN	             NaN	             NaN	   0.0000000e+00	   0.0000000e+00	   0.0000000e+00	   0.0000000e+00	   0.0000000e+00	   0.0000000e+00	
   2.0442045e+01	   2.0639930e+01	   2.1516309e+01	   2.1003084e+01	   1.9217040e+01	   1.8710783e+01	   1.9034259e+01	   1.8629701e+01	   1.9040486e+01	   1.9652088e+01	   1.9653023e+01	   1.8944573e+01	   1.8610621e+01	   1.7692518e+01	   1.6720553e+01	   1.5206527e+01	   1.2116141e+01	             NaN	             NaN	             NaN	             NaN	             NaN	             NaN	             NaN	             NaN	             NaN	             NaN	             NaN	   0.0000000e+00	   0.0000000e+00	   0.0000000e+00	   0.0000000e+00	   0.0000000e+00	
   2.0526297e+01	   2.1753463e+01	   2.2529241e+01	   2.1797229e+01	   2.0573406e+01	   1.9829236e+01	   1.9212890e+01	   1.9448990e+01	   1.9709173e+01	   1.9980950e+01	   2.0090742e+01	   1.9799252e+01	   1.9386519e+01	   1.8742831e+01	   1.7722270e+01	   1.6100866e+01	   1.3524300e+01	             NaN	             NaN	             NaN	             NaN	             NaN	             NaN	             NaN	             NaN	             NaN	             NaN	             NaN	   0.0000000e+00	   0.0000000e+00	   0.0000000e+00	   0.0000000e+00	   0.0000000e+00	
   2.0953675e+01	   2.3147519e+01	   2.4099827e+01	   2.2424082e+01	   2.1874005e+01	   2.0505297e+01	   2.0134698e+01	   1.9838776e+01	   2.0177505e+01	   2.0499813e+01	   2.1126795e+01	   2.0698801e+01	   2.0580972e+01	   1.9754599e+01	   1.8690341e+01	   1.7426749e+01	   1.5410509e+01	             NaN	             NaN	             NaN	             NaN	             NaN	             NaN	             NaN	             NaN	             NaN	             NaN	             NaN	   0.0000000e+00	   0.0000000e+00	   0.0000000e+00	   0.0000000e+00	   0.0000000e+00	
   2.4170466e+01	   2.3943094e+01	   2.4606931e+01	   2.3796420e+01	   2.3343940e+01	   2.1417517e+01	   2.0858777e+01	   2.0691754e+01	   2.1058486e+01	   2.1439681e+01	   2.1878729e+01	   2.1431934e+01	   2.1450813e+01	   2.0935395e+01	   2.0038180e+01	   1.8394860e+01	   1.6771283e+01	   1.3807077e+01	             NaN	             NaN	             NaN	             NaN	             NaN	             NaN	             NaN	             NaN	             NaN	             NaN	             NaN	   0.0000000e+00	   0.0000000e+00	   0.0000000e+00	   0.0000000e+00	
   2.4474143e+01	   2.5654570e+01	   2.6299880e+01	   2.5959380e+01	   2.3908300e+01	   2.2432616e+01	   2.2103724e+01	   2.1619735e+01	   2.1686775e+01	   2.2269367e+01	   2.2661648e+01	   2.2707142e+01	   2.2293057e+01	   2.1942353e+01	   2.0987939e+01	   1.9825858e+01	   1.8033016e+01	   1.5411951e+01	             NaN	             NaN	             NaN	             NaN	             NaN	             NaN	             NaN	             NaN	             NaN	             NaN	             NaN	   0.0000000e+00	   0.0000000e+00	   0.0000000e+00	   0.0000000e+00	
   2.3601676e+01	   2.5859950e+01	   2.7298729e+01	   2.7671928e+01	   2.5179374e+01	   2.3606840e+01	   2.2654342e+01	   2.2071127e+01	   2.2493780e+01	   2.2725300e+01	   2.3530853e+01	   2.3296383e+01	   2.3281854e+01	   2.2825370e+01	   2.2111468e+01	   2.1136821e+01	   1.9138093e+01	   1.6944736e+01	   1.3836497e+01	             NaN	             NaN	             NaN	             NaN	             NaN	             NaN	             NaN	             NaN	             NaN	             NaN	             NaN	   0.0000000e+00	   0.0000000e+00	   0.0000000e+00	
   2.3852454e+01	   2.7592457e+01	   2.8681512e+01	   2.8300172e+01	   2.6494194e+01	   2.4833283e+01	   2.3788679e+01	   2.3373954e+01	   2.3537475e+01	   2.3985308e+01	   2.4058988e+01	   2.4381668e+01	   2.4238487e+01	   2.4438151e+01	   2.3370618e+01	   2.2200021e+01	   2.0508293e+01	   1.8397142e+01	   1.5011546e+01	             NaN	             NaN	             NaN	             NaN	             NaN	             NaN	             NaN	             NaN	             NaN	             NaN	             NaN	   0.0000000e+00	   0.0000000e+00	   0.0000000e+00	
   2.7159399e+01	   2.9374568e+01	   3.0680943e+01	   2.9482568e+01	   2.7616158e+01	   2.6448179e+01	   2.4859627e+01	   2.4199325e+01	   2.4220994e+01	   2.4640938e+01	   2.5055553e+01	   2.5505144e+01	   2.5586575e+01	   2.5531646e+01	   2.4621198e+01	   2.3441790e+01	   2.1597462e+01	   1.9756919e+01	   1.6745247e+01	             NaN	             NaN	             NaN	             NaN	             NaN	             NaN	             NaN	             NaN	             NaN	             NaN	             NaN	   0.0000000e+00	   0.0000000e+00	   0.0000000e+00	
   2.8470179e+01	   3.1429238e+01	   3.0923533e+01	   3.0453914e+01	   2.9349229e+01	   2.7004536e+01	   2.5846255e+01	   2.5080214e+01	   2.5090572e+01	   2.5344347e+01	   2.6272294e+01	   2.5981324e+01	   2.6529974e+01	   2.6454049e+01	   2.6017040e+01	   2.4838514e+01	   2.2908183e+01	   2.0837944e+01	   1.8309312e+01	   1.5123501e+01	             NaN	             NaN	             NaN	             NaN	             NaN	             NaN	             NaN	             NaN	             NaN	             NaN	             NaN	   0.0000000e+00	   0.0000000e+00	
   3.0437296e+01	   3.1608996e+01	   3.2762594e+01	   3.2703106e+01	   3.0959315e+01	   2.8694085e+01	   2.7131602e+01	   2.6204122e+01	   2.6019994e+01	   2.6377149e+01	   2.6996216e+01	   2.7193356e+01	   2.7570691e+01	   2.7794756e+01	   2.7295028e+01	   2.5937035e+01	   2.4078117e+01	   2.2250314e+01	   1.9820498e+01	   1.6508986e+01	             NaN	             NaN	             NaN	             NaN	             NaN	             NaN	             NaN	             NaN	             NaN	             NaN	             NaN	   0.0000000e+00	   0.0000000e+00	
   3.1960202e+01	   3.3765589e+01	   3.3695661e+01	   3.4316753e+01	   3.2064239e+01	   2.9566372e+01	   2.8346931e+01	   2.7108750e+01	   2.7016790e+01	   2.7183317e+01	   2.7874720e+01	   2.8283971e+01	   2.8764586e+01	   2.8945620e+01	   2.8367778e+01	   2.7031438e+01	   2.5318323e+01	   2.3488173e+01	   2.1200637e+01	   1.7991295e+01	   1.4898472e+01	             NaN	             NaN	             NaN	             NaN	             NaN	             NaN	             NaN	             NaN	             NaN	             NaN	             NaN	   0.0000000e+00	
   3.3848924e+01	   3.4931518e+01	   3.6922500e+01	   3.5843488e+01	   3.3772224e+01	   3.1166908e+01	   2.9555858e+01	   2.8225518e+01	   2.7731051e+01	   2.8360345e+01	   2.8764004e+01	   2.9641054e+01	   3.0078718e+01	   3.0465330e+01	   2.9587993e+01	   2.8325437e+01	   2.6836736e+01	   2.4635693e+01	   2.2375087e+01	   1.9651252e+01	   1.5999658e+01	             NaN	             NaN	             NaN	             NaN	             NaN	             NaN	             NaN	             NaN	             NaN	             NaN	             NaN	   0.0000000e+00	
   3.3398070e+01	   3.7348962e+01	   3.8874456e+01	   3.8228537e+01	   3.5892362e+01	   3.2990442e+01	   3.0511709e+01	   2.9606554e+01	   2.9258297e+01	   2.9586500e+01	   3.0105059e+01	   3.0707661e+01	   3.1500140e+01	   3.1733726e+01	   3.0762545e+01	   2.9688982e+01	   2.7942019e+01	   2.5871609e+01	   2.3666694e+01	   2.1129520e+01	   1.7526710e+01	             NaN	             NaN	             NaN	             NaN	             NaN	             NaN	             NaN	             NaN	             NaN	             NaN	             NaN	   0.0000000e+00	
   3.4508707e+01	   3.9643955e+01	   3.9817399e+01	   3.9539185e+01	   3.7387480e+01	   3.3869991e+01	   3.2189168e+01	   3.0216928e+01	   3.0003523e+01	   3.0372137e+01	   3.0841123e+01	   3.1719210e+01	   3.2232846e+01	   3.2714167e+01	   3.2235616e+01	   3.1073807e+01	   2.9334929e+01	   2.7119691e+01	   2.4855498e+01	   2.2298022e+01	   1.8898517e+01	   1.5584600e+01	             NaN	             NaN	             NaN	             NaN	             NaN	             NaN	             NaN	             NaN	             NaN	             NaN	             NaN	
   3.8113749e+01	   3.9821216e+01	   4.1439633e+01	   4.0787742e+01	   3.8971811e+01	   3.5349261e+01	   3.2903310e+01	   3.1659448e+01	   3.1089896e+01	   3.1344168e+01	   3.1973884e+01	   3.2705791e+01	   3.3572917e+01	   3.3963109e+01	   3.3433328e+01	   3.2284748e+01	   3.0278648e+01	   2.8289397e+01	   2.5956443e+01	   2.3596665e+01	   2.0501530e+01	   1.6786806e+01	             NaN	             NaN	             NaN	             NaN	             NaN	             NaN	             NaN	             NaN	             NaN	             NaN	             NaN	
   3.9529692e+01	   4.2129581e+01	   4.3009388e+01	   4.2479152e+01	   4.0715131e+01	   3.6526417e+01	   3.4302341e+01	   3.2859370e+01	   3.1890431e+01	   3.2253652e+01	   3.2887793e+01	   3.3885789e+01	   3.4811957e+01	   3.5087811e+01	   3.4809554e+01	   3.3452436e+01	   3.1464206e+01	   2.9340247e+01	   2.7088462e+01	   2.4704700e+01	   2.1864185e+01	   1.8144703e+01	   1.5229630e+01	             NaN	             NaN	             NaN	             NaN	             NaN	             NaN	             NaN	             NaN	             NaN	             NaN	
   4.0343276e+01	   4.3175988e+01	   4.5425260e+01	   4.4444811e+01	   4.1664453e+01	   3.8373570e+01	   3.5236537e+01	   3.4124625e+01	   3.2910275e+01	   3.3327907e+01	   3.4009669e+01	   3.4532152e+01	   3.5633575e+01	   3.6275678e+01	   3.5915303e+01	   3.4482468e+01	   3.2674228e+01	   3.0901531e+01	   2.8382630e+01	   2.6015651e+01	   2.3415705e+01	   1.9625433e+01	   1.6234950e+01	             NaN	             NaN	             NaN	             NaN	             NaN	             NaN	             NaN	             NaN	             NaN	             NaN	
   4.3954278e+01	   4.5865152e+01	   4.7089131e+01	   4.6557701e+01	   4.3686640e+01	   4.0204277e+01	   3.6997060e+01	   3.4791067e+01	   3.3861426e+01	   3.4175600e+01	   3.5087564e+01	   3.6036744e+01	   3.6901497e+01	   3.7484429e+01	   3.7194885e+01	   3.5889716e+01	   3.4054439e+01	   3.2025133e+01	   2.9741682e+01	   2.7273883e+01	   2.4622681e+01	   2.1374452e+01	   1.7285289e+01	             NaN	             NaN	             NaN	             NaN	             NaN	             NaN	             NaN	             NaN	             NaN	             NaN	
   4.6717563e+01	   4.8389881e+01	   4.9416991e+01	   4.8520139e+01	   4.4863050e+01	   4.1711226e+01	   3.8274848e+01	   3.5898549e+01	   3.5177502e+01	   3.5285371e+01	   3.5793133e+01	   3.7096358e+01	   3.8013265e+01	   3.8587348e+01	   3.8435499e+01	   3.7235509e+01	   3.5196233e+01	   3.3153572e+01	   3.0909142e+01	   2.8316214e+01	   2.5681829e+01	   2.2554779e+01	   1.8666408e+01	   1.5910634e+01	             NaN	             NaN	             NaN	             NaN	             NaN	             NaN	             NaN	             NaN	             NaN	
   4.6493874e+01	   5.0025668e+01	   5.1954958e+01	   4.9844526e+01	   4.7180785e+01	   4.3116898e+01	   3.9057735e+01	   3.7360479e+01	   3.6193780e+01	   3.6017857e+01	   3.6922962e+01	   3.7766274e+01	   3.9125046e+01	   3.9707374e+01	   3.9389465e+01	   3.8062266e+01	   3.6046560e+01	   3.4207932e+01	   3.1977914e+01	   2.9640504e+01	   2.7010541e+01	   2.3954304e+01	   2.0099440e+01	   1.6785349e+01	             NaN	             NaN	             NaN	             NaN	             NaN	             NaN	             NaN	             NaN	             NaN	
   4.9228666e+01	   5.2133405e+01	   5.3543849e+01	   5.2846027e+01	   4.8578651e+01	   4.4000979e+01	   4.0516604e+01	   3.8110553e+01	   3.7170850e+01	   3.7311936e+01	   3.7938275e+01	   3.9014500e+01	   4.0257892e+01	   4.0622460e+01	   4.0475605e+01	   3.9317974e+01	   3.7575621e+01	   3.5497940e+01	   3.3184166e+01	   3.0790622e+01	   2.8102642e+01	   2.5043162e+01	   2.1600846e+01	   1.7874500e+01	   1.5313928e+01	             NaN	             NaN	             NaN	             NaN	             NaN	             NaN	             NaN	             NaN	
   5.0839535e+01	   5.4106046e+01	   5.5701500e+01	   5.4656029e+01	   5.0110749e+01	   4.5326148e+01	   4.1908227e+01	   3.9602309e+01	   3.7779176e+01	   3.7923645e+01	   3.8678163e+01	   3.9505537e+01	   4.0798231e+01	   4.1719287e+01	   4.1510078e+01	   4.0123121e+01	   3.8751920e+01	   3.6181342e+01	   3.3992106e+01	   3.1931757e+01	   2.9279975e+01	   2.6257914e+01	   2.2894931e+01	   1.8962451e+01	   1.6464377e+01	             NaN	             NaN	             NaN	             NaN	             NaN	             NaN	             NaN	             NaN	
   5.4836019e+01	   5.5172936e+01	   5.8673319e+01	   5.5696632e+01	   5.2070421e+01	   4.7238444e+01	   4.2975816e+01	   4.0356947e+01	   3.9230124e+01	   3.8666978e+01	   3.9492543e+01	   4.0411049e+01	   4.1538392e+01	   4.2671078e+01	   4.2371054e+01	   4.1359386e+01	   3.9381759e+01	   3.7367791e+01	   3.5156651e+01	   3.2830769e+01	   3.0267469e+01	   2.7280092e+01	   2.4166138e+01	   2.0205397e+01	   1.7172178e+01	             NaN	             NaN	             NaN	             NaN	             NaN	             NaN	             NaN	             NaN	
   5.4580476e+01	   5.7228985e+01	   5.9222015e+01	   5.6609909e+01	   5.3337847e+01	   4.8317244e+01	   4.4310619e+01	   4.1441688e+01	   3.9975450e+01	   3.9121556e+01	   3.9969457e+01	   4.0976119e+01	   4.2419083e+01	   4.3306031e+01	   4.3239804e+01	   4.2020720e+01	   4.0309203e+01	   3.8379389e+01	   3.5951094e+01	   3.3860621e+01	   3.1192951e+01	   2.8215422e+01	   2.5075634e+01	   2.1680798e+01	   1.8020968e+01	   1.5503093e+01	             NaN	             NaN	             NaN	             NaN	             NaN	             NaN	             NaN	
   5.4458773e+01	   5.9548995e+01	   6.0571033e+01	   5.9125811e+01	   5.4992143e+01	   5.0229652e+01	   4.5493116e+01	   4.2256243e+01	   4.0440159e+01	   4.0271951e+01	   4.0888248e+01	   4.1582133e+01	   4.3186901e+01	   4.4088457e+01	   4.4281040e+01	   4.3024966e+01	   4.1281075e+01	   3.9115694e+01	   3.6765856e+01	   3.4717507e+01	   3.2177606e+01	   2.9314349e+01	   2.6062518e+01	   2.2899059e+01	   1.9065852e+01	   1.6461956e+01	             NaN	             NaN	             NaN	             NaN	             NaN	             NaN	             NaN	
   5.8287618e+01	   6.0128261e+01	   6.2436686e+01	   6.0594197e+01	   5.6546324e+01	   5.1970798e+01	   4.6836558e+01	   4.3303563e+01	   4.1491620e+01	   4.0688976e+01	   4.1407628e+01	   4.2271434e+01	   4.3681806e+01	   4.4743699e+01	   4.4859659e+01	   4.3657811e+01	   4.1953137e+01	   4.0112786e+01	   3.7630862e+01	   3.5630383e+01	   3.2953942e+01	   3.0073517e+01	   2.7153966e+01	   2.4112473e+01	   2.0335126e+01	   1.7308943e+01	   1.4375866e+01	             NaN	             NaN	             NaN	             NaN	             NaN	             NaN	
   5.9471345e+01	   6.2292618e+01	   6.4713182e+01	   6.2480744e+01	   5.8083194e+01	   5.2930384e+01	   4.8028338e+01	   4.4729603e+01	   4.2496961e+01	   4.1394950e+01	   4.1960980e+01	   4.3183070e+01	   4.4291013e+01	   4.5124926e+01	   4.5475337e+01	   4.4338187e+01	   4.2668317e+01	   4.0678041e+01	   3.8602076e+01	   3.6568085e+01	   3.4061602e+01	   3.1136723e+01	   2.8304381e+01	   2.5311932e+01	   2.1597044e+01	   1.8263246e+01	   1.5363622e+01	             NaN	             NaN	             NaN	             NaN	             NaN	             NaN	
   6.2431922e+01	   6.4229000e+01	   6.5941045e+01	   6.4679137e+01	   5.9767310e+01	   5.3476039e+01	   4.9441070e+01	   4.5493001e+01	   4.2835185e+01	   4.2313705e+01	   4.2449673e+01	   4.3454161e+01	   4.4834042e+01	   4.5787292e+01	   4.5762912e+01	   4.5284783e+01	   4.3200600e+01	   4.1400318e+01	   3.9266590e+01	   3.7291370e+01	   3.4857362e+01	   3.2141978e+01	   2.9068993e+01	   2.6155780e+01	   2.2877886e+01	   1.9263071e+01	   1.6224721e+01	             NaN	             NaN	             NaN	             NaN	             NaN	             NaN	
   6.3072628e+01	   6.6951558e+01	   6.7635201e+01	   6.4675187e+01	   6.0854799e+01	   5.5404699e+01	   5.0195815e+01	   4.6154346e+01	   4.3384505e+01	   4.2693854e+01	   4.2654236e+01	   4.4038204e+01	   4.5040077e+01	   4.6424134e+01	   4.6276749e+01	   4.5257195e+01	   4.4004855e+01	   4.1944992e+01	   4.0191555e+01	   3.7981417e+01	   3.5687165e+01	   3.3049404e+01	   3.0139172e+01	   2.7019971e+01	   2.4129585e+01	   2.0354150e+01	   1.7030871e+01	   1.4373357e+01	             NaN	             NaN	             NaN	             NaN	             NaN	
   6.1899103e+01	   6.7941277e+01	   6.8046670e+01	   6.5848792e+01	   6.1983543e+01	   5.5948282e+01	   5.0842057e+01	   4.6512786e+01	   4.4133469e+01	   4.3281351e+01	   4.3799044e+01	   4.4467737e+01	   4.5341547e+01	   4.6401922e+01	   4.6707850e+01	   4.5802151e+01	   4.4136559e+01	   4.2467839e+01	   4.0598157e+01	   3.8530395e+01	   3.6359580e+01	   3.3406958e+01	   3.0790636e+01	   2.7843924e+01	   2.4996362e+01	   2.1234701e+01	   1.7690185e+01	   1.4919780e+01	             NaN	             NaN	             NaN	             NaN	             NaN	
   6.3117801e+01	   6.8235373e+01	   6.9822180e+01	   6.7717230e+01	   6.2709140e+01	   5.7155691e+01	   5.1677784e+01	   4.7339888e+01	   4.4745634e+01	   4.3756444e+01	   4.3918564e+01	   4.4588227e+01	   4.5674153e+01	   4.6987733e+01	   4.7170764e+01	   4.5939232e+01	   4.4768443e+01	   4.3130411e+01	   4.1056728e+01	   3.9103049e+01	   3.6893931e+01	   3.4401979e+01	   3.1510902e+01	   2.8607213e+01	   2.5633131e+01	   2.2375812e+01	   1.8434029e+01	   1.5740868e+01	   1.2863420e+01	             NaN	             NaN	             NaN	             NaN	
   6.6142641e+01	   6.9017677e+01	   6.9503434e+01	   6.9277668e+01	   6.3793241e+01	   5.8093651e+01	   5.2311224e+01	   4.8513127e+01	   4.5286499e+01	   4.4269488e+01	   4.3921056e+01	   4.5044108e+01	   4.5884609e+01	   4.7012622e+01	   4.7244263e+01	   4.6485534e+01	   4.5080160e+01	   4.3369760e+01	   4.1553141e+01	   3.9614192e+01	   3.7426851e+01	   3.5076954e+01	   3.2101477e+01	   2.9311711e+01	   2.6524504e+01	   2.3412517e+01	   1.9491389e+01	   1.6493286e+01	   1.3760430e+01	             NaN	             NaN	             NaN	             NaN	
   6.5955908e+01	   6.9836940e+01	   7.2715421e+01	   6.9769604e+01	   6.5656352e+01	   5.8810924e+01	   5.3772927e+01	   4.9269709e+01	   4.5803892e+01	   4.4611770e+01	   4.4544601e+01	   4.5096867e+01	   4.6541934e+01	   4.7492947e+01	   4.7554851e+01	   4.6864009e+01	   4.5424179e+01	   4.3886134e+01	   4.1901572e+01	   4.0311360e+01	   3.8098285e+01	   3.5586140e+01	   3.2849218e+01	   3.0161050e+01	   2.7219652e+01	   2.4333432e+01	   2.0546417e+01	   1.7229909e+01	   1.4385342e+01	             NaN	             NaN	             NaN	             NaN	
   6.5740138e+01	   7.1706192e+01	   7.3251975e+01	   7.0476369e+01	   6.5322199e+01	   6.0830971e+01	   5.4786944e+01	   4.9518377e+01	   4.6124211e+01	   4.5148550e+01	   4.4575185e+01	   4.5062353e+01	   4.6139321e+01	   4.7164211e+01	   4.7602773e+01	   4.6794348e+01	   4.5674212e+01	   4.4136334e+01	   4.2469731e+01	   4.0844032e+01	   3.8665019e+01	   3.6205383e+01	   3.3375929e+01	   3.0643095e+01	   2.8133133e+01	   2.4943977e+01	   2.1506879e+01	   1.8026634e+01	   1.5242085e+01	   1.2346273e+01	             NaN	             NaN	             NaN	
   6.7366062e+01	   7.1290535e+01	   7.3093651e+01	   7.0874668e+01	   6.6802258e+01	   6.0957978e+01	   5.5015347e+01	   4.9945064e+01	   4.6987854e+01	   4.5232768e+01	   4.4694524e+01	   4.5352586e+01	   4.6226489e+01	   4.7151176e+01	   4.7660762e+01	   4.7030227e+01	   4.5862975e+01	   4.4244955e+01	   4.2860080e+01	   4.0862935e+01	   3.9039270e+01	   3.6813875e+01	   3.4075063e+01	   3.1419677e+01	   2.8719171e+01	   2.5687052e+01	   2.2271973e+01	   1.8761223e+01	   1.5829323e+01	   1.3118686e+01	             NaN	             NaN	             NaN	
   6.9267572e+01	   7.1589309e+01	   7.3704582e+01	   7.2515145e+01	   6.7680452e+01	   6.1538838e+01	   5.5619559e+01	   5.1100918e+01	   4.6988223e+01	   4.5459475e+01	   4.4798719e+01	   4.5225462e+01	   4.6171896e+01	   4.7231903e+01	   4.7554843e+01	   4.6844838e+01	   4.5841666e+01	   4.4343446e+01	   4.2715514e+01	   4.1393009e+01	   3.9423698e+01	   3.6975522e+01	   3.4539982e+01	   3.1866075e+01	   2.9365451e+01	   2.6537158e+01	   2.3169670e+01	   1.9658046e+01	   1.6456229e+01	   1.3686203e+01	   1.1065724e+01	             NaN	             NaN	
   6.7838204e+01	   7.3599543e+01	   7.4448106e+01	   7.2301754e+01	   6.7504036e+01	   6.2433302e+01	   5.6417940e+01	   5.1134807e+01	   4.7416286e+01	   4.5984230e+01	   4.4916036e+01	   4.5179303e+01	   4.6147742e+01	   4.7182914e+01	   4.7415982e+01	   4.7061258e+01	   4.5966417e+01	   4.4496951e+01	   4.2971943e+01	   4.1477576e+01	   3.9663870e+01	   3.7354410e+01	   3.4967085e+01	   3.2468471e+01	   2.9743088e+01	   2.7020367e+01	   2.3855821e+01	   2.0399851e+01	   1.7164759e+01	   1.4432556e+01	   1.1816553e+01	             NaN	             NaN	
   6.9774426e+01	   7.1613062e+01	   7.4579196e+01	   7.3204853e+01	   6.9347829e+01	   6.2610547e+01	   5.6822435e+01	   5.1574787e+01	   4.7785216e+01	   4.5894842e+01	   4.5119486e+01	   4.5188977e+01	   4.5851733e+01	   4.6903678e+01	   4.7175368e+01	   4.6544027e+01	   4.5630461e+01	   4.4444299e+01	   4.2836878e+01	   4.1545747e+01	   3.9777369e+01	   3.7772980e+01	   3.5360762e+01	   3.2837512e+01	   3.0433689e+01	   2.7655543e+01	   2.4576142e+01	   2.1238545e+01	   1.7856663e+01	   1.5119398e+01	   1.2446854e+01	             NaN	             NaN	
   6.8551968e+01	   7.1802110e+01	   7.4739684e+01	   7.3295501e+01	   6.8880872e+01	   6.3156699e+01	   5.7756937e+01	   5.1972097e+01	   4.8262346e+01	   4.5884742e+01	   4.5026213e+01	   4.4939441e+01	   4.5885598e+01	   4.6716400e+01	   4.7167905e+01	   4.6454424e+01	   4.5628768e+01	   4.4281668e+01	   4.2915557e+01	   4.1864880e+01	   4.0074869e+01	   3.7960444e+01	   3.5441087e+01	   3.3321758e+01	   3.0728927e+01	   2.8281859e+01	   2.5116829e+01	   2.2008489e+01	   1.8557062e+01	   1.5655394e+01	   1.3123670e+01	   1.0684948e+01	             NaN	
   6.9010256e+01	   7.3179977e+01	   7.4053218e+01	   7.4041319e+01	   6.9456360e+01	   6.3891989e+01	   5.7737645e+01	   5.2707651e+01	   4.8312522e+01	   4.6372880e+01	   4.5289788e+01	   4.4849540e+01	   4.5680669e+01	   4.6676923e+01	   4.6710221e+01	   4.6348304e+01	   4.5309672e+01	   4.4164962e+01	   4.2990754e+01	   4.1782574e+01	   4.0152207e+01	   3.8070333e+01	   3.5959043e+01	   3.3594770e+01	   3.1342441e+01	   2.8748992e+01	   2.5697275e+01	   2.2689530e+01	   1.9280999e+01	   1.6169261e+01	   1.3771862e+01	   1.1344550e+01	             NaN	
   6.8769926e+01	   7.3221579e+01	   7.6162275e+01	   7.3603664e+01	   7.0057325e+01	   6.4614915e+01	   5.8163694e+01	   5.2530461e+01	   4.8426147e+01	   4.5735026e+01	   4.4908482e+01	   4.4757269e+01	   4.5634263e+01	   4.6218819e+01	   4.6367301e+01	   4.5915263e+01	   4.5080417e+01	   4.4234613e+01	   4.2890231e+01	   4.1581973e+01	   3.9968149e+01	   3.8309057e+01	   3.6095281e+01	   3.3829382e+01	   3.1682959e+01	   2.9194697e+01	   2.6034044e+01	   2.3252292e+01	   1.9999791e+01	   1.6854570e+01	   1.4363884e+01	   1.1904325e+01	   9.7019670e+00	
   6.8073174e+01	   7.2209452e+01	   7.5735725e+01	   7.3846371e+01	   7.0194003e+01	   6.4483329e+01	   5.9059304e+01	   5.3093148e+01	   4.8649519e+01	   4.6106565e+01	   4.4975046e+01	   4.4787058e+01	   4.5115838e+01	   4.5913889e+01	   4.6055670e+01	   4.5866195e+01	   4.4747659e+01	   4.3831350e+01	   4.2890810e+01	   4.1661427e+01	   4.0246921e+01	   3.8342713e+01	   3.6376576e+01	   3.3989844e+01	   3.2113313e+01	   2.9714348e+01	   2.6835091e+01	   2.3884076e+01	   2.0827757e+01	   1.7496092e+01	   1.4795612e+01	   1.2623289e+01	   1.0270284e+01	
   6.8658623e+01	   7.3232253e+01	   7.5924899e+01	   7.4440421e+01	   7.0064754e+01	   6.4969574e+01	   5.8913886e+01	   5.3712431e+01	   4.9144302e+01	   4.6317972e+01	   4.4500776e+01	   4.4086977e+01	   4.4739455e+01	   4.5450784e+01	   4.6101576e+01	   4.5555147e+01	   4.4653482e+01	   4.3778915e+01	   4.2729980e+01	   4.1742518e+01	   4.0247982e+01	   3.8516297e+01	   3.6417385e+01	   3.4296191e+01	   3.2250228e+01	   3.0089185e+01	   2.7222419e+01	   2.4288198e+01	   2.1393562e+01	   1.8189470e+01	   1.5239667e+01	   1.3109631e+01	   1.0775832e+01	
   6.8798545e+01	   7.3365402e+01	   7.4880961e+01	   7.4495920e+01	   6.9511725e+01	   6.5126728e+01	   5.8646575e+01	   5.3591876e+01	   4.9031319e+01	   4.6532230e+01	   4.4871806e+01	   4.4283125e+01	   4.4734154e+01	   4.5152385e+01	   4.5564744e+01	   4.5159334e+01	   4.4411437e+01	   4.3581058e+01	   4.2339047e+01	   4.1431712e+01	   4.0131652e+01	   3.8383648e+01	   3.6533096e+01	   3.4522408e+01	   3.2520811e+01	   3.0347740e+01	   2.7610456e+01	   2.4829436e+01	   2.2030192e+01	   1.8922466e+01	   1.5869523e+01	   1.3697321e+01	   1.1390135e+01	
   6.8804659e+01	   7.4190600e+01	   7.4633488e+01	   7.3306908e+01	   7.0408155e+01	   6.4717770e+01	   5.9188133e+01	   5.4085871e+01	   4.9488079e+01	   4.6587851e+01	   4.4906903e+01	   4.4382975e+01	   4.4494204e+01	   4.4940640e+01	   4.5057874e+01	   4.4671280e+01	   4.3786864e+01	   4.3210943e+01	   4.2470270e+01	   4.1286504e+01	   4.0106642e+01	   3.8549876e+01	   3.6580574e+01	   3.4581595e+01	   3.2794639e+01	   3.0705500e+01	   2.7970622e+01	   2.5345989e+01	   2.2526891e+01	   1.9506351e+01	   1.6497253e+01	   1.4134763e+01	   1.1867253e+01	
   6.7390211e+01	   7.3325122e+01	   7.4868132e+01	   7.4939432e+01	   7.0189539e+01	   6.5480322e+01	   5.9565978e+01	   5.4510702e+01	   4.9805598e+01	   4.6273561e+01	   4.4634439e+01	   4.3836332e+01	   4.4053393e+01	   4.4563735e+01	   4.4806838e+01	   4.4441915e+01	   4.3426673e+01	   4.2945835e+01	   4.2207486e+01	   4.1139965e+01	   3.9905007e+01	   3.8421357e+01	   3.6499187e+01	   3.4757017e+01	   3.2951120e+01	   3.0904696e+01	   2.8507689e+01	   2.5642287e+01	   2.2949944e+01	   1.9929966e+01	   1.7181989e+01	   1.4672193e+01	   1.2426409e+01	
             NaN	   7.3625955e+01	   7.4615299e+01	   7.3664808e+01	   6.9881626e+01	   6.5113517e+01	   5.9973215e+01	   5.4419478e+01	   4.9537691e+01	   4.6373974e+01	   4.4844462e+01	   4.3678554e+01	   4.3762866e+01	   4.4106030e+01	   4.4091497e+01	   4.3894091e+01	   4.3276576e+01	   4.2557705e+01	   4.1774205e+01	   4.0870563e+01	   3.9946214e+01	   3.8294575e+01	   3.6513593e+01	   3.4814552e+01	   3.3168669e+01	   3.1182443e+01	   2.8777040e+01	   2.6095877e+01	   2.3409277e+01	   2.0560642e+01	   1.7728517e+01	   1.5138806e+01	   1.2965177e+01	
             NaN	   7.2920578e+01	   7.4361920e+01	   7.3153789e+01	   7.0717521e+01	   6.5024051e+01	   6.0196554e+01	   5.4187426e+01	   4.9613574e+01	   4.6384027e+01	   4.4499801e+01	   4.3056884e+01	   4.3411197e+01	   4.3611205e+01	   4.3930887e+01	   4.3338018e+01	   4.2862937e+01	   4.2065277e+01	   4.1490906e+01	   4.0436375e+01	   3.9525597e+01	   3.8126659e+01	   3.6552559e+01	   3.4814874e+01	   3.3189647e+01	   3.1377610e+01	   2.8954193e+01	   2.6521348e+01	   2.3799148e+01	   2.0958360e+01	   1.8229042e+01	   1.5586937e+01	   1.3411384e+01	
             NaN	   7.2267498e+01	   7.3993547e+01	   7.3052112e+01	   7.0404557e+01	   6.5338061e+01	   6.0149147e+01	   5.4519906e+01	   4.9687627e+01	   4.6274666e+01	   4.4033747e+01	   4.3112381e+01	   4.2747869e+01	   4.3123440e+01	   4.3389425e+01	   4.3059990e+01	   4.2325971e+01	   4.1564035e+01	   4.0958583e+01	   4.0387660e+01	   3.9147984e+01	   3.7913846e+01	   3.6228871e+01	   3.4741965e+01	   3.3263879e+01	   3.1492212e+01	   2.9104385e+01	   2.6745547e+01	   2.4031891e+01	   2.1326932e+01	   1.8901578e+01	   1.6099708e+01	   1.3595607e+01	
             NaN	   7.1037511e+01	   7.3367837e+01	   7.3910167e+01	   6.9176934e+01	   6.5335182e+01	   6.0047402e+01	   5.4248561e+01	   4.9582104e+01	   4.6807941e+01	   4.4394950e+01	   4.3253949e+01	   4.2527300e+01	   4.2919120e+01	   4.2985626e+01	   4.2651013e+01	   4.1940191e+01	   4.1364633e+01	   4.0704090e+01	   4.0007871e+01	   3.8957165e+01	   3.7724339e+01	   3.6294611e+01	   3.4526819e+01	   3.3177476e+01	   3.1753303e+01	   2.9224485e+01	   2.6892604e+01	   2.4390425e+01	   2.1764210e+01	   1.9279830e+01	   1.6684021e+01	   1.4329642e+01	
             NaN	   7.1545998e+01	   7.3474749e+01	   7.1645872e+01	   6.9986959e+01	   6.4506928e+01	   6.0130874e+01	   5.4108400e+01	   4.9732579e+01	   4.6279574e+01	   4.4021914e+01	   4.2738164e+01	   4.2339903e+01	   4.2273474e+01	   4.2282893e+01	   4.2321781e+01	   4.1436005e+01	   4.0902467e+01	   4.0224436e+01	   3.9433808e+01	   3.8603615e+01	   3.7609246e+01	   3.6059187e+01	   3.4617026e+01	   3.3315520e+01	   3.1664274e+01	   2.9381899e+01	   2.7225617e+01	   2.4602287e+01	   2.2033877e+01	   1.9631618e+01	   1.7159563e+01	   1.4682336e+01	
             NaN	   7.0500932e+01	   7.1998250e+01	   7.2980477e+01	   7.0090284e+01	   6.4688576e+01	   5.9364889e+01	   5.4712710e+01	   4.9382271e+01	   4.6147414e+01	   4.3728411e+01	   4.2410825e+01	   4.1872550e+01	   4.1969950e+01	   4.1869071e+01	   4.1681938e+01	   4.1111149e+01	   4.0471668e+01	   3.9856230e+01	   3.9291195e+01	   3.8368525e+01	   3.7257439e+01	   3.5890479e+01	   3.4435123e+01	   3.3268764e+01	   3.1742746e+01	   2.9720816e+01	   2.7333824e+01	   2.5023715e+01	   2.2434177e+01	   1.9941567e+01	   1.7683119e+01	   1.5086259e+01	
             NaN	             NaN	   7.1540071e+01	   7.1576885e+01	   6.9178999e+01	   6.4398260e+01	   5.9518167e+01	   5.4435899e+01	   4.9494395e+01	   4.5852856e+01	   4.3380040e+01	   4.1857593e+01	   4.1647359e+01	   4.1740491e+01	   4.1696768e+01	   4.0946219e+01	   4.0298299e+01	   4.0053969e+01	   3.9460151e+01	   3.8701085e+01	   3.8071729e+01	   3.6894916e+01	   3.5503214e+01	   3.4406751e+01	   3.3115897e+01	   3.1649201e+01	   2.9639979e+01	   2.7554324e+01	   2.5091449e+01	   2.2681301e+01	   2.0142433e+01	   1.7826444e+01	   1.5476473e+01	
             NaN	             NaN	   7.1329640e+01	   7.0465771e+01	   6.8354704e+01	   6.4366205e+01	   5.8998016e+01	   5.4087733e+01	   4.9737379e+01	   4.5807142e+01	   4.3383930e+01	   4.1737122e+01	   4.1051492e+01	   4.0907601e+01	   4.0782396e+01	   4.0734084e+01	   3.9993642e+01	   3.9336277e+01	   3.8924592e+01	   3.8472730e+01	   3.7506528e+01	   3.6497053e+01	   3.5291167e+01	   3.4090753e+01	   3.3041270e+01	   3.1624578e+01	   2.9747357e+01	   2.7550477e+01	   2.5337147e+01	   2.2997652e+01	   2.0372472e+01	   1.8279196e+01	   1.5864085e+01	
             NaN	             NaN	   7.1521331e+01	   7.0411965e+01	   6.8760611e+01	   6.4320817e+01	   5.8938441e+01	   5.3841295e+01	   4.8822149e+01	   4.5567741e+01	   4.3015193e+01	   4.1225351e+01	   4.0677864e+01	   4.0434415e+01	   4.0360274e+01	   4.0021143e+01	   3.9416640e+01	   3.8919745e+01	   3.8101965e+01	   3.7742951e+01	   3.7082196e+01	   3.6152119e+01	   3.5126382e+01	   3.3735439e+01	   3.2661179e+01	   3.1306436e+01	   2.9583914e+01	   2.7613524e+01	   2.5476984e+01	   2.3124591e+01	   2.0826538e+01	   1.8543942e+01	   1.6396418e+01	
             NaN	             NaN	   6.9937078e+01	   6.9646947e+01	   6.6583339e+01	   6.2741245e+01	   5.8581086e+01	   5.3795570e+01	   4.8628028e+01	   4.5159944e+01	   4.2761500e+01	   4.1050157e+01	   4.0186919e+01	   4.0057314e+01	   3.9520609e+01	   3.9154929e+01	   3.8719513e+01	   3.7959359e+01	   3.7730449e+01	   3.7361268e+01	   3.6408562e+01	   3.5546029e+01	   3.4560273e+01	   3.3367820e+01	   3.2446555e+01	   3.1210003e+01	   2.9449571e+01	   2.7594106e+01	   2.5471172e+01	   2.3197646e+01	   2.0910137e+01	   1.8873437e+01	   1.6513463e+01	
             NaN	             NaN	   6.9493079e+01	   6.8524567e+01	   6.7027012e+01	   6.2790533e+01	   5.8550727e+01	   5.3584720e+01	   4.8800828e+01	   4.4981068e+01	   4.2404673e+01	   4.0654397e+01	   3.9717085e+01	   3.9349913e+01	   3.9150776e+01	   3.8708283e+01	   3.8291422e+01	   3.7873502e+01	   3.7228463e+01	   3.6787479e+01	   3.6205232e+01	   3.5445609e+01	   3.4072970e+01	   3.3234678e+01	   3.2315443e+01	   3.1181696e+01	   2.9366253e+01	   2.7485018e+01	   2.5506680e+01	   2.3409949e+01	   2.1130959e+01	   1.8911983e+01	   1.6738524e+01	
             NaN	             NaN	             NaN	   6.9360331e+01	   6.5856375e+01	   6.2409715e+01	   5.8010888e+01	   5.3458974e+01	   4.8232335e+01	   4.4971149e+01	   4.2414787e+01	   4.0467813e+01	   3.9707296e+01	   3.9194260e+01	   3.8769926e+01	   3.8299820e+01	   3.7725792e+01	   3.7112599e+01	   3.6628972e+01	   3.6415341e+01	   3.5751450e+01	   3.4681550e+01	   3.3938349e+01	   3.2820148e+01	   3.1897955e+01	   3.0832914e+01	   2.9407313e+01	   2.7680796e+01	   2.5480410e+01	   2.3298122e+01	   2.1246018e+01	   1.9056940e+01	   1.6989047e+01	
             NaN	             NaN	             NaN	   6.7321819e+01	   6.5494367e+01	   6.2077658e+01	   5.7376879e+01	   5.3188687e+01	   4.7765335e+01	   4.4368571e+01	   4.1198909e+01	   3.9798502e+01	   3.8511403e+01	   3.8349265e+01	   3.8346756e+01	   3.7523193e+01	   3.7011145e+01	   3.6596119e+01	   3.6166563e+01	   3.5926550e+01	   3.5312284e+01	   3.4421990e+01	   3.3527540e+01	   3.2625673e+01	   3.1766079e+01	   3.0706818e+01	   2.8981252e+01	   2.7419659e+01	   2.5470006e+01	   2.3471071e+01	   2.1281199e+01	   1.9266013e+01	   1.7122288e+01	
             NaN	             NaN	             NaN	   6.6846197e+01	   6.5830433e+01	   6.1840148e+01	   5.6928022e+01	   5.2127914e+01	   4.7772597e+01	   4.3607426e+01	   4.1528566e+01	   3.9221747e+01	   3.8362483e+01	   3.8008081e+01	   3.7737751e+01	   3.7014937e+01	   3.6785368e+01	   3.6095396e+01	   3.5626847e+01	   3.5039993e+01	   3.4784141e+01	   3.4018254e+01	   3.2935744e+01	   3.2037388e+01	   3.1319289e+01	   3.0310912e+01	   2.8782513e+01	   2.7245115e+01	   2.5420716e+01	   2.3310518e+01	   2.1403351e+01	   1.9431182e+01	   1.7383786e+01	
             NaN	             NaN	             NaN	   6.5600359e+01	   6.3870642e+01	   6.0042624e+01	   5.6439548e+01	   5.1839053e+01	   4.7601352e+01	   4.4002183e+01	   4.1318549e+01	   3.9201038e+01	   3.7775777e+01	   3.7896426e+01	   3.7242535e+01	   3.6631074e+01	   3.6112056e+01	   3.5457782e+01	   3.5068856e+01	   3.4695529e+01	   3.4199250e+01	   3.3493188e+01	   3.2651894e+01	   3.1799940e+01	   3.1040897e+01	   3.0223114e+01	   2.8866535e+01	   2.7144816e+01	   2.5290790e+01	   2.3305798e+01	   2.1331926e+01	   1.9379915e+01	   1.7424215e+01	
             NaN	             NaN	             NaN	   6.5606232e+01	   6.3767881e+01	   6.0017022e+01	   5.5864932e+01	   5.1810358e+01	   4.7115158e+01	   4.3709876e+01	   4.0727942e+01	   3.8469381e+01	   3.7772839e+01	   3.6892786e+01	   3.6604089e+01	   3.6041804e+01	   3.5234649e+01	   3.4890555e+01	   3.4450401e+01	   3.4269542e+01	   3.3545898e+01	   3.2972867e+01	   3.1959532e+01	   3.1283640e+01	   3.0778596e+01	   2.9898131e+01	   2.8597318e+01	   2.6850434e+01	   2.5135129e+01	   2.3251909e+01	   2.1351107e+01	   1.9440875e+01	   1.7440441e+01	
             NaN	             NaN	             NaN	             NaN	   6.2672014e+01	   5.9250356e+01	   5.5587671e+01	   5.0930602e+01	   4.6638981e+01	   4.3052271e+01	   4.0282684e+01	   3.8351471e+01	   3.7263574e+01	   3.6593329e+01	   3.5928625e+01	   3.5358397e+01	   3.4687512e+01	   3.4401013e+01	   3.4015741e+01	   3.3676594e+01	   3.2977579e+01	   3.2457400e+01	   3.1757248e+01	   3.0921552e+01	   3.0451851e+01	   2.9504668e+01	   2.8314812e+01	   2.6620564e+01	   2.5115163e+01	   2.3087699e+01	   2.1265689e+01	   1.9422712e+01	   1.7544561e+01	
             NaN	             NaN	             NaN	             NaN	   6.2016583e+01	   5.8382224e+01	   5.4960028e+01	   5.0471630e+01	   4.6077911e+01	   4.2470453e+01	   3.9911931e+01	   3.7784103e+01	   3.6507255e+01	   3.5855895e+01	   3.5400911e+01	   3.4702525e+01	   3.4131907e+01	   3.3738665e+01	   3.3227164e+01	   3.2979055e+01	   3.2601632e+01	   3.1924385e+01	   3.1242130e+01	   3.0475472e+01	   2.9806968e+01	   2.9033414e+01	   2.7833487e+01	   2.6471425e+01	   2.4697737e+01	   2.2878084e+01	   2.1264056e+01	   1.9497520e+01	   1.7627953e+01	
             NaN	             NaN	             NaN	             NaN	   6.0734074e+01	   5.7831875e+01	   5.4299307e+01	   5.0165080e+01	   4.5392971e+01	   4.2385726e+01	   3.9228722e+01	   3.7443921e+01	   3.6032692e+01	   3.5266821e+01	   3.4779004e+01	   3.4148251e+01	   3.3216871e+01	   3.2923155e+01	   3.2368727e+01	   3.2215000e+01	   3.1844637e+01	   3.1243765e+01	   3.0803883e+01	   2.9887106e+01	   2.9302343e+01	   2.8687157e+01	   2.7497417e+01	   2.6096874e+01	   2.4417498e+01	   2.2839517e+01	   2.1020303e+01	   1.9307928e+01	   1.7678764e+01	
             NaN	             NaN	             NaN	             NaN	   5.9090157e+01	   5.7305097e+01	   5.3567132e+01	   4.9642696e+01	   4.4919978e+01	   4.1503728e+01	   3.8755989e+01	   3.6780197e+01	   3.5373587e+01	   3.4774858e+01	   3.4186340e+01	   3.3154264e+01	   3.2765049e+01	   3.2248668e+01	   3.1955672e+01	   3.1550249e+01	   3.1249175e+01	   3.0684886e+01	   2.9908628e+01	   2.9457699e+01	   2.8874481e+01	   2.8230295e+01	   2.7030751e+01	   2.5717972e+01	   2.4259558e+01	   2.2523507e+01	   2.0941489e+01	   1.9192763e+01	   1.7603406e+01	
             NaN	             NaN	             NaN	             NaN	   5.8560055e+01	   5.6578232e+01	   5.3336052e+01	   4.8644262e+01	   4.3963364e+01	   4.1314703e+01	   3.8402751e+01	   3.6446869e+01	   3.5070793e+01	   3.3980146e+01	   3.3556885e+01	   3.2906670e+01	   3.2199586e+01	   3.1472494e+01	   3.1354421e+01	   3.1050809e+01	   3.0753826e+01	   3.0142737e+01	   2.9395255e+01	   2.8893923e+01	   2.8405173e+01	   2.7703943e+01	   2.6720895e+01	   2.5571643e+01	   2.3947640e+01	   2.2276895e+01	   2.0776421e+01	   1.9172524e+01	   1.7448875e+01	
             NaN	             NaN	             NaN	             NaN	             NaN	   5.4889638e+01	   5.1947216e+01	   4.7886171e+01	   4.3559152e+01	   4.0128115e+01	   3.7993589e+01	   3.5732538e+01	   3.4651432e+01	   3.3621461e+01	   3.2765192e+01	   3.2269331e+01	   3.1453899e+01	   3.0822161e+01	   3.0550129e+01	   3.0449392e+01	   2.9980231e+01	   2.9492311e+01	   2.8938774e+01	   2.8235913e+01	   2.7929636e+01	   2.7327831e+01	   2.6415756e+01	   2.5131284e+01	   2.3622787e+01	   2.1972414e+01	   2.0576683e+01	   1.9011460e+01	   1.7345850e+01	
             NaN	             NaN	             NaN	             NaN	             NaN	   5.4162332e+01	   5.1177880e+01	   4.7092389e+01	   4.3167912e+01	   4.0050984e+01	   3.7278709e+01	   3.5220268e+01	   3.3601770e+01	   3.2774158e+01	   3.2443290e+01	   3.1673552e+01	   3.0891024e+01	   3.0197763e+01	   2.9867542e+01	   2.9883231e+01	   2.9335210e+01	   2.8815798e+01	   2.8385922e+01	   2.7798445e+01	   2.7423427e+01	   2.6884746e+01	   2.5837972e+01	   2.4790247e+01	   2.3400567e+01	   2.1858976e+01	   2.0468344e+01	   1.8820401e+01	   1.7288687e+01	
             NaN	             NaN	             NaN	             NaN	             NaN	   5.3459819e+01	   4.9814307e+01	   4.6289236e+01	   4.2333634e+01	   3.9338628e+01	   3.6289549e+01	   3.4634099e+01	   3.3460908e+01	   3.2198184e+01	   3.1905341e+01	   3.0987013e+01	   3.0328701e+01	   2.9753905e+01	   2.9279156e+01	   2.9097646e+01	   2.8885858e+01	   2.8202226e+01	   2.7760562e+01	   2.7279357e+01	   2.6945761e+01	   2.6253503e+01	   2.5346522e+01	   2.4400763e+01	   2.3117583e+01	   2.1644962e+01	   1.9996264e+01	   1.8658154e+01	   1.7150919e+01	
             NaN	             NaN	             NaN	             NaN	             NaN	   5.2114666e+01	   4.9618449e+01	   4.5959861e+01	   4.2386251e+01	   3.8929836e+01	   3.5954720e+01	   3.4000239e+01	   3.2710163e+01	   3.1980426e+01	   3.1198556e+01	   3.0074752e+01	   2.9685594e+01	   2.9218592e+01	   2.8663295e+01	   2.8508016e+01	   2.8247444e+01	   2.7706608e+01	   2.7246733e+01	   2.6687601e+01	   2.6347432e+01	   2.5974701e+01	   2.4950055e+01	   2.3914417e+01	   2.2654564e+01	   2.1316641e+01	   1.9830931e+01	   1.8415721e+01	   1.7011145e+01	
             NaN	             NaN	             NaN	             NaN	             NaN	   5.1490694e+01	   4.8620040e+01	   4.5616165e+01	   4.1349341e+01	   3.8164125e+01	   3.5309548e+01	   3.3619827e+01	   3.1980606e+01	   3.1276813e+01	   3.0465042e+01	   2.9939901e+01	   2.9071625e+01	   2.8582590e+01	   2.8308467e+01	   2.7784649e+01	   2.7582554e+01	   2.7254705e+01	   2.6677093e+01	   2.6245754e+01	   2.5880375e+01	   2.5449312e+01	   2.4682741e+01	   2.3597136e+01	   2.2433594e+01	   2.1079630e+01	   1.9702127e+01	   1.8398469e+01	   1.7077361e+01	
             NaN	             NaN	             NaN	             NaN	             NaN	             NaN	   4.8008747e+01	   4.4693787e+01	   4.0895809e+01	   3.7903522e+01	   3.5167273e+01	   3.3055363e+01	   3.1921957e+01	   3.0757054e+01	   3.0096256e+01	   2.9059375e+01	   2.8495704e+01	   2.7939694e+01	   2.7699098e+01	   2.7358312e+01	   2.6963275e+01	   2.6688414e+01	   2.6077277e+01	   2.5576645e+01	   2.5206954e+01	   2.5036138e+01	   2.4130097e+01	   2.3236359e+01	   2.1945696e+01	   2.0667876e+01	   1.9532078e+01	   1.8154931e+01	   1.6697830e+01	
             NaN	             NaN	             NaN	             NaN	             NaN	             NaN	   4.6947983e+01	   4.4193637e+01	   4.0580783e+01	   3.6842403e+01	   3.4253162e+01	   3.2480931e+01	   3.1305831e+01	   3.0361362e+01	   2.9510159e+01	   2.8703095e+01	   2.8052869e+01	   2.7296340e+01	   2.6885682e+01	   2.6655732e+01	   2.6714332e+01	   2.6100372e+01	   2.5471260e+01	   2.5224145e+01	   2.4943933e+01	   2.4500422e+01	   2.3745863e+01	   2.2820259e+01	   2.1704104e+01	   2.0470636e+01	   1.9099078e+01	   1.7831826e+01	   1.6559980e+01	
   0.0000000e+00	             NaN	             NaN	             NaN	             NaN	             NaN	   4.6070329e+01	   4.3030465e+01	   4.0134519e+01	   3.6581958e+01	   3.3998492e+01	   3.2136995e+01	   3.0367850e+01	   2.9778326e+01	   2.8654627e+01	   2.8200922e+01	   2.7438462e+01	   2.6855597e+01	   2.6473009e+01	   2.6249466e+01	   2.5908659e+01	   2.5370240e+01	   2.5054369e+01	   2.4581997e+01	   2.4474580e+01	   2.4060826e+01	   2.3345277e+01	   2.2311842e+01	   2.1398500e+01	   2.0151038e+01	   1.8906992e+01	   1.7605964e+01	   1.6452376e+01	
   0.0000000e+00	             NaN	             NaN	             NaN	             NaN	             NaN	   4.5714823e+01	   4.2435066e+01	   3.8792304e+01	   3.5798075e+01	   3.3294927e+01	   3.1268513e+01	   3.0202039e+01	   2.9242726e+01	   2.8567927e+01	   2.7324734e+01	   2.6715101e+01	   2.6246788e+01	   2.5862741e+01	   2.5483242e+01	   2.5300683e+01	   2.4867092e+01	   2.4603218e+01	   2.4196807e+01	   2.3978919e+01	   2.3635034e+01	   2.2622962e+01	   2.1930307e+01	   2.0872087e+01	   1.9701737e+01	   1.8483430e+01	   1.7383746e+01	   1.6127702e+01	
   0.0000000e+00	             NaN	             NaN	             NaN	             NaN	             NaN	   4.4855750e+01	   4.1890061e+01	   3.7982995e+01	   3.5040684e+01	   3.2930928e+01	   3.0990674e+01	   2.9502972e+01	   2.8748518e+01	   2.7772977e+01	   2.7140917e+01	   2.6273041e+01	   2.5683015e+01	   2.5358811e+01	   2.4969043e+01	   2.4863316e+01	   2.4335267e+01	   2.3981794e+01	   2.3614960e+01	   2.3466504e+01	   2.2960369e+01	   2.2452467e+01	   2.1546162e+01	   2.0526641e+01	   1.9330576e+01	   1.8250476e+01	   1.7109251e+01	   1.5875874e+01	
   0.0000000e+00	             NaN	             NaN	             NaN	             NaN	             NaN	             NaN	   4.0768474e+01	   3.7584353e+01	   3.4841385e+01	   3.2491282e+01	   3.0296647e+01	   2.9330040e+01	   2.8275232e+01	   2.7245310e+01	   2.6251779e+01	   2.5641943e+01	   2.5406490e+01	   2.4770362e+01	   2.4471775e+01	   2.4126755e+01	   2.3799124e+01	   2.3495394e+01	   2.3101391e+01	   2.2829542e+01	   2.2490249e+01	   2.1988924e+01	   2.1176895e+01	   2.0212198e+01	   1.9091689e+01	   1.7890244e+01	   1.7002908e+01	   1.5811659e+01	
   0.0000000e+00	             NaN	             NaN	             NaN	             NaN	             NaN	             NaN	   4.0031581e+01	   3.6944388e+01	   3.4053136e+01	   3.1781410e+01	   2.9671311e+01	   2.8485059e+01	   2.7717968e+01	   2.6618216e+01	   2.5693887e+01	   2.5294015e+01	   2.4725425e+01	   2.4196658e+01	   2.3947274e+01	   2.3659376e+01	   2.3326891e+01	   2.2816545e+01	   2.2533295e+01	   2.2481824e+01	   2.1911936e+01	   2.1462409e+01	   2.0740141e+01	   1.9809785e+01	   1.8653425e+01	   1.7674928e+01	   1.6658390e+01	   1.5547158e+01	
   0.0000000e+00	   0.0000000e+00	             NaN	             NaN	             NaN	             NaN	             NaN	   3.9599308e+01	   3.6274436e+01	   3.3814104e+01	   3.1221362e+01	   2.9355965e+01	   2.7895573e+01	   2.7022893e+01	   2.6122542e+01	   2.5258111e+01	   2.4452664e+01	   2.4053459e+01	   2.3679298e+01	   2.3576217e+01	   2.3131405e+01	   2.2992337e+01	   2.2387886e+01	   2.2106639e+01	   2.1704444e+01	   2.1497883e+01	   2.0976622e+01	   2.0301699e+01	   1.9401808e+01	   1.8212427e+01	   1.7449555e+01	   1.6331884e+01	   1.5342514e+01	
   0.0000000e+00	   0.0000000e+00	             NaN	             NaN	             NaN	             NaN	             NaN	   3.9028921e+01	   3.5309124e+01	   3.3077569e+01	   3.0492046e+01	   2.8344901e+01	   2.7340943e+01	   2.6724652e+01	   2.5689041e+01	   2.5034019e+01	   2.4209847e+01	   2.3549773e+01	   2.3201857e+01	   2.2772775e+01	   2.2686800e+01	   2.2244002e+01	   2.1945356e+01	   2.1681552e+01	   2.1373061e+01	   2.1051906e+01	   2.0601495e+01	   1.9864710e+01	   1.8925510e+01	   1.8028572e+01	   1.6934717e+01	   1.5986622e+01	   1.4960180e+01	
   0.0000000e+00	   0.0000000e+00	             NaN	             NaN	             NaN	             NaN	             NaN	   3.7825591e+01	   3.4491362e+01	   3.2509101e+01	   3.0024637e+01	   2.7908614e+01	   2.7093709e+01	   2.5805944e+01	   2.5083184e+01	   2.3960565e+01	   2.3704356e+01	   2.2737852e+01	   2.2414388e+01	   2.2138469e+01	   2.1980560e+01	   2.1688864e+01	   2.1179215e+01	   2.0875670e+01	   2.0720496e+01	   2.0662874e+01	   1.9956019e+01	   1.9351571e+01	   1.8523039e+01	   1.7601991e+01	   1.6594442e+01	   1.5767239e+01	   1.4624162e+01	
   0.0000000e+00	   0.0000000e+00	             NaN	             NaN	             NaN	             NaN	             NaN	             NaN	   3.3793676e+01	   3.1331340e+01	   2.8924178e+01	   2.7419104e+01	   2.6237290e+01	   2.5194676e+01	   2.4488023e+01	   2.3582396e+01	   2.2676504e+01	   2.2182316e+01	   2.1899478e+01	   2.1730377e+01	   2.1307677e+01	   2.1141135e+01	   2.0650723e+01	   2.0245345e+01	   2.0244581e+01	   2.0158761e+01	   1.9539638e+01	   1.8928220e+01	   1.7983265e+01	   1.7084474e+01	   1.6285952e+01	   1.5348266e+01	   1.4269790e+01	
   0.0000000e+00	   0.0000000e+00	             NaN	             NaN	             NaN	             NaN	             NaN	             NaN	   3.3025526e+01	   3.0639263e+01	   2.8522659e+01	   2.6823706e+01	   2.5541384e+01	   2.4461136e+01	   2.3849127e+01	   2.2853833e+01	   2.2230465e+01	   2.1770555e+01	   2.1530899e+01	   2.1129158e+01	   2.0895623e+01	   2.0432928e+01	   2.0017187e+01	   1.9833205e+01	   1.9623357e+01	   1.9552095e+01	   1.8999007e+01	   1.8440354e+01	   1.7673540e+01	   1.6729859e+01	   1.5847223e+01	   1.5009836e+01	   1.3974808e+01	
   0.0000000e+00	   0.0000000e+00	   0.0000000e+00	             NaN	             NaN	             NaN	             NaN	             NaN	   3.2698702e+01	   3.0334617e+01	   2.7955000e+01	   2.6554320e+01	   2.5053933e+01	   2.4226215e+01	   2.3261140e+01	   2.2522193e+01	   2.1730789e+01	   2.1208083e+01	   2.1060142e+01	   2.0617482e+01	   2.0313075e+01	   2.0008413e+01	   1.9658964e+01	   1.9255652e+01	   1.9198790e+01	   1.9061273e+01	   1.8607338e+01	   1.8116513e+01	   1.7231925e+01	   1.6446080e+01	   1.5566173e+01	   1.4776537e+01	   1.3845293e+01	
   0.0000000e+00	   0.0000000e+00	   0.0000000e+00	             NaN	             NaN	             NaN	             NaN	             NaN	   3.2010654e+01	   2.9924468e+01	   2.7597495e+01	   2.5964768e+01	   2.4630409e+01	   2.3815244e+01	   2.2902236e+01	   2.2173587e+01	   2.1212715e+01	   2.0597045e+01	   2.0395529e+01	   2.0041337e+01	   1.9938685e+01	   1.9640522e+01	   1.9287939e+01	   1.8877315e+01	   1.8784223e+01	   1.8615185e+01	   1.8159472e+01	   1.7714301e+01	   1.6857141e+01	   1.6045409e+01	   1.5306956e+01	   1.4420232e+01	   1.3719849e+01	
   0.0000000e+00	   0.0000000e+00	   0.0000000e+00	             NaN	             NaN	             NaN	             NaN	             NaN	   3.1555918e+01	   2.9101571e+01	   2.6949802e+01	   2.5238755e+01	   2.4060122e+01	   2.3311453e+01	   2.2412119e+01	   2.1452041e+01	   2.0887668e+01	   2.0375423e+01	   1.9958400e+01	   1.9701236e+01	   1.9444502e+01	   1.9077647e+01	   1.8800886e+01	   1.8494859e+01	   1.8294420e+01	   1.8234239e+01	   1.7750165e+01	   1.7215519e+01	   1.6530191e+01	   1.5734360e+01	   1.4972529e+01	   1.4181592e+01	   1.3379755e+01	
   0.0000000e+00	   0.0000000e+00	   0.0000000e+00	             NaN	             NaN	             NaN	             NaN	             NaN	   3.0799638e+01	   2.8461461e+01	   2.6271777e+01	   2.4647581e+01	   2.3629051e+01	   2.2859746e+01	   2.1641711e+01	   2.1137231e+01	   2.0338712e+01	   1.9863236e+01	   1.9379605e+01	   1.9335652e+01	   1.8929782e+01	   1.8584500e+01	   1.8317252e+01	   1.7963350e+01	   1.7862956e+01	   1.7811494e+01	   1.7174677e+01	   1.6828408e+01	   1.6028886e+01	   1.5332481e+01	   1.4609085e+01	   1.3850520e+01	   1.3024534e+01	
   0.0000000e+00	   0.0000000e+00	   0.0000000e+00	             NaN	             NaN	             NaN	             NaN	             NaN	             NaN	   2.7763673e+01	   2.5860542e+01	   2.4607084e+01	   2.3113220e+01	   2.2150172e+01	   2.1394916e+01	   2.0376862e+01	   1.9738563e+01	   1.9342893e+01	   1.9268415e+01	   1.8712288e+01	   1.8519807e+01	   1.8126926e+01	   1.7856621e+01	   1.7565925e+01	   1.7488583e+01	   1.7374764e+01	   1.6863590e+01	   1.6198873e+01	   1.5709274e+01	   1.5016951e+01	   1.4242717e+01	   1.3638117e+01	   1.2825545e+01	
   0.0000000e+00	   0.0000000e+00	   0.0000000e+00	   0.0000000e+00	             NaN	             NaN	             NaN	             NaN	             NaN	   2.7308410e+01	   2.5325344e+01	   2.3786179e+01	   2.2369575e+01	   2.1633269e+01	   2.0851430e+01	   1.9920976e+01	   1.9275485e+01	   1.8853522e+01	   1.8531942e+01	   1.8174751e+01	   1.7907881e+01	   1.7679128e+01	   1.7238456e+01	   1.6964711e+01	   1.6962103e+01	   1.6780862e+01	   1.6432955e+01	   1.5929376e+01	   1.5216535e+01	   1.4546722e+01	   1.3885064e+01	   1.3263980e+01	   1.2368426e+01	
   0.0000000e+00	   0.0000000e+00	   0.0000000e+00	   0.0000000e+00	             NaN	             NaN	             NaN	             NaN	             NaN	   2.6375448e+01	   2.4739899e+01	   2.3258989e+01	   2.1852292e+01	   2.1124032e+01	   2.0292018e+01	   1.9418475e+01	   1.8890096e+01	   1.8267527e+01	   1.8070169e+01	   1.7579925e+01	   1.7463178e+01	   1.7072998e+01	   1.6747828e+01	   1.6587272e+01	   1.6417799e+01	   1.6330519e+01	   1.5947605e+01	   1.5547191e+01	   1.4845271e+01	   1.4126202e+01	   1.3509960e+01	   1.2842377e+01	   1.2098364e+01	
   0.0000000e+00	   0.0000000e+00	   0.0000000e+00	   0.0000000e+00	             NaN	             NaN	             NaN	             NaN	             NaN	   2.5737451e+01	   2.4381897e+01	   2.2444702e+01	   2.1597386e+01	   2.0772968e+01	   1.9790297e+01	   1.9216344e+01	   1.8283460e+01	   1.7809249e+01	   1.7594118e+01	   1.7225400e+01	   1.6989958e+01	   1.6500207e+01	   1.6284085e+01	   1.6074014e+01	   1.6042978e+01	   1.5926757e+01	   1.5391582e+01	   1.5011429e+01	   1.4395885e+01	   1.3730428e+01	   1.3121583e+01	   1.2505598e+01	   1.1874465e+01	
   0.0000000e+00	   0.0000000e+00	   0.0000000e+00	   0.0000000e+00	             NaN	             NaN	             NaN	             NaN	             NaN	   2.4953157e+01	   2.3680189e+01	   2.2318101e+01	   2.1150447e+01	   2.0339751e+01	   1.9221777e+01	   1.8644828e+01	   1.8042685e+01	   1.7444170e+01	   1.7016486e+01	   1.6738577e+01	   1.6477501e+01	   1.6350809e+01	   1.6034148e+01	   1.5667056e+01	   1.5614307e+01	   1.5434534e+01	   1.5007442e+01	   1.4601871e+01	   1.4080517e+01	   1.3476572e+01	   1.2745147e+01	   1.2217325e+01	   1.1579667e+01	
   0.0000000e+00	   0.0000000e+00	   0.0000000e+00	   0.0000000e+00	             NaN	             NaN	             NaN	             NaN	             NaN	             NaN	   2.2882284e+01	   2.1316064e+01	   2.0470591e+01	   1.9770297e+01	   1.8915924e+01	   1.8140603e+01	   1.7448827e+01	   1.6973351e+01	   1.6607727e+01	   1.6269814e+01	   1.6076775e+01	   1.5907209e+01	   1.5371626e+01	   1.5235921e+01	   1.5180633e+01	   1.4923481e+01	   1.4762520e+01	   1.4118511e+01	   1.3688495e+01	   1.2963415e+01	   1.2445908e+01	   1.1788716e+01	   1.1304897e+01	
   0.0000000e+00	   0.0000000e+00	   0.0000000e+00	   0.0000000e+00	             NaN	             NaN	             NaN	             NaN	             NaN	             NaN	   2.2338984e+01	   2.1029785e+01	   2.0307121e+01	   1.9176173e+01	   1.8441791e+01	   1.7647571e+01	   1.6810783e+01	   1.6590963e+01	   1.5901649e+01	   1.5965408e+01	   1.5719041e+01	   1.5289107e+01	   1.5019345e+01	   1.4733690e+01	   1.4802529e+01	   1.4618554e+01	   1.4142178e+01	   1.3776310e+01	   1.3264736e+01	   1.2802556e+01	   1.2204344e+01	   1.1621250e+01	   1.1041155e+01	
   0.0000000e+00	   0.0000000e+00	   0.0000000e+00	   0.0000000e+00	   0.0000000e+00	             NaN	             NaN	             NaN	             NaN	             NaN	   2.1785226e+01	   2.0395632e+01	   1.9251027e+01	   1.8594362e+01	   1.7499358e+01	   1.7286545e+01	   1.6423432e+01	   1.5969793e+01	   1.5677667e+01	   1.5565160e+01	   1.5165041e+01	   1.4879824e+01	   1.4534355e+01	   1.4401273e+01	   1.4307469e+01	   1.4125892e+01	   1.3830983e+01	   1.3407966e+01	   1.2986101e+01	   1.2371397e+01	   1.1739692e+01	   1.1307099e+01	   1.0730397e+01	
   0.0000000e+00	   0.0000000e+00	   0.0000000e+00	   0.0000000e+00	   0.0000000e+00	             NaN	             NaN	             NaN	             NaN	             NaN	   2.1549294e+01	   1.9843025e+01	   1.8808400e+01	   1.8070058e+01	   1.7467720e+01	   1.6679313e+01	   1.6143380e+01	   1.5676840e+01	   1.5292567e+01	   1.4857020e+01	   1.4769775e+01	   1.4411073e+01	   1.4122559e+01	   1.4028824e+01	   1.3968274e+01	   1.3725857e+01	   1.3538994e+01	   1.3142856e+01	   1.2608943e+01	   1.2061534e+01	   1.1548404e+01	   1.1047711e+01	   1.0373632e+01	
   0.0000000e+00	   0.0000000e+00	   0.0000000e+00	   0.0000000e+00	   0.0000000e+00	             NaN	             NaN	             NaN	             NaN	             NaN	   2.0725276e+01	   1.9470712e+01	   1.8468430e+01	   1.7884577e+01	   1.7164666e+01	   1.6269464e+01	   1.5616835e+01	   1.5127916e+01	   1.4938213e+01	   1.4548896e+01	   1.4217182e+01	   1.4054847e+01	   1.3709022e+01	   1.3562571e+01	   1.3465157e+01	   1.3381313e+01	   1.3037360e+01	   1.2770619e+01	   1.2232558e+01	   1.1741471e+01	   1.1198215e+01	   1.0629989e+01	   1.0133613e+01	
   0.0000000e+00	   0.0000000e+00	   0.0000000e+00	   0.0000000e+00	   0.0000000e+00	             NaN	             NaN	             NaN	             NaN	             NaN	             NaN	   1.9013620e+01	   1.7842486e+01	   1.7281057e+01	   1.6564847e+01	   1.6025569e+01	   1.5249995e+01	   1.4699302e+01	   1.4432837e+01	   1.4219311e+01	   1.3941847e+01	   1.3528956e+01	   1.3329974e+01	   1.3128362e+01	   1.3108857e+01	   1.2915016e+01	   1.2639187e+01	   1.2355224e+01	   1.1772720e+01	   1.1318390e+01	   1.0884102e+01	   1.0428226e+01	   9.8615125e+00	
   0.0000000e+00	   0.0000000e+00	   0.0000000e+00	   0.0000000e+00	   0.0000000e+00	             NaN	             NaN	             NaN	             NaN	             NaN	             NaN	   1.8443161e+01	   1.7337191e+01	   1.6681924e+01	   1.5952912e+01	   1.5645337e+01	   1.4824123e+01	   1.4439155e+01	   1.3965716e+01	   1.3735622e+01	   1.3443717e+01	   1.3296004e+01	   1.3037177e+01	   1.2834812e+01	   1.2777993e+01	   1.2561531e+01	   1.2388222e+01	   1.2005968e+01	   1.1558129e+01	   1.1046888e+01	   1.0588809e+01	   1.0123322e+01	   9.6413733e+00	
   0.0000000e+00	   0.0000000e+00	   0.0000000e+00	   0.0000000e+00	   0.0000000e+00	   0.0000000e+00	             NaN	             NaN	             NaN	             NaN	             NaN	   1.8040441e+01	   1.7027478e+01	   1.6384418e+01	   1.5644391e+01	   1.5082640e+01	   1.4564182e+01	   1.3897044e+01	   1.3639312e+01	   1.3355303e+01	   1.3134068e+01	   1.2875802e+01	   1.2458443e+01	   1.2321887e+01	   1.2223888e+01	   1.2135865e+01	   1.1884057e+01	   1.1543884e+01	   1.1195973e+01	   1.0663849e+01	   1.0205249e+01	   9.8666889e+00	   9.3373788e+00	
   0.0000000e+00	   0.0000000e+00	   0.0000000e+00	   0.0000000e+00	   0.0000000e+00	   0.0000000e+00	             NaN	             NaN	             NaN	             NaN	             NaN	   1.7684500e+01	   1.6491802e+01	   1.5766838e+01	   1.5425076e+01	   1.4554660e+01	   1.3919100e+01	   1.3550757e+01	   1.3306879e+01	   1.3002714e+01	   1.2845157e+01	   1.2451644e+01	   1.2400797e+01	   1.2061181e+01	   1.1957169e+01	   1.1968848e+01	   1.1611025e+01	   1.1247431e+01	   1.0900226e+01	   1.0363799e+01	   1.0031473e+01	   9.5651425e+00	   9.1233602e+00	
   0.0000000e+00	   0.0000000e+00	   0.0000000e+00	   0.0000000e+00	   0.0000000e+00	   0.0000000e+00	             NaN	             NaN	             NaN	             NaN	             NaN	   1.6973123e+01	   1.6107741e+01	   1.5503944e+01	   1.4770884e+01	   1.4163849e+01	   1.3605589e+01	   1.3132225e+01	   1.2894082e+01	   1.2576099e+01	   1.2453540e+01	   1.2069180e+01	   1.1846877e+01	   1.1671747e+01	   1.1592716e+01	   1.1462574e+01	   1.1243865e+01	   1.0880175e+01	   1.0655072e+01	   1.0051611e+01	   9.6639449e+00	   9.2645216e+00	   8.8332103e+00	
   0.0000000e+00	   0.0000000e+00	   0.0000000e+00	   0.0000000e+00	   0.0000000e+00	   0.0000000e+00	             NaN	             NaN	             NaN	             NaN	             NaN	             NaN	   1.5779786e+01	   1.4977637e+01	   1.4328179e+01	   1.3836484e+01	   1.3116803e+01	   1.3101619e+01	   1.2531146e+01	   1.2231811e+01	   1.2087691e+01	   1.1672942e+01	   1.1567292e+01	   1.1292909e+01	   1.1373354e+01	   1.1161239e+01	   1.0686329e+01	   1.0525328e+01	   1.0205939e+01	   9.8262705e+00	   9.3966952e+00	   9.0589880e+00	   8.5959506e+00	
   0.0000000e+00	   0.0000000e+00	   0.0000000e+00	   0.0000000e+00	   0.0000000e+00	   0.0000000e+00	             NaN	             NaN	             NaN	             NaN	             NaN	             NaN	   1.5606872e+01	   1.4655054e+01	   1.4142337e+01	   1.3413359e+01	   1.2843198e+01	   1.2300603e+01	   1.2285294e+01	   1.1824120e+01	   1.1665322e+01	   1.1349154e+01	   1.1211611e+01	   1.0997787e+01	   1.0891427e+01	   1.0729061e+01	   1.0409228e+01	   1.0308991e+01	   9.9428994e+00	   9.4758548e+00	   9.2084330e+00	   8.7342962e+00	   8.3738749e+00	
   0.0000000e+00	   0.0000000e+00	   0.0000000e+00	   0.0000000e+00	   0.0000000e+00	   0.0000000e+00	   0.0000000e+00	             NaN	             NaN	             NaN	             NaN	             NaN	   1.4845953e+01	   1.4484965e+01	   1.3702165e+01	   1.3110648e+01	   1.2526847e+01	   1.2221394e+01	   1.1966085e+01	   1.1581003e+01	   1.1305031e+01	   1.0925509e+01	   1.0922828e+01	   1.0644475e+01	   1.0480292e+01	   1.0492216e+01	   1.0146357e+01	   1.0123589e+01	   9.7901421e+00	   9.3529135e+00	   8.8503254e+00	   8.4181065e+00	   8.1071161e+00	
   0.0000000e+00	   0.0000000e+00	   0.0000000e+00	   0.0000000e+00	   0.0000000e+00	   0.0000000e+00	   0.0000000e+00	             NaN	             NaN	             NaN	             NaN	             NaN	   1.4820217e+01	   1.3834406e+01	   1.3178466e+01	   1.2671070e+01	   1.2149449e+01	   1.1663595e+01	   1.1612592e+01	   1.1278549e+01	   1.1003050e+01	   1.0711331e+01	   1.0493213e+01	   1.0408173e+01	   1.0261154e+01	   1.0075018e+01	   9.9451268e+00	   9.5292789e+00	   9.2835103e+00	   8.8594722e+00	   8.6986372e+00	   8.1788974e+00	   7.9029232e+00	
   0.0000000e+00	   0.0000000e+00	   0.0000000e+00	   0.0000000e+00	   0.0000000e+00	   0.0000000e+00	   0.0000000e+00	             NaN	             NaN	             NaN	             NaN	             NaN	   1.4014956e+01	   1.3572220e+01	   1.2908238e+01	   1.2363271e+01	   1.1730488e+01	   1.1430315e+01	   1.0994890e+01	   1.0889916e+01	   1.0670463e+01	   1.0370830e+01	   1.0220596e+01	   9.8831835e+00	   1.0094680e+01	   9.8710308e+00	   9.5015990e+00	   9.2547335e+00	   9.0327407e+00	   8.6093238e+00	   8.2918040e+00	   7.9475353e+00	   7.6375435e+00	
   0.0000000e+00	   0.0000000e+00	   0.0000000e+00	   0.0000000e+00	   0.0000000e+00	   0.0000000e+00	   0.0000000e+00	             NaN	             NaN	             NaN	             NaN	             NaN	             NaN	   1.3071027e+01	   1.2170845e+01	   1.1989935e+01	   1.1415786e+01	   1.0941580e+01	   1.0729952e+01	   1.0498077e+01	   1.0352131e+01	   9.8795965e+00	   9.8344323e+00	   9.6460067e+00	   9.5992456e+00	   9.4923389e+00	   9.2412902e+00	   8.8965905e+00	   8.6539848e+00	   8.3006261e+00	   8.0233814e+00	   7.7278211e+00	   7.3190281e+00	
   0.0000000e+00	   0.0000000e+00	   0.0000000e+00	   0.0000000e+00	   0.0000000e+00	   0.0000000e+00	   0.0000000e+00	             NaN	             NaN	             NaN	             NaN	             NaN	             NaN	   1.2800855e+01	   1.2117269e+01	   1.1401858e+01	   1.1128100e+01	   1.0751225e+01	   1.0558215e+01	   1.0472810e+01	   9.7896458e+00	   9.6508671e+00	   9.3718899e+00	   9.2710669e+00	   9.1379764e+00	   9.2076859e+00	   8.9750174e+00	   8.6651419e+00	   8.5061145e+00	   8.1251853e+00	   7.9063745e+00	   7.4598744e+00	   7.1064970e+00	
   0.0000000e+00	   0.0000000e+00	   0.0000000e+00	   0.0000000e+00	   0.0000000e+00	   0.0000000e+00	   0.0000000e+00	   0.0000000e+00	             NaN	             NaN	             NaN	             NaN	             NaN	   1.2266113e+01	   1.1758597e+01	   1.1406954e+01	   1.0667053e+01	   1.0499715e+01	   9.9928007e+00	   9.8789136e+00	   9.5453773e+00	   9.4127623e+00	   9.1198150e+00	   9.0535986e+00	   8.9686193e+00	   8.7489174e+00	   8.5805791e+00	   8.3217337e+00	   8.0413285e+00	   7.8643663e+00	   7.4990576e+00	   7.1176084e+00	   6.8336304e+00	
   0.0000000e+00	   0.0000000e+00	   0.0000000e+00	   0.0000000e+00	   0.0000000e+00	   0.0000000e+00	   0.0000000e+00	   0.0000000e+00	             NaN	             NaN	             NaN	             NaN	             NaN	   1.2007234e+01	   1.1307397e+01	   1.1023160e+01	   1.0464762e+01	   9.9995039e+00	   9.7796190e+00	   9.5901982e+00	   9.2911983e+00	   9.1654911e+00	   8.8623134e+00	   8.7354979e+00	   8.7357548e+00	   8.6616311e+00	   8.4400378e+00	   8.1719412e+00	   7.9788511e+00	   7.5661876e+00	   7.3172149e+00	   7.1191858e+00	   6.6756064e+00	
   0.0000000e+00	   0.0000000e+00	   0.0000000e+00	   0.0000000e+00	   0.0000000e+00	   0.0000000e+00	   0.0000000e+00	   0.0000000e+00	             NaN	             NaN	             NaN	             NaN	             NaN	   1.1696613e+01	   1.1188062e+01	   1.0640444e+01	   1.0182667e+01	   9.6763009e+00	   9.5279495e+00	   9.4221686e+00	   9.0852888e+00	   8.9948588e+00	   8.5877297e+00	   8.3430079e+00	   8.5466674e+00	   8.3372627e+00	   8.2002662e+00	   7.9206652e+00	   7.6825223e+00	   7.3219732e+00	   7.0325162e+00	   6.8136794e+00	   6.4342374e+00	
   0.0000000e+00	   0.0000000e+00	   0.0000000e+00	   0.0000000e+00	   0.0000000e+00	   0.0000000e+00	   0.0000000e+00	   0.0000000e+00	             NaN	             NaN	             NaN	             NaN	             NaN	             NaN	   1.0725925e+01	   1.0468378e+01	   9.7567997e+00	   9.4837604e+00	   9.2435542e+00	   8.8969538e+00	   8.7445315e+00	   8.5818684e+00	   8.3176513e+00	   8.2835290e+00	   8.1539906e+00	   7.9969454e+00	   7.9951672e+00	   7.6470762e+00	   7.2923981e+00	   7.0534648e+00	   6.8607608e+00	   6.4751235e+00	   6.2181551e+00	
   0.0000000e+00	   0.0000000e+00	   0.0000000e+00	   0.0000000e+00	   0.0000000e+00	   0.0000000e+00	   0.0000000e+00	   0.0000000e+00	             NaN	             NaN	             NaN	             NaN	             NaN	             NaN	   1.0511013e+01	   9.9435353e+00	   9.4812118e+00	   9.1100765e+00	   9.0321094e+00	   8.7469545e+00	   8.5052579e+00	   8.2716537e+00	   8.1880442e+00	   7.9985795e+00	   7.9081334e+00	   7.7966790e+00	   7.6129789e+00	   7.4491836e+00	   7.0973167e+00	   6.8436144e+00	   6.6860493e+00	   6.3809216e+00	   6.0507366e+00	
   0.0000000e+00	   0.0000000e+00	   0.0000000e+00	   0.0000000e+00	   0.0000000e+00	   0.0000000e+00	   0.0000000e+00	   0.0000000e+00	   0.0000000e+00	             NaN	             NaN	             NaN	             NaN	             NaN	   1.0078676e+01	   9.7754352e+00	   9.2544450e+00	   8.7974457e+00	   8.6729410e+00	   8.4215504e+00	   8.2145262e+00	   7.9194493e+00	   7.7752302e+00	   7.7514741e+00	   7.6283822e+00	   7.6029149e+00	   7.3043723e+00	   7.1858753e+00	   6.9146709e+00	   6.7003901e+00	   6.3156767e+00	   6.2205403e+00	   5.7725863e+00	
   0.0000000e+00	   0.0000000e+00	   0.0000000e+00	   0.0000000e+00	   0.0000000e+00	   0.0000000e+00	   0.0000000e+00	   0.0000000e+00	   0.0000000e+00	             NaN	             NaN	             NaN	             NaN	             NaN	   9.7084946e+00	   9.4241881e+00	   8.8096836e+00	   8.4809282e+00	   8.2805146e+00	   8.1487041e+00	   8.0004813e+00	   7.8070655e+00	   7.4953217e+00	   7.5096876e+00	   7.3243718e+00	   7.2757333e+00	   6.9785295e+00	   6.9605587e+00	   6.7532145e+00	   6.3403307e+00	   6.1685887e+00	   6.0043743e+00	   5.7110696e+00	
   0.0000000e+00	   0.0000000e+00	   0.0000000e+00	   0.0000000e+00	   0.0000000e+00	   0.0000000e+00	   0.0000000e+00	   0.0000000e+00	   0.0000000e+00	             NaN	             NaN	             NaN	             NaN	             NaN	   9.5960059e+00	   9.1283053e+00	   8.4916091e+00	   8.4163648e+00	   8.1197606e+00	   7.8420452e+00	   7.7906747e+00	   7.4682380e+00	   7.3778318e+00	   7.2845528e+00	   7.1741372e+00	   6.9725892e+00	   6.8687587e+00	   6.7044155e+00	   6.4665218e+00	   6.1704885e+00	   6.0226887e+00	   5.8293403e+00	   5.4822290e+00	
   0.0000000e+00	   0.0000000e+00	   0.0000000e+00	   0.0000000e+00	   0.0000000e+00	   0.0000000e+00	   0.0000000e+00	   0.0000000e+00	   0.0000000e+00	             NaN	             NaN	             NaN	             NaN	             NaN	             NaN	   8.9791873e+00	   8.6593323e+00	   8.1238288e+00	   7.9793660e+00	   7.6333167e+00	   7.4764253e+00	   7.3605396e+00	   7.0668016e+00	   6.9400808e+00	   6.8418014e+00	   6.8500413e+00	   6.7044539e+00	   6.4043947e+00	   6.1875360e+00	   6.0120712e+00	   5.7776062e+00	   5.5521191e+00	   5.2128997e+00	
   0.0000000e+00	   0.0000000e+00	   0.0000000e+00	   0.0000000e+00	   0.0000000e+00	   0.0000000e+00	   0.0000000e+00	   0.0000000e+00	   0.0000000e+00	             NaN	             NaN	             NaN	             NaN	             NaN	             NaN	   8.7448528e+00	   8.2559446e+00	   8.0156716e+00	   7.5986279e+00	   7.6174308e+00	   7.2087975e+00	   7.0359862e+00	   6.8561606e+00	   6.6862312e+00	   6.5742845e+00	   6.5332511e+00	   6.3293679e+00	   6.3265333e+00	   6.0662860e+00	   5.7855311e+00	   5.5941418e+00	   5.3668336e+00	   5.1744813e+00	
   0.0000000e+00	   0.0000000e+00	   0.0000000e+00	   0.0000000e+00	   0.0000000e+00	   0.0000000e+00	   0.0000000e+00	   0.0000000e+00	   0.0000000e+00	   0.0000000e+00	             NaN	             NaN	             NaN	             NaN	             NaN	   8.3848182e+00	   7.8195306e+00	   7.6397763e+00	   7.3033562e+00	   7.2721162e+00	   7.0222820e+00	   6.8154363e+00	   6.7033595e+00	   6.5326743e+00	   6.4958777e+00	   6.4070178e+00	   6.2249635e+00	   6.1373357e+00	   5.7440056e+00	   5.7011856e+00	   5.4069698e+00	   5.1261093e+00	   4.9681703e+00	
