  -6.8192370e+00	  -1.1765630e+01	  -9.1258933e+00	             NaN	             NaN	             NaN	             NaN	             NaN	             NaN	             NaN	             NaN	             NaN	             NaN	             NaN	   0.0000000e+00	   0.0000000e+00	   0.0000000e+00	   0.0000000e+00	   0.0000000e+00	   0.0000000e+00	   0.0000000e+00	   0.0000000e+00	   0.0000000e+00	   0.0000000e+00	   0.0000000e+00	   0.0000000e+00	   0.0000000e+00	   0.0000000e+00	   0.0000000e+00	   0.0000000e+00	   0.0000000e+00	   0.0000000e+00	   0.0000000e+00	
  -6.9974143e+00	  -6.9229675e+00	  -7.6698318e+00	             NaN	             NaN	             NaN	             NaN	             NaN	             NaN	             NaN	             NaN	             NaN	             NaN	             NaN	   0.0000000e+00	   0.0000000e+00	   0.0000000e+00	   0.0000000e+00	   0.0000000e+00	   0.0000000e+00	   0.0000000e+00	   0.0000000e+00	   0.0000000e+00	   0.0000000e+00	   0.0000000e+00	   0.0000000e+00	   0.0000000e+00	   0.0000000e+00	   0.0000000e+00	   0.0000000e+00	   0.0000000e+00	   0.0000000e+00	   0.0000000e+00	
  -4.9492502e+00	  -5.7992066e+00	  -5.9710524e+00	             NaN	             NaN	             NaN	             NaN	             NaN	             NaN	             NaN	             NaN	             NaN	             NaN	             NaN	   0.0000000e+00	   0.0000000e+00	   0.0000000e+00	   0.0000000e+00	   0.0000000e+00	   0.0000000e+00	   0.0000000e+00	   0.0000000e+00	   0.0000000e+00	   0.0000000e+00	   0.0000000e+00	   0.0000000e+00	   0.0000000e+00	   0.0000000e+00	   0.0000000e+00	   0.0000000e+00	   0.0000000e+00	   0.0000000e+00	   0.0000000e+00	
  -3.3035905e+00	  -5.6082209e+00	  -3.8141611e+00	  -6.8071550e-01	             NaN	             NaN	             NaN	             NaN	             NaN	             NaN	             NaN	             NaN	             NaN	             NaN	             NaN	   0.0000000e+00	   0.0000000e+00	   0.0000000e+00	   0.0000000e+00	   0.0000000e+00	   0.0000000e+00	   0.0000000e+00	   0.0000000e+00	   0.0000000e+00	   0.0000000e+00	   0.0000000e+00	   0.0000000e+00	   0.0000000e+00	   0.0000000e+00	   0.0000000e+00	   0.0000000e+00	   0.0000000e+00	   0.0000000e+00	
  -2.0601763e+00	  -3.5693949e+00	  -1.7146752e+00	   1.3414969e+00	             NaN	             NaN	             NaN	             NaN	             NaN	             NaN	             NaN	             NaN	             NaN	             NaN	             NaN	   0.0000000e+00	   0.0000000e+00	   0.0000000e+00	   0.0000000e+00	   0.0000000e+00	   0.0000000e+00	   0.0000000e+00	   0.0000000e+00	   0.0000000e+00	   0.0000000e+00	   0.0000000e+00	   0.0000000e+00	   0.0000000e+00	   0.0000000e+00	   0.0000000e+00	   0.0000000e+00	   0.0000000e+00	   0.0000000e+00	
  -5.6336237e-01	  -1.6145121e+00	  -1.1670307e-03	   2.1840742e+00	   4.9706203e+00	             NaN	             NaN	             NaN	             NaN	             NaN	             NaN	             NaN	             NaN	             NaN	             NaN	             NaN	   0.0000000e+00	   0.0000000e+00	   0.0000000e+00	   0.0000000e+00	   0.0000000e+00	   0.0000000e+00	   0.0000000e+00	   0.0000000e+00	   0.0000000e+00	   0.0000000e+00	   0.0000000e+00	   0.0000000e+00	   0.0000000e+00	   0.0000000e+00	   0.0000000e+00	   0.0000000e+00	   0.0000000e+00	
  -2.9757553e-02	   3.5002112e-01	   8.6721279e-01	   3.3631508e+00	   5.7161012e+00	             NaN	             NaN	             NaN	             NaN	             NaN	             NaN	             NaN	             NaN	             NaN	             NaN	             NaN	   0.0000000e+00	   0.0000000e+00	   0.0000000e+00	   0.0000000e+00	   0.0000000e+00	   0.0000000e+00	   0.0000000e+00	   0.0000000e+00	   0.0000000e+00	   0.0000000e+00	   0.0000000e+00	   0.0000000e+00	   0.0000000e+00	   0.0000000e+00	   0.0000000e+00	   0.0000000e+00	   0.0000000e+00	
   1.5214488e+00	   5.2040780e-01	   1.9344889e+00	   4.1254242e+00	   6.7525568e+00	             NaN	             NaN	             NaN	             NaN	             NaN	             NaN	             NaN	             NaN	             NaN	             NaN	             NaN	   0.0000000e+00	   0.0000000e+00	   0.0000000e+00	   0.0000000e+00	   0.0000000e+00	   0.0000000e+00	   0.0000000e+00	   0.0000000e+00	   0.0000000e+00	   0.0000000e+00	   0.0000000e+00	   0.0000000e+00	   0.0000000e+00	   0.0000000e+00	   0.0000000e+00	   0.0000000e+00	   0.0000000e+00	
   2.8461042e+00	   3.4199227e+00	   2.7787268e+00	   5.0449317e+00	   6.6800945e+00	   8.4335820e+00	             NaN	             NaN	             NaN	             NaN	             NaN	             NaN	             NaN	             NaN	             NaN	             NaN	             NaN	   0.0000000e+00	   0.0000000e+00	   0.0000000e+00	   0.0000000e+00	   0.0000000e+00	   0.0000000e+00	   0.0000000e+00	   0.0000000e+00	   0.0000000e+00	   0.0000000e+00	   0.0000000e+00	   0.0000000e+00	   0.0000000e+00	   0.0000000e+00	   0.0000000e+00	   0.0000000e+00	
   2.9408501e+00	   1.5055535e+00	   3.4759768e+00	   5.5129928e+00	   7.2801277e+00	   9.0516007e+00	             NaN	             NaN	             NaN	             NaN	             NaN	             NaN	             NaN	             NaN	             NaN	             NaN	             NaN	   0.0000000e+00	   0.0000000e+00	   0.0000000e+00	   0.0000000e+00	   0.0000000e+00	   0.0000000e+00	   0.0000000e+00	   0.0000000e+00	   0.0000000e+00	   0.0000000e+00	   0.0000000e+00	   0.0000000e+00	   0.0000000e+00	   0.0000000e+00	   0.0000000e+00	   0.0000000e+00	
   2.6837795e+00	   3.1312489e+00	   4.8427284e+00	   6.3612810e+00	   7.9909086e+00	   9.7776902e+00	   1.1187181e+01	             NaN	             NaN	             NaN	             NaN	             NaN	             NaN	             NaN	             NaN	             NaN	             NaN	             NaN	   0.0000000e+00	   0.0000000e+00	   0.0000000e+00	   0.0000000e+00	   0.0000000e+00	   0.0000000e+00	   0.0000000e+00	   0.0000000e+00	   0.0000000e+00	   0.0000000e+00	   0.0000000e+00	   0.0000000e+00	   0.0000000e+00	   0.0000000e+00	   0.0000000e+00	
   4.9780575e+00	   3.9090462e+00	   5.6079615e+00	   7.2382066e+00	   8.5452295e+00	   1.0555298e+01	   1.1909093e+01	             NaN	             NaN	             NaN	             NaN	             NaN	             NaN	             NaN	             NaN	             NaN	             NaN	             NaN	   0.0000000e+00	   0.0000000e+00	   0.0000000e+00	   0.0000000e+00	   0.0000000e+00	   0.0000000e+00	   0.0000000e+00	   0.0000000e+00	   0.0000000e+00	   0.0000000e+00	   0.0000000e+00	   0.0000000e+00	   0.0000000e+00	   0.0000000e+00	   0.0000000e+00	
   5.3013020e+00	   4.8813959e+00	   6.4110512e+00	   7.5986152e+00	   9.7917538e+00	   1.1242391e+01	   1.2641539e+01	             NaN	             NaN	             NaN	             NaN	             NaN	             NaN	             NaN	             NaN	             NaN	             NaN	             NaN	   0.0000000e+00	   0.0000000e+00	   0.0000000e+00	   0.0000000e+00	   0.0000000e+00	   0.0000000e+00	   0.0000000e+00	   0.0000000e+00	   0.0000000e+00	   0.0000000e+00	   0.0000000e+00	   0.0000000e+00	   0.0000000e+00	   0.0000000e+00	   0.0000000e+00	
   6.3071404e+00	   6.3378723e+00	   6.9647193e+00	   8.6602490e+00	   9.7741407e+00	   1.1466155e+01	   1.3258511e+01	   1.4570733e+01	             NaN	             NaN	             NaN	             NaN	             NaN	             NaN	             NaN	             NaN	             NaN	             NaN	             NaN	   0.0000000e+00	   0.0000000e+00	   0.0000000e+00	   0.0000000e+00	   0.0000000e+00	   0.0000000e+00	   0.0000000e+00	   0.0000000e+00	   0.0000000e+00	   0.0000000e+00	   0.0000000e+00	   0.0000000e+00	   0.0000000e+00	   0.0000000e+00	
   7.2152331e+00	   6.8204037e+00	   7.1163767e+00	   8.8111358e+00	   1.0671216e+01	   1.1837870e+01	   1.3454993e+01	   1.5042027e+01	             NaN	             NaN	             NaN	             NaN	             NaN	             NaN	             NaN	             NaN	             NaN	             NaN	             NaN	   0.0000000e+00	   0.0000000e+00	   0.0000000e+00	   0.0000000e+00	   0.0000000e+00	   0.0000000e+00	   0.0000000e+00	   0.0000000e+00	   0.0000000e+00	   0.0000000e+00	   0.0000000e+00	   0.0000000e+00	   0.0000000e+00	   0.0000000e+00	
   6.4283731e+00	   6.3844965e+00	   8.1848919e+00	   9.9938761e+00	   1.1061237e+01	   1.2296398e+01	   1.4353953e+01	   1.5078221e+01	   1.5293806e+01	             NaN	             NaN	             NaN	             NaN	             NaN	             NaN	             NaN	             NaN	             NaN	             NaN	             NaN	   0.0000000e+00	   0.0000000e+00	   0.0000000e+00	   0.0000000e+00	   0.0000000e+00	   0.0000000e+00	   0.0000000e+00	   0.0000000e+00	   0.0000000e+00	   0.0000000e+00	   0.0000000e+00	   0.0000000e+00	   0.0000000e+00	
   7.8088248e+00	   8.1278694e+00	   8.9430460e+00	   9.8710379e+00	   1.1571675e+01	   1.3113233e+01	   1.4484268e+01	   1.5551529e+01	   1.5956183e+01	             NaN	             NaN	             NaN	             NaN	             NaN	             NaN	             NaN	             NaN	             NaN	             NaN	             NaN	   0.0000000e+00	   0.0000000e+00	   0.0000000e+00	   0.0000000e+00	   0.0000000e+00	   0.0000000e+00	   0.0000000e+00	   0.0000000e+00	   0.0000000e+00	   0.0000000e+00	   0.0000000e+00	   0.0000000e+00	   0.0000000e+00	
   8.9662699e+00	   8.7556043e+00	   9.8467760e+00	   1.1301810e+01	   1.2205027e+01	   1.3633312e+01	   1.5076877e+01	   1.6524592e+01	   1.6523566e+01	             NaN	             NaN	             NaN	             NaN	             NaN	             NaN	             NaN	             NaN	             NaN	             NaN	             NaN	   0.0000000e+00	   0.0000000e+00	   0.0000000e+00	   0.0000000e+00	   0.0000000e+00	   0.0000000e+00	   0.0000000e+00	   0.0000000e+00	   0.0000000e+00	   0.0000000e+00	   0.0000000e+00	   0.0000000e+00	   0.0000000e+00	
   8.2044515e+00	   8.7003206e+00	   9.4594000e+00	   1.1129977e+01	   1.2606754e+01	   1.3609704e+01	   1.5563153e+01	   1.6148609e+01	   1.7286419e+01	   1.5444411e+01	             NaN	             NaN	             NaN	             NaN	             NaN	             NaN	             NaN	             NaN	             NaN	             NaN	             NaN	   0.0000000e+00	   0.0000000e+00	   0.0000000e+00	   0.0000000e+00	   0.0000000e+00	   0.0000000e+00	   0.0000000e+00	   0.0000000e+00	   0.0000000e+00	   0.0000000e+00	   0.0000000e+00	   0.0000000e+00	
   9.9291869e+00	   9.2451532e+00	   1.0788044e+01	   1.1589820e+01	   1.2773093e+01	   1.4284128e+01	   1.5816257e+01	   1.6838919e+01	   1.7649354e+01	   1.5788734e+01	             NaN	             NaN	             NaN	             NaN	             NaN	             NaN	             NaN	             NaN	             NaN	             NaN	             NaN	   0.0000000e+00	   0.0000000e+00	   0.0000000e+00	   0.0000000e+00	   0.0000000e+00	   0.0000000e+00	   0.0000000e+00	   0.0000000e+00	   0.0000000e+00	   0.0000000e+00	   0.0000000e+00	   0.0000000e+00	
   1.0061700e+01	   1.0118219e+01	   1.0549820e+01	   1.1710894e+01	   1.3603650e+01	   1.4564511e+01	   1.5929303e+01	   1.7071691e+01	   1.7606895e+01	   1.6571135e+01	   1.3859236e+01	             NaN	             NaN	             NaN	             NaN	             NaN	             NaN	             NaN	             NaN	             NaN	             NaN	             NaN	   0.0000000e+00	   0.0000000e+00	   0.0000000e+00	   0.0000000e+00	   0.0000000e+00	   0.0000000e+00	   0.0000000e+00	   0.0000000e+00	   0.0000000e+00	   0.0000000e+00	   0.0000000e+00	
   1.1096811e+01	   1.0525610e+01	   1.1493860e+01	   1.2497730e+01	   1.3661206e+01	   1.4916121e+01	   1.6066615e+01	   1.7421310e+01	   1.7990984e+01	   1.7116886e+01	   1.4296947e+01	             NaN	             NaN	             NaN	             NaN	             NaN	             NaN	             NaN	             NaN	             NaN	             NaN	             NaN	   0.0000000e+00	   0.0000000e+00	   0.0000000e+00	   0.0000000e+00	   0.0000000e+00	   0.0000000e+00	   0.0000000e+00	   0.0000000e+00	   0.0000000e+00	   0.0000000e+00	   0.0000000e+00	
   1.0869888e+01	   1.1700777e+01	   1.2228542e+01	   1.3177385e+01	   1.4269973e+01	   1.4774531e+01	   1.6528246e+01	   1.7393221e+01	   1.8268629e+01	   1.7295227e+01	   1.5160937e+01	             NaN	             NaN	             NaN	             NaN	             NaN	             NaN	             NaN	             NaN	             NaN	             NaN	             NaN	   0.0000000e+00	   0.0000000e+00	   0.0000000e+00	   0.0000000e+00	   0.0000000e+00	   0.0000000e+00	   0.0000000e+00	   0.0000000e+00	   0.0000000e+00	   0.0000000e+00	   0.0000000e+00	
   1.2251424e+01	   1.1938248e+01	   1.2260155e+01	   1.3045952e+01	   1.4643737e+01	   1.5548681e+01	   1.6710436e+01	   1.8012154e+01	   1.8358458e+01	   1.7551118e+01	   1.5785518e+01	   1.2049633e+01	             NaN	             NaN	             NaN	             NaN	             NaN	             NaN	             NaN	             NaN	             NaN	             NaN	             NaN	   0.0000000e+00	   0.0000000e+00	   0.0000000e+00	   0.0000000e+00	   0.0000000e+00	   0.0000000e+00	   0.0000000e+00	   0.0000000e+00	   0.0000000e+00	   0.0000000e+00	
   1.3257827e+01	   1.3112145e+01	   1.2605778e+01	   1.4158132e+01	   1.4668600e+01	   1.5847035e+01	   1.7129793e+01	   1.8167776e+01	   1.8608286e+01	   1.7961093e+01	   1.6084805e+01	   1.3045530e+01	             NaN	             NaN	             NaN	             NaN	             NaN	             NaN	             NaN	             NaN	             NaN	             NaN	             NaN	   0.0000000e+00	   0.0000000e+00	   0.0000000e+00	   0.0000000e+00	   0.0000000e+00	   0.0000000e+00	   0.0000000e+00	   0.0000000e+00	   0.0000000e+00	   0.0000000e+00	
   1.3945957e+01	   1.3987299e+01	   1.3741847e+01	   1.4798113e+01	   1.5030406e+01	   1.6220039e+01	   1.7121483e+01	   1.8412177e+01	   1.9023188e+01	   1.8432536e+01	   1.6550715e+01	   1.3659515e+01	   1.0333490e+01	             NaN	             NaN	             NaN	             NaN	             NaN	             NaN	             NaN	             NaN	             NaN	             NaN	             NaN	   0.0000000e+00	   0.0000000e+00	   0.0000000e+00	   0.0000000e+00	   0.0000000e+00	   0.0000000e+00	   0.0000000e+00	   0.0000000e+00	   0.0000000e+00	
   1.4352339e+01	   1.4626333e+01	   1.4655054e+01	   1.4702740e+01	   1.5522053e+01	   1.6236422e+01	   1.7628910e+01	   1.8581810e+01	   1.9213672e+01	   1.8775431e+01	   1.7069512e+01	   1.4556468e+01	   1.1533056e+01	             NaN	             NaN	             NaN	             NaN	             NaN	             NaN	             NaN	             NaN	             NaN	             NaN	             NaN	   0.0000000e+00	   0.0000000e+00	   0.0000000e+00	   0.0000000e+00	   0.0000000e+00	   0.0000000e+00	   0.0000000e+00	   0.0000000e+00	   0.0000000e+00	
   1.5030456e+01	   1.5221530e+01	   1.5144734e+01	   1.5656551e+01	   1.5549837e+01	   1.6755979e+01	   1.7758000e+01	   1.8640592e+01	   1.9210814e+01	   1.8955869e+01	   1.7824516e+01	   1.5113826e+01	   1.2658613e+01	             NaN	             NaN	             NaN	             NaN	             NaN	             NaN	             NaN	             NaN	             NaN	             NaN	             NaN	   0.0000000e+00	   0.0000000e+00	   0.0000000e+00	   0.0000000e+00	   0.0000000e+00	   0.0000000e+00	   0.0000000e+00	   0.0000000e+00	   0.0000000e+00	
   1.5754657e+01	   1.6170769e+01	   1.6058429e+01	   1.6272881e+01	   1.6611537e+01	   1.6953460e+01	   1.7973290e+01	   1.9084004e+01	   1.9172805e+01	   1.9096954e+01	   1.8116636e+01	   1.5738930e+01	   1.3783772e+01	   1.1064715e+01	             NaN	             NaN	             NaN	             NaN	             NaN	             NaN	             NaN	             NaN	             NaN	             NaN	             NaN	   0.0000000e+00	   0.0000000e+00	   0.0000000e+00	   0.0000000e+00	   0.0000000e+00	   0.0000000e+00	   0.0000000e+00	   0.0000000e+00	
   1.7156046e+01	   1.6199797e+01	   1.6738424e+01	   1.6521794e+01	   1.6608768e+01	   1.7288086e+01	   1.7898174e+01	   1.8918405e+01	   1.9465859e+01	   1.9307494e+01	   1.8611951e+01	   1.6518964e+01	   1.4501052e+01	   1.2522624e+01	             NaN	             NaN	             NaN	             NaN	             NaN	             NaN	             NaN	             NaN	             NaN	             NaN	             NaN	   0.0000000e+00	   0.0000000e+00	   0.0000000e+00	   0.0000000e+00	   0.0000000e+00	   0.0000000e+00	   0.0000000e+00	   0.0000000e+00	
   1.6250030e+01	   1.7556012e+01	   1.7396801e+01	   1.6815503e+01	   1.7100692e+01	   1.7154692e+01	   1.8432589e+01	   1.8900264e+01	   1.9644838e+01	   1.9592874e+01	   1.8977249e+01	   1.6934144e+01	   1.5117055e+01	   1.3661114e+01	   1.1218173e+01	             NaN	             NaN	             NaN	             NaN	             NaN	             NaN	             NaN	             NaN	             NaN	             NaN	             NaN	   0.0000000e+00	   0.0000000e+00	   0.0000000e+00	   0.0000000e+00	   0.0000000e+00	   0.0000000e+00	   0.0000000e+00	
   1.8689564e+01	   1.8612606e+01	   1.9026926e+01	   1.7749150e+01	   1.7593632e+01	   1.8324159e+01	   1.9158158e+01	   1.9756030e+01	   2.0322224e+01	   2.0198710e+01	   1.9721150e+01	   1.7748350e+01	   1.6418238e+01	   1.4870528e+01	   1.2799170e+01	             NaN	             NaN	             NaN	             NaN	             NaN	             NaN	             NaN	             NaN	             NaN	             NaN	             NaN	   0.0000000e+00	   0.0000000e+00	   0.0000000e+00	   0.0000000e+00	   0.0000000e+00	   0.0000000e+00	   0.0000000e+00	
   1.8780379e+01	   2.0265791e+01	   2.0147348e+01	   1.9563663e+01	   1.9190515e+01	   1.9159899e+01	   1.9731185e+01	   2.0515673e+01	   2.0616938e+01	   2.1142337e+01	   2.0384893e+01	   1.8982100e+01	   1.7616657e+01	   1.6239774e+01	   1.4738419e+01	             NaN	             NaN	             NaN	             NaN	             NaN	             NaN	             NaN	             NaN	             NaN	             NaN	             NaN	   0.0000000e+00	   0.0000000e+00	   0.0000000e+00	   0.0000000e+00	   0.0000000e+00	   0.0000000e+00	   0.0000000e+00	
   1.8608006e+01	   2.0293160e+01	   2.0844698e+01	   2.0386432e+01	   2.0211026e+01	   2.0057711e+01	   2.0380726e+01	   2.1057894e+01	   2.1630592e+01	   2.1765209e+01	   2.1105491e+01	   2.0035879e+01	   1.8935628e+01	   1.7661906e+01	   1.6458661e+01	   1.3951397e+01	             NaN	             NaN	             NaN	             NaN	             NaN	             NaN	             NaN	             NaN	             NaN	             NaN	             NaN	   0.0000000e+00	   0.0000000e+00	   0.0000000e+00	   0.0000000e+00	   0.0000000e+00	   0.0000000e+00	
   1.9583859e+01	   2.1774637e+01	   2.2509498e+01	   2.2251097e+01	   2.1007487e+01	   2.0903292e+01	   2.1275033e+01	   2.1531107e+01	   2.1994194e+01	   2.2282888e+01	   2.2011801e+01	   2.0945487e+01	   1.9765658e+01	   1.9064196e+01	   1.7434316e+01	   1.5654163e+01	             NaN	             NaN	             NaN	             NaN	             NaN	             NaN	             NaN	             NaN	             NaN	             NaN	             NaN	   0.0000000e+00	   0.0000000e+00	   0.0000000e+00	   0.0000000e+00	   0.0000000e+00	   0.0000000e+00	
   2.0124822e+01	   2.2228311e+01	   2.3723009e+01	   2.3408753e+01	   2.2334469e+01	   2.1405614e+01	   2.1255740e+01	   2.2137587e+01	   2.2655904e+01	   2.2932173e+01	   2.2580318e+01	   2.1945683e+01	   2.1016922e+01	   2.0025310e+01	   1.9077022e+01	   1.7272933e+01	   1.4205625e+01	             NaN	             NaN	             NaN	             NaN	             NaN	             NaN	             NaN	             NaN	             NaN	             NaN	             NaN	   0.0000000e+00	   0.0000000e+00	   0.0000000e+00	   0.0000000e+00	   0.0000000e+00	
   2.1656432e+01	   2.2647393e+01	   2.4797309e+01	   2.4598348e+01	   2.3305206e+01	   2.2487036e+01	   2.2429017e+01	   2.2576411e+01	   2.2867062e+01	   2.3133036e+01	   2.3291868e+01	   2.2353390e+01	   2.1630614e+01	   2.1131211e+01	   2.0223118e+01	   1.8362664e+01	   1.5698149e+01	             NaN	             NaN	             NaN	             NaN	             NaN	             NaN	             NaN	             NaN	             NaN	             NaN	             NaN	   0.0000000e+00	   0.0000000e+00	   0.0000000e+00	   0.0000000e+00	   0.0000000e+00	
   2.2341036e+01	   2.3405251e+01	   2.5181543e+01	   2.5876670e+01	   2.4113849e+01	   2.3391376e+01	   2.3097933e+01	   2.3348102e+01	   2.3741683e+01	   2.3760662e+01	   2.3711141e+01	   2.3374856e+01	   2.2674051e+01	   2.2299464e+01	   2.1221836e+01	   1.9797340e+01	   1.7236299e+01	             NaN	             NaN	             NaN	             NaN	             NaN	             NaN	             NaN	             NaN	             NaN	             NaN	             NaN	   0.0000000e+00	   0.0000000e+00	   0.0000000e+00	   0.0000000e+00	   0.0000000e+00	
   2.4214989e+01	   2.4744026e+01	   2.6516899e+01	   2.7054037e+01	   2.5023838e+01	   2.3913127e+01	   2.4153893e+01	   2.4041876e+01	   2.4290200e+01	   2.4735271e+01	   2.4668998e+01	   2.4142968e+01	   2.3658373e+01	   2.3089742e+01	   2.2541763e+01	   2.1164567e+01	   1.8997381e+01	   1.5855352e+01	             NaN	             NaN	             NaN	             NaN	             NaN	             NaN	             NaN	             NaN	             NaN	             NaN	             NaN	   0.0000000e+00	   0.0000000e+00	   0.0000000e+00	   0.0000000e+00	
   2.3360765e+01	   2.6138455e+01	   2.7470395e+01	   2.7587499e+01	   2.6183368e+01	   2.5025795e+01	   2.4736805e+01	   2.4737458e+01	   2.4976830e+01	   2.4918837e+01	   2.5441907e+01	   2.4754429e+01	   2.4756681e+01	   2.4648792e+01	   2.3553461e+01	   2.2341252e+01	   2.0336647e+01	   1.7365488e+01	             NaN	             NaN	             NaN	             NaN	             NaN	             NaN	             NaN	             NaN	             NaN	             NaN	             NaN	   0.0000000e+00	   0.0000000e+00	   0.0000000e+00	   0.0000000e+00	
   2.5144016e+01	   2.6444007e+01	   2.8615925e+01	   2.8726590e+01	   2.7365232e+01	   2.6043842e+01	   2.5172490e+01	   2.4989542e+01	   2.5220080e+01	   2.5507164e+01	   2.5916013e+01	   2.5624180e+01	   2.5476502e+01	   2.5516869e+01	   2.4804960e+01	   2.3406185e+01	   2.1520384e+01	   1.8840367e+01	   1.5797295e+01	             NaN	             NaN	             NaN	             NaN	             NaN	             NaN	             NaN	             NaN	             NaN	             NaN	             NaN	   0.0000000e+00	   0.0000000e+00	   0.0000000e+00	
   2.4839121e+01	   2.8188664e+01	   2.9118527e+01	   3.0727124e+01	   2.9107490e+01	   2.7182803e+01	   2.6331241e+01	   2.5973930e+01	   2.6226080e+01	   2.6542046e+01	   2.6648232e+01	   2.6396419e+01	   2.6596055e+01	   2.6761420e+01	   2.5875333e+01	   2.4534511e+01	   2.2850932e+01	   2.0400250e+01	   1.6980185e+01	             NaN	             NaN	             NaN	             NaN	             NaN	             NaN	             NaN	             NaN	             NaN	             NaN	             NaN	   0.0000000e+00	   0.0000000e+00	   0.0000000e+00	
   2.7618396e+01	   2.9609605e+01	   3.0904139e+01	   3.1699853e+01	   2.9992661e+01	   2.8400482e+01	   2.7319869e+01	   2.7040965e+01	   2.6948043e+01	   2.7127666e+01	   2.7443256e+01	   2.7374019e+01	   2.7845372e+01	   2.7768857e+01	   2.7268612e+01	   2.5912134e+01	   2.4139697e+01	   2.1725082e+01	   1.8699494e+01	             NaN	             NaN	             NaN	             NaN	             NaN	             NaN	             NaN	             NaN	             NaN	             NaN	             NaN	   0.0000000e+00	   0.0000000e+00	   0.0000000e+00	
   2.6460882e+01	   3.0389488e+01	   3.2088485e+01	   3.2984125e+01	   3.1461294e+01	   2.9822543e+01	   2.8346398e+01	   2.7746607e+01	   2.7904416e+01	   2.7783651e+01	   2.8244572e+01	   2.8285605e+01	   2.8712997e+01	   2.9145739e+01	   2.8181606e+01	   2.7029134e+01	   2.5334156e+01	   2.3259563e+01	   1.9985389e+01	   1.6883049e+01	             NaN	             NaN	             NaN	             NaN	             NaN	             NaN	             NaN	             NaN	             NaN	             NaN	             NaN	   0.0000000e+00	   0.0000000e+00	
   2.6672414e+01	   2.9871898e+01	   3.4557647e+01	   3.4839481e+01	   3.2540346e+01	   3.0542185e+01	   2.9161685e+01	   2.8927045e+01	   2.8294462e+01	   2.8487276e+01	   2.9015570e+01	   2.9505875e+01	   2.9828049e+01	   3.0142137e+01	   2.9292443e+01	   2.8262294e+01	   2.6529267e+01	   2.4176842e+01	   2.1411322e+01	   1.7957758e+01	             NaN	             NaN	             NaN	             NaN	             NaN	             NaN	             NaN	             NaN	             NaN	             NaN	             NaN	   0.0000000e+00	   0.0000000e+00	
   2.8349881e+01	   3.2951528e+01	   3.5479202e+01	   3.5762516e+01	   3.4300754e+01	   3.1674513e+01	   3.0419960e+01	   2.9481644e+01	   2.9123463e+01	   2.9554905e+01	   2.9744068e+01	   3.0386005e+01	   3.0740509e+01	   3.1293878e+01	   3.0658136e+01	   2.9514220e+01	   2.7720858e+01	   2.5494845e+01	   2.2928193e+01	   1.9359071e+01	   1.6286924e+01	             NaN	             NaN	             NaN	             NaN	             NaN	             NaN	             NaN	             NaN	             NaN	             NaN	             NaN	   0.0000000e+00	
   2.9704941e+01	   3.6267380e+01	   3.6616634e+01	   3.7883456e+01	   3.5331290e+01	   3.3399865e+01	   3.1724846e+01	   3.0532416e+01	   3.0140133e+01	   3.0673841e+01	   3.0692834e+01	   3.1240464e+01	   3.1792825e+01	   3.2455046e+01	   3.1840350e+01	   3.0643514e+01	   2.8994548e+01	   2.6814251e+01	   2.4230962e+01	   2.1005915e+01	   1.7259577e+01	             NaN	             NaN	             NaN	             NaN	             NaN	             NaN	             NaN	             NaN	             NaN	             NaN	             NaN	   0.0000000e+00	
   3.2519757e+01	   3.6656957e+01	   3.8809335e+01	   3.9010679e+01	   3.7606189e+01	   3.4568711e+01	   3.2683139e+01	   3.1706134e+01	   3.1014523e+01	   3.1320216e+01	   3.1620067e+01	   3.2327173e+01	   3.3178015e+01	   3.3421634e+01	   3.3203408e+01	   3.1824616e+01	   3.0325509e+01	   2.8186727e+01	   2.5548230e+01	   2.2658437e+01	   1.8607199e+01	             NaN	             NaN	             NaN	             NaN	             NaN	             NaN	             NaN	             NaN	             NaN	             NaN	             NaN	   0.0000000e+00	
   3.5211078e+01	   3.7150515e+01	   3.9462613e+01	   4.1159340e+01	   3.8493166e+01	   3.5821009e+01	   3.3691460e+01	   3.2686227e+01	   3.1969348e+01	   3.2308090e+01	   3.2658554e+01	   3.3377928e+01	   3.3928788e+01	   3.4623155e+01	   3.4377416e+01	   3.3077721e+01	   3.1098806e+01	   2.9156876e+01	   2.6697124e+01	   2.3904074e+01	   2.0043591e+01	   1.6727520e+01	             NaN	             NaN	             NaN	             NaN	             NaN	             NaN	             NaN	             NaN	             NaN	             NaN	             NaN	
   3.4952327e+01	   3.8675858e+01	   4.1476341e+01	   4.2171102e+01	   4.0774587e+01	   3.7561274e+01	   3.4897959e+01	   3.3454226e+01	   3.2970469e+01	   3.3099203e+01	   3.3599681e+01	   3.3794373e+01	   3.5085319e+01	   3.5804496e+01	   3.5236502e+01	   3.4380598e+01	   3.2480133e+01	   3.0216646e+01	   2.7683828e+01	   2.5122402e+01	   2.1592338e+01	   1.7884823e+01	             NaN	             NaN	             NaN	             NaN	             NaN	             NaN	             NaN	             NaN	             NaN	             NaN	             NaN	
   3.7812467e+01	   4.0009170e+01	   4.3294656e+01	   4.4189788e+01	   4.2097126e+01	   3.8419235e+01	   3.6607621e+01	   3.4287249e+01	   3.3893821e+01	   3.3850981e+01	   3.4454311e+01	   3.4883815e+01	   3.5806874e+01	   3.6993162e+01	   3.6374935e+01	   3.5339095e+01	   3.3779542e+01	   3.1389799e+01	   2.8965193e+01	   2.6100052e+01	   2.2848384e+01	   1.9190900e+01	   1.6261055e+01	             NaN	             NaN	             NaN	             NaN	             NaN	             NaN	             NaN	             NaN	             NaN	             NaN	
   3.8175050e+01	   4.3376132e+01	   4.5258574e+01	   4.5868276e+01	   4.3494196e+01	   4.0484654e+01	   3.7299886e+01	   3.5832847e+01	   3.5175813e+01	   3.4805970e+01	   3.5509208e+01	   3.6235787e+01	   3.7213498e+01	   3.7631718e+01	   3.7880417e+01	   3.6390645e+01	   3.4643092e+01	   3.2620705e+01	   3.0196059e+01	   2.7517213e+01	   2.4471539e+01	   2.0391665e+01	   1.7419111e+01	             NaN	             NaN	             NaN	             NaN	             NaN	             NaN	             NaN	             NaN	             NaN	             NaN	
   3.9913922e+01	   4.4700136e+01	   4.6359351e+01	   4.7140624e+01	   4.5866707e+01	   4.1914832e+01	   3.8840938e+01	   3.7049393e+01	   3.5823301e+01	   3.6027165e+01	   3.6534590e+01	   3.7074855e+01	   3.7815286e+01	   3.8860364e+01	   3.8827622e+01	   3.7711963e+01	   3.5847357e+01	   3.3862598e+01	   3.1290307e+01	   2.8684493e+01	   2.5788600e+01	   2.1933613e+01	   1.8405073e+01	             NaN	             NaN	             NaN	             NaN	             NaN	             NaN	             NaN	             NaN	             NaN	             NaN	
   4.3912967e+01	   4.5245057e+01	   4.9079170e+01	   4.8992990e+01	   4.6705290e+01	   4.3222971e+01	   3.9994559e+01	   3.8017435e+01	   3.6973887e+01	   3.6728799e+01	   3.7155325e+01	   3.8131141e+01	   3.9016892e+01	   3.9858494e+01	   4.0014721e+01	   3.8866651e+01	   3.7090171e+01	   3.4904949e+01	   3.2655101e+01	   2.9986960e+01	   2.7138478e+01	   2.3469362e+01	   1.9827176e+01	   1.6781501e+01	             NaN	             NaN	             NaN	             NaN	             NaN	             NaN	             NaN	             NaN	             NaN	
   4.3520620e+01	   4.7584194e+01	   5.0884763e+01	   5.0523410e+01	   4.9021412e+01	   4.4949388e+01	   4.1422671e+01	   3.9310451e+01	   3.7683565e+01	   3.7621523e+01	   3.8070376e+01	   3.9016817e+01	   3.9833237e+01	   4.0931181e+01	   4.0898672e+01	   3.9744482e+01	   3.7922481e+01	   3.6027577e+01	   3.3797765e+01	   3.1231759e+01	   2.8264424e+01	   2.4850029e+01	   2.0888135e+01	   1.7879450e+01	             NaN	             NaN	             NaN	             NaN	             NaN	             NaN	             NaN	             NaN	             NaN	
   4.5526461e+01	   4.9954737e+01	   5.2332079e+01	   5.3658517e+01	   5.0462892e+01	   4.5961770e+01	   4.2525989e+01	   4.0078280e+01	   3.9043928e+01	   3.8410882e+01	   3.8919864e+01	   3.9562061e+01	   4.0858479e+01	   4.1831097e+01	   4.1971386e+01	   4.0900737e+01	   3.9118985e+01	   3.6935229e+01	   3.4774123e+01	   3.2271937e+01	   2.9418079e+01	   2.6031346e+01	   2.2250844e+01	   1.8874580e+01	   1.6168614e+01	             NaN	             NaN	             NaN	             NaN	             NaN	             NaN	             NaN	             NaN	
   4.8212413e+01	   5.2751084e+01	   5.4726839e+01	   5.4303871e+01	   5.2313680e+01	   4.7768429e+01	   4.3874770e+01	   4.1754164e+01	   3.9594289e+01	   3.9089734e+01	   3.9675437e+01	   4.0445351e+01	   4.1531955e+01	   4.2510948e+01	   4.2587436e+01	   4.1601889e+01	   3.9853584e+01	   3.7716892e+01	   3.5767603e+01	   3.3343507e+01	   3.0547893e+01	   2.7311934e+01	   2.3564158e+01	   2.0071272e+01	   1.7248490e+01	             NaN	             NaN	             NaN	             NaN	             NaN	             NaN	             NaN	             NaN	
   4.8533694e+01	   5.4218904e+01	   5.6341739e+01	   5.6179100e+01	   5.2993604e+01	   4.8389807e+01	   4.4658568e+01	   4.1884009e+01	   4.0194763e+01	   3.9828077e+01	   4.0352508e+01	   4.1287243e+01	   4.2121769e+01	   4.3529731e+01	   4.3546017e+01	   4.2586856e+01	   4.0939755e+01	   3.8868057e+01	   3.6596468e+01	   3.4386213e+01	   3.1749231e+01	   2.8386140e+01	   2.4817839e+01	   2.1268929e+01	   1.8360982e+01	             NaN	             NaN	             NaN	             NaN	             NaN	             NaN	             NaN	             NaN	
   5.2456971e+01	   5.5657368e+01	   5.7687237e+01	   5.7958796e+01	   5.4441839e+01	   5.0316930e+01	   4.6062911e+01	   4.3146810e+01	   4.1119347e+01	   4.0689677e+01	   4.0556556e+01	   4.1799556e+01	   4.3140541e+01	   4.3981540e+01	   4.4133935e+01	   4.3129415e+01	   4.1568339e+01	   3.9744044e+01	   3.7642623e+01	   3.5054533e+01	   3.2553023e+01	   2.9529227e+01	   2.5982775e+01	   2.2452319e+01	   1.9176706e+01	   1.6345597e+01	             NaN	             NaN	             NaN	             NaN	             NaN	             NaN	             NaN	
   5.4582113e+01	   5.8667552e+01	   6.2143905e+01	   5.9709343e+01	   5.6612006e+01	   5.1028242e+01	   4.7624937e+01	   4.3789554e+01	   4.2116298e+01	   4.1256543e+01	   4.1910924e+01	   4.2313989e+01	   4.3332692e+01	   4.4647266e+01	   4.4728464e+01	   4.3978468e+01	   4.2364202e+01	   4.0544786e+01	   3.8358698e+01	   3.6157548e+01	   3.3588237e+01	   3.0596052e+01	   2.7175211e+01	   2.3735253e+01	   2.0429794e+01	   1.7323137e+01	             NaN	             NaN	             NaN	             NaN	             NaN	             NaN	             NaN	
   5.5576618e+01	   6.0323701e+01	   6.2274031e+01	   6.2203078e+01	   5.7685622e+01	   5.2657732e+01	   4.8790995e+01	   4.4818609e+01	   4.2465928e+01	   4.2159566e+01	   4.2253291e+01	   4.2738307e+01	   4.4077719e+01	   4.5211045e+01	   4.5435076e+01	   4.4741715e+01	   4.3073770e+01	   4.1301288e+01	   3.9280786e+01	   3.7054962e+01	   3.4414024e+01	   3.1476004e+01	   2.8392498e+01	   2.5054902e+01	   2.1309371e+01	   1.8316627e+01	   1.5093610e+01	             NaN	             NaN	             NaN	             NaN	             NaN	             NaN	
   5.6647615e+01	   6.1276667e+01	   6.4099574e+01	   6.3642476e+01	   5.9588550e+01	   5.4119435e+01	   4.9949087e+01	   4.6012697e+01	   4.3590416e+01	   4.2626204e+01	   4.3102951e+01	   4.3393836e+01	   4.4493323e+01	   4.5943831e+01	   4.6067795e+01	   4.5245848e+01	   4.3787591e+01	   4.1976914e+01	   4.0083461e+01	   3.7848365e+01	   3.5409959e+01	   3.2734766e+01	   2.9340258e+01	   2.6264972e+01	   2.2569874e+01	   1.9328096e+01	   1.6021160e+01	             NaN	             NaN	             NaN	             NaN	             NaN	             NaN	
   5.7490706e+01	   6.3237337e+01	   6.5367871e+01	   6.4347325e+01	   6.1619363e+01	   5.5400139e+01	   5.0439221e+01	   4.7086855e+01	   4.4202944e+01	   4.3494960e+01	   4.2976657e+01	   4.3919783e+01	   4.4797409e+01	   4.6309365e+01	   4.6643638e+01	   4.5487328e+01	   4.4364170e+01	   4.2428993e+01	   4.0639534e+01	   3.8879624e+01	   3.6500249e+01	   3.3450297e+01	   3.0305810e+01	   2.7279040e+01	   2.3769778e+01	   2.0172954e+01	   1.7037661e+01	             NaN	             NaN	             NaN	             NaN	             NaN	             NaN	
   6.1012551e+01	   6.4502101e+01	   6.6439604e+01	   6.5923084e+01	   6.1814560e+01	   5.7029807e+01	   5.2182641e+01	   4.7847770e+01	   4.5135828e+01	   4.3828180e+01	   4.3948808e+01	   4.4395439e+01	   4.5230499e+01	   4.6456239e+01	   4.6638362e+01	   4.5986971e+01	   4.4840994e+01	   4.3185903e+01	   4.1471443e+01	   3.9473059e+01	   3.6992696e+01	   3.4296561e+01	   3.1219200e+01	   2.8165711e+01	   2.5015065e+01	   2.1438990e+01	   1.7854820e+01	   1.4848275e+01	             NaN	             NaN	             NaN	             NaN	             NaN	
   6.0178749e+01	   6.5212843e+01	   6.8091661e+01	   6.6826173e+01	   6.3538163e+01	   5.7739050e+01	   5.2932842e+01	   4.8655773e+01	   4.5405492e+01	   4.4366269e+01	   4.3941071e+01	   4.4520361e+01	   4.5750151e+01	   4.6850817e+01	   4.6977126e+01	   4.6517658e+01	   4.5317756e+01	   4.3495956e+01	   4.1925369e+01	   4.0035677e+01	   3.7612296e+01	   3.5056057e+01	   3.1708933e+01	   2.8867291e+01	   2.5695872e+01	   2.2101719e+01	   1.8660451e+01	   1.5576989e+01	             NaN	             NaN	             NaN	             NaN	             NaN	
   6.0807160e+01	   6.7044767e+01	   6.9647939e+01	   6.7839231e+01	   6.4907062e+01	   5.8519360e+01	   5.3527510e+01	   4.9554202e+01	   4.5928774e+01	   4.4749440e+01	   4.4306041e+01	   4.4448469e+01	   4.5738765e+01	   4.7156517e+01	   4.7205185e+01	   4.6764423e+01	   4.5398474e+01	   4.3909227e+01	   4.2094636e+01	   4.0474144e+01	   3.8362184e+01	   3.5501383e+01	   3.2462705e+01	   2.9663231e+01	   2.6608732e+01	   2.3213995e+01	   1.9367798e+01	   1.6385205e+01	   1.3238711e+01	             NaN	             NaN	             NaN	             NaN	
   6.2996291e+01	   6.8263623e+01	   6.9945214e+01	   6.9470778e+01	   6.5264418e+01	   5.9704750e+01	   5.4479877e+01	   5.0130937e+01	   4.6652837e+01	   4.5026488e+01	   4.4690714e+01	   4.4976737e+01	   4.6003602e+01	   4.7113663e+01	   4.7358924e+01	   4.6579674e+01	   4.5700679e+01	   4.4363765e+01	   4.2729778e+01	   4.1152598e+01	   3.8914632e+01	   3.6485050e+01	   3.3362654e+01	   3.0457192e+01	   2.7562305e+01	   2.4246326e+01	   2.0299799e+01	   1.7112140e+01	   1.4077757e+01	             NaN	             NaN	             NaN	             NaN	
   6.3757364e+01	   6.9674701e+01	   7.1276472e+01	   7.0942531e+01	   6.6102309e+01	   6.1823982e+01	   5.5384656e+01	   5.0307402e+01	   4.7191576e+01	   4.5613721e+01	   4.5106507e+01	   4.5091802e+01	   4.6088579e+01	   4.7291303e+01	   4.7701475e+01	   4.7119918e+01	   4.5942118e+01	   4.4523389e+01	   4.3053391e+01	   4.1515416e+01	   3.9437655e+01	   3.6907953e+01	   3.3990780e+01	   3.1231605e+01	   2.8269640e+01	   2.5162756e+01	   2.1224334e+01	   1.7888345e+01	   1.4813468e+01	             NaN	             NaN	             NaN	             NaN	
   6.3849730e+01	   7.1326745e+01	   7.2855373e+01	   7.0747371e+01	   6.6996132e+01	   6.1598899e+01	   5.6381365e+01	   5.1407025e+01	   4.8118700e+01	   4.5590159e+01	   4.5323205e+01	   4.5657346e+01	   4.6161396e+01	   4.7365788e+01	   4.7754911e+01	   4.7032572e+01	   4.6217134e+01	   4.4932638e+01	   4.3511282e+01	   4.1887000e+01	   3.9937861e+01	   3.7360843e+01	   3.4526612e+01	   3.1613517e+01	   2.8867852e+01	   2.5747888e+01	   2.2255743e+01	   1.8541147e+01	   1.5596976e+01	   1.2484161e+01	             NaN	             NaN	             NaN	
   6.5046143e+01	   7.0319339e+01	   7.4073120e+01	   7.2870045e+01	   6.8533814e+01	   6.2604405e+01	   5.6875031e+01	   5.2280028e+01	   4.7945386e+01	   4.6296474e+01	   4.5552095e+01	   4.5226673e+01	   4.6260843e+01	   4.7382401e+01	   4.7749392e+01	   4.7157362e+01	   4.6375432e+01	   4.5071797e+01	   4.3636984e+01	   4.2130412e+01	   4.0203352e+01	   3.7860667e+01	   3.4892104e+01	   3.2264987e+01	   2.9566267e+01	   2.6532088e+01	   2.2908721e+01	   1.9353136e+01	   1.6305961e+01	   1.3253018e+01	             NaN	             NaN	             NaN	
   6.7028092e+01	   7.2322619e+01	   7.4426888e+01	   7.2952660e+01	   6.9236343e+01	   6.3665501e+01	   5.7666304e+01	   5.2364666e+01	   4.8594712e+01	   4.6336606e+01	   4.5824057e+01	   4.5589897e+01	   4.5865548e+01	   4.7216275e+01	   4.7449194e+01	   4.7215754e+01	   4.6030890e+01	   4.5046919e+01	   4.3603217e+01	   4.2291134e+01	   4.0468253e+01	   3.8088131e+01	   3.5610178e+01	   3.2798433e+01	   3.0155253e+01	   2.7053805e+01	   2.3620962e+01	   2.0234388e+01	   1.6979290e+01	   1.4076048e+01	   1.1235477e+01	             NaN	             NaN	
   6.5377611e+01	   7.2574767e+01	   7.5352276e+01	   7.2810426e+01	   6.9316276e+01	   6.3706845e+01	   5.8533518e+01	   5.3161065e+01	   4.8840551e+01	   4.6527012e+01	   4.5399989e+01	   4.5372588e+01	   4.5840054e+01	   4.6996782e+01	   4.7523013e+01	   4.6817320e+01	   4.6268893e+01	   4.5145433e+01	   4.3786917e+01	   4.2455113e+01	   4.0860319e+01	   3.8679907e+01	   3.5709020e+01	   3.3234097e+01	   3.0910911e+01	   2.7855677e+01	   2.4408960e+01	   2.0980915e+01	   1.7553919e+01	   1.4568845e+01	   1.1854682e+01	             NaN	             NaN	
   6.7500618e+01	   7.2655626e+01	   7.4095016e+01	   7.3688530e+01	   7.0494284e+01	   6.4585846e+01	   5.8656350e+01	   5.3466827e+01	   4.8949761e+01	   4.6911327e+01	   4.5585407e+01	   4.4976595e+01	   4.5667439e+01	   4.7052449e+01	   4.7408201e+01	   4.6860581e+01	   4.6053237e+01	   4.4802750e+01	   4.3897979e+01	   4.2682385e+01	   4.0979931e+01	   3.8643962e+01	   3.6172967e+01	   3.3720729e+01	   3.1166612e+01	   2.8513864e+01	   2.5213579e+01	   2.1620868e+01	   1.8291184e+01	   1.5322516e+01	   1.2587001e+01	             NaN	             NaN	
   6.6754264e+01	   7.1942159e+01	   7.5342050e+01	   7.3353153e+01	   7.0527406e+01	   6.5049019e+01	   5.9065711e+01	   5.3881180e+01	   4.9273488e+01	   4.7100400e+01	   4.5472717e+01	   4.5073430e+01	   4.5700459e+01	   4.6765286e+01	   4.7183522e+01	   4.6599017e+01	   4.5820307e+01	   4.4846555e+01	   4.4086336e+01	   4.2575708e+01	   4.1005517e+01	   3.8906259e+01	   3.6525162e+01	   3.4045523e+01	   3.1672030e+01	   2.8961594e+01	   2.5764173e+01	   2.2420533e+01	   1.8929583e+01	   1.5885414e+01	   1.3252378e+01	   1.0738422e+01	             NaN	
   6.7414228e+01	   7.3932450e+01	   7.5357226e+01	   7.4775145e+01	   7.1212033e+01	   6.5814143e+01	   5.9603314e+01	   5.3838039e+01	   4.9662223e+01	   4.7186191e+01	   4.5254335e+01	   4.4999213e+01	   4.5296252e+01	   4.6125966e+01	   4.6815535e+01	   4.6304982e+01	   4.5716489e+01	   4.4804246e+01	   4.3915468e+01	   4.2634737e+01	   4.1249974e+01	   3.8897544e+01	   3.6580754e+01	   3.4291184e+01	   3.2211851e+01	   2.9446657e+01	   2.6263668e+01	   2.3017445e+01	   1.9693287e+01	   1.6493614e+01	   1.3770918e+01	   1.1400792e+01	             NaN	
   6.6879526e+01	   7.2483990e+01	   7.6549589e+01	   7.4688253e+01	   7.0836339e+01	   6.6324093e+01	   5.9655468e+01	   5.4693593e+01	   4.9737801e+01	   4.7523046e+01	   4.5641642e+01	   4.5111263e+01	   4.4947764e+01	   4.6191664e+01	   4.6409632e+01	   4.5992310e+01	   4.5340517e+01	   4.4287491e+01	   4.3692616e+01	   4.2546634e+01	   4.1113998e+01	   3.9105561e+01	   3.6791818e+01	   3.4813388e+01	   3.2499953e+01	   2.9902031e+01	   2.6904607e+01	   2.3575599e+01	   2.0486914e+01	   1.7216999e+01	   1.4388276e+01	   1.1969266e+01	   9.7857395e+00	
   6.5463715e+01	   7.2929289e+01	   7.5734073e+01	   7.4325888e+01	   7.1173376e+01	   6.5443283e+01	   6.0662391e+01	   5.5225043e+01	   4.9911350e+01	   4.7153877e+01	   4.5641132e+01	   4.4727841e+01	   4.4994810e+01	   4.5731508e+01	   4.6414938e+01	   4.5820435e+01	   4.5372978e+01	   4.4470263e+01	   4.3677221e+01	   4.2556540e+01	   4.1031422e+01	   3.9241976e+01	   3.7047437e+01	   3.4820148e+01	   3.2690714e+01	   3.0225600e+01	   2.7207568e+01	   2.4235739e+01	   2.1104593e+01	   1.7740830e+01	   1.5006568e+01	   1.2548633e+01	   1.0397295e+01	
   6.7791715e+01	   7.3163812e+01	   7.4963479e+01	   7.4221383e+01	   7.1781942e+01	   6.6611998e+01	   6.1183235e+01	   5.5363296e+01	   5.0011245e+01	   4.7046068e+01	   4.5388745e+01	   4.4259311e+01	   4.4769517e+01	   4.5368644e+01	   4.5995872e+01	   4.5104818e+01	   4.4797354e+01	   4.4069221e+01	   4.3278708e+01	   4.2250587e+01	   4.0959285e+01	   3.9241156e+01	   3.7258379e+01	   3.4969126e+01	   3.3070621e+01	   3.0629275e+01	   2.7633302e+01	   2.4708217e+01	   2.1585198e+01	   1.8522754e+01	   1.5581038e+01	   1.3163327e+01	   1.0986756e+01	
   6.6798511e+01	   7.2189117e+01	   7.5505451e+01	   7.4997946e+01	   7.1346269e+01	   6.6630693e+01	   6.1163370e+01	   5.4783735e+01	   5.0403563e+01	   4.6994521e+01	   4.5375306e+01	   4.4396218e+01	   4.4305548e+01	   4.5017540e+01	   4.5334791e+01	   4.5171361e+01	   4.4642013e+01	   4.3698089e+01	   4.3222755e+01	   4.2379202e+01	   4.1107140e+01	   3.9428198e+01	   3.7323574e+01	   3.5314547e+01	   3.3191281e+01	   3.1145752e+01	   2.8094421e+01	   2.5209487e+01	   2.2043892e+01	   1.8942762e+01	   1.6078566e+01	   1.3764649e+01	   1.1423867e+01	
   6.7218278e+01	   7.2512227e+01	   7.4954616e+01	   7.5409788e+01	   7.2009368e+01	   6.6884723e+01	   6.1389051e+01	   5.5481673e+01	   5.0857072e+01	   4.7683094e+01	   4.5217328e+01	   4.4015712e+01	   4.4173645e+01	   4.4761740e+01	   4.5228600e+01	   4.4713343e+01	   4.4028072e+01	   4.3365518e+01	   4.3006269e+01	   4.1869942e+01	   4.0899696e+01	   3.9147945e+01	   3.7179554e+01	   3.5279110e+01	   3.3359832e+01	   3.1280489e+01	   2.8476284e+01	   2.5615299e+01	   2.2700759e+01	   1.9628732e+01	   1.6769989e+01	   1.4207314e+01	   1.2060382e+01	
   6.6375588e+01	   7.2905203e+01	   7.5929881e+01	   7.5156552e+01	   7.1438262e+01	   6.6888838e+01	   6.1658724e+01	   5.6173604e+01	   5.0592630e+01	   4.7427782e+01	   4.4986477e+01	   4.3869498e+01	   4.3737185e+01	   4.4421396e+01	   4.4657342e+01	   4.4092599e+01	   4.3758590e+01	   4.3093512e+01	   4.2601618e+01	   4.1865811e+01	   4.0724330e+01	   3.9120274e+01	   3.7165932e+01	   3.5351580e+01	   3.3584551e+01	   3.1392326e+01	   2.8806846e+01	   2.5942964e+01	   2.3118137e+01	   2.0100492e+01	   1.7146064e+01	   1.4774482e+01	   1.2610179e+01	
             NaN	   7.3404483e+01	   7.4782750e+01	   7.4636883e+01	   7.1735791e+01	   6.7129076e+01	   6.1813684e+01	   5.5788190e+01	   5.0997021e+01	   4.7240822e+01	   4.4682588e+01	   4.3928522e+01	   4.3480840e+01	   4.3993249e+01	   4.3994841e+01	   4.3934485e+01	   4.3270872e+01	   4.2874853e+01	   4.2166544e+01	   4.1600878e+01	   4.0535165e+01	   3.8958417e+01	   3.7072492e+01	   3.5236945e+01	   3.3567901e+01	   3.1683642e+01	   2.9262070e+01	   2.6275802e+01	   2.3336046e+01	   2.0666553e+01	   1.7895259e+01	   1.5186665e+01	   1.3104679e+01	
             NaN	   7.2248247e+01	   7.5439024e+01	   7.4265705e+01	   7.1490844e+01	   6.6900879e+01	   6.1970507e+01	   5.5840743e+01	   5.1262364e+01	   4.7202108e+01	   4.4791848e+01	   4.3278544e+01	   4.3348401e+01	   4.3425015e+01	   4.3688810e+01	   4.3290535e+01	   4.2894471e+01	   4.2289247e+01	   4.1948793e+01	   4.1204797e+01	   4.0156261e+01	   3.8690952e+01	   3.6942383e+01	   3.5361649e+01	   3.3616292e+01	   3.1662201e+01	   2.9222107e+01	   2.6563726e+01	   2.3890443e+01	   2.1118098e+01	   1.8326602e+01	   1.5745901e+01	   1.3602729e+01	
             NaN	   7.1683768e+01	   7.4782034e+01	   7.3846080e+01	   7.1193511e+01	   6.7431626e+01	   6.1539422e+01	   5.6090738e+01	   5.0474258e+01	   4.7362321e+01	   4.4862537e+01	   4.3161000e+01	   4.2939369e+01	   4.3202369e+01	   4.3279115e+01	   4.2868106e+01	   4.2399891e+01	   4.2061032e+01	   4.1817459e+01	   4.0906565e+01	   3.9834717e+01	   3.8666112e+01	   3.6833979e+01	   3.5232156e+01	   3.3761233e+01	   3.1796920e+01	   2.9351454e+01	   2.7008530e+01	   2.4140651e+01	   2.1577855e+01	   1.8647839e+01	   1.6226604e+01	   1.3972419e+01	
             NaN	   7.0428477e+01	   7.3739489e+01	   7.4605936e+01	   7.2186350e+01	   6.7610643e+01	   6.2385216e+01	   5.6040909e+01	   5.1001583e+01	   4.7166689e+01	   4.4294933e+01	   4.3128156e+01	   4.2427539e+01	   4.2739121e+01	   4.2789682e+01	   4.2612342e+01	   4.2058902e+01	   4.1658625e+01	   4.1201351e+01	   4.0548877e+01	   3.9709022e+01	   3.8187088e+01	   3.6765626e+01	   3.5212450e+01	   3.3707630e+01	   3.1903315e+01	   2.9537605e+01	   2.7129023e+01	   2.4547401e+01	   2.1843395e+01	   1.9198016e+01	   1.6727995e+01	   1.4542367e+01	
             NaN	   7.1280455e+01	   7.4091949e+01	   7.2687089e+01	   7.0796813e+01	   6.7333807e+01	   6.2088003e+01	   5.6316812e+01	   5.1199274e+01	   4.7218755e+01	   4.4499493e+01	   4.2897473e+01	   4.2289101e+01	   4.2222712e+01	   4.2402593e+01	   4.2065830e+01	   4.1644340e+01	   4.1136957e+01	   4.0500825e+01	   4.0259769e+01	   3.9262778e+01	   3.8012213e+01	   3.6656051e+01	   3.5058055e+01	   3.3594483e+01	   3.1895704e+01	   2.9753793e+01	   2.7316053e+01	   2.4768168e+01	   2.2215637e+01	   1.9486395e+01	   1.7096049e+01	   1.4766901e+01	
             NaN	   7.1797110e+01	   7.1785602e+01	   7.3031998e+01	   7.0455072e+01	   6.6461828e+01	   6.1583471e+01	   5.5910786e+01	   5.0522313e+01	   4.6873666e+01	   4.4265334e+01	   4.2373040e+01	   4.1709137e+01	   4.1828507e+01	   4.1767565e+01	   4.1526289e+01	   4.1211389e+01	   4.0644145e+01	   4.0254109e+01	   3.9550718e+01	   3.8775411e+01	   3.7650711e+01	   3.6214247e+01	   3.4814919e+01	   3.3449628e+01	   3.1997602e+01	   2.9795631e+01	   2.7416619e+01	   2.5002268e+01	   2.2395352e+01	   1.9810807e+01	   1.7489712e+01	   1.5256829e+01	
             NaN	             NaN	   7.3495549e+01	   7.3265282e+01	   7.0684945e+01	   6.6924911e+01	   6.1549954e+01	   5.5912247e+01	   5.0449808e+01	   4.6690326e+01	   4.3914931e+01	   4.2313769e+01	   4.1229502e+01	   4.1455739e+01	   4.1082652e+01	   4.1022638e+01	   4.0792793e+01	   4.0206000e+01	   3.9726077e+01	   3.9196848e+01	   3.8663801e+01	   3.7474960e+01	   3.6154303e+01	   3.4624792e+01	   3.3382367e+01	   3.1883241e+01	   2.9855270e+01	   2.7588441e+01	   2.5118292e+01	   2.2525631e+01	   2.0253767e+01	   1.7902063e+01	   1.5626339e+01	
             NaN	             NaN	   7.1718427e+01	   7.1595135e+01	   6.9526007e+01	   6.5685909e+01	   6.1174521e+01	   5.5734769e+01	   5.0784798e+01	   4.6691507e+01	   4.3565124e+01	   4.1659414e+01	   4.1050065e+01	   4.1243212e+01	   4.0762301e+01	   4.0367803e+01	   4.0029930e+01	   3.9615236e+01	   3.9198000e+01	   3.8937367e+01	   3.8186594e+01	   3.7157352e+01	   3.5641774e+01	   3.4373099e+01	   3.3206599e+01	   3.1839153e+01	   2.9627214e+01	   2.7719613e+01	   2.5359606e+01	   2.2775578e+01	   2.0613992e+01	   1.8261025e+01	   1.5993965e+01	
             NaN	             NaN	   7.0698564e+01	   7.1460979e+01	   7.0029790e+01	   6.5925311e+01	   6.1046113e+01	   5.5586862e+01	   5.0686020e+01	   4.6448683e+01	   4.3268840e+01	   4.1671386e+01	   4.0664096e+01	   4.0287733e+01	   4.0278567e+01	   4.0027450e+01	   3.9309170e+01	   3.9127955e+01	   3.8566683e+01	   3.8384046e+01	   3.7580384e+01	   3.6488667e+01	   3.5371946e+01	   3.4131400e+01	   3.2939495e+01	   3.1543493e+01	   2.9738431e+01	   2.7630879e+01	   2.5431788e+01	   2.3142770e+01	   2.0762212e+01	   1.8473066e+01	   1.6310734e+01	
             NaN	             NaN	   7.1123625e+01	   7.0753477e+01	   6.8762699e+01	   6.4504259e+01	   6.0677900e+01	   5.5311767e+01	   5.0108239e+01	   4.6310168e+01	   4.2981330e+01	   4.1104866e+01	   4.0377490e+01	   3.9860222e+01	   3.9686851e+01	   3.8954900e+01	   3.8835182e+01	   3.8334477e+01	   3.7973784e+01	   3.7727981e+01	   3.7085506e+01	   3.5957820e+01	   3.4835123e+01	   3.3811560e+01	   3.2760455e+01	   3.1366197e+01	   2.9600051e+01	   2.7598095e+01	   2.5297168e+01	   2.3151197e+01	   2.0944756e+01	   1.8719302e+01	   1.6720936e+01	
             NaN	             NaN	   6.9970372e+01	   6.9544337e+01	   6.8153318e+01	   6.4549981e+01	   5.9641608e+01	   5.4683592e+01	   4.9809091e+01	   4.5700788e+01	   4.2517018e+01	   4.0818852e+01	   3.9722731e+01	   3.9583619e+01	   3.9359500e+01	   3.8715776e+01	   3.8314119e+01	   3.7733272e+01	   3.7425550e+01	   3.7351549e+01	   3.6592151e+01	   3.5627554e+01	   3.4653021e+01	   3.3505009e+01	   3.2521660e+01	   3.1280904e+01	   2.9424708e+01	   2.7564907e+01	   2.5344049e+01	   2.3215674e+01	   2.1033765e+01	   1.8865272e+01	   1.6910112e+01	
             NaN	             NaN	             NaN	   6.8903607e+01	   6.7976248e+01	   6.4181742e+01	   5.9861771e+01	   5.4182364e+01	   4.9905643e+01	   4.5784190e+01	   4.2346906e+01	   4.0588192e+01	   3.9405339e+01	   3.9129376e+01	   3.8775715e+01	   3.8309194e+01	   3.7932400e+01	   3.7344548e+01	   3.7176507e+01	   3.7011452e+01	   3.6224555e+01	   3.5294078e+01	   3.4170596e+01	   3.3061225e+01	   3.2147686e+01	   3.1026830e+01	   2.9295363e+01	   2.7495717e+01	   2.5290680e+01	   2.3275028e+01	   2.1063492e+01	   1.8951877e+01	   1.7058623e+01	
             NaN	             NaN	             NaN	   6.8231856e+01	   6.6670441e+01	   6.3049992e+01	   5.9284396e+01	   5.4067520e+01	   4.9307633e+01	   4.5147221e+01	   4.2356062e+01	   4.0397009e+01	   3.9078397e+01	   3.8451984e+01	   3.8127631e+01	   3.7611176e+01	   3.7475127e+01	   3.6807265e+01	   3.6489243e+01	   3.6214688e+01	   3.5597399e+01	   3.4710554e+01	   3.3833491e+01	   3.2776555e+01	   3.1718991e+01	   3.0649457e+01	   2.9070666e+01	   2.7395298e+01	   2.5324469e+01	   2.3212328e+01	   2.1225043e+01	   1.9110535e+01	   1.7319980e+01	
             NaN	             NaN	             NaN	   6.6878421e+01	   6.5618086e+01	   6.2638286e+01	   5.8859321e+01	   5.3849404e+01	   4.8744999e+01	   4.4787058e+01	   4.1833067e+01	   4.0142833e+01	   3.8597399e+01	   3.8195720e+01	   3.7738242e+01	   3.7264145e+01	   3.6646572e+01	   3.6246519e+01	   3.6008699e+01	   3.5514572e+01	   3.4994485e+01	   3.4274490e+01	   3.3153388e+01	   3.2207674e+01	   3.1466594e+01	   3.0488060e+01	   2.8939330e+01	   2.7309216e+01	   2.5264326e+01	   2.3226535e+01	   2.1263134e+01	   1.9282261e+01	   1.7353428e+01	
             NaN	             NaN	             NaN	   6.7654894e+01	   6.5419023e+01	   6.2160416e+01	   5.8130191e+01	   5.2780928e+01	   4.8710397e+01	   4.4512252e+01	   4.1161315e+01	   3.9241022e+01	   3.8450501e+01	   3.7673431e+01	   3.7249447e+01	   3.6297840e+01	   3.6090168e+01	   3.5746282e+01	   3.5360085e+01	   3.5112203e+01	   3.4809062e+01	   3.3685355e+01	   3.2700650e+01	   3.1825576e+01	   3.1299599e+01	   3.0186164e+01	   2.8621733e+01	   2.6921330e+01	   2.5204688e+01	   2.3226520e+01	   2.1211342e+01	   1.9365469e+01	   1.7505855e+01	
             NaN	             NaN	             NaN	   6.7088964e+01	   6.3554690e+01	   6.1125551e+01	   5.8228657e+01	   5.3366290e+01	   4.7914327e+01	   4.4036909e+01	   4.1248172e+01	   3.8814038e+01	   3.7804472e+01	   3.7224177e+01	   3.6599490e+01	   3.5854821e+01	   3.5278764e+01	   3.4983112e+01	   3.4627504e+01	   3.4420218e+01	   3.3840237e+01	   3.3026595e+01	   3.2282028e+01	   3.1425946e+01	   3.0691363e+01	   2.9771236e+01	   2.8506326e+01	   2.6843911e+01	   2.5066119e+01	   2.3072190e+01	   2.1177165e+01	   1.9309338e+01	   1.7632151e+01	
             NaN	             NaN	             NaN	             NaN	   6.3531504e+01	   6.0947822e+01	   5.7020539e+01	   5.1812938e+01	   4.7739481e+01	   4.4035554e+01	   4.0629753e+01	   3.8376350e+01	   3.7255725e+01	   3.6781956e+01	   3.5800599e+01	   3.5530831e+01	   3.4931923e+01	   3.4182116e+01	   3.4113706e+01	   3.3868338e+01	   3.3371515e+01	   3.2805958e+01	   3.1698656e+01	   3.1072435e+01	   3.0364350e+01	   2.9372446e+01	   2.8255066e+01	   2.6514339e+01	   2.4744344e+01	   2.3034681e+01	   2.1126716e+01	   1.9291193e+01	   1.7641654e+01	
             NaN	             NaN	             NaN	             NaN	   6.2680155e+01	   6.0114155e+01	   5.6049591e+01	   5.2153223e+01	   4.7233029e+01	   4.3536859e+01	   3.9841691e+01	   3.7940772e+01	   3.6970467e+01	   3.6399490e+01	   3.5664448e+01	   3.4894098e+01	   3.4241264e+01	   3.3731555e+01	   3.3774892e+01	   3.3114837e+01	   3.2941374e+01	   3.2065555e+01	   3.1282883e+01	   3.0727093e+01	   2.9857819e+01	   2.9228014e+01	   2.7759824e+01	   2.6499893e+01	   2.4718130e+01	   2.2790937e+01	   2.1078408e+01	   1.9241848e+01	   1.7618224e+01	
             NaN	             NaN	             NaN	             NaN	   6.1784643e+01	   5.8995172e+01	   5.5589173e+01	   5.1196941e+01	   4.6258783e+01	   4.2788682e+01	   3.9662366e+01	   3.7618496e+01	   3.6056207e+01	   3.5309233e+01	   3.4939600e+01	   3.4055409e+01	   3.3675776e+01	   3.2996535e+01	   3.2877100e+01	   3.2666515e+01	   3.2294092e+01	   3.1467473e+01	   3.0882917e+01	   2.9951050e+01	   2.9341686e+01	   2.8560007e+01	   2.7397467e+01	   2.5840513e+01	   2.4397963e+01	   2.2583887e+01	   2.0957740e+01	   1.9209200e+01	   1.7567410e+01	
             NaN	             NaN	             NaN	             NaN	   6.0519008e+01	   5.7986435e+01	   5.4537528e+01	   5.0365181e+01	   4.5170075e+01	   4.1897739e+01	   3.8899912e+01	   3.6727406e+01	   3.5638316e+01	   3.4848669e+01	   3.4145186e+01	   3.3441799e+01	   3.2820507e+01	   3.2408257e+01	   3.1995196e+01	   3.1861532e+01	   3.1506147e+01	   3.0742613e+01	   3.0196386e+01	   2.9427181e+01	   2.8914696e+01	   2.8176140e+01	   2.6903785e+01	   2.5661391e+01	   2.3979865e+01	   2.2543082e+01	   2.0662322e+01	   1.9136656e+01	   1.7437593e+01	
             NaN	             NaN	             NaN	             NaN	   6.0279214e+01	   5.7654980e+01	   5.3650248e+01	   4.9969071e+01	   4.5041634e+01	   4.1671389e+01	   3.8905496e+01	   3.6468500e+01	   3.5109296e+01	   3.4263620e+01	   3.3609641e+01	   3.2851241e+01	   3.2429298e+01	   3.1672262e+01	   3.1539103e+01	   3.1286700e+01	   3.0996436e+01	   3.0162031e+01	   2.9506992e+01	   2.8877071e+01	   2.8288965e+01	   2.7597634e+01	   2.6603633e+01	   2.5246982e+01	   2.3861997e+01	   2.2183740e+01	   2.0522983e+01	   1.8955826e+01	   1.7462292e+01	
             NaN	             NaN	             NaN	             NaN	             NaN	   5.6476448e+01	   5.2616258e+01	   4.8937469e+01	   4.4764746e+01	   4.1064645e+01	   3.7963530e+01	   3.5871250e+01	   3.4705853e+01	   3.3908379e+01	   3.3034430e+01	   3.2134943e+01	   3.1650985e+01	   3.1135601e+01	   3.0840813e+01	   3.0626465e+01	   3.0308011e+01	   2.9696061e+01	   2.8985742e+01	   2.8322457e+01	   2.7652748e+01	   2.7250212e+01	   2.6242155e+01	   2.4865682e+01	   2.3480348e+01	   2.1913745e+01	   2.0318932e+01	   1.8802586e+01	   1.7336198e+01	
             NaN	             NaN	             NaN	             NaN	             NaN	   5.5163370e+01	   5.2778829e+01	   4.8235612e+01	   4.4275189e+01	   4.0207910e+01	   3.7241379e+01	   3.5393444e+01	   3.3928123e+01	   3.3041148e+01	   3.2573801e+01	   3.1698638e+01	   3.0960727e+01	   3.0696047e+01	   3.0240795e+01	   2.9942519e+01	   2.9592139e+01	   2.9143368e+01	   2.8574212e+01	   2.7692136e+01	   2.7405969e+01	   2.6705176e+01	   2.5616794e+01	   2.4525384e+01	   2.3130753e+01	   2.1730141e+01	   2.0222680e+01	   1.8566429e+01	   1.7216230e+01	
             NaN	             NaN	             NaN	             NaN	             NaN	   5.4815220e+01	   5.1424963e+01	   4.7757456e+01	   4.3199466e+01	   3.9702398e+01	   3.7166876e+01	   3.4818515e+01	   3.3263051e+01	   3.2449412e+01	   3.1688995e+01	   3.1116576e+01	   3.0307609e+01	   2.9868755e+01	   2.9827777e+01	   2.9487450e+01	   2.8987846e+01	   2.8491708e+01	   2.7847710e+01	   2.7261601e+01	   2.6716148e+01	   2.6236845e+01	   2.5311862e+01	   2.4114646e+01	   2.2754265e+01	   2.1484293e+01	   1.9858192e+01	   1.8473067e+01	   1.7140893e+01	
             NaN	             NaN	             NaN	             NaN	             NaN	   5.3312074e+01	   5.0064187e+01	   4.6620592e+01	   4.2732603e+01	   3.9285083e+01	   3.6358406e+01	   3.4094719e+01	   3.2679063e+01	   3.1847268e+01	   3.1288860e+01	   3.0623040e+01	   2.9826762e+01	   2.9168743e+01	   2.8829534e+01	   2.8806625e+01	   2.8349577e+01	   2.7844281e+01	   2.7314271e+01	   2.6716570e+01	   2.6232867e+01	   2.5761837e+01	   2.4919032e+01	   2.3735482e+01	   2.2497979e+01	   2.1133901e+01	   1.9848309e+01	   1.8249109e+01	   1.7042575e+01	
             NaN	             NaN	             NaN	             NaN	             NaN	   5.2976404e+01	   4.9804217e+01	   4.6365343e+01	   4.2209594e+01	   3.8790448e+01	   3.5781109e+01	   3.4030228e+01	   3.2415428e+01	   3.1554635e+01	   3.0718114e+01	   3.0084940e+01	   2.9210924e+01	   2.8779212e+01	   2.8496191e+01	   2.8090991e+01	   2.7720582e+01	   2.7315088e+01	   2.6758681e+01	   2.6189886e+01	   2.5700797e+01	   2.5341703e+01	   2.4536433e+01	   2.3524657e+01	   2.2228089e+01	   2.0704207e+01	   1.9495674e+01	   1.8045517e+01	   1.6896843e+01	
             NaN	             NaN	             NaN	             NaN	             NaN	             NaN	   4.8916326e+01	   4.5773890e+01	   4.1770675e+01	   3.8181917e+01	   3.5210798e+01	   3.3443894e+01	   3.1818522e+01	   3.1076210e+01	   3.0201203e+01	   2.9151310e+01	   2.8636260e+01	   2.8277373e+01	   2.7742264e+01	   2.7592824e+01	   2.7238815e+01	   2.6735655e+01	   2.6244144e+01	   2.5679500e+01	   2.5556591e+01	   2.4891865e+01	   2.4060337e+01	   2.3126835e+01	   2.1873834e+01	   2.0480908e+01	   1.9174789e+01	   1.7972092e+01	   1.6845418e+01	
             NaN	             NaN	             NaN	             NaN	             NaN	             NaN	   4.8591296e+01	   4.5165333e+01	   4.0985169e+01	   3.7793695e+01	   3.5044325e+01	   3.2637247e+01	   3.1468723e+01	   3.0526042e+01	   2.9575864e+01	   2.8769312e+01	   2.8105923e+01	   2.7385952e+01	   2.7096623e+01	   2.6917822e+01	   2.6754511e+01	   2.6051971e+01	   2.5685914e+01	   2.5287353e+01	   2.4989502e+01	   2.4470267e+01	   2.3600556e+01	   2.2630453e+01	   2.1417884e+01	   2.0151600e+01	   1.8941628e+01	   1.7573184e+01	   1.6445946e+01	
   0.0000000e+00	             NaN	             NaN	             NaN	             NaN	             NaN	   4.7249386e+01	   4.3938835e+01	   4.0537816e+01	   3.7174285e+01	   3.4342285e+01	   3.2050742e+01	   3.0804017e+01	   2.9768825e+01	   2.9028706e+01	   2.8317587e+01	   2.7428720e+01	   2.7036021e+01	   2.6669826e+01	   2.6368048e+01	   2.6186145e+01	   2.5528784e+01	   2.5078931e+01	   2.4740610e+01	   2.4404543e+01	   2.3939837e+01	   2.3218650e+01	   2.2275727e+01	   2.1034379e+01	   1.9865313e+01	   1.8737645e+01	   1.7446075e+01	   1.6379563e+01	
   0.0000000e+00	             NaN	             NaN	             NaN	             NaN	             NaN	   4.7242190e+01	   4.2854425e+01	   3.9715563e+01	   3.6348859e+01	   3.3745179e+01	   3.1589787e+01	   3.0261806e+01	   2.9055397e+01	   2.8347408e+01	   2.7425730e+01	   2.6760675e+01	   2.6441518e+01	   2.5821338e+01	   2.5848231e+01	   2.5584104e+01	   2.4995032e+01	   2.4569195e+01	   2.4119369e+01	   2.3765709e+01	   2.3443026e+01	   2.2685821e+01	   2.1713874e+01	   2.0774874e+01	   1.9626116e+01	   1.8305893e+01	   1.7152427e+01	   1.6136968e+01	
   0.0000000e+00	             NaN	             NaN	             NaN	             NaN	             NaN	   4.5791337e+01	   4.2329040e+01	   3.9210828e+01	   3.5704157e+01	   3.3389659e+01	   3.0968728e+01	   3.0111366e+01	   2.8746016e+01	   2.7719406e+01	   2.6932582e+01	   2.6427062e+01	   2.5886171e+01	   2.5541359e+01	   2.5312468e+01	   2.4850325e+01	   2.4318112e+01	   2.4113573e+01	   2.3593385e+01	   2.3351531e+01	   2.2967859e+01	   2.2142748e+01	   2.1248740e+01	   2.0280571e+01	   1.9223597e+01	   1.8193880e+01	   1.6933076e+01	   1.5931647e+01	
   0.0000000e+00	             NaN	             NaN	             NaN	             NaN	             NaN	             NaN	   4.2216785e+01	   3.8148683e+01	   3.5347084e+01	   3.2333888e+01	   3.0819305e+01	   2.9334203e+01	   2.8364164e+01	   2.7446271e+01	   2.6523876e+01	   2.5793137e+01	   2.5151413e+01	   2.5011457e+01	   2.4625996e+01	   2.4351311e+01	   2.4032650e+01	   2.3492709e+01	   2.3034323e+01	   2.2813173e+01	   2.2584085e+01	   2.1766352e+01	   2.0998569e+01	   1.9987656e+01	   1.8852569e+01	   1.7873566e+01	   1.6771698e+01	   1.5608713e+01	
   0.0000000e+00	             NaN	             NaN	             NaN	             NaN	             NaN	             NaN	   4.1036427e+01	   3.7412645e+01	   3.4232858e+01	   3.1733112e+01	   2.9721805e+01	   2.8564942e+01	   2.7585801e+01	   2.6713619e+01	   2.6023917e+01	   2.5342730e+01	   2.4738182e+01	   2.4319788e+01	   2.3991520e+01	   2.3987460e+01	   2.3461273e+01	   2.2876629e+01	   2.2485655e+01	   2.2280699e+01	   2.2056515e+01	   2.1310284e+01	   2.0579901e+01	   1.9517579e+01	   1.8485189e+01	   1.7396920e+01	   1.6488199e+01	   1.5426660e+01	
   0.0000000e+00	   0.0000000e+00	             NaN	             NaN	             NaN	             NaN	             NaN	   4.0645055e+01	   3.7221869e+01	   3.3799036e+01	   3.1353416e+01	   2.9379721e+01	   2.7847786e+01	   2.7162972e+01	   2.6199185e+01	   2.5429754e+01	   2.4708387e+01	   2.4145735e+01	   2.3742723e+01	   2.3485219e+01	   2.3253408e+01	   2.2835130e+01	   2.2387481e+01	   2.2062984e+01	   2.1829111e+01	   2.1459313e+01	   2.0895205e+01	   2.0179540e+01	   1.9194833e+01	   1.8112930e+01	   1.7175998e+01	   1.6179753e+01	   1.5214428e+01	
   0.0000000e+00	   0.0000000e+00	             NaN	             NaN	             NaN	             NaN	             NaN	   3.9337066e+01	   3.6280525e+01	   3.3498339e+01	   3.1007243e+01	   2.9055781e+01	   2.7564742e+01	   2.6555339e+01	   2.5501867e+01	   2.4632176e+01	   2.4307833e+01	   2.3608801e+01	   2.3206975e+01	   2.3140523e+01	   2.2892308e+01	   2.2252816e+01	   2.1890137e+01	   2.1669232e+01	   2.1179286e+01	   2.1077286e+01	   2.0379193e+01	   1.9667377e+01	   1.8662159e+01	   1.7861093e+01	   1.6800531e+01	   1.5817280e+01	   1.4954138e+01	
   0.0000000e+00	   0.0000000e+00	             NaN	             NaN	             NaN	             NaN	             NaN	   3.8458526e+01	   3.5341957e+01	   3.2413699e+01	   2.9900120e+01	   2.8381190e+01	   2.6884034e+01	   2.5840911e+01	   2.4896658e+01	   2.4356134e+01	   2.3403491e+01	   2.3103647e+01	   2.2746793e+01	   2.2460437e+01	   2.2085886e+01	   2.1882810e+01	   2.1311257e+01	   2.1008977e+01	   2.0604119e+01	   2.0495924e+01	   1.9969051e+01	   1.9289432e+01	   1.8366189e+01	   1.7479671e+01	   1.6454290e+01	   1.5477018e+01	   1.4551722e+01	
   0.0000000e+00	   0.0000000e+00	             NaN	             NaN	             NaN	             NaN	             NaN	             NaN	   3.4594294e+01	   3.1946639e+01	   2.9588803e+01	   2.7617319e+01	   2.6439422e+01	   2.5390460e+01	   2.4515738e+01	   2.3736487e+01	   2.2954989e+01	   2.2328594e+01	   2.2127962e+01	   2.1956751e+01	   2.1325745e+01	   2.1170095e+01	   2.0701349e+01	   2.0339106e+01	   2.0160928e+01	   2.0016572e+01	   1.9338392e+01	   1.8800757e+01	   1.7870435e+01	   1.6937020e+01	   1.5948342e+01	   1.5063145e+01	   1.4252300e+01	
   0.0000000e+00	   0.0000000e+00	             NaN	             NaN	             NaN	             NaN	             NaN	             NaN	   3.3532238e+01	   3.1332512e+01	   2.9251715e+01	   2.7074254e+01	   2.5863815e+01	   2.4667431e+01	   2.3801572e+01	   2.3041313e+01	   2.2472466e+01	   2.1943136e+01	   2.1571395e+01	   2.1031262e+01	   2.1068837e+01	   2.0652674e+01	   2.0216455e+01	   1.9861306e+01	   1.9757041e+01	   1.9370294e+01	   1.8864359e+01	   1.8154830e+01	   1.7356425e+01	   1.6450826e+01	   1.5577221e+01	   1.4900149e+01	   1.3850949e+01	
   0.0000000e+00	   0.0000000e+00	   0.0000000e+00	             NaN	             NaN	             NaN	             NaN	             NaN	   3.3177969e+01	   3.0537884e+01	   2.8728128e+01	   2.6530831e+01	   2.5393469e+01	   2.4358623e+01	   2.3438843e+01	   2.2786160e+01	   2.1886996e+01	   2.1354785e+01	   2.1199114e+01	   2.0871632e+01	   2.0503777e+01	   2.0087072e+01	   1.9868953e+01	   1.9405591e+01	   1.9273721e+01	   1.9020794e+01	   1.8490629e+01	   1.7866236e+01	   1.7199266e+01	   1.6332921e+01	   1.5416370e+01	   1.4566397e+01	   1.3886068e+01	
   0.0000000e+00	   0.0000000e+00	   0.0000000e+00	             NaN	             NaN	             NaN	             NaN	             NaN	   3.2601366e+01	   2.9933334e+01	   2.7696971e+01	   2.6244797e+01	   2.4813835e+01	   2.3959034e+01	   2.3122510e+01	   2.2072025e+01	   2.1562842e+01	   2.1038232e+01	   2.0618617e+01	   2.0285746e+01	   1.9830030e+01	   1.9548720e+01	   1.9320014e+01	   1.8969141e+01	   1.8762201e+01	   1.8476009e+01	   1.8092716e+01	   1.7525808e+01	   1.6798614e+01	   1.6078129e+01	   1.5029404e+01	   1.4360050e+01	   1.3565427e+01	
   0.0000000e+00	   0.0000000e+00	   0.0000000e+00	             NaN	             NaN	             NaN	             NaN	             NaN	   3.1427224e+01	   2.9399029e+01	   2.7350193e+01	   2.5542836e+01	   2.4169954e+01	   2.3337041e+01	   2.2544364e+01	   2.1523455e+01	   2.0973967e+01	   2.0557819e+01	   2.0058016e+01	   1.9755340e+01	   1.9490598e+01	   1.9101089e+01	   1.8768640e+01	   1.8420603e+01	   1.8452900e+01	   1.7912180e+01	   1.7623139e+01	   1.7087049e+01	   1.6359725e+01	   1.5467352e+01	   1.4752738e+01	   1.4063499e+01	   1.3269622e+01	
   0.0000000e+00	   0.0000000e+00	   0.0000000e+00	             NaN	             NaN	             NaN	             NaN	             NaN	   3.0967768e+01	   2.9028354e+01	   2.6591422e+01	   2.5140439e+01	   2.3953782e+01	   2.2955108e+01	   2.1856851e+01	   2.1087522e+01	   2.0391120e+01	   1.9936911e+01	   1.9672086e+01	   1.9311073e+01	   1.8921210e+01	   1.8632461e+01	   1.8293468e+01	   1.7992846e+01	   1.7912476e+01	   1.7657745e+01	   1.7127734e+01	   1.6740664e+01	   1.6010774e+01	   1.5120998e+01	   1.4333101e+01	   1.3666817e+01	   1.2918389e+01	
   0.0000000e+00	   0.0000000e+00	   0.0000000e+00	             NaN	             NaN	             NaN	             NaN	             NaN	             NaN	   2.8267480e+01	   2.6094343e+01	   2.4468692e+01	   2.3493613e+01	   2.2554796e+01	   2.1289437e+01	   2.0403174e+01	   1.9822653e+01	   1.9501369e+01	   1.9048885e+01	   1.8609351e+01	   1.8607858e+01	   1.8217242e+01	   1.7752522e+01	   1.7634044e+01	   1.7457101e+01	   1.7214037e+01	   1.6827709e+01	   1.6266160e+01	   1.5552541e+01	   1.4785003e+01	   1.3999626e+01	   1.3473536e+01	   1.2624945e+01	
   0.0000000e+00	   0.0000000e+00	   0.0000000e+00	   0.0000000e+00	             NaN	             NaN	             NaN	             NaN	             NaN	   2.7204383e+01	   2.5733897e+01	   2.3880294e+01	   2.2702202e+01	   2.1588795e+01	   2.0916492e+01	   2.0116874e+01	   1.9482880e+01	   1.8944680e+01	   1.8304070e+01	   1.8307136e+01	   1.7993335e+01	   1.7810692e+01	   1.7258299e+01	   1.6954515e+01	   1.6849655e+01	   1.6622129e+01	   1.6463683e+01	   1.5912570e+01	   1.5169911e+01	   1.4460754e+01	   1.3767626e+01	   1.2974375e+01	   1.2280519e+01	
   0.0000000e+00	   0.0000000e+00	   0.0000000e+00	   0.0000000e+00	             NaN	             NaN	             NaN	             NaN	             NaN	   2.6918895e+01	   2.4751360e+01	   2.3102778e+01	   2.2241979e+01	   2.1013197e+01	   2.0548355e+01	   1.9670660e+01	   1.9027306e+01	   1.8511243e+01	   1.7923423e+01	   1.7650508e+01	   1.7606053e+01	   1.7264241e+01	   1.6760096e+01	   1.6621059e+01	   1.6504109e+01	   1.6289840e+01	   1.5801575e+01	   1.5396643e+01	   1.4684260e+01	   1.3970102e+01	   1.3347794e+01	   1.2570645e+01	   1.2170376e+01	
   0.0000000e+00	   0.0000000e+00	   0.0000000e+00	   0.0000000e+00	             NaN	             NaN	             NaN	             NaN	             NaN	   2.6201072e+01	   2.4216830e+01	   2.2715430e+01	   2.1528575e+01	   2.0677179e+01	   2.0106591e+01	   1.9133664e+01	   1.8565541e+01	   1.7906462e+01	   1.7656851e+01	   1.7181361e+01	   1.6968152e+01	   1.6744752e+01	   1.6402022e+01	   1.6190789e+01	   1.6002655e+01	   1.5867018e+01	   1.5426609e+01	   1.4793975e+01	   1.4222741e+01	   1.3682448e+01	   1.2950293e+01	   1.2372960e+01	   1.1731028e+01	
   0.0000000e+00	   0.0000000e+00	   0.0000000e+00	   0.0000000e+00	             NaN	             NaN	             NaN	             NaN	             NaN	   2.5579004e+01	   2.3597095e+01	   2.2277456e+01	   2.1165594e+01	   2.0151608e+01	   1.9315980e+01	   1.8683295e+01	   1.8020351e+01	   1.7619325e+01	   1.7243885e+01	   1.6750352e+01	   1.6510918e+01	   1.6305099e+01	   1.6063885e+01	   1.5772908e+01	   1.5700441e+01	   1.5215137e+01	   1.5059128e+01	   1.4578152e+01	   1.3961067e+01	   1.3318965e+01	   1.2666992e+01	   1.2150671e+01	   1.1532174e+01	
   0.0000000e+00	   0.0000000e+00	   0.0000000e+00	   0.0000000e+00	             NaN	             NaN	             NaN	             NaN	             NaN	             NaN	   2.2979650e+01	   2.1572012e+01	   2.0388200e+01	   1.9712342e+01	   1.8974434e+01	   1.8039878e+01	   1.7620298e+01	   1.7057033e+01	   1.6623550e+01	   1.6455866e+01	   1.6041948e+01	   1.5841428e+01	   1.5501058e+01	   1.5075863e+01	   1.5153022e+01	   1.4795464e+01	   1.4578312e+01	   1.4079349e+01	   1.3611226e+01	   1.2866357e+01	   1.2313042e+01	   1.1740714e+01	   1.1234015e+01	
   0.0000000e+00	   0.0000000e+00	   0.0000000e+00	   0.0000000e+00	             NaN	             NaN	             NaN	             NaN	             NaN	             NaN	   2.2633891e+01	   2.1163044e+01	   2.0152081e+01	   1.9390530e+01	   1.8468675e+01	   1.7765169e+01	   1.7130290e+01	   1.6416031e+01	   1.6254830e+01	   1.6021779e+01	   1.5635491e+01	   1.5271013e+01	   1.5035717e+01	   1.4775012e+01	   1.4733745e+01	   1.4560110e+01	   1.4162187e+01	   1.3790971e+01	   1.3128120e+01	   1.2444511e+01	   1.2131573e+01	   1.1536817e+01	   1.0959263e+01	
   0.0000000e+00	   0.0000000e+00	   0.0000000e+00	   0.0000000e+00	   0.0000000e+00	             NaN	             NaN	             NaN	             NaN	             NaN	   2.2065604e+01	   2.0430586e+01	   1.9627751e+01	   1.8873094e+01	   1.8131676e+01	   1.7181249e+01	   1.6588950e+01	   1.6100435e+01	   1.5684867e+01	   1.5343365e+01	   1.5117379e+01	   1.4915756e+01	   1.4628554e+01	   1.4305087e+01	   1.4167286e+01	   1.4161511e+01	   1.3713390e+01	   1.3332003e+01	   1.2721323e+01	   1.2209771e+01	   1.1672164e+01	   1.1098510e+01	   1.0553631e+01	
   0.0000000e+00	   0.0000000e+00	   0.0000000e+00	   0.0000000e+00	   0.0000000e+00	             NaN	             NaN	             NaN	             NaN	             NaN	   2.1378628e+01	   2.0266017e+01	   1.9273427e+01	   1.8414392e+01	   1.7311136e+01	   1.6907311e+01	   1.6368029e+01	   1.5781153e+01	   1.5499570e+01	   1.5145173e+01	   1.4737983e+01	   1.4560662e+01	   1.4158508e+01	   1.4103229e+01	   1.3815620e+01	   1.3689448e+01	   1.3397553e+01	   1.2999552e+01	   1.2426128e+01	   1.1783519e+01	   1.1346068e+01	   1.0897414e+01	   1.0332010e+01	
   0.0000000e+00	   0.0000000e+00	   0.0000000e+00	   0.0000000e+00	   0.0000000e+00	             NaN	             NaN	             NaN	             NaN	             NaN	   2.0833453e+01	   1.9576905e+01	   1.8481274e+01	   1.7837272e+01	   1.6854315e+01	   1.6239874e+01	   1.5761837e+01	   1.5429766e+01	   1.4974828e+01	   1.4522124e+01	   1.4334983e+01	   1.4026176e+01	   1.3774290e+01	   1.3552523e+01	   1.3404009e+01	   1.3350992e+01	   1.2936769e+01	   1.2758063e+01	   1.2140250e+01	   1.1657926e+01	   1.1084998e+01	   1.0553996e+01	   1.0055880e+01	
   0.0000000e+00	   0.0000000e+00	   0.0000000e+00	   0.0000000e+00	   0.0000000e+00	             NaN	             NaN	             NaN	             NaN	             NaN	             NaN	   1.9073436e+01	   1.7973960e+01	   1.7517242e+01	   1.6545720e+01	   1.6016873e+01	   1.5155698e+01	   1.4973048e+01	   1.4479380e+01	   1.4211475e+01	   1.3957434e+01	   1.3650927e+01	   1.3390936e+01	   1.3179743e+01	   1.3015163e+01	   1.2873193e+01	   1.2604194e+01	   1.2268133e+01	   1.1784854e+01	   1.1327534e+01	   1.0689455e+01	   1.0357538e+01	   9.6680397e+00	
   0.0000000e+00	   0.0000000e+00	   0.0000000e+00	   0.0000000e+00	   0.0000000e+00	             NaN	             NaN	             NaN	             NaN	             NaN	             NaN	   1.8459768e+01	   1.7647362e+01	   1.6766138e+01	   1.6153907e+01	   1.5453823e+01	   1.4838539e+01	   1.4337963e+01	   1.3957691e+01	   1.3949958e+01	   1.3528778e+01	   1.3223258e+01	   1.2956469e+01	   1.2826510e+01	   1.2502148e+01	   1.2588020e+01	   1.2218108e+01	   1.1744379e+01	   1.1326610e+01	   1.1036261e+01	   1.0352158e+01	   9.9958404e+00	   9.5964684e+00	
   0.0000000e+00	   0.0000000e+00	   0.0000000e+00	   0.0000000e+00	   0.0000000e+00	   0.0000000e+00	             NaN	             NaN	             NaN	             NaN	             NaN	   1.7878766e+01	   1.7133852e+01	   1.6410532e+01	   1.5611665e+01	   1.5207646e+01	   1.4606333e+01	   1.4085856e+01	   1.3783585e+01	   1.3472536e+01	   1.3058293e+01	   1.2824214e+01	   1.2607333e+01	   1.2333718e+01	   1.2200560e+01	   1.2045477e+01	   1.1860471e+01	   1.1319933e+01	   1.0964412e+01	   1.0484259e+01	   1.0186898e+01	   9.6203332e+00	   9.2243709e+00	
   0.0000000e+00	   0.0000000e+00	   0.0000000e+00	   0.0000000e+00	   0.0000000e+00	   0.0000000e+00	             NaN	             NaN	             NaN	             NaN	             NaN	   1.7554118e+01	   1.6912935e+01	   1.5731421e+01	   1.5322500e+01	   1.4618570e+01	   1.3984279e+01	   1.3469563e+01	   1.3347523e+01	   1.3125208e+01	   1.2780168e+01	   1.2456903e+01	   1.2180535e+01	   1.1940949e+01	   1.1855899e+01	   1.1698421e+01	   1.1549689e+01	   1.1168445e+01	   1.0647931e+01	   1.0266737e+01	   9.7676049e+00	   9.4010774e+00	   9.0433107e+00	
   0.0000000e+00	   0.0000000e+00	   0.0000000e+00	   0.0000000e+00	   0.0000000e+00	   0.0000000e+00	             NaN	             NaN	             NaN	             NaN	             NaN	   1.7038647e+01	   1.6186034e+01	   1.5511493e+01	   1.4841265e+01	   1.4303734e+01	   1.3636796e+01	   1.3228149e+01	   1.2878409e+01	   1.2674553e+01	   1.2445802e+01	   1.2203646e+01	   1.1905763e+01	   1.1580521e+01	   1.1595353e+01	   1.1428676e+01	   1.1045977e+01	   1.0789850e+01	   1.0416628e+01	   9.8402763e+00	   9.5979311e+00	   9.0617835e+00	   8.7070332e+00	
   0.0000000e+00	   0.0000000e+00	   0.0000000e+00	   0.0000000e+00	   0.0000000e+00	   0.0000000e+00	             NaN	             NaN	             NaN	             NaN	             NaN	             NaN	   1.5968437e+01	   1.5357831e+01	   1.4593444e+01	   1.3872199e+01	   1.3256917e+01	   1.3002528e+01	   1.2501115e+01	   1.2323693e+01	   1.2046644e+01	   1.1891227e+01	   1.1554226e+01	   1.1333181e+01	   1.1113610e+01	   1.1127367e+01	   1.0959728e+01	   1.0436972e+01	   1.0057166e+01	   9.8054571e+00	   9.2539237e+00	   8.8789688e+00	   8.4682036e+00	
   0.0000000e+00	   0.0000000e+00	   0.0000000e+00	   0.0000000e+00	   0.0000000e+00	   0.0000000e+00	             NaN	             NaN	             NaN	             NaN	             NaN	             NaN	   1.5441681e+01	   1.4750977e+01	   1.4207088e+01	   1.3410207e+01	   1.3079002e+01	   1.2414656e+01	   1.2076284e+01	   1.1964683e+01	   1.1637604e+01	   1.1524338e+01	   1.1063164e+01	   1.1039048e+01	   1.0840713e+01	   1.0662165e+01	   1.0479332e+01	   1.0157587e+01	   9.8310467e+00	   9.3611844e+00	   9.0618957e+00	   8.7029613e+00	   8.2524806e+00	
   0.0000000e+00	   0.0000000e+00	   0.0000000e+00	   0.0000000e+00	   0.0000000e+00	   0.0000000e+00	   0.0000000e+00	             NaN	             NaN	             NaN	             NaN	             NaN	   1.4894176e+01	   1.4280694e+01	   1.3602871e+01	   1.2990269e+01	   1.2634746e+01	   1.2285955e+01	   1.1814775e+01	   1.1555461e+01	   1.1468367e+01	   1.0919758e+01	   1.0969625e+01	   1.0574061e+01	   1.0650398e+01	   1.0507710e+01	   1.0273873e+01	   9.8099224e+00	   9.4133804e+00	   8.9951708e+00	   8.7824898e+00	   8.4000634e+00	   7.9716519e+00	
   0.0000000e+00	   0.0000000e+00	   0.0000000e+00	   0.0000000e+00	   0.0000000e+00	   0.0000000e+00	   0.0000000e+00	             NaN	             NaN	             NaN	             NaN	             NaN	   1.4448090e+01	   1.3949463e+01	   1.3167739e+01	   1.2476818e+01	   1.2210009e+01	   1.1782264e+01	   1.1482669e+01	   1.1273832e+01	   1.0880255e+01	   1.0765456e+01	   1.0362768e+01	   1.0368481e+01	   1.0254436e+01	   1.0087168e+01	   9.8900123e+00	   9.4878041e+00	   9.0662792e+00	   8.7476142e+00	   8.4227207e+00	   8.0485283e+00	   7.6997879e+00	
   0.0000000e+00	   0.0000000e+00	   0.0000000e+00	   0.0000000e+00	   0.0000000e+00	   0.0000000e+00	   0.0000000e+00	             NaN	             NaN	             NaN	             NaN	             NaN	   1.3968232e+01	   1.3461092e+01	   1.2952570e+01	   1.2248466e+01	   1.1870509e+01	   1.1391097e+01	   1.1051877e+01	   1.0891289e+01	   1.0596259e+01	   1.0359014e+01	   1.0267977e+01	   1.0047790e+01	   9.8825955e+00	   9.7762072e+00	   9.5255644e+00	   9.2886878e+00	   8.9234105e+00	   8.4898599e+00	   8.1412552e+00	   7.8863395e+00	   7.5124896e+00	
   0.0000000e+00	   0.0000000e+00	   0.0000000e+00	   0.0000000e+00	   0.0000000e+00	   0.0000000e+00	   0.0000000e+00	             NaN	             NaN	             NaN	             NaN	             NaN	             NaN	   1.3210762e+01	   1.2556603e+01	   1.2089241e+01	   1.1549898e+01	   1.1082201e+01	   1.0751431e+01	   1.0495511e+01	   1.0404658e+01	   1.0056009e+01	   9.7388691e+00	   9.6278373e+00	   9.4773185e+00	   9.4856540e+00	   9.2750690e+00	   8.9891473e+00	   8.6267719e+00	   8.2454433e+00	   7.9715507e+00	   7.5505973e+00	   7.2464873e+00	
   0.0000000e+00	   0.0000000e+00	   0.0000000e+00	   0.0000000e+00	   0.0000000e+00	   0.0000000e+00	   0.0000000e+00	             NaN	             NaN	             NaN	             NaN	             NaN	             NaN	   1.2895305e+01	   1.2069662e+01	   1.1490799e+01	   1.1265152e+01	   1.0933557e+01	   1.0294680e+01	   1.0200067e+01	   9.9327884e+00	   9.6934328e+00	   9.5482883e+00	   9.3910695e+00	   9.2487594e+00	   9.0579440e+00	   8.9327929e+00	   8.7261490e+00	   8.3095991e+00	   8.0372767e+00	   7.7655600e+00	   7.3025528e+00	   7.1085183e+00	
   0.0000000e+00	   0.0000000e+00	   0.0000000e+00	   0.0000000e+00	   0.0000000e+00	   0.0000000e+00	   0.0000000e+00	   0.0000000e+00	             NaN	             NaN	             NaN	             NaN	             NaN	   1.2558970e+01	   1.1551322e+01	   1.1139402e+01	   1.0725859e+01	   1.0468003e+01	   1.0172263e+01	   9.6976829e+00	   9.6028667e+00	   9.3508630e+00	   9.1294951e+00	   9.0270990e+00	   8.8555217e+00	   8.7358631e+00	   8.6001890e+00	   8.3057534e+00	   8.0579231e+00	   7.7191160e+00	   7.4142736e+00	   7.0765246e+00	   6.7915562e+00	
   0.0000000e+00	   0.0000000e+00	   0.0000000e+00	   0.0000000e+00	   0.0000000e+00	   0.0000000e+00	   0.0000000e+00	   0.0000000e+00	             NaN	             NaN	             NaN	             NaN	             NaN	   1.2040724e+01	   1.1605035e+01	   1.0961380e+01	   1.0580798e+01	   9.9704965e+00	   9.8854613e+00	   9.4910959e+00	   9.3344348e+00	   9.2237713e+00	   8.9225541e+00	   8.8173622e+00	   8.5610126e+00	   8.5611184e+00	   8.3942429e+00	   8.0038807e+00	   7.9126616e+00	   7.4696925e+00	   7.2314511e+00	   6.9187715e+00	   6.6162888e+00	
   0.0000000e+00	   0.0000000e+00	   0.0000000e+00	   0.0000000e+00	   0.0000000e+00	   0.0000000e+00	   0.0000000e+00	   0.0000000e+00	             NaN	             NaN	             NaN	             NaN	             NaN	   1.1746371e+01	   1.1093379e+01	   1.0646613e+01	   1.0147392e+01	   9.8207267e+00	   9.4176534e+00	   9.3769974e+00	   9.0964695e+00	   8.9689578e+00	   8.7167859e+00	   8.4151760e+00	   8.3701436e+00	   8.2128180e+00	   8.0599682e+00	   8.0552146e+00	   7.4460161e+00	   7.2618714e+00	   6.8934212e+00	   6.6348604e+00	   6.3834508e+00	
   0.0000000e+00	   0.0000000e+00	   0.0000000e+00	   0.0000000e+00	   0.0000000e+00	   0.0000000e+00	   0.0000000e+00	   0.0000000e+00	             NaN	             NaN	             NaN	             NaN	             NaN	             NaN	   1.0797042e+01	   1.0292221e+01	   9.8599916e+00	   9.4680037e+00	   9.3122268e+00	   9.1051624e+00	   8.8538673e+00	   8.6138632e+00	   8.3637978e+00	   8.0831451e+00	   8.0499121e+00	   8.0355210e+00	   7.7964734e+00	   7.6064822e+00	   7.3537081e+00	   6.9955776e+00	   6.5829757e+00	   6.5604235e+00	   6.2275868e+00	
   0.0000000e+00	   0.0000000e+00	   0.0000000e+00	   0.0000000e+00	   0.0000000e+00	   0.0000000e+00	   0.0000000e+00	   0.0000000e+00	             NaN	             NaN	             NaN	             NaN	             NaN	             NaN	   1.0546232e+01	   1.0048851e+01	   9.4928115e+00	   9.1332463e+00	   8.9596926e+00	   8.7717439e+00	   8.4584455e+00	   8.1954219e+00	   8.1725517e+00	   7.9199500e+00	   7.8094813e+00	   7.7223428e+00	   7.6933409e+00	   7.3807849e+00	   7.0537299e+00	   6.7305663e+00	   6.4935366e+00	   6.3417316e+00	   6.0215273e+00	
   0.0000000e+00	   0.0000000e+00	   0.0000000e+00	   0.0000000e+00	   0.0000000e+00	   0.0000000e+00	   0.0000000e+00	   0.0000000e+00	   0.0000000e+00	             NaN	             NaN	             NaN	             NaN	             NaN	   1.0158076e+01	   9.5252836e+00	   9.2736897e+00	   8.8536377e+00	   8.6236050e+00	   8.6278924e+00	   8.0976660e+00	   7.9741328e+00	   7.8110713e+00	   7.6395099e+00	   7.5675925e+00	   7.4991962e+00	   7.3037219e+00	   7.0970032e+00	   6.7860109e+00	   6.5588988e+00	   6.2248780e+00	   6.0907515e+00	   5.7843227e+00	
   0.0000000e+00	   0.0000000e+00	   0.0000000e+00	   0.0000000e+00	   0.0000000e+00	   0.0000000e+00	   0.0000000e+00	   0.0000000e+00	   0.0000000e+00	             NaN	             NaN	             NaN	             NaN	             NaN	   9.9114786e+00	   9.3116731e+00	   8.9333590e+00	   8.6564230e+00	   8.3075543e+00	   8.1903224e+00	   7.9709078e+00	   7.7586987e+00	   7.6291214e+00	   7.5435714e+00	   7.4281911e+00	   7.2961707e+00	   7.0047862e+00	   6.8056541e+00	   6.6559059e+00	   6.3231504e+00	   6.0898815e+00	   5.7844814e+00	   5.7299963e+00	
   0.0000000e+00	   0.0000000e+00	   0.0000000e+00	   0.0000000e+00	   0.0000000e+00	   0.0000000e+00	   0.0000000e+00	   0.0000000e+00	   0.0000000e+00	             NaN	             NaN	             NaN	             NaN	             NaN	   9.5622618e+00	   9.2079014e+00	   8.8825999e+00	   8.4235412e+00	   8.2161338e+00	   7.9065295e+00	   7.8010830e+00	   7.5222606e+00	   7.2489633e+00	   7.2623521e+00	   7.1734073e+00	   7.0834594e+00	   6.9279454e+00	   6.5138714e+00	   6.4988730e+00	   6.2252612e+00	   5.8279433e+00	   5.6169010e+00	   5.4606343e+00	
   0.0000000e+00	   0.0000000e+00	   0.0000000e+00	   0.0000000e+00	   0.0000000e+00	   0.0000000e+00	   0.0000000e+00	   0.0000000e+00	   0.0000000e+00	             NaN	             NaN	             NaN	             NaN	             NaN	             NaN	   8.7987724e+00	   8.4791040e+00	   8.1938892e+00	   7.8699073e+00	   7.7505965e+00	   7.5459609e+00	   7.1878206e+00	   7.0969386e+00	   7.0536135e+00	   6.8965234e+00	   6.6381564e+00	   6.5922525e+00	   6.3057019e+00	   6.2045913e+00	   5.9826900e+00	   5.6674193e+00	   5.4998224e+00	   5.2928921e+00	
   0.0000000e+00	   0.0000000e+00	   0.0000000e+00	   0.0000000e+00	   0.0000000e+00	   0.0000000e+00	   0.0000000e+00	   0.0000000e+00	   0.0000000e+00	             NaN	             NaN	             NaN	             NaN	             NaN	             NaN	   8.4752133e+00	   8.0422108e+00	   7.9429648e+00	   7.6791838e+00	   7.3998151e+00	   7.2416010e+00	   7.1278057e+00	   6.8753766e+00	   6.8666386e+00	   6.6839776e+00	   6.4450738e+00	   6.4618188e+00	   6.0571728e+00	   5.9678068e+00	   5.8183523e+00	   5.5607422e+00	   5.3209313e+00	   5.0954341e+00	
   0.0000000e+00	   0.0000000e+00	   0.0000000e+00	   0.0000000e+00	   0.0000000e+00	   0.0000000e+00	   0.0000000e+00	   0.0000000e+00	   0.0000000e+00	   0.0000000e+00	             NaN	             NaN	             NaN	             NaN	             NaN	   8.4180806e+00	   8.1167884e+00	   7.6784693e+00	   7.3654990e+00	   7.1848270e+00	   7.0323117e+00	   6.8701856e+00	   6.6074741e+00	   6.4358339e+00	   6.4711476e+00	   6.3059120e+00	   6.2466869e+00	   5.9572808e+00	   5.7264817e+00	   5.7253817e+00	   5.3279927e+00	   5.0874028e+00	   4.8692746e+00	
