  -9.0979713e+00	  -1.1382025e+01	  -8.1367758e+00	             NaN	             NaN	             NaN	             NaN	             NaN	             NaN	             NaN	             NaN	             NaN	             NaN	             NaN	   0.0000000e+00	   0.0000000e+00	   0.0000000e+00	   0.0000000e+00	   0.0000000e+00	   0.0000000e+00	   0.0000000e+00	   0.0000000e+00	   0.0000000e+00	   0.0000000e+00	   0.0000000e+00	   0.0000000e+00	   0.0000000e+00	   0.0000000e+00	   0.0000000e+00	   0.0000000e+00	   0.0000000e+00	   0.0000000e+00	   0.0000000e+00	
  -8.7907673e+00	  -7.3635819e+00	  -7.1846705e+00	             NaN	             NaN	             NaN	             NaN	             NaN	             NaN	             NaN	             NaN	             NaN	             NaN	             NaN	   0.0000000e+00	   0.0000000e+00	   0.0000000e+00	   0.0000000e+00	   0.0000000e+00	   0.0000000e+00	   0.0000000e+00	   0.0000000e+00	   0.0000000e+00	   0.0000000e+00	   0.0000000e+00	   0.0000000e+00	   0.0000000e+00	   0.0000000e+00	   0.0000000e+00	   0.0000000e+00	   0.0000000e+00	   0.0000000e+00	   0.0000000e+00	
  -6.5005322e+00	  -7.2557167e+00	  -5.2421382e+00	             NaN	             NaN	             NaN	             NaN	             NaN	             NaN	             NaN	             NaN	             NaN	             NaN	             NaN	   0.0000000e+00	   0.0000000e+00	   0.0000000e+00	   0.0000000e+00	   0.0000000e+00	   0.0000000e+00	   0.0000000e+00	   0.0000000e+00	   0.0000000e+00	   0.0000000e+00	   0.0000000e+00	   0.0000000e+00	   0.0000000e+00	   0.0000000e+00	   0.0000000e+00	   0.0000000e+00	   0.0000000e+00	   0.0000000e+00	   0.0000000e+00	
  -3.0037734e+00	  -5.6959562e+00	  -2.5244194e+00	   2.3333549e+00	             NaN	             NaN	             NaN	             NaN	             NaN	             NaN	             NaN	             NaN	             NaN	             NaN	             NaN	   0.0000000e+00	   0.0000000e+00	   0.0000000e+00	   0.0000000e+00	   0.0000000e+00	   0.0000000e+00	   0.0000000e+00	   0.0000000e+00	   0.0000000e+00	   0.0000000e+00	   0.0000000e+00	   0.0000000e+00	   0.0000000e+00	   0.0000000e+00	   0.0000000e+00	   0.0000000e+00	   0.0000000e+00	   0.0000000e+00	
  -1.5700699e+00	  -3.9750014e+00	   2.1926923e-01	   3.1584793e+00	             NaN	             NaN	             NaN	             NaN	             NaN	             NaN	             NaN	             NaN	             NaN	             NaN	             NaN	   0.0000000e+00	   0.0000000e+00	   0.0000000e+00	   0.0000000e+00	   0.0000000e+00	   0.0000000e+00	   0.0000000e+00	   0.0000000e+00	   0.0000000e+00	   0.0000000e+00	   0.0000000e+00	   0.0000000e+00	   0.0000000e+00	   0.0000000e+00	   0.0000000e+00	   0.0000000e+00	   0.0000000e+00	   0.0000000e+00	
   2.7285106e-01	  -8.3831566e-01	   4.2248487e-01	   4.5548244e+00	   8.5730932e+00	             NaN	             NaN	             NaN	             NaN	             NaN	             NaN	             NaN	             NaN	             NaN	             NaN	             NaN	   0.0000000e+00	   0.0000000e+00	   0.0000000e+00	   0.0000000e+00	   0.0000000e+00	   0.0000000e+00	   0.0000000e+00	   0.0000000e+00	   0.0000000e+00	   0.0000000e+00	   0.0000000e+00	   0.0000000e+00	   0.0000000e+00	   0.0000000e+00	   0.0000000e+00	   0.0000000e+00	   0.0000000e+00	
  -2.2345919e-01	   5.2215749e-02	   1.7480888e+00	   4.9189575e+00	   9.2915245e+00	             NaN	             NaN	             NaN	             NaN	             NaN	             NaN	             NaN	             NaN	             NaN	             NaN	             NaN	   0.0000000e+00	   0.0000000e+00	   0.0000000e+00	   0.0000000e+00	   0.0000000e+00	   0.0000000e+00	   0.0000000e+00	   0.0000000e+00	   0.0000000e+00	   0.0000000e+00	   0.0000000e+00	   0.0000000e+00	   0.0000000e+00	   0.0000000e+00	   0.0000000e+00	   0.0000000e+00	   0.0000000e+00	
   1.2269650e+00	   1.2560927e+00	   2.0765015e+00	   6.2393747e+00	   1.0291066e+01	             NaN	             NaN	             NaN	             NaN	             NaN	             NaN	             NaN	             NaN	             NaN	             NaN	             NaN	   0.0000000e+00	   0.0000000e+00	   0.0000000e+00	   0.0000000e+00	   0.0000000e+00	   0.0000000e+00	   0.0000000e+00	   0.0000000e+00	   0.0000000e+00	   0.0000000e+00	   0.0000000e+00	   0.0000000e+00	   0.0000000e+00	   0.0000000e+00	   0.0000000e+00	   0.0000000e+00	   0.0000000e+00	
   3.3868565e+00	   1.6559658e+00	   3.3274321e+00	   6.6395890e+00	   9.7549065e+00	   1.2740005e+01	             NaN	             NaN	             NaN	             NaN	             NaN	             NaN	             NaN	             NaN	             NaN	             NaN	             NaN	   0.0000000e+00	   0.0000000e+00	   0.0000000e+00	   0.0000000e+00	   0.0000000e+00	   0.0000000e+00	   0.0000000e+00	   0.0000000e+00	   0.0000000e+00	   0.0000000e+00	   0.0000000e+00	   0.0000000e+00	   0.0000000e+00	   0.0000000e+00	   0.0000000e+00	   0.0000000e+00	
   3.6288838e+00	   2.8540572e+00	   3.6520587e+00	   6.6889615e+00	   1.0231649e+01	   1.3199231e+01	             NaN	             NaN	             NaN	             NaN	             NaN	             NaN	             NaN	             NaN	             NaN	             NaN	             NaN	   0.0000000e+00	   0.0000000e+00	   0.0000000e+00	   0.0000000e+00	   0.0000000e+00	   0.0000000e+00	   0.0000000e+00	   0.0000000e+00	   0.0000000e+00	   0.0000000e+00	   0.0000000e+00	   0.0000000e+00	   0.0000000e+00	   0.0000000e+00	   0.0000000e+00	   0.0000000e+00	
   2.8164788e+00	   3.3450328e+00	   4.7862226e+00	   7.6241327e+00	   1.0498282e+01	   1.3024443e+01	   1.4629450e+01	             NaN	             NaN	             NaN	             NaN	             NaN	             NaN	             NaN	             NaN	             NaN	             NaN	             NaN	   0.0000000e+00	   0.0000000e+00	   0.0000000e+00	   0.0000000e+00	   0.0000000e+00	   0.0000000e+00	   0.0000000e+00	   0.0000000e+00	   0.0000000e+00	   0.0000000e+00	   0.0000000e+00	   0.0000000e+00	   0.0000000e+00	   0.0000000e+00	   0.0000000e+00	
   4.2323200e+00	   4.2667509e+00	   5.5609723e+00	   7.9613515e+00	   1.0308973e+01	   1.2763638e+01	   1.4430523e+01	             NaN	             NaN	             NaN	             NaN	             NaN	             NaN	             NaN	             NaN	             NaN	             NaN	             NaN	   0.0000000e+00	   0.0000000e+00	   0.0000000e+00	   0.0000000e+00	   0.0000000e+00	   0.0000000e+00	   0.0000000e+00	   0.0000000e+00	   0.0000000e+00	   0.0000000e+00	   0.0000000e+00	   0.0000000e+00	   0.0000000e+00	   0.0000000e+00	   0.0000000e+00	
   4.2410736e+00	   5.9692351e+00	   6.6124314e+00	   8.7719762e+00	   1.0764253e+01	   1.3383259e+01	   1.5451165e+01	             NaN	             NaN	             NaN	             NaN	             NaN	             NaN	             NaN	             NaN	             NaN	             NaN	             NaN	   0.0000000e+00	   0.0000000e+00	   0.0000000e+00	   0.0000000e+00	   0.0000000e+00	   0.0000000e+00	   0.0000000e+00	   0.0000000e+00	   0.0000000e+00	   0.0000000e+00	   0.0000000e+00	   0.0000000e+00	   0.0000000e+00	   0.0000000e+00	   0.0000000e+00	
   6.6336926e+00	   5.6492929e+00	   7.3362205e+00	   8.9717040e+00	   1.1691097e+01	   1.3244953e+01	   1.4765130e+01	   1.5251351e+01	             NaN	             NaN	             NaN	             NaN	             NaN	             NaN	             NaN	             NaN	             NaN	             NaN	             NaN	   0.0000000e+00	   0.0000000e+00	   0.0000000e+00	   0.0000000e+00	   0.0000000e+00	   0.0000000e+00	   0.0000000e+00	   0.0000000e+00	   0.0000000e+00	   0.0000000e+00	   0.0000000e+00	   0.0000000e+00	   0.0000000e+00	   0.0000000e+00	
   6.7336467e+00	   6.6598857e+00	   7.8386845e+00	   9.5785287e+00	   1.1411307e+01	   1.3084452e+01	   1.5136432e+01	   1.5491294e+01	             NaN	             NaN	             NaN	             NaN	             NaN	             NaN	             NaN	             NaN	             NaN	             NaN	             NaN	   0.0000000e+00	   0.0000000e+00	   0.0000000e+00	   0.0000000e+00	   0.0000000e+00	   0.0000000e+00	   0.0000000e+00	   0.0000000e+00	   0.0000000e+00	   0.0000000e+00	   0.0000000e+00	   0.0000000e+00	   0.0000000e+00	   0.0000000e+00	
   6.0312951e+00	   7.0878622e+00	   8.0499832e+00	   9.7421147e+00	   1.1738642e+01	   1.3366857e+01	   1.4972092e+01	   1.5184192e+01	   1.4120810e+01	             NaN	             NaN	             NaN	             NaN	             NaN	             NaN	             NaN	             NaN	             NaN	             NaN	             NaN	   0.0000000e+00	   0.0000000e+00	   0.0000000e+00	   0.0000000e+00	   0.0000000e+00	   0.0000000e+00	   0.0000000e+00	   0.0000000e+00	   0.0000000e+00	   0.0000000e+00	   0.0000000e+00	   0.0000000e+00	   0.0000000e+00	
   6.5381631e+00	   7.1021467e+00	   8.4061506e+00	   1.0271768e+01	   1.1727288e+01	   1.3919732e+01	   1.4939762e+01	   1.5573926e+01	   1.4869010e+01	             NaN	             NaN	             NaN	             NaN	             NaN	             NaN	             NaN	             NaN	             NaN	             NaN	             NaN	   0.0000000e+00	   0.0000000e+00	   0.0000000e+00	   0.0000000e+00	   0.0000000e+00	   0.0000000e+00	   0.0000000e+00	   0.0000000e+00	   0.0000000e+00	   0.0000000e+00	   0.0000000e+00	   0.0000000e+00	   0.0000000e+00	
   8.3692887e+00	   8.1060094e+00	   9.4707662e+00	   1.0533216e+01	   1.2344822e+01	   1.3920443e+01	   1.5134133e+01	   1.5668771e+01	   1.5394302e+01	             NaN	             NaN	             NaN	             NaN	             NaN	             NaN	             NaN	             NaN	             NaN	             NaN	             NaN	   0.0000000e+00	   0.0000000e+00	   0.0000000e+00	   0.0000000e+00	   0.0000000e+00	   0.0000000e+00	   0.0000000e+00	   0.0000000e+00	   0.0000000e+00	   0.0000000e+00	   0.0000000e+00	   0.0000000e+00	   0.0000000e+00	
   8.8331184e+00	   9.1563392e+00	   9.1505279e+00	   1.1337216e+01	   1.2227709e+01	   1.3820163e+01	   1.5163402e+01	   1.5865427e+01	   1.5114800e+01	   1.4096256e+01	             NaN	             NaN	             NaN	             NaN	             NaN	             NaN	             NaN	             NaN	             NaN	             NaN	             NaN	   0.0000000e+00	   0.0000000e+00	   0.0000000e+00	   0.0000000e+00	   0.0000000e+00	   0.0000000e+00	   0.0000000e+00	   0.0000000e+00	   0.0000000e+00	   0.0000000e+00	   0.0000000e+00	   0.0000000e+00	
   8.6888797e+00	   9.9819997e+00	   1.0066715e+01	   1.1648900e+01	   1.3140547e+01	   1.4326560e+01	   1.5381207e+01	   1.5926159e+01	   1.5810426e+01	   1.4560231e+01	             NaN	             NaN	             NaN	             NaN	             NaN	             NaN	             NaN	             NaN	             NaN	             NaN	             NaN	   0.0000000e+00	   0.0000000e+00	   0.0000000e+00	   0.0000000e+00	   0.0000000e+00	   0.0000000e+00	   0.0000000e+00	   0.0000000e+00	   0.0000000e+00	   0.0000000e+00	   0.0000000e+00	   0.0000000e+00	
   9.5275004e+00	   9.6549408e+00	   1.0338720e+01	   1.1971992e+01	   1.3299321e+01	   1.4205654e+01	   1.5662302e+01	   1.6345501e+01	   1.5939994e+01	   1.4913996e+01	   1.2419924e+01	             NaN	             NaN	             NaN	             NaN	             NaN	             NaN	             NaN	             NaN	             NaN	             NaN	             NaN	   0.0000000e+00	   0.0000000e+00	   0.0000000e+00	   0.0000000e+00	   0.0000000e+00	   0.0000000e+00	   0.0000000e+00	   0.0000000e+00	   0.0000000e+00	   0.0000000e+00	   0.0000000e+00	
   9.8815490e+00	   9.5813792e+00	   1.0685615e+01	   1.1965462e+01	   1.3433712e+01	   1.4624819e+01	   1.5667977e+01	   1.6361172e+01	   1.6335614e+01	   1.5504152e+01	   1.3370933e+01	             NaN	             NaN	             NaN	             NaN	             NaN	             NaN	             NaN	             NaN	             NaN	             NaN	             NaN	   0.0000000e+00	   0.0000000e+00	   0.0000000e+00	   0.0000000e+00	   0.0000000e+00	   0.0000000e+00	   0.0000000e+00	   0.0000000e+00	   0.0000000e+00	   0.0000000e+00	   0.0000000e+00	
   1.1636465e+01	   1.0266406e+01	   1.1511821e+01	   1.1800350e+01	   1.3532951e+01	   1.4566395e+01	   1.6013637e+01	   1.6478180e+01	   1.6573212e+01	   1.5889115e+01	   1.3901253e+01	             NaN	             NaN	             NaN	             NaN	             NaN	             NaN	             NaN	             NaN	             NaN	             NaN	             NaN	   0.0000000e+00	   0.0000000e+00	   0.0000000e+00	   0.0000000e+00	   0.0000000e+00	   0.0000000e+00	   0.0000000e+00	   0.0000000e+00	   0.0000000e+00	   0.0000000e+00	   0.0000000e+00	
   1.1798597e+01	   1.0876789e+01	   1.2327583e+01	   1.2999834e+01	   1.3861094e+01	   1.4941903e+01	   1.5839670e+01	   1.6413879e+01	   1.6857594e+01	   1.6311154e+01	   1.4703579e+01	   1.1587272e+01	             NaN	             NaN	             NaN	             NaN	             NaN	             NaN	             NaN	             NaN	             NaN	             NaN	             NaN	   0.0000000e+00	   0.0000000e+00	   0.0000000e+00	   0.0000000e+00	   0.0000000e+00	   0.0000000e+00	   0.0000000e+00	   0.0000000e+00	   0.0000000e+00	   0.0000000e+00	
   1.1890018e+01	   1.1656226e+01	   1.2338372e+01	   1.4129942e+01	   1.4150428e+01	   1.5408305e+01	   1.5958705e+01	   1.6988215e+01	   1.7131824e+01	   1.6502555e+01	   1.4990842e+01	   1.2623016e+01	             NaN	             NaN	             NaN	             NaN	             NaN	             NaN	             NaN	             NaN	             NaN	             NaN	             NaN	   0.0000000e+00	   0.0000000e+00	   0.0000000e+00	   0.0000000e+00	   0.0000000e+00	   0.0000000e+00	   0.0000000e+00	   0.0000000e+00	   0.0000000e+00	   0.0000000e+00	
   1.3059246e+01	   1.3013058e+01	   1.3354386e+01	   1.3736158e+01	   1.4717631e+01	   1.5198784e+01	   1.6479505e+01	   1.7137926e+01	   1.7555163e+01	   1.6868591e+01	   1.5692710e+01	   1.3244321e+01	   1.0314330e+01	             NaN	             NaN	             NaN	             NaN	             NaN	             NaN	             NaN	             NaN	             NaN	             NaN	             NaN	   0.0000000e+00	   0.0000000e+00	   0.0000000e+00	   0.0000000e+00	   0.0000000e+00	   0.0000000e+00	   0.0000000e+00	   0.0000000e+00	   0.0000000e+00	
   1.4330713e+01	   1.3387729e+01	   1.3738957e+01	   1.4425237e+01	   1.5017537e+01	   1.5637304e+01	   1.6463463e+01	   1.6781506e+01	   1.7851329e+01	   1.7485055e+01	   1.5844706e+01	   1.3731886e+01	   1.1245391e+01	             NaN	             NaN	             NaN	             NaN	             NaN	             NaN	             NaN	             NaN	             NaN	             NaN	             NaN	   0.0000000e+00	   0.0000000e+00	   0.0000000e+00	   0.0000000e+00	   0.0000000e+00	   0.0000000e+00	   0.0000000e+00	   0.0000000e+00	   0.0000000e+00	
   1.3551899e+01	   1.4523890e+01	   1.4295914e+01	   1.5213387e+01	   1.5297837e+01	   1.5723616e+01	   1.6622327e+01	   1.7627644e+01	   1.8100921e+01	   1.7473790e+01	   1.6602120e+01	   1.4509273e+01	   1.2214958e+01	             NaN	             NaN	             NaN	             NaN	             NaN	             NaN	             NaN	             NaN	             NaN	             NaN	             NaN	   0.0000000e+00	   0.0000000e+00	   0.0000000e+00	   0.0000000e+00	   0.0000000e+00	   0.0000000e+00	   0.0000000e+00	   0.0000000e+00	   0.0000000e+00	
   1.4738708e+01	   1.4236393e+01	   1.5488837e+01	   1.4810652e+01	   1.5666734e+01	   1.6063229e+01	   1.6637757e+01	   1.7523064e+01	   1.8045510e+01	   1.7839233e+01	   1.6956521e+01	   1.5237247e+01	   1.3434033e+01	   1.0644832e+01	             NaN	             NaN	             NaN	             NaN	             NaN	             NaN	             NaN	             NaN	             NaN	             NaN	             NaN	   0.0000000e+00	   0.0000000e+00	   0.0000000e+00	   0.0000000e+00	   0.0000000e+00	   0.0000000e+00	   0.0000000e+00	   0.0000000e+00	
   1.5161985e+01	   1.5547252e+01	   1.6192072e+01	   1.6032976e+01	   1.5571224e+01	   1.6361474e+01	   1.7139999e+01	   1.7638486e+01	   1.7968167e+01	   1.8241888e+01	   1.7400252e+01	   1.5744173e+01	   1.4233943e+01	   1.2135278e+01	             NaN	             NaN	             NaN	             NaN	             NaN	             NaN	             NaN	             NaN	             NaN	             NaN	             NaN	   0.0000000e+00	   0.0000000e+00	   0.0000000e+00	   0.0000000e+00	   0.0000000e+00	   0.0000000e+00	   0.0000000e+00	   0.0000000e+00	
   1.5756370e+01	   1.5972662e+01	   1.6240498e+01	   1.6906602e+01	   1.6221002e+01	   1.6384141e+01	   1.7134065e+01	   1.7679047e+01	   1.8685553e+01	   1.8452204e+01	   1.7700930e+01	   1.6205553e+01	   1.4708172e+01	   1.3046561e+01	   1.0424500e+01	             NaN	             NaN	             NaN	             NaN	             NaN	             NaN	             NaN	             NaN	             NaN	             NaN	             NaN	   0.0000000e+00	   0.0000000e+00	   0.0000000e+00	   0.0000000e+00	   0.0000000e+00	   0.0000000e+00	   0.0000000e+00	
   1.7635561e+01	   1.6957572e+01	   1.7222278e+01	   1.7472459e+01	   1.7168857e+01	   1.7052737e+01	   1.8023190e+01	   1.8381689e+01	   1.8746777e+01	   1.9076450e+01	   1.8609047e+01	   1.7246731e+01	   1.5940689e+01	   1.4392878e+01	   1.2049097e+01	             NaN	             NaN	             NaN	             NaN	             NaN	             NaN	             NaN	             NaN	             NaN	             NaN	             NaN	   0.0000000e+00	   0.0000000e+00	   0.0000000e+00	   0.0000000e+00	   0.0000000e+00	   0.0000000e+00	   0.0000000e+00	
   1.6994735e+01	   1.8892994e+01	   1.8700682e+01	   1.9276359e+01	   1.8087178e+01	   1.8061942e+01	   1.8607736e+01	   1.8784465e+01	   1.9428621e+01	   1.9787073e+01	   1.9357174e+01	   1.8252319e+01	   1.6936453e+01	   1.5932157e+01	   1.3917834e+01	             NaN	             NaN	             NaN	             NaN	             NaN	             NaN	             NaN	             NaN	             NaN	             NaN	             NaN	   0.0000000e+00	   0.0000000e+00	   0.0000000e+00	   0.0000000e+00	   0.0000000e+00	   0.0000000e+00	   0.0000000e+00	
   1.7354392e+01	   1.8552415e+01	   1.9717945e+01	   2.0058300e+01	   1.9540046e+01	   1.9308111e+01	   1.9531199e+01	   1.9917891e+01	   2.0235901e+01	   2.0303097e+01	   2.0468218e+01	   1.9198190e+01	   1.8143444e+01	   1.7058208e+01	   1.5772530e+01	   1.2639452e+01	             NaN	             NaN	             NaN	             NaN	             NaN	             NaN	             NaN	             NaN	             NaN	             NaN	             NaN	   0.0000000e+00	   0.0000000e+00	   0.0000000e+00	   0.0000000e+00	   0.0000000e+00	   0.0000000e+00	
   1.8201668e+01	   1.8874283e+01	   2.0799251e+01	   2.1643447e+01	   2.0497330e+01	   1.9529541e+01	   1.9733886e+01	   2.0389103e+01	   2.0686769e+01	   2.1037816e+01	   2.0699595e+01	   2.0127415e+01	   1.9170386e+01	   1.8327744e+01	   1.6711021e+01	   1.4698041e+01	             NaN	             NaN	             NaN	             NaN	             NaN	             NaN	             NaN	             NaN	             NaN	             NaN	             NaN	   0.0000000e+00	   0.0000000e+00	   0.0000000e+00	   0.0000000e+00	   0.0000000e+00	   0.0000000e+00	
   1.7262909e+01	   2.0993315e+01	   2.1615399e+01	   2.1908691e+01	   2.1045040e+01	   2.0085405e+01	   2.0724347e+01	   2.0998078e+01	   2.1126722e+01	   2.1452516e+01	   2.1565623e+01	   2.0769812e+01	   2.0359351e+01	   1.9331260e+01	   1.8153761e+01	   1.6461017e+01	   1.3152079e+01	             NaN	             NaN	             NaN	             NaN	             NaN	             NaN	             NaN	             NaN	             NaN	             NaN	             NaN	   0.0000000e+00	   0.0000000e+00	   0.0000000e+00	   0.0000000e+00	   0.0000000e+00	
   1.9417383e+01	   2.0670003e+01	   2.2975625e+01	   2.3715928e+01	   2.2079304e+01	   2.1109210e+01	   2.1123686e+01	   2.1416819e+01	   2.1652173e+01	   2.2052670e+01	   2.2318843e+01	   2.1744929e+01	   2.1092905e+01	   2.0362440e+01	   1.9243703e+01	   1.7544369e+01	   1.4710372e+01	             NaN	             NaN	             NaN	             NaN	             NaN	             NaN	             NaN	             NaN	             NaN	             NaN	             NaN	   0.0000000e+00	   0.0000000e+00	   0.0000000e+00	   0.0000000e+00	   0.0000000e+00	
   2.1223442e+01	   2.1652316e+01	   2.3881852e+01	   2.3814649e+01	   2.2921305e+01	   2.2369049e+01	   2.1955834e+01	   2.1858479e+01	   2.2460906e+01	   2.2639715e+01	   2.3169079e+01	   2.2455852e+01	   2.2039410e+01	   2.1396203e+01	   2.0488699e+01	   1.8849912e+01	   1.6366562e+01	             NaN	             NaN	             NaN	             NaN	             NaN	             NaN	             NaN	             NaN	             NaN	             NaN	             NaN	   0.0000000e+00	   0.0000000e+00	   0.0000000e+00	   0.0000000e+00	   0.0000000e+00	
   2.0712414e+01	   2.3419470e+01	   2.4908820e+01	   2.5287027e+01	   2.4202309e+01	   2.2932857e+01	   2.2667560e+01	   2.2729603e+01	   2.2942649e+01	   2.3534601e+01	   2.3517832e+01	   2.3371089e+01	   2.3278191e+01	   2.2701345e+01	   2.1478873e+01	   1.9995778e+01	   1.7883604e+01	   1.4636814e+01	             NaN	             NaN	             NaN	             NaN	             NaN	             NaN	             NaN	             NaN	             NaN	             NaN	             NaN	   0.0000000e+00	   0.0000000e+00	   0.0000000e+00	   0.0000000e+00	
   2.0752691e+01	   2.3676645e+01	   2.5656546e+01	   2.6450213e+01	   2.5231737e+01	   2.4216531e+01	   2.3520977e+01	   2.3390609e+01	   2.3788878e+01	   2.4273989e+01	   2.4311849e+01	   2.4242699e+01	   2.4019861e+01	   2.3708345e+01	   2.2760163e+01	   2.1197682e+01	   1.9229913e+01	   1.6360860e+01	             NaN	             NaN	             NaN	             NaN	             NaN	             NaN	             NaN	             NaN	             NaN	             NaN	             NaN	   0.0000000e+00	   0.0000000e+00	   0.0000000e+00	   0.0000000e+00	
   2.2159932e+01	   2.3995248e+01	   2.7085042e+01	   2.7018643e+01	   2.6032978e+01	   2.4975630e+01	   2.4497328e+01	   2.4340402e+01	   2.4536455e+01	   2.4558685e+01	   2.5016742e+01	   2.5297638e+01	   2.5174833e+01	   2.4903880e+01	   2.3968137e+01	   2.2537493e+01	   2.0448587e+01	   1.8021057e+01	   1.4568131e+01	             NaN	             NaN	             NaN	             NaN	             NaN	             NaN	             NaN	             NaN	             NaN	             NaN	             NaN	   0.0000000e+00	   0.0000000e+00	   0.0000000e+00	
   2.1999009e+01	   2.4756867e+01	   2.7619135e+01	   2.8125922e+01	   2.7735455e+01	   2.5754323e+01	   2.5136899e+01	   2.4830441e+01	   2.5088098e+01	   2.5558740e+01	   2.5910688e+01	   2.6160146e+01	   2.6172030e+01	   2.5749632e+01	   2.5130838e+01	   2.3718744e+01	   2.1787533e+01	   1.9485441e+01	   1.6102756e+01	             NaN	             NaN	             NaN	             NaN	             NaN	             NaN	             NaN	             NaN	             NaN	             NaN	             NaN	   0.0000000e+00	   0.0000000e+00	   0.0000000e+00	
   2.4745703e+01	   2.5818244e+01	   2.9548495e+01	   3.0314307e+01	   2.8948207e+01	   2.7464719e+01	   2.6409565e+01	   2.5770490e+01	   2.5934700e+01	   2.6375041e+01	   2.7014992e+01	   2.6917400e+01	   2.7109925e+01	   2.7058280e+01	   2.6446357e+01	   2.4860667e+01	   2.3152730e+01	   2.0687380e+01	   1.7749778e+01	             NaN	             NaN	             NaN	             NaN	             NaN	             NaN	             NaN	             NaN	             NaN	             NaN	             NaN	   0.0000000e+00	   0.0000000e+00	   0.0000000e+00	
   2.4195291e+01	   2.7976523e+01	   2.9678581e+01	   3.2177283e+01	   3.0352750e+01	   2.8678989e+01	   2.7037976e+01	   2.6808641e+01	   2.6398149e+01	   2.7239514e+01	   2.7436280e+01	   2.8085673e+01	   2.7940065e+01	   2.8191203e+01	   2.7600472e+01	   2.6226105e+01	   2.4366240e+01	   2.2263773e+01	   1.9082676e+01	   1.6025728e+01	             NaN	             NaN	             NaN	             NaN	             NaN	             NaN	             NaN	             NaN	             NaN	             NaN	             NaN	   0.0000000e+00	   0.0000000e+00	
   2.5996471e+01	   2.7108958e+01	   3.1901505e+01	   3.2674698e+01	   3.1770577e+01	   2.9958210e+01	   2.7943639e+01	   2.7507661e+01	   2.7552614e+01	   2.8015094e+01	   2.8250653e+01	   2.8954249e+01	   2.9554840e+01	   2.9425720e+01	   2.8948232e+01	   2.7554391e+01	   2.5507700e+01	   2.3448856e+01	   2.0822718e+01	   1.7225695e+01	             NaN	             NaN	             NaN	             NaN	             NaN	             NaN	             NaN	             NaN	             NaN	             NaN	             NaN	   0.0000000e+00	   0.0000000e+00	
   2.5758374e+01	   2.9719424e+01	   3.1426593e+01	   3.3751311e+01	   3.2969521e+01	   3.0519374e+01	   2.9448490e+01	   2.8147928e+01	   2.8210718e+01	   2.8749178e+01	   2.9333476e+01	   2.9775767e+01	   3.0175529e+01	   3.0292514e+01	   2.9958379e+01	   2.8863869e+01	   2.6873828e+01	   2.4745996e+01	   2.2260694e+01	   1.8800227e+01	   1.5754438e+01	             NaN	             NaN	             NaN	             NaN	             NaN	             NaN	             NaN	             NaN	             NaN	             NaN	             NaN	   0.0000000e+00	
   2.7538053e+01	   3.1506080e+01	   3.4409393e+01	   3.6241651e+01	   3.5267981e+01	   3.2386219e+01	   3.0620879e+01	   2.9525974e+01	   2.9545896e+01	   2.9778970e+01	   3.0313945e+01	   3.0932686e+01	   3.1525813e+01	   3.1903822e+01	   3.1269463e+01	   2.9971861e+01	   2.8183081e+01	   2.6001621e+01	   2.3591367e+01	   2.0513911e+01	   1.6665786e+01	             NaN	             NaN	             NaN	             NaN	             NaN	             NaN	             NaN	             NaN	             NaN	             NaN	             NaN	   0.0000000e+00	
   2.9379094e+01	   3.3411296e+01	   3.5470645e+01	   3.7379141e+01	   3.6112040e+01	   3.3033093e+01	   3.1679143e+01	   3.0973454e+01	   3.0394406e+01	   3.0678568e+01	   3.1401927e+01	   3.2072579e+01	   3.2751826e+01	   3.3058831e+01	   3.2486885e+01	   3.1341918e+01	   2.9442010e+01	   2.7039942e+01	   2.4864610e+01	   2.2041877e+01	   1.8242189e+01	             NaN	             NaN	             NaN	             NaN	             NaN	             NaN	             NaN	             NaN	             NaN	             NaN	             NaN	   0.0000000e+00	
   2.8315065e+01	   3.4766267e+01	   3.7832825e+01	   3.8831743e+01	   3.7495691e+01	   3.5063643e+01	   3.2898754e+01	   3.1869266e+01	   3.1354576e+01	   3.1460394e+01	   3.2236062e+01	   3.2991195e+01	   3.3867244e+01	   3.4275651e+01	   3.3722732e+01	   3.2575831e+01	   3.0509260e+01	   2.8525503e+01	   2.6106567e+01	   2.3179320e+01	   1.9585252e+01	   1.6494513e+01	             NaN	             NaN	             NaN	             NaN	             NaN	             NaN	             NaN	             NaN	             NaN	             NaN	             NaN	
   3.2196711e+01	   3.6040418e+01	   3.9323824e+01	   4.0327212e+01	   3.9296785e+01	   3.6145307e+01	   3.3896204e+01	   3.3104334e+01	   3.2373417e+01	   3.2640707e+01	   3.3390798e+01	   3.4037602e+01	   3.4929069e+01	   3.5482826e+01	   3.4911442e+01	   3.3686000e+01	   3.1826280e+01	   2.9800895e+01	   2.7201519e+01	   2.4620058e+01	   2.1223681e+01	   1.7743995e+01	             NaN	             NaN	             NaN	             NaN	             NaN	             NaN	             NaN	             NaN	             NaN	             NaN	             NaN	
   3.3488148e+01	   3.7084676e+01	   4.1067710e+01	   4.1827648e+01	   4.0627694e+01	   3.7614943e+01	   3.5161551e+01	   3.3946724e+01	   3.3217865e+01	   3.3315566e+01	   3.4259777e+01	   3.5117001e+01	   3.5774044e+01	   3.6450491e+01	   3.6140697e+01	   3.4968512e+01	   3.2914547e+01	   3.0818007e+01	   2.8348753e+01	   2.5920022e+01	   2.2594224e+01	   1.8705095e+01	   1.5971557e+01	             NaN	             NaN	             NaN	             NaN	             NaN	             NaN	             NaN	             NaN	             NaN	             NaN	
   3.6553148e+01	   3.9809026e+01	   4.2811701e+01	   4.3639248e+01	   4.2535776e+01	   3.9304709e+01	   3.6502731e+01	   3.4943859e+01	   3.4328962e+01	   3.4332765e+01	   3.5079603e+01	   3.6126048e+01	   3.6850453e+01	   3.7529548e+01	   3.7228666e+01	   3.6037684e+01	   3.4234575e+01	   3.2281716e+01	   2.9801841e+01	   2.7214515e+01	   2.4162726e+01	   2.0298938e+01	   1.7096515e+01	             NaN	             NaN	             NaN	             NaN	             NaN	             NaN	             NaN	             NaN	             NaN	             NaN	
   3.9202912e+01	   4.0353898e+01	   4.4489141e+01	   4.6055034e+01	   4.4060906e+01	   4.0845529e+01	   3.7906251e+01	   3.6510452e+01	   3.5204419e+01	   3.5176050e+01	   3.6024853e+01	   3.7015495e+01	   3.8372502e+01	   3.9088484e+01	   3.8552259e+01	   3.7295893e+01	   3.5568772e+01	   3.3368166e+01	   3.0824597e+01	   2.8463899e+01	   2.5436224e+01	   2.1817592e+01	   1.8136403e+01	             NaN	             NaN	             NaN	             NaN	             NaN	             NaN	             NaN	             NaN	             NaN	             NaN	
   4.0632656e+01	   4.4235763e+01	   4.7014170e+01	   4.7606708e+01	   4.6031500e+01	   4.2257199e+01	   3.9103287e+01	   3.7503179e+01	   3.6356824e+01	   3.6471284e+01	   3.6979494e+01	   3.8160746e+01	   3.9029156e+01	   3.9818345e+01	   3.9562264e+01	   3.8593253e+01	   3.6576558e+01	   3.4421328e+01	   3.2000362e+01	   2.9645616e+01	   2.6580693e+01	   2.3453969e+01	   1.9438663e+01	   1.6529667e+01	             NaN	             NaN	             NaN	             NaN	             NaN	             NaN	             NaN	             NaN	             NaN	
   4.1154781e+01	   4.6496893e+01	   4.8413334e+01	   4.9218651e+01	   4.7175669e+01	   4.3668078e+01	   4.0469014e+01	   3.8582357e+01	   3.6958956e+01	   3.7302006e+01	   3.8040932e+01	   3.8948267e+01	   4.0231406e+01	   4.0971040e+01	   4.0777154e+01	   3.9670209e+01	   3.7649666e+01	   3.5444437e+01	   3.3401292e+01	   3.0842787e+01	   2.7803030e+01	   2.4555777e+01	   2.0667743e+01	   1.7581091e+01	             NaN	             NaN	             NaN	             NaN	             NaN	             NaN	             NaN	             NaN	             NaN	
   4.2928494e+01	   4.8536393e+01	   5.0075318e+01	   5.0773009e+01	   4.8832537e+01	   4.4983864e+01	   4.1350768e+01	   3.9255195e+01	   3.8088246e+01	   3.8416924e+01	   3.8631821e+01	   3.9956933e+01	   4.0916975e+01	   4.1917253e+01	   4.2094816e+01	   4.0704284e+01	   3.8946745e+01	   3.6783045e+01	   3.4153064e+01	   3.2007876e+01	   2.9220135e+01	   2.5929176e+01	   2.2116706e+01	   1.8710802e+01	   1.5973698e+01	             NaN	             NaN	             NaN	             NaN	             NaN	             NaN	             NaN	             NaN	
   4.6515277e+01	   4.9706618e+01	   5.2946856e+01	   5.2900582e+01	   5.0754465e+01	   4.6257456e+01	   4.2864062e+01	   4.0194789e+01	   3.8926472e+01	   3.9108045e+01	   3.9633472e+01	   4.0677046e+01	   4.1738376e+01	   4.2772041e+01	   4.2935578e+01	   4.1890978e+01	   3.9649747e+01	   3.7718800e+01	   3.5470185e+01	   3.2869545e+01	   3.0231355e+01	   2.7130587e+01	   2.3588927e+01	   1.9798092e+01	   1.7114596e+01	             NaN	             NaN	             NaN	             NaN	             NaN	             NaN	             NaN	             NaN	
   4.8321825e+01	   5.1317486e+01	   5.3527163e+01	   5.5043972e+01	   5.2363094e+01	   4.7990953e+01	   4.4220603e+01	   4.1273042e+01	   3.9910601e+01	   3.9905035e+01	   4.0526515e+01	   4.1364938e+01	   4.2617543e+01	   4.3488107e+01	   4.3531337e+01	   4.2735986e+01	   4.0676984e+01	   3.8636252e+01	   3.6266590e+01	   3.3814333e+01	   3.1251634e+01	   2.8287155e+01	   2.4783700e+01	   2.1208411e+01	   1.8138575e+01	             NaN	             NaN	             NaN	             NaN	             NaN	             NaN	             NaN	             NaN	
   5.0769024e+01	   5.2629183e+01	   5.6133793e+01	   5.6217603e+01	   5.3794561e+01	   4.8915999e+01	   4.5513123e+01	   4.2382833e+01	   4.0546546e+01	   4.0712871e+01	   4.0937893e+01	   4.2092436e+01	   4.3509446e+01	   4.4584461e+01	   4.4320079e+01	   4.3369774e+01	   4.1495802e+01	   3.9311833e+01	   3.7227414e+01	   3.5223313e+01	   3.2366463e+01	   2.9261559e+01	   2.6093423e+01	   2.2402588e+01	   1.9075938e+01	   1.6200032e+01	             NaN	             NaN	             NaN	             NaN	             NaN	             NaN	             NaN	
   5.2367036e+01	   5.5463477e+01	   5.8945983e+01	   5.7912412e+01	   5.4761415e+01	   5.0927704e+01	   4.6448731e+01	   4.3781430e+01	   4.1340163e+01	   4.1068427e+01	   4.1665891e+01	   4.2662015e+01	   4.3847296e+01	   4.5294016e+01	   4.5286684e+01	   4.4047079e+01	   4.2530208e+01	   4.0559144e+01	   3.8372866e+01	   3.5823829e+01	   3.3264288e+01	   3.0301432e+01	   2.6880135e+01	   2.3511816e+01	   2.0049722e+01	   1.7134356e+01	             NaN	             NaN	             NaN	             NaN	             NaN	             NaN	             NaN	
   5.3702103e+01	   5.6345730e+01	   6.1096968e+01	   5.8765649e+01	   5.6957971e+01	   5.1979352e+01	   4.7809380e+01	   4.4532889e+01	   4.2216010e+01	   4.1991035e+01	   4.2493754e+01	   4.3192629e+01	   4.4182997e+01	   4.5757426e+01	   4.5957338e+01	   4.4824941e+01	   4.3198105e+01	   4.1218200e+01	   3.9185268e+01	   3.6747099e+01	   3.4056953e+01	   3.1352532e+01	   2.8236636e+01	   2.4789879e+01	   2.1334130e+01	   1.7972971e+01	   1.5043077e+01	             NaN	             NaN	             NaN	             NaN	             NaN	             NaN	
   5.5568876e+01	   6.1026262e+01	   6.2209558e+01	   6.2290503e+01	   5.8480065e+01	   5.3390494e+01	   4.8732244e+01	   4.4887835e+01	   4.3278797e+01	   4.2226284e+01	   4.3137765e+01	   4.3562331e+01	   4.5411038e+01	   4.6337679e+01	   4.6527628e+01	   4.5536993e+01	   4.3768604e+01	   4.1956775e+01	   3.9879182e+01	   3.7699324e+01	   3.5424572e+01	   3.2411118e+01	   2.9188828e+01	   2.5908726e+01	   2.2512692e+01	   1.9093155e+01	   1.6073099e+01	             NaN	             NaN	             NaN	             NaN	             NaN	             NaN	
   5.5951582e+01	   6.0537190e+01	   6.3755474e+01	   6.2575757e+01	   5.9592854e+01	   5.4169587e+01	   4.9665739e+01	   4.5755303e+01	   4.3468697e+01	   4.3105377e+01	   4.3418398e+01	   4.4080538e+01	   4.5528816e+01	   4.6781542e+01	   4.7043408e+01	   4.5994762e+01	   4.4601391e+01	   4.2653308e+01	   4.0676772e+01	   3.8595817e+01	   3.6097347e+01	   3.3143612e+01	   3.0300402e+01	   2.6993331e+01	   2.3762004e+01	   2.0012003e+01	   1.6969842e+01	             NaN	             NaN	             NaN	             NaN	             NaN	             NaN	
   5.6020743e+01	   6.1654141e+01	   6.5593659e+01	   6.4450684e+01	   6.1702548e+01	   5.5983311e+01	   5.0979355e+01	   4.7293529e+01	   4.4500229e+01	   4.3769736e+01	   4.4042218e+01	   4.4509213e+01	   4.5947104e+01	   4.7045377e+01	   4.7417969e+01	   4.6667640e+01	   4.4859009e+01	   4.3107425e+01	   4.1360931e+01	   3.9249630e+01	   3.6864959e+01	   3.4322735e+01	   3.1168087e+01	   2.8106266e+01	   2.5043839e+01	   2.1236809e+01	   1.7852821e+01	   1.4984644e+01	             NaN	             NaN	             NaN	             NaN	             NaN	
   5.9376929e+01	   6.3251115e+01	   6.6901793e+01	   6.5859680e+01	   6.2226327e+01	   5.6589806e+01	   5.1249750e+01	   4.7698289e+01	   4.4780164e+01	   4.4088204e+01	   4.4075700e+01	   4.5057302e+01	   4.6388952e+01	   4.7292702e+01	   4.7668382e+01	   4.6539884e+01	   4.5368089e+01	   4.3565956e+01	   4.1759801e+01	   3.9643973e+01	   3.7569401e+01	   3.4723321e+01	   3.1920714e+01	   2.8798563e+01	   2.5609010e+01	   2.1957240e+01	   1.8615626e+01	   1.5654645e+01	             NaN	             NaN	             NaN	             NaN	             NaN	
   6.1645653e+01	   6.3893875e+01	   6.7310556e+01	   6.6754929e+01	   6.4045853e+01	   5.7842420e+01	   5.2794490e+01	   4.7928876e+01	   4.5218072e+01	   4.4856768e+01	   4.4511208e+01	   4.5551089e+01	   4.6477376e+01	   4.7645604e+01	   4.7897974e+01	   4.7166384e+01	   4.5868056e+01	   4.3990317e+01	   4.2233607e+01	   4.0487926e+01	   3.8206297e+01	   3.5375613e+01	   3.2519162e+01	   2.9719976e+01	   2.6707362e+01	   2.3031649e+01	   1.9538467e+01	   1.6544624e+01	   1.3481303e+01	             NaN	             NaN	             NaN	             NaN	
   6.3343549e+01	   6.5942208e+01	   6.9585152e+01	   6.8118827e+01	   6.4428199e+01	   5.8691078e+01	   5.3516220e+01	   4.9240070e+01	   4.6504661e+01	   4.5078083e+01	   4.4833580e+01	   4.5357065e+01	   4.6810148e+01	   4.7964307e+01	   4.8287455e+01	   4.7477005e+01	   4.6210997e+01	   4.4402125e+01	   4.2602007e+01	   4.0931086e+01	   3.8747904e+01	   3.6373630e+01	   3.3430323e+01	   3.0482957e+01	   2.7587129e+01	   2.4185848e+01	   2.0423901e+01	   1.7151457e+01	   1.4272539e+01	             NaN	             NaN	             NaN	             NaN	
   6.1163147e+01	   6.9074729e+01	   6.8752970e+01	   6.8957822e+01	   6.5436494e+01	   5.9897823e+01	   5.4453974e+01	   5.0284790e+01	   4.6951791e+01	   4.5477433e+01	   4.5303447e+01	   4.5913536e+01	   4.6884164e+01	   4.8211581e+01	   4.8483605e+01	   4.7391912e+01	   4.6381147e+01	   4.5115430e+01	   4.3144295e+01	   4.1397087e+01	   3.9335494e+01	   3.6686518e+01	   3.4155673e+01	   3.1224280e+01	   2.8287917e+01	   2.5109710e+01	   2.1478693e+01	   1.8026875e+01	   1.4918334e+01	             NaN	             NaN	             NaN	             NaN	
   6.2414056e+01	   6.8184975e+01	   7.1267670e+01	   7.0459697e+01	   6.6534198e+01	   6.0817987e+01	   5.5402919e+01	   5.0463040e+01	   4.7435018e+01	   4.5857798e+01	   4.5517591e+01	   4.6059314e+01	   4.7181206e+01	   4.8098298e+01	   4.8334928e+01	   4.7783269e+01	   4.6704331e+01	   4.5137591e+01	   4.3519218e+01	   4.1725388e+01	   3.9786760e+01	   3.7334424e+01	   3.4593508e+01	   3.1904541e+01	   2.9104274e+01	   2.5890147e+01	   2.2315883e+01	   1.8692399e+01	   1.5721650e+01	   1.2707558e+01	             NaN	             NaN	             NaN	
   6.3537806e+01	   7.0305784e+01	   7.1921438e+01	   7.0954817e+01	   6.7369845e+01	   6.1515536e+01	   5.5969714e+01	   5.0812062e+01	   4.7383541e+01	   4.5948648e+01	   4.5430552e+01	   4.6038776e+01	   4.6899260e+01	   4.7879618e+01	   4.8302773e+01	   4.7874399e+01	   4.6500285e+01	   4.5332862e+01	   4.3886803e+01	   4.2088903e+01	   4.0272040e+01	   3.7735859e+01	   3.5261723e+01	   3.2442690e+01	   2.9740511e+01	   2.6788496e+01	   2.3148498e+01	   1.9569608e+01	   1.6461742e+01	   1.3385351e+01	             NaN	             NaN	             NaN	
   6.5451655e+01	   7.0443816e+01	   7.1634014e+01	   7.0958868e+01	   6.7563580e+01	   6.2212734e+01	   5.6570901e+01	   5.2085177e+01	   4.8021055e+01	   4.6592570e+01	   4.5722436e+01	   4.5876264e+01	   4.6652947e+01	   4.8307700e+01	   4.8573128e+01	   4.7896891e+01	   4.6774740e+01	   4.5567361e+01	   4.3843618e+01	   4.2337542e+01	   4.0648562e+01	   3.8226329e+01	   3.5683345e+01	   3.2966659e+01	   3.0354616e+01	   2.7485963e+01	   2.3989552e+01	   2.0311884e+01	   1.7198474e+01	   1.4201130e+01	   1.1427618e+01	             NaN	             NaN	
   6.5795229e+01	   7.1722194e+01	   7.3870123e+01	   7.2050992e+01	   6.7951162e+01	   6.2503227e+01	   5.7152715e+01	   5.2320836e+01	   4.8614508e+01	   4.6484720e+01	   4.5681595e+01	   4.5923104e+01	   4.6986408e+01	   4.7917117e+01	   4.8263286e+01	   4.7694270e+01	   4.6658300e+01	   4.5425757e+01	   4.4058207e+01	   4.2591681e+01	   4.0902015e+01	   3.8618336e+01	   3.6140763e+01	   3.3331356e+01	   3.1002519e+01	   2.8160963e+01	   2.4825083e+01	   2.1201528e+01	   1.7908793e+01	   1.5030937e+01	   1.2107321e+01	             NaN	             NaN	
   6.7650710e+01	   7.0577265e+01	   7.3037197e+01	   7.2943119e+01	   6.9184629e+01	   6.3277498e+01	   5.7322666e+01	   5.2287947e+01	   4.8833872e+01	   4.6643726e+01	   4.5797892e+01	   4.5494571e+01	   4.6532777e+01	   4.7604074e+01	   4.7805021e+01	   4.7613407e+01	   4.6644689e+01	   4.5322263e+01	   4.4048008e+01	   4.2822770e+01	   4.0916418e+01	   3.8750117e+01	   3.6489101e+01	   3.3859826e+01	   3.1575259e+01	   2.8633629e+01	   2.5435794e+01	   2.1947580e+01	   1.8531227e+01	   1.5542262e+01	   1.2814542e+01	             NaN	             NaN	
   6.6066685e+01	   7.0136134e+01	   7.4135275e+01	   7.3879014e+01	   6.9518147e+01	   6.3944188e+01	   5.8081960e+01	   5.2738180e+01	   4.9142024e+01	   4.6827848e+01	   4.5981958e+01	   4.5958422e+01	   4.6763043e+01	   4.7465320e+01	   4.7496088e+01	   4.7401500e+01	   4.6412195e+01	   4.5127461e+01	   4.4099540e+01	   4.2856588e+01	   4.1119937e+01	   3.9101041e+01	   3.6920131e+01	   3.4393630e+01	   3.2118696e+01	   2.9234713e+01	   2.6216249e+01	   2.2699524e+01	   1.9267401e+01	   1.6255092e+01	   1.3415603e+01	   1.0909754e+01	             NaN	
   6.4508552e+01	   7.0972032e+01	   7.4249854e+01	   7.3738548e+01	   6.9684463e+01	   6.4342076e+01	   5.8595143e+01	   5.3471451e+01	   4.9135407e+01	   4.7233060e+01	   4.6138024e+01	   4.5783640e+01	   4.6459772e+01	   4.7227797e+01	   4.7597887e+01	   4.6931624e+01	   4.6436722e+01	   4.5023631e+01	   4.3992427e+01	   4.2922852e+01	   4.1135965e+01	   3.9267011e+01	   3.6971139e+01	   3.4853342e+01	   3.2550429e+01	   2.9909682e+01	   2.6589240e+01	   2.3448083e+01	   2.0027276e+01	   1.6906311e+01	   1.4134793e+01	   1.1656378e+01	             NaN	
   6.6473958e+01	   7.1260077e+01	   7.6067643e+01	   7.3600218e+01	   7.0056064e+01	   6.4160054e+01	   5.8729369e+01	   5.3673516e+01	   4.9182688e+01	   4.7058834e+01	   4.6014434e+01	   4.5353724e+01	   4.6010696e+01	   4.6782545e+01	   4.7273855e+01	   4.7161459e+01	   4.5970151e+01	   4.5018176e+01	   4.3837710e+01	   4.2766810e+01	   4.1341023e+01	   3.9372125e+01	   3.7309738e+01	   3.4910465e+01	   3.2736885e+01	   3.0264832e+01	   2.7268239e+01	   2.4177534e+01	   2.0696518e+01	   1.7400733e+01	   1.4648745e+01	   1.2153588e+01	   9.8399996e+00	
   6.5764099e+01	   7.3010714e+01	   7.4555763e+01	   7.4352203e+01	   7.0542711e+01	   6.5707582e+01	   5.9616705e+01	   5.4346313e+01	   5.0324015e+01	   4.7006850e+01	   4.5932428e+01	   4.5371584e+01	   4.5900552e+01	   4.6820506e+01	   4.6918228e+01	   4.6574875e+01	   4.5590394e+01	   4.4800905e+01	   4.3933287e+01	   4.2736321e+01	   4.1242778e+01	   3.9459800e+01	   3.7325870e+01	   3.5346994e+01	   3.3055093e+01	   3.0727086e+01	   2.7908569e+01	   2.4698400e+01	   2.1518050e+01	   1.8139951e+01	   1.5255407e+01	   1.2819039e+01	   1.0386643e+01	
   6.5073298e+01	   7.1570512e+01	   7.4964019e+01	   7.3862259e+01	   7.0875834e+01	   6.5750919e+01	   6.0076402e+01	   5.4728019e+01	   5.0055143e+01	   4.7618697e+01	   4.5845784e+01	   4.5205832e+01	   4.5762839e+01	   4.6229919e+01	   4.6704694e+01	   4.6577240e+01	   4.5735294e+01	   4.4700116e+01	   4.3780377e+01	   4.2577352e+01	   4.1239847e+01	   3.9607039e+01	   3.7512821e+01	   3.5603401e+01	   3.3366038e+01	   3.1097739e+01	   2.8332109e+01	   2.5133571e+01	   2.2231021e+01	   1.8801307e+01	   1.5944290e+01	   1.3379362e+01	   1.1040885e+01	
   6.5355413e+01	   7.0947239e+01	   7.4622810e+01	   7.4714211e+01	   7.0004153e+01	   6.5830128e+01	   5.9989522e+01	   5.4696411e+01	   5.0485046e+01	   4.7668007e+01	   4.5576299e+01	   4.5185262e+01	   4.5424142e+01	   4.5747017e+01	   4.6246899e+01	   4.6000313e+01	   4.5357009e+01	   4.4479144e+01	   4.3569296e+01	   4.2588780e+01	   4.1357013e+01	   3.9656909e+01	   3.7637429e+01	   3.5632334e+01	   3.3752427e+01	   3.1528813e+01	   2.8799410e+01	   2.5722488e+01	   2.2753727e+01	   1.9503902e+01	   1.6475632e+01	   1.3909595e+01	   1.1668087e+01	
   6.5913801e+01	   7.1821128e+01	   7.5531891e+01	   7.4163220e+01	   7.1533754e+01	   6.6530554e+01	   6.0283959e+01	   5.4913907e+01	   5.0035460e+01	   4.7576141e+01	   4.5613269e+01	   4.4926015e+01	   4.4830429e+01	   4.5560083e+01	   4.5884935e+01	   4.5988490e+01	   4.4887427e+01	   4.4105802e+01	   4.3209561e+01	   4.2477242e+01	   4.0997298e+01	   3.9596570e+01	   3.7729448e+01	   3.5828177e+01	   3.3885705e+01	   3.1876461e+01	   2.9069102e+01	   2.6236783e+01	   2.3212860e+01	   2.0148219e+01	   1.7080128e+01	   1.4477284e+01	   1.2238750e+01	
   6.6716021e+01	   7.2545546e+01	   7.4354549e+01	   7.3776147e+01	   7.1044214e+01	   6.6351416e+01	   6.0275761e+01	   5.5238066e+01	   5.0133365e+01	   4.7089219e+01	   4.5859670e+01	   4.4611999e+01	   4.4715142e+01	   4.5173293e+01	   4.5404157e+01	   4.5111430e+01	   4.4700380e+01	   4.3759688e+01	   4.3085323e+01	   4.1847398e+01	   4.1093128e+01	   3.9526441e+01	   3.7512699e+01	   3.5865949e+01	   3.4100173e+01	   3.2044570e+01	   2.9395422e+01	   2.6590226e+01	   2.3799312e+01	   2.0611790e+01	   1.7675640e+01	   1.4926247e+01	   1.2733968e+01	
             NaN	   7.1095956e+01	   7.4713220e+01	   7.4301085e+01	   7.1213879e+01	   6.5859103e+01	   6.0553408e+01	   5.4942101e+01	   5.0557644e+01	   4.7607535e+01	   4.5561502e+01	   4.4543258e+01	   4.4659058e+01	   4.5023610e+01	   4.5332465e+01	   4.4482377e+01	   4.4059917e+01	   4.3229183e+01	   4.2604682e+01	   4.1949885e+01	   4.0584806e+01	   3.9276865e+01	   3.7486654e+01	   3.5728514e+01	   3.4114990e+01	   3.2106181e+01	   2.9858254e+01	   2.6957106e+01	   2.4001339e+01	   2.1218307e+01	   1.8150267e+01	   1.5545061e+01	   1.3246784e+01	
             NaN	   7.1664920e+01	   7.3758379e+01	   7.3103652e+01	   7.0219218e+01	   6.5622437e+01	   6.0898879e+01	   5.5615582e+01	   5.0383694e+01	   4.7236396e+01	   4.5334231e+01	   4.4023039e+01	   4.3927335e+01	   4.4405657e+01	   4.4728659e+01	   4.4052238e+01	   4.3880434e+01	   4.3020829e+01	   4.2063753e+01	   4.1752329e+01	   4.0613797e+01	   3.9313101e+01	   3.7545282e+01	   3.5898946e+01	   3.4278339e+01	   3.2253217e+01	   2.9823104e+01	   2.7384945e+01	   2.4597449e+01	   2.1579779e+01	   1.8730474e+01	   1.5955608e+01	   1.3611509e+01	
             NaN	   7.1282582e+01	   7.3686884e+01	   7.3467768e+01	   7.0274671e+01	   6.6305570e+01	   6.0522913e+01	   5.5649820e+01	   5.0709733e+01	   4.7263297e+01	   4.4934272e+01	   4.3644221e+01	   4.3591170e+01	   4.3909596e+01	   4.4259677e+01	   4.3704241e+01	   4.3353333e+01	   4.2616996e+01	   4.1995549e+01	   4.1336670e+01	   4.0476541e+01	   3.9058870e+01	   3.7347967e+01	   3.5744609e+01	   3.4200332e+01	   3.2649033e+01	   3.0188565e+01	   2.7525963e+01	   2.4923748e+01	   2.1979942e+01	   1.9276298e+01	   1.6441603e+01	   1.4261194e+01	
             NaN	   6.8284726e+01	   7.3127748e+01	   7.3342440e+01	   7.0032849e+01	   6.5837069e+01	   6.0373895e+01	   5.5314752e+01	   5.0385261e+01	   4.7102331e+01	   4.4631512e+01	   4.3705129e+01	   4.3291629e+01	   4.3823027e+01	   4.3503023e+01	   4.3366696e+01	   4.2689426e+01	   4.2077141e+01	   4.1644502e+01	   4.1236809e+01	   4.0066658e+01	   3.9125501e+01	   3.7285777e+01	   3.5657309e+01	   3.4519621e+01	   3.2589632e+01	   3.0365214e+01	   2.7932809e+01	   2.5135374e+01	   2.2437358e+01	   1.9776657e+01	   1.7024259e+01	   1.4602704e+01	
             NaN	   6.9518666e+01	   7.1959336e+01	   7.2900019e+01	   7.0068812e+01	   6.6374141e+01	   6.1277359e+01	   5.4940499e+01	   5.0461313e+01	   4.7404172e+01	   4.4813616e+01	   4.3296282e+01	   4.2762732e+01	   4.3449582e+01	   4.3365683e+01	   4.2812535e+01	   4.2298062e+01	   4.1885672e+01	   4.1180646e+01	   4.0788711e+01	   3.9880866e+01	   3.8369027e+01	   3.6969793e+01	   3.5615774e+01	   3.4284869e+01	   3.2515657e+01	   3.0461268e+01	   2.8176641e+01	   2.5557756e+01	   2.2671269e+01	   2.0028398e+01	   1.7531712e+01	   1.5112040e+01	
             NaN	   6.8119390e+01	   7.2582799e+01	   7.3295737e+01	   7.0049458e+01	   6.5774290e+01	   6.0900516e+01	   5.5625181e+01	   5.0781919e+01	   4.7156923e+01	   4.4533400e+01	   4.3017409e+01	   4.2692901e+01	   4.2824348e+01	   4.2928503e+01	   4.2436617e+01	   4.1730007e+01	   4.1266054e+01	   4.0772086e+01	   4.0048974e+01	   3.9371607e+01	   3.8254561e+01	   3.6982496e+01	   3.5353383e+01	   3.4229120e+01	   3.2616078e+01	   3.0543423e+01	   2.8410423e+01	   2.5791005e+01	   2.3236159e+01	   2.0458425e+01	   1.7912017e+01	   1.5431695e+01	
             NaN	             NaN	   7.2040194e+01	   7.1197522e+01	   6.9397855e+01	   6.5417529e+01	   6.0289500e+01	   5.5893574e+01	   5.0550254e+01	   4.6814474e+01	   4.4186359e+01	   4.2603913e+01	   4.2256390e+01	   4.2323795e+01	   4.2336096e+01	   4.1757662e+01	   4.1379235e+01	   4.0977640e+01	   4.0386227e+01	   3.9991763e+01	   3.9009445e+01	   3.7899324e+01	   3.6536882e+01	   3.5285553e+01	   3.4082503e+01	   3.2642596e+01	   3.0720282e+01	   2.8458659e+01	   2.5878718e+01	   2.3299816e+01	   2.0761951e+01	   1.8391240e+01	   1.5919163e+01	
             NaN	             NaN	   7.1613168e+01	   7.2626451e+01	   6.9620097e+01	   6.4778444e+01	   6.0511830e+01	   5.5613340e+01	   5.0373100e+01	   4.6556459e+01	   4.3938831e+01	   4.2691099e+01	   4.2078064e+01	   4.2030800e+01	   4.1618636e+01	   4.1324638e+01	   4.0709365e+01	   4.0154295e+01	   3.9728536e+01	   3.9385178e+01	   3.8684203e+01	   3.7590630e+01	   3.6256263e+01	   3.5117482e+01	   3.3868899e+01	   3.2691547e+01	   3.0795931e+01	   2.8468593e+01	   2.6095485e+01	   2.3621693e+01	   2.1021703e+01	   1.8652105e+01	   1.6298472e+01	
             NaN	             NaN	   7.0770376e+01	   7.1539448e+01	   6.8659115e+01	   6.5017681e+01	   6.0240772e+01	   5.5267636e+01	   5.0091286e+01	   4.6529521e+01	   4.4219413e+01	   4.2321937e+01	   4.1439431e+01	   4.1517162e+01	   4.0881526e+01	   4.0850461e+01	   4.0095481e+01	   3.9590261e+01	   3.9202581e+01	   3.8721843e+01	   3.8219108e+01	   3.7173661e+01	   3.6043247e+01	   3.4908294e+01	   3.3859984e+01	   3.2511662e+01	   3.0524462e+01	   2.8657589e+01	   2.6347605e+01	   2.3709686e+01	   2.1303378e+01	   1.8905980e+01	   1.6823463e+01	
             NaN	             NaN	   6.9010031e+01	   7.0029009e+01	   6.7986834e+01	   6.3985906e+01	   5.9715459e+01	   5.4528791e+01	   5.0295243e+01	   4.6063608e+01	   4.3621394e+01	   4.1743278e+01	   4.0930804e+01	   4.0753019e+01	   4.0463651e+01	   4.0183720e+01	   3.9525125e+01	   3.8908640e+01	   3.8659884e+01	   3.8148700e+01	   3.7657590e+01	   3.6779529e+01	   3.5664580e+01	   3.4474056e+01	   3.3426504e+01	   3.2413423e+01	   3.0452690e+01	   2.8401876e+01	   2.6235244e+01	   2.3778209e+01	   2.1586213e+01	   1.9250351e+01	   1.6963711e+01	
             NaN	             NaN	   6.9356356e+01	   6.9250825e+01	   6.7452556e+01	   6.4043803e+01	   5.9191316e+01	   5.4522313e+01	   4.9442048e+01	   4.6449116e+01	   4.3243734e+01	   4.1190751e+01	   4.0583000e+01	   4.0293344e+01	   4.0101127e+01	   3.9464835e+01	   3.8995790e+01	   3.8383172e+01	   3.8124704e+01	   3.7772037e+01	   3.7147655e+01	   3.6501377e+01	   3.5323112e+01	   3.4142288e+01	   3.3014222e+01	   3.2240785e+01	   3.0407753e+01	   2.8444392e+01	   2.6333360e+01	   2.3979270e+01	   2.1551674e+01	   1.9322990e+01	   1.7220219e+01	
             NaN	             NaN	             NaN	   6.9391764e+01	   6.6903097e+01	   6.3411645e+01	   5.9140861e+01	   5.4154671e+01	   4.9451268e+01	   4.5799942e+01	   4.2959559e+01	   4.1270803e+01	   4.0237548e+01	   4.0109565e+01	   3.9699886e+01	   3.8917848e+01	   3.8599235e+01	   3.8125532e+01	   3.7683783e+01	   3.7300717e+01	   3.6491600e+01	   3.5948175e+01	   3.4855963e+01	   3.3869313e+01	   3.2950719e+01	   3.1876897e+01	   3.0267687e+01	   2.8458508e+01	   2.6192388e+01	   2.3968331e+01	   2.1875241e+01	   1.9598952e+01	   1.7466135e+01	
             NaN	             NaN	             NaN	   6.7978731e+01	   6.6672599e+01	   6.2249394e+01	   5.8655052e+01	   5.3857910e+01	   4.9269327e+01	   4.5502476e+01	   4.2738359e+01	   4.0735120e+01	   3.9688341e+01	   3.9360165e+01	   3.9035613e+01	   3.8362593e+01	   3.7890935e+01	   3.7427677e+01	   3.7181580e+01	   3.6762091e+01	   3.6235659e+01	   3.5345970e+01	   3.4316648e+01	   3.3422473e+01	   3.2942702e+01	   3.1610770e+01	   2.9915284e+01	   2.8209863e+01	   2.6242051e+01	   2.4148384e+01	   2.1854899e+01	   1.9720171e+01	   1.7654626e+01	
             NaN	             NaN	             NaN	   6.6564930e+01	   6.5828253e+01	   6.2297559e+01	   5.8533960e+01	   5.3652260e+01	   4.8965382e+01	   4.5022851e+01	   4.2277035e+01	   4.0363382e+01	   3.9304427e+01	   3.8833067e+01	   3.8336636e+01	   3.7869555e+01	   3.7458915e+01	   3.6718682e+01	   3.6350344e+01	   3.6212184e+01	   3.5801732e+01	   3.5003728e+01	   3.4023257e+01	   3.3063241e+01	   3.2148559e+01	   3.1474990e+01	   2.9922086e+01	   2.8277686e+01	   2.6126356e+01	   2.4126901e+01	   2.1935680e+01	   1.9735958e+01	   1.7691967e+01	
             NaN	             NaN	             NaN	   6.7324321e+01	   6.4218847e+01	   6.1598808e+01	   5.8166762e+01	   5.2805096e+01	   4.8657683e+01	   4.5109794e+01	   4.1936649e+01	   3.9894648e+01	   3.8741907e+01	   3.8362360e+01	   3.8062144e+01	   3.7457810e+01	   3.6698715e+01	   3.6336292e+01	   3.5839881e+01	   3.5626352e+01	   3.5134462e+01	   3.4500952e+01	   3.3386554e+01	   3.2747675e+01	   3.1922934e+01	   3.0990021e+01	   2.9824263e+01	   2.8055913e+01	   2.6137967e+01	   2.4019341e+01	   2.1966480e+01	   1.9940348e+01	   1.7940907e+01	
             NaN	             NaN	             NaN	   6.4571579e+01	   6.3669458e+01	   6.0996536e+01	   5.7075219e+01	   5.2554673e+01	   4.8157022e+01	   4.4412156e+01	   4.1414699e+01	   3.9510524e+01	   3.8321258e+01	   3.8053472e+01	   3.7299958e+01	   3.6960606e+01	   3.5822432e+01	   3.5799025e+01	   3.5296559e+01	   3.4846220e+01	   3.4510765e+01	   3.3957262e+01	   3.3144785e+01	   3.2302691e+01	   3.1530724e+01	   3.0652403e+01	   2.9480639e+01	   2.7814219e+01	   2.5886157e+01	   2.3982628e+01	   2.1860659e+01	   1.9847437e+01	   1.7988564e+01	
             NaN	             NaN	             NaN	             NaN	   6.3854039e+01	   6.0229764e+01	   5.6704083e+01	   5.2263402e+01	   4.7419048e+01	   4.3965930e+01	   4.0915038e+01	   3.8973964e+01	   3.8179514e+01	   3.7244415e+01	   3.6540071e+01	   3.5976750e+01	   3.5608341e+01	   3.4969474e+01	   3.4770427e+01	   3.4557499e+01	   3.3993702e+01	   3.3356499e+01	   3.2659197e+01	   3.1699248e+01	   3.1302477e+01	   3.0422890e+01	   2.9037800e+01	   2.7532683e+01	   2.5750690e+01	   2.3798169e+01	   2.1818225e+01	   1.9928344e+01	   1.8133625e+01	
             NaN	             NaN	             NaN	             NaN	   6.2511480e+01	   5.9358372e+01	   5.6222324e+01	   5.1825241e+01	   4.6686360e+01	   4.3466321e+01	   4.0832469e+01	   3.8439861e+01	   3.7351910e+01	   3.6978027e+01	   3.5805362e+01	   3.5567672e+01	   3.4979352e+01	   3.4410851e+01	   3.4090361e+01	   3.3750292e+01	   3.3430069e+01	   3.2705895e+01	   3.2033391e+01	   3.1303428e+01	   3.0877926e+01	   3.0048346e+01	   2.8757172e+01	   2.7237191e+01	   2.5527041e+01	   2.3723417e+01	   2.1788178e+01	   1.9965882e+01	   1.8126671e+01	
             NaN	             NaN	             NaN	             NaN	   6.0704101e+01	   5.8411563e+01	   5.5858134e+01	   5.1171616e+01	   4.6468393e+01	   4.3023602e+01	   4.0086366e+01	   3.8024984e+01	   3.6507814e+01	   3.6060744e+01	   3.5533255e+01	   3.4654930e+01	   3.4125566e+01	   3.3751196e+01	   3.3322281e+01	   3.3094526e+01	   3.2641658e+01	   3.2070855e+01	   3.1404554e+01	   3.0625946e+01	   3.0287171e+01	   2.9542305e+01	   2.8336797e+01	   2.6749049e+01	   2.5273424e+01	   2.3378675e+01	   2.1533702e+01	   1.9855248e+01	   1.8016475e+01	
             NaN	             NaN	             NaN	             NaN	   6.0601766e+01	   5.7128245e+01	   5.3885641e+01	   5.0226814e+01	   4.5606469e+01	   4.2354055e+01	   3.9409798e+01	   3.7776132e+01	   3.6063972e+01	   3.5559221e+01	   3.4540987e+01	   3.4073601e+01	   3.3394439e+01	   3.3179849e+01	   3.2701429e+01	   3.2541289e+01	   3.2076798e+01	   3.1378871e+01	   3.0852292e+01	   3.0129248e+01	   2.9676229e+01	   2.9033071e+01	   2.7854846e+01	   2.6556619e+01	   2.4903768e+01	   2.3240248e+01	   2.1433683e+01	   1.9611057e+01	   1.8057433e+01	
             NaN	             NaN	             NaN	             NaN	   5.9448601e+01	   5.6601966e+01	   5.3852045e+01	   4.9167735e+01	   4.5462471e+01	   4.2125077e+01	   3.9066543e+01	   3.7227368e+01	   3.5552470e+01	   3.5421747e+01	   3.3977754e+01	   3.3368156e+01	   3.2916490e+01	   3.2472718e+01	   3.2029245e+01	   3.1793852e+01	   3.1495521e+01	   3.0913502e+01	   3.0419808e+01	   2.9746333e+01	   2.9169039e+01	   2.8495162e+01	   2.7638722e+01	   2.6387139e+01	   2.4669979e+01	   2.2987166e+01	   2.1310670e+01	   1.9504038e+01	   1.7887002e+01	
             NaN	             NaN	             NaN	             NaN	             NaN	   5.6051035e+01	   5.2814330e+01	   4.8576479e+01	   4.4829897e+01	   4.1127667e+01	   3.8658144e+01	   3.6356301e+01	   3.5154478e+01	   3.4392591e+01	   3.3510667e+01	   3.2984337e+01	   3.2027234e+01	   3.1886944e+01	   3.1400292e+01	   3.1242126e+01	   3.0862432e+01	   3.0311277e+01	   2.9515077e+01	   2.9197321e+01	   2.8714738e+01	   2.8234152e+01	   2.7091384e+01	   2.5887327e+01	   2.4237752e+01	   2.2779306e+01	   2.1034629e+01	   1.9479089e+01	   1.7844372e+01	
             NaN	             NaN	             NaN	             NaN	             NaN	   5.4749346e+01	   5.2280067e+01	   4.8110076e+01	   4.3862539e+01	   4.0838813e+01	   3.8005399e+01	   3.6082044e+01	   3.4422823e+01	   3.3674253e+01	   3.3086087e+01	   3.2057019e+01	   3.1596738e+01	   3.1037347e+01	   3.0628932e+01	   3.0411102e+01	   3.0256333e+01	   2.9625940e+01	   2.9128357e+01	   2.8594552e+01	   2.8207032e+01	   2.7700452e+01	   2.6753992e+01	   2.5544695e+01	   2.4017178e+01	   2.2436020e+01	   2.0785849e+01	   1.9319939e+01	   1.7735249e+01	
             NaN	             NaN	             NaN	             NaN	             NaN	   5.4440546e+01	   5.0491705e+01	   4.6981780e+01	   4.3555898e+01	   3.9758740e+01	   3.7612774e+01	   3.5285171e+01	   3.3873008e+01	   3.3169301e+01	   3.2083469e+01	   3.1506467e+01	   3.0961476e+01	   3.0431540e+01	   3.0239141e+01	   3.0103614e+01	   2.9499583e+01	   2.9020921e+01	   2.8537228e+01	   2.7813124e+01	   2.7699244e+01	   2.7201215e+01	   2.6244017e+01	   2.5035819e+01	   2.3619745e+01	   2.2131989e+01	   2.0688830e+01	   1.9079019e+01	   1.7619893e+01	
             NaN	             NaN	             NaN	             NaN	             NaN	   5.3456764e+01	   5.0471467e+01	   4.6705341e+01	   4.2703677e+01	   3.9721868e+01	   3.6905370e+01	   3.4928687e+01	   3.3107309e+01	   3.2305349e+01	   3.1845388e+01	   3.0787234e+01	   3.0234178e+01	   2.9845410e+01	   2.9357631e+01	   2.9281697e+01	   2.8967368e+01	   2.8481414e+01	   2.7913639e+01	   2.7461512e+01	   2.7020365e+01	   2.6693839e+01	   2.5692354e+01	   2.4643290e+01	   2.3282407e+01	   2.1883558e+01	   2.0315798e+01	   1.8859667e+01	   1.7460808e+01	
             NaN	             NaN	             NaN	             NaN	             NaN	   5.2566013e+01	   5.0110194e+01	   4.6068125e+01	   4.2298475e+01	   3.9081644e+01	   3.6338041e+01	   3.4506802e+01	   3.2807342e+01	   3.2075947e+01	   3.1092741e+01	   3.0527648e+01	   2.9664075e+01	   2.9250787e+01	   2.8872167e+01	   2.8684777e+01	   2.8394874e+01	   2.8050685e+01	   2.7400797e+01	   2.6990702e+01	   2.6638720e+01	   2.6219276e+01	   2.5338342e+01	   2.4316923e+01	   2.3181889e+01	   2.1475077e+01	   2.0142008e+01	   1.8839418e+01	   1.7275886e+01	
             NaN	             NaN	             NaN	             NaN	             NaN	             NaN	   4.8816069e+01	   4.5387479e+01	   4.1455689e+01	   3.8521907e+01	   3.5909457e+01	   3.3702079e+01	   3.2359102e+01	   3.1634053e+01	   3.0339009e+01	   2.9952650e+01	   2.8927588e+01	   2.8522937e+01	   2.8185969e+01	   2.8121813e+01	   2.7898623e+01	   2.7351321e+01	   2.6652637e+01	   2.6549017e+01	   2.6035723e+01	   2.5660753e+01	   2.4910998e+01	   2.3807382e+01	   2.2652044e+01	   2.1275051e+01	   1.9881623e+01	   1.8528783e+01	   1.7226183e+01	
             NaN	             NaN	             NaN	             NaN	             NaN	             NaN	   4.8090787e+01	   4.4708554e+01	   4.0294773e+01	   3.7958844e+01	   3.5076218e+01	   3.3183620e+01	   3.1937202e+01	   3.0774950e+01	   3.0034226e+01	   2.9356471e+01	   2.8427099e+01	   2.8078889e+01	   2.7932773e+01	   2.7429022e+01	   2.7141154e+01	   2.6698123e+01	   2.6290777e+01	   2.5810370e+01	   2.5510058e+01	   2.5158777e+01	   2.4593643e+01	   2.3453369e+01	   2.2259948e+01	   2.1077632e+01	   1.9755656e+01	   1.8318192e+01	   1.7011801e+01	
   0.0000000e+00	             NaN	             NaN	             NaN	             NaN	             NaN	   4.7339693e+01	   4.3897992e+01	   4.0040683e+01	   3.7424989e+01	   3.4583312e+01	   3.2600883e+01	   3.1007490e+01	   3.0165802e+01	   2.9599253e+01	   2.8617237e+01	   2.8139575e+01	   2.7574701e+01	   2.7036124e+01	   2.6828881e+01	   2.6689550e+01	   2.6071748e+01	   2.5638347e+01	   2.5285852e+01	   2.5142925e+01	   2.4769020e+01	   2.3808452e+01	   2.2955260e+01	   2.1777829e+01	   2.0635722e+01	   1.9409497e+01	   1.8047283e+01	   1.6831046e+01	
   0.0000000e+00	             NaN	             NaN	             NaN	             NaN	             NaN	   4.6195305e+01	   4.3155509e+01	   3.9811103e+01	   3.6752987e+01	   3.4086278e+01	   3.2107833e+01	   3.0768828e+01	   2.9779144e+01	   2.8807496e+01	   2.8212115e+01	   2.7303939e+01	   2.6990673e+01	   2.6578865e+01	   2.6207876e+01	   2.6056546e+01	   2.5518291e+01	   2.5110258e+01	   2.4662771e+01	   2.4570511e+01	   2.4168055e+01	   2.3411804e+01	   2.2629864e+01	   2.1463126e+01	   2.0216077e+01	   1.9022022e+01	   1.7716640e+01	   1.6566785e+01	
   0.0000000e+00	             NaN	             NaN	             NaN	             NaN	             NaN	   4.5396397e+01	   4.2522261e+01	   3.8706791e+01	   3.6306283e+01	   3.3608336e+01	   3.1465413e+01	   2.9996966e+01	   2.9191632e+01	   2.8236079e+01	   2.7608708e+01	   2.7050101e+01	   2.6157393e+01	   2.6223371e+01	   2.5783067e+01	   2.5476796e+01	   2.4914036e+01	   2.4614101e+01	   2.4114532e+01	   2.3864701e+01	   2.3692034e+01	   2.3171406e+01	   2.2191264e+01	   2.1194291e+01	   1.9807316e+01	   1.8771275e+01	   1.7558817e+01	   1.6416861e+01	
   0.0000000e+00	             NaN	             NaN	             NaN	             NaN	             NaN	             NaN	   4.2079678e+01	   3.8629812e+01	   3.5168305e+01	   3.2991020e+01	   3.1006857e+01	   2.9956449e+01	   2.8564111e+01	   2.7768760e+01	   2.7117941e+01	   2.6269941e+01	   2.5682440e+01	   2.5454884e+01	   2.5106736e+01	   2.4868034e+01	   2.4532304e+01	   2.4010751e+01	   2.3734783e+01	   2.3685481e+01	   2.3137528e+01	   2.2495614e+01	   2.1901303e+01	   2.0676564e+01	   1.9546830e+01	   1.8422418e+01	   1.7288061e+01	   1.6245595e+01	
   0.0000000e+00	             NaN	             NaN	             NaN	             NaN	             NaN	             NaN	   4.0370101e+01	   3.7470459e+01	   3.4655453e+01	   3.2273133e+01	   3.0403102e+01	   2.9126763e+01	   2.8075826e+01	   2.7234387e+01	   2.6363400e+01	   2.5779463e+01	   2.5122719e+01	   2.4807214e+01	   2.4558345e+01	   2.4227157e+01	   2.3912598e+01	   2.3573134e+01	   2.3096745e+01	   2.2949492e+01	   2.2677182e+01	   2.2184396e+01	   2.1262049e+01	   2.0209200e+01	   1.9190171e+01	   1.8042184e+01	   1.7006098e+01	   1.5920229e+01	
   0.0000000e+00	   0.0000000e+00	             NaN	             NaN	             NaN	             NaN	             NaN	   4.0182468e+01	   3.6722250e+01	   3.4505808e+01	   3.2114229e+01	   3.0013274e+01	   2.8449294e+01	   2.7534918e+01	   2.6671683e+01	   2.5941864e+01	   2.5158925e+01	   2.4757259e+01	   2.4359382e+01	   2.4087667e+01	   2.3751121e+01	   2.3347829e+01	   2.2899711e+01	   2.2679911e+01	   2.2618207e+01	   2.2111684e+01	   2.1644699e+01	   2.0963692e+01	   1.9945006e+01	   1.8737645e+01	   1.7802247e+01	   1.6763185e+01	   1.5622206e+01	
   0.0000000e+00	   0.0000000e+00	             NaN	             NaN	             NaN	             NaN	             NaN	   3.8991287e+01	   3.6131662e+01	   3.3722764e+01	   3.1237964e+01	   2.9147627e+01	   2.7932928e+01	   2.6974312e+01	   2.5769290e+01	   2.5211726e+01	   2.4252433e+01	   2.4316969e+01	   2.3708862e+01	   2.3243225e+01	   2.3206736e+01	   2.2937621e+01	   2.2399538e+01	   2.2122933e+01	   2.1903529e+01	   2.1864789e+01	   2.1124222e+01	   2.0341957e+01	   1.9502261e+01	   1.8397153e+01	   1.7414353e+01	   1.6484310e+01	   1.5330527e+01	
   0.0000000e+00	   0.0000000e+00	             NaN	             NaN	             NaN	             NaN	             NaN	   3.8523775e+01	   3.5373003e+01	   3.2415619e+01	   3.0456006e+01	   2.8626623e+01	   2.7452743e+01	   2.6553654e+01	   2.5379760e+01	   2.4703465e+01	   2.4164990e+01	   2.3414226e+01	   2.3103023e+01	   2.2711296e+01	   2.2473035e+01	   2.2221885e+01	   2.1842738e+01	   2.1543451e+01	   2.1372642e+01	   2.1026057e+01	   2.0510635e+01	   1.9720766e+01	   1.8960934e+01	   1.8062157e+01	   1.6964079e+01	   1.5994468e+01	   1.5015111e+01	
   0.0000000e+00	   0.0000000e+00	             NaN	             NaN	             NaN	             NaN	             NaN	             NaN	   3.4768826e+01	   3.2132886e+01	   2.9584580e+01	   2.8033306e+01	   2.6683499e+01	   2.5672954e+01	   2.5001925e+01	   2.3781953e+01	   2.3403018e+01	   2.2909503e+01	   2.2451257e+01	   2.2262398e+01	   2.1852719e+01	   2.1649993e+01	   2.1074310e+01	   2.0774732e+01	   2.0844011e+01	   2.0489139e+01	   2.0009556e+01	   1.9294258e+01	   1.8579334e+01	   1.7500911e+01	   1.6613035e+01	   1.5578734e+01	   1.4672549e+01	
   0.0000000e+00	   0.0000000e+00	             NaN	             NaN	             NaN	             NaN	             NaN	             NaN	   3.3444011e+01	   3.1389632e+01	   2.9233016e+01	   2.7497113e+01	   2.6028865e+01	   2.5100142e+01	   2.4392437e+01	   2.3388377e+01	   2.2757549e+01	   2.2014272e+01	   2.1800628e+01	   2.1433546e+01	   2.1537994e+01	   2.0891082e+01	   2.0613028e+01	   2.0358425e+01	   2.0232189e+01	   1.9944782e+01	   1.9544211e+01	   1.8807157e+01	   1.8005315e+01	   1.7170329e+01	   1.6179993e+01	   1.5339988e+01	   1.4445227e+01	
   0.0000000e+00	   0.0000000e+00	   0.0000000e+00	             NaN	             NaN	             NaN	             NaN	             NaN	   3.3153591e+01	   3.0828477e+01	   2.8905216e+01	   2.6958884e+01	   2.5794888e+01	   2.4769258e+01	   2.3912119e+01	   2.3070730e+01	   2.2410433e+01	   2.1899735e+01	   2.1540288e+01	   2.1312127e+01	   2.0993514e+01	   2.0566687e+01	   2.0169640e+01	   1.9822545e+01	   1.9780416e+01	   1.9519102e+01	   1.9103355e+01	   1.8527791e+01	   1.7757324e+01	   1.6762381e+01	   1.5996303e+01	   1.5017564e+01	   1.4333558e+01	
   0.0000000e+00	   0.0000000e+00	   0.0000000e+00	             NaN	             NaN	             NaN	             NaN	             NaN	   3.2062272e+01	   3.0315861e+01	   2.8123044e+01	   2.6488051e+01	   2.5486531e+01	   2.4393664e+01	   2.3230865e+01	   2.2710759e+01	   2.1828050e+01	   2.1418068e+01	   2.1035393e+01	   2.0635272e+01	   2.0541500e+01	   2.0154237e+01	   1.9752499e+01	   1.9422199e+01	   1.9332218e+01	   1.9251825e+01	   1.8585613e+01	   1.8257063e+01	   1.7436567e+01	   1.6508221e+01	   1.5661547e+01	   1.4740130e+01	   1.3860400e+01	
   0.0000000e+00	   0.0000000e+00	   0.0000000e+00	             NaN	             NaN	             NaN	             NaN	             NaN	   3.1454175e+01	   2.9919936e+01	   2.7491604e+01	   2.5773074e+01	   2.4679560e+01	   2.3675379e+01	   2.2838307e+01	   2.1841783e+01	   2.1375881e+01	   2.0793429e+01	   2.0417162e+01	   2.0202136e+01	   1.9836363e+01	   1.9582335e+01	   1.9324500e+01	   1.9060174e+01	   1.8831272e+01	   1.8585211e+01	   1.8284638e+01	   1.7616161e+01	   1.7106262e+01	   1.6177280e+01	   1.5366560e+01	   1.4383594e+01	   1.3711915e+01	
   0.0000000e+00	   0.0000000e+00	   0.0000000e+00	             NaN	             NaN	             NaN	             NaN	             NaN	   3.1013555e+01	   2.8779090e+01	   2.6895195e+01	   2.5343371e+01	   2.4218166e+01	   2.3293284e+01	   2.2172334e+01	   2.1640348e+01	   2.1080948e+01	   2.0726954e+01	   2.0037972e+01	   1.9774937e+01	   1.9404727e+01	   1.8987833e+01	   1.8864827e+01	   1.8523314e+01	   1.8548501e+01	   1.8320566e+01	   1.7823559e+01	   1.7217624e+01	   1.6662584e+01	   1.5754534e+01	   1.5046415e+01	   1.4122437e+01	   1.3402936e+01	
   0.0000000e+00	   0.0000000e+00	   0.0000000e+00	             NaN	             NaN	             NaN	             NaN	             NaN	             NaN	   2.8500885e+01	   2.6231075e+01	   2.4863374e+01	   2.3858449e+01	   2.2713775e+01	   2.1975326e+01	   2.0916503e+01	   2.0297341e+01	   1.9610288e+01	   1.9424879e+01	   1.9179619e+01	   1.8992132e+01	   1.8664877e+01	   1.8236116e+01	   1.7869211e+01	   1.7820392e+01	   1.7728157e+01	   1.7305513e+01	   1.6804950e+01	   1.6235762e+01	   1.5343685e+01	   1.4634312e+01	   1.3766290e+01	   1.3117096e+01	
   0.0000000e+00	   0.0000000e+00	   0.0000000e+00	   0.0000000e+00	             NaN	             NaN	             NaN	             NaN	             NaN	   2.7610456e+01	   2.5315469e+01	   2.4685157e+01	   2.2818427e+01	   2.1997983e+01	   2.1321253e+01	   2.0529373e+01	   1.9996388e+01	   1.9121799e+01	   1.8968901e+01	   1.8799280e+01	   1.8429141e+01	   1.8055880e+01	   1.7784065e+01	   1.7505880e+01	   1.7335020e+01	   1.7190640e+01	   1.6903927e+01	   1.6373604e+01	   1.5529124e+01	   1.4933329e+01	   1.4205375e+01	   1.3527871e+01	   1.2885896e+01	
   0.0000000e+00	   0.0000000e+00	   0.0000000e+00	   0.0000000e+00	             NaN	             NaN	             NaN	             NaN	             NaN	   2.7319440e+01	   2.5099204e+01	   2.3388539e+01	   2.2432010e+01	   2.1649681e+01	   2.0606144e+01	   2.0024070e+01	   1.9261625e+01	   1.8798997e+01	   1.8319832e+01	   1.8144473e+01	   1.8000889e+01	   1.7568527e+01	   1.7289560e+01	   1.6965346e+01	   1.6880826e+01	   1.6921714e+01	   1.6300123e+01	   1.5786687e+01	   1.5150969e+01	   1.4603330e+01	   1.3878720e+01	   1.3028104e+01	   1.2396166e+01	
   0.0000000e+00	   0.0000000e+00	   0.0000000e+00	   0.0000000e+00	             NaN	             NaN	             NaN	             NaN	             NaN	   2.6546617e+01	   2.4716524e+01	   2.2971287e+01	   2.2100988e+01	   2.1289702e+01	   2.0313553e+01	   1.9579115e+01	   1.8886689e+01	   1.8427858e+01	   1.8169710e+01	   1.7584225e+01	   1.7465121e+01	   1.6978468e+01	   1.6862673e+01	   1.6497491e+01	   1.6562726e+01	   1.6301387e+01	   1.5857410e+01	   1.5478148e+01	   1.4840341e+01	   1.4165516e+01	   1.3448653e+01	   1.2965272e+01	   1.2303740e+01	
   0.0000000e+00	   0.0000000e+00	   0.0000000e+00	   0.0000000e+00	             NaN	             NaN	             NaN	             NaN	             NaN	   2.5806875e+01	   2.3778325e+01	   2.2489659e+01	   2.1557851e+01	   2.0578277e+01	   1.9697633e+01	   1.8943796e+01	   1.8367648e+01	   1.7784875e+01	   1.7415744e+01	   1.7059926e+01	   1.6826283e+01	   1.6764116e+01	   1.6415225e+01	   1.6003869e+01	   1.5964157e+01	   1.5800138e+01	   1.5471636e+01	   1.4917875e+01	   1.4549878e+01	   1.3845404e+01	   1.3156803e+01	   1.2483234e+01	   1.1795849e+01	
   0.0000000e+00	   0.0000000e+00	   0.0000000e+00	   0.0000000e+00	             NaN	             NaN	             NaN	             NaN	             NaN	             NaN	   2.3444875e+01	   2.1628270e+01	   2.0964761e+01	   2.0132991e+01	   1.9163133e+01	   1.8419574e+01	   1.7968134e+01	   1.7405907e+01	   1.6942167e+01	   1.6801910e+01	   1.6433827e+01	   1.6103418e+01	   1.5867937e+01	   1.5736967e+01	   1.5488875e+01	   1.5545448e+01	   1.5054339e+01	   1.4666800e+01	   1.4189251e+01	   1.3477205e+01	   1.2851375e+01	   1.2291717e+01	   1.1672613e+01	
   0.0000000e+00	   0.0000000e+00	   0.0000000e+00	   0.0000000e+00	             NaN	             NaN	             NaN	             NaN	             NaN	             NaN	   2.2792118e+01	   2.1602083e+01	   2.0318491e+01	   1.9579957e+01	   1.8818291e+01	   1.7715310e+01	   1.7551713e+01	   1.6913522e+01	   1.6515975e+01	   1.6285234e+01	   1.5926127e+01	   1.5629056e+01	   1.5574633e+01	   1.5269530e+01	   1.5032912e+01	   1.4965308e+01	   1.4666633e+01	   1.4214685e+01	   1.3671823e+01	   1.3078096e+01	   1.2438692e+01	   1.1858158e+01	   1.1309127e+01	
   0.0000000e+00	   0.0000000e+00	   0.0000000e+00	   0.0000000e+00	   0.0000000e+00	             NaN	             NaN	             NaN	             NaN	             NaN	   2.2121701e+01	   2.0901317e+01	   1.9946527e+01	   1.9395094e+01	   1.8034335e+01	   1.7478748e+01	   1.7089732e+01	   1.6558925e+01	   1.6225785e+01	   1.5790662e+01	   1.5649840e+01	   1.5157541e+01	   1.5010936e+01	   1.4808462e+01	   1.4782324e+01	   1.4525708e+01	   1.4157120e+01	   1.3857257e+01	   1.3304572e+01	   1.2692774e+01	   1.2097930e+01	   1.1508449e+01	   1.0993776e+01	
   0.0000000e+00	   0.0000000e+00	   0.0000000e+00	   0.0000000e+00	   0.0000000e+00	             NaN	             NaN	             NaN	             NaN	             NaN	   2.1563325e+01	   2.0474852e+01	   1.9609980e+01	   1.8336234e+01	   1.7677906e+01	   1.7189492e+01	   1.6476753e+01	   1.6089477e+01	   1.5777571e+01	   1.5456875e+01	   1.5061279e+01	   1.4969448e+01	   1.4566477e+01	   1.4348245e+01	   1.4372691e+01	   1.4149031e+01	   1.3977649e+01	   1.3501622e+01	   1.2992245e+01	   1.2347845e+01	   1.1775429e+01	   1.1304269e+01	   1.0689998e+01	
   0.0000000e+00	   0.0000000e+00	   0.0000000e+00	   0.0000000e+00	   0.0000000e+00	             NaN	             NaN	             NaN	             NaN	             NaN	   2.1137354e+01	   1.9802946e+01	   1.8850412e+01	   1.8222843e+01	   1.7260062e+01	   1.6671225e+01	   1.6020286e+01	   1.5761729e+01	   1.5122457e+01	   1.5106038e+01	   1.4711560e+01	   1.4586781e+01	   1.4144090e+01	   1.3920683e+01	   1.3903769e+01	   1.3738869e+01	   1.3479327e+01	   1.2908579e+01	   1.2573409e+01	   1.1976322e+01	   1.1565587e+01	   1.0943688e+01	   1.0487834e+01	
   0.0000000e+00	   0.0000000e+00	   0.0000000e+00	   0.0000000e+00	   0.0000000e+00	             NaN	             NaN	             NaN	             NaN	             NaN	             NaN	   1.9314927e+01	   1.8007999e+01	   1.7580101e+01	   1.6845094e+01	   1.6186441e+01	   1.5597647e+01	   1.5263686e+01	   1.4804895e+01	   1.4681943e+01	   1.4248932e+01	   1.4181565e+01	   1.3759516e+01	   1.3691034e+01	   1.3532285e+01	   1.3316419e+01	   1.2886596e+01	   1.2628754e+01	   1.2106714e+01	   1.1779093e+01	   1.1137863e+01	   1.0628732e+01	   1.0181418e+01	
   0.0000000e+00	   0.0000000e+00	   0.0000000e+00	   0.0000000e+00	   0.0000000e+00	             NaN	             NaN	             NaN	             NaN	             NaN	             NaN	   1.9000058e+01	   1.7932188e+01	   1.7032882e+01	   1.6335942e+01	   1.5599209e+01	   1.5307377e+01	   1.4743328e+01	   1.4419977e+01	   1.4013826e+01	   1.3864844e+01	   1.3548614e+01	   1.3362072e+01	   1.3042824e+01	   1.3057559e+01	   1.2891891e+01	   1.2488664e+01	   1.2233537e+01	   1.1787158e+01	   1.1389861e+01	   1.0790710e+01	   1.0392707e+01	   9.8052917e+00	
   0.0000000e+00	   0.0000000e+00	   0.0000000e+00	   0.0000000e+00	   0.0000000e+00	   0.0000000e+00	             NaN	             NaN	             NaN	             NaN	             NaN	   1.8344695e+01	   1.7387705e+01	   1.6795211e+01	   1.5947110e+01	   1.5488196e+01	   1.4945410e+01	   1.4445859e+01	   1.3888732e+01	   1.3782038e+01	   1.3333132e+01	   1.3248169e+01	   1.3061536e+01	   1.2784751e+01	   1.2653170e+01	   1.2496067e+01	   1.2118404e+01	   1.2039015e+01	   1.1531812e+01	   1.0973335e+01	   1.0489322e+01	   1.0079099e+01	   9.6045826e+00	
   0.0000000e+00	   0.0000000e+00	   0.0000000e+00	   0.0000000e+00	   0.0000000e+00	   0.0000000e+00	             NaN	             NaN	             NaN	             NaN	             NaN	   1.7885145e+01	   1.7186034e+01	   1.6208332e+01	   1.5634604e+01	   1.4944637e+01	   1.4485357e+01	   1.4051158e+01	   1.3582366e+01	   1.3325976e+01	   1.3006788e+01	   1.2644149e+01	   1.2631391e+01	   1.2515756e+01	   1.2268964e+01	   1.2275989e+01	   1.1985270e+01	   1.1648358e+01	   1.1174015e+01	   1.0727628e+01	   1.0190738e+01	   9.7960872e+00	   9.3392236e+00	
   0.0000000e+00	   0.0000000e+00	   0.0000000e+00	   0.0000000e+00	   0.0000000e+00	   0.0000000e+00	             NaN	             NaN	             NaN	             NaN	             NaN	   1.7332124e+01	   1.6743162e+01	   1.5953901e+01	   1.5166391e+01	   1.4339259e+01	   1.3903573e+01	   1.3471221e+01	   1.3368683e+01	   1.2941619e+01	   1.2609707e+01	   1.2453043e+01	   1.2092254e+01	   1.1973943e+01	   1.1966636e+01	   1.1955202e+01	   1.1640266e+01	   1.1224501e+01	   1.0824473e+01	   1.0516001e+01	   1.0078068e+01	   9.5491579e+00	   9.0681266e+00	
   0.0000000e+00	   0.0000000e+00	   0.0000000e+00	   0.0000000e+00	   0.0000000e+00	   0.0000000e+00	             NaN	             NaN	             NaN	             NaN	             NaN	             NaN	   1.6256269e+01	   1.5475081e+01	   1.4947273e+01	   1.4091695e+01	   1.3700264e+01	   1.3307575e+01	   1.2753089e+01	   1.2586205e+01	   1.2312813e+01	   1.2052837e+01	   1.1815969e+01	   1.1734489e+01	   1.1520320e+01	   1.1537647e+01	   1.1168106e+01	   1.0996204e+01	   1.0508203e+01	   1.0174442e+01	   9.5729755e+00	   9.2473306e+00	   8.8701017e+00	
   0.0000000e+00	   0.0000000e+00	   0.0000000e+00	   0.0000000e+00	   0.0000000e+00	   0.0000000e+00	             NaN	             NaN	             NaN	             NaN	             NaN	             NaN	   1.5679751e+01	   1.5060849e+01	   1.4395426e+01	   1.3595712e+01	   1.3328366e+01	   1.2814345e+01	   1.2447790e+01	   1.2041650e+01	   1.1898706e+01	   1.1816623e+01	   1.1496189e+01	   1.1183015e+01	   1.0958717e+01	   1.1129764e+01	   1.0767856e+01	   1.0525330e+01	   1.0182675e+01	   9.6892871e+00	   9.3806598e+00	   9.0355324e+00	   8.5786214e+00	
   0.0000000e+00	   0.0000000e+00	   0.0000000e+00	   0.0000000e+00	   0.0000000e+00	   0.0000000e+00	   0.0000000e+00	             NaN	             NaN	             NaN	             NaN	             NaN	   1.5218007e+01	   1.4492944e+01	   1.4008383e+01	   1.3226202e+01	   1.2988258e+01	   1.2372003e+01	   1.2010440e+01	   1.1910268e+01	   1.1748146e+01	   1.1215946e+01	   1.1087524e+01	   1.1000044e+01	   1.0767352e+01	   1.0742375e+01	   1.0551057e+01	   1.0280238e+01	   9.8112781e+00	   9.4168258e+00	   9.0784360e+00	   8.7401445e+00	   8.2981902e+00	
   0.0000000e+00	   0.0000000e+00	   0.0000000e+00	   0.0000000e+00	   0.0000000e+00	   0.0000000e+00	   0.0000000e+00	             NaN	             NaN	             NaN	             NaN	             NaN	   1.4740212e+01	   1.4221018e+01	   1.3369325e+01	   1.3022044e+01	   1.2441577e+01	   1.2122834e+01	   1.1943320e+01	   1.1414067e+01	   1.1245180e+01	   1.1113248e+01	   1.0701575e+01	   1.0603202e+01	   1.0573621e+01	   1.0472854e+01	   1.0306466e+01	   9.9175500e+00	   9.5474796e+00	   9.1608375e+00	   8.7058244e+00	   8.4362679e+00	   8.0752591e+00	
   0.0000000e+00	   0.0000000e+00	   0.0000000e+00	   0.0000000e+00	   0.0000000e+00	   0.0000000e+00	   0.0000000e+00	             NaN	             NaN	             NaN	             NaN	             NaN	   1.4440537e+01	   1.3550526e+01	   1.3246010e+01	   1.2671742e+01	   1.2108701e+01	   1.1645264e+01	   1.1357978e+01	   1.1057570e+01	   1.0847274e+01	   1.0649849e+01	   1.0372514e+01	   1.0189794e+01	   1.0138855e+01	   1.0012662e+01	   9.9291889e+00	   9.5177504e+00	   9.1493523e+00	   8.9418504e+00	   8.5472980e+00	   8.1163060e+00	   7.7110729e+00	
   0.0000000e+00	   0.0000000e+00	   0.0000000e+00	   0.0000000e+00	   0.0000000e+00	   0.0000000e+00	   0.0000000e+00	             NaN	             NaN	             NaN	             NaN	             NaN	             NaN	   1.3288944e+01	   1.2545814e+01	   1.2225155e+01	   1.1736698e+01	   1.1434881e+01	   1.0939281e+01	   1.0781085e+01	   1.0604828e+01	   1.0248255e+01	   9.9934807e+00	   9.8994250e+00	   9.8215339e+00	   9.6917951e+00	   9.4475881e+00	   9.3409775e+00	   9.0233050e+00	   8.5896130e+00	   8.2999475e+00	   7.7941371e+00	   7.5221500e+00	
   0.0000000e+00	   0.0000000e+00	   0.0000000e+00	   0.0000000e+00	   0.0000000e+00	   0.0000000e+00	   0.0000000e+00	             NaN	             NaN	             NaN	             NaN	             NaN	             NaN	   1.2883721e+01	   1.2260672e+01	   1.1859913e+01	   1.1356705e+01	   1.0935518e+01	   1.0624750e+01	   1.0409212e+01	   1.0214721e+01	   1.0086289e+01	   9.7594133e+00	   9.6702150e+00	   9.4159192e+00	   9.5719299e+00	   9.2485134e+00	   8.8654414e+00	   8.6109970e+00	   8.4174911e+00	   7.9571851e+00	   7.6344272e+00	   7.2955118e+00	
   0.0000000e+00	   0.0000000e+00	   0.0000000e+00	   0.0000000e+00	   0.0000000e+00	   0.0000000e+00	   0.0000000e+00	   0.0000000e+00	             NaN	             NaN	             NaN	             NaN	             NaN	   1.2499559e+01	   1.2151777e+01	   1.1382091e+01	   1.1035712e+01	   1.0684550e+01	   1.0340624e+01	   1.0047395e+01	   9.7182406e+00	   9.6096169e+00	   9.4525140e+00	   9.2106089e+00	   9.1569523e+00	   9.2061977e+00	   8.9107834e+00	   8.6009826e+00	   8.4151155e+00	   8.0167683e+00	   7.6744808e+00	   7.3815084e+00	   7.0463502e+00	
   0.0000000e+00	   0.0000000e+00	   0.0000000e+00	   0.0000000e+00	   0.0000000e+00	   0.0000000e+00	   0.0000000e+00	   0.0000000e+00	             NaN	             NaN	             NaN	             NaN	             NaN	   1.2224439e+01	   1.1408034e+01	   1.1095690e+01	   1.0712074e+01	   1.0352329e+01	   1.0052658e+01	   9.7211763e+00	   9.6509040e+00	   9.3590807e+00	   9.0659258e+00	   9.1417475e+00	   9.0310700e+00	   8.8660152e+00	   8.7318392e+00	   8.3804855e+00	   8.1806664e+00	   7.8385848e+00	   7.4654147e+00	   7.3034001e+00	   6.9032628e+00	
   0.0000000e+00	   0.0000000e+00	   0.0000000e+00	   0.0000000e+00	   0.0000000e+00	   0.0000000e+00	   0.0000000e+00	   0.0000000e+00	             NaN	             NaN	             NaN	             NaN	             NaN	   1.1945532e+01	   1.1247859e+01	   1.0894227e+01	   1.0482792e+01	   1.0058861e+01	   9.6665918e+00	   9.4845184e+00	   9.1498762e+00	   9.0395734e+00	   8.7792140e+00	   8.7643975e+00	   8.7364553e+00	   8.5494560e+00	   8.3753061e+00	   8.1144046e+00	   7.9459735e+00	   7.6417000e+00	   7.1739569e+00	   6.9446507e+00	   6.6453563e+00	
   0.0000000e+00	   0.0000000e+00	   0.0000000e+00	   0.0000000e+00	   0.0000000e+00	   0.0000000e+00	   0.0000000e+00	   0.0000000e+00	             NaN	             NaN	             NaN	             NaN	             NaN	             NaN	   1.1173992e+01	   1.0471058e+01	   1.0084268e+01	   9.8724974e+00	   9.3895692e+00	   9.3107046e+00	   8.9747413e+00	   8.8681855e+00	   8.5253223e+00	   8.3964262e+00	   8.3294320e+00	   8.2881645e+00	   8.0032546e+00	   7.8835166e+00	   7.5974752e+00	   7.3832366e+00	   7.0463434e+00	   6.7639791e+00	   6.4822834e+00	
   0.0000000e+00	   0.0000000e+00	   0.0000000e+00	   0.0000000e+00	   0.0000000e+00	   0.0000000e+00	   0.0000000e+00	   0.0000000e+00	             NaN	             NaN	             NaN	             NaN	             NaN	             NaN	   1.0586363e+01	   1.0144962e+01	   9.8790386e+00	   9.4488536e+00	   9.2439518e+00	   8.8623084e+00	   8.8113689e+00	   8.5266666e+00	   8.2920631e+00	   8.0984494e+00	   8.0629911e+00	   8.0178204e+00	   7.8098693e+00	   7.5903141e+00	   7.3495640e+00	   7.1545360e+00	   6.7169901e+00	   6.4885135e+00	   6.2304243e+00	
   0.0000000e+00	   0.0000000e+00	   0.0000000e+00	   0.0000000e+00	   0.0000000e+00	   0.0000000e+00	   0.0000000e+00	   0.0000000e+00	   0.0000000e+00	             NaN	             NaN	             NaN	             NaN	             NaN	   1.0299259e+01	   9.7921287e+00	   9.6193588e+00	   9.0163951e+00	   8.9535921e+00	   8.6700318e+00	   8.4753563e+00	   8.2764777e+00	   8.0886065e+00	   7.9471786e+00	   7.7650644e+00	   7.7738279e+00	   7.6126760e+00	   7.4909305e+00	   7.1849173e+00	   6.9188942e+00	   6.6352242e+00	   6.3512333e+00	   6.0519821e+00	
   0.0000000e+00	   0.0000000e+00	   0.0000000e+00	   0.0000000e+00	   0.0000000e+00	   0.0000000e+00	   0.0000000e+00	   0.0000000e+00	   0.0000000e+00	             NaN	             NaN	             NaN	             NaN	             NaN	   9.9103480e+00	   9.7199669e+00	   9.2091695e+00	   8.9289336e+00	   8.4956026e+00	   8.4671759e+00	   8.2381034e+00	   8.0399540e+00	   7.6952136e+00	   7.7888591e+00	   7.6167566e+00	   7.5181425e+00	   7.3067219e+00	   7.1061657e+00	   6.8285966e+00	   6.5254260e+00	   6.3328714e+00	   6.1471595e+00	   5.9840221e+00	
   0.0000000e+00	   0.0000000e+00	   0.0000000e+00	   0.0000000e+00	   0.0000000e+00	   0.0000000e+00	   0.0000000e+00	   0.0000000e+00	   0.0000000e+00	             NaN	             NaN	             NaN	             NaN	             NaN	   9.8971087e+00	   9.2549963e+00	   8.9603740e+00	   8.5381079e+00	   8.2033634e+00	   8.0532085e+00	   7.9014339e+00	   7.8269690e+00	   7.5742581e+00	   7.3826827e+00	   7.3449385e+00	   7.2390573e+00	   7.0002358e+00	   6.9032434e+00	   6.8635305e+00	   6.4833273e+00	   6.1771497e+00	   5.9134628e+00	   5.7328101e+00	
   0.0000000e+00	   0.0000000e+00	   0.0000000e+00	   0.0000000e+00	   0.0000000e+00	   0.0000000e+00	   0.0000000e+00	   0.0000000e+00	   0.0000000e+00	             NaN	             NaN	             NaN	             NaN	             NaN	             NaN	   8.9598815e+00	   8.5893947e+00	   8.4629087e+00	   8.0132910e+00	   8.0294087e+00	   7.6477865e+00	   7.4653050e+00	   7.2277418e+00	   7.2724900e+00	   7.0920367e+00	   7.1504812e+00	   6.8099829e+00	   6.6173538e+00	   6.4881646e+00	   6.0915467e+00	   5.9990233e+00	   5.6744500e+00	   5.5198944e+00	
   0.0000000e+00	   0.0000000e+00	   0.0000000e+00	   0.0000000e+00	   0.0000000e+00	   0.0000000e+00	   0.0000000e+00	   0.0000000e+00	   0.0000000e+00	             NaN	             NaN	             NaN	             NaN	             NaN	             NaN	   8.7939297e+00	   8.3576710e+00	   8.1476732e+00	   7.8671875e+00	   7.6388418e+00	   7.4385469e+00	   7.2774853e+00	   7.0533687e+00	   6.9587706e+00	   6.8751362e+00	   6.8573404e+00	   6.5368475e+00	   6.3715995e+00	   6.2317799e+00	   6.0181412e+00	   5.6390630e+00	   5.5492280e+00	   5.4059597e+00	
   0.0000000e+00	   0.0000000e+00	   0.0000000e+00	   0.0000000e+00	   0.0000000e+00	   0.0000000e+00	   0.0000000e+00	   0.0000000e+00	   0.0000000e+00	   0.0000000e+00	             NaN	             NaN	             NaN	             NaN	             NaN	   8.3170259e+00	   8.1851104e+00	   8.0102960e+00	   7.4696288e+00	   7.4054851e+00	   7.2699436e+00	   7.0804576e+00	   6.8887563e+00	   6.8490875e+00	   6.6402098e+00	   6.5680066e+00	   6.4830810e+00	   6.1934075e+00	   5.9298073e+00	   5.8055447e+00	   5.6420655e+00	   5.3171223e+00	   5.1306541e+00	
