  -7.8335765e+00	  -1.3321615e+01	  -1.0863259e+01	             NaN	             NaN	             NaN	             NaN	             NaN	             NaN	             NaN	             NaN	             NaN	             NaN	             NaN	   0.0000000e+00	   0.0000000e+00	   0.0000000e+00	   0.0000000e+00	   0.0000000e+00	   0.0000000e+00	   0.0000000e+00	   0.0000000e+00	   0.0000000e+00	   0.0000000e+00	   0.0000000e+00	   0.0000000e+00	   0.0000000e+00	   0.0000000e+00	   0.0000000e+00	   0.0000000e+00	   0.0000000e+00	   0.0000000e+00	   0.0000000e+00	
  -8.3118401e+00	  -8.0608059e+00	  -9.3862898e+00	             NaN	             NaN	             NaN	             NaN	             NaN	             NaN	             NaN	             NaN	             NaN	             NaN	             NaN	   0.0000000e+00	   0.0000000e+00	   0.0000000e+00	   0.0000000e+00	   0.0000000e+00	   0.0000000e+00	   0.0000000e+00	   0.0000000e+00	   0.0000000e+00	   0.0000000e+00	   0.0000000e+00	   0.0000000e+00	   0.0000000e+00	   0.0000000e+00	   0.0000000e+00	   0.0000000e+00	   0.0000000e+00	   0.0000000e+00	   0.0000000e+00	
  -4.8411759e+00	  -6.2330964e+00	  -7.3582511e+00	             NaN	             NaN	             NaN	             NaN	             NaN	             NaN	             NaN	             NaN	             NaN	             NaN	             NaN	   0.0000000e+00	   0.0000000e+00	   0.0000000e+00	   0.0000000e+00	   0.0000000e+00	   0.0000000e+00	   0.0000000e+00	   0.0000000e+00	   0.0000000e+00	   0.0000000e+00	   0.0000000e+00	   0.0000000e+00	   0.0000000e+00	   0.0000000e+00	   0.0000000e+00	   0.0000000e+00	   0.0000000e+00	   0.0000000e+00	   0.0000000e+00	
  -4.0786364e+00	  -6.4301097e+00	  -5.7900921e+00	  -1.8858910e+00	             NaN	             NaN	             NaN	             NaN	             NaN	             NaN	             NaN	             NaN	             NaN	             NaN	             NaN	   0.0000000e+00	   0.0000000e+00	   0.0000000e+00	   0.0000000e+00	   0.0000000e+00	   0.0000000e+00	   0.0000000e+00	   0.0000000e+00	   0.0000000e+00	   0.0000000e+00	   0.0000000e+00	   0.0000000e+00	   0.0000000e+00	   0.0000000e+00	   0.0000000e+00	   0.0000000e+00	   0.0000000e+00	   0.0000000e+00	
  -3.3542356e+00	  -5.1424910e+00	  -2.0815408e+00	   1.0172715e-03	             NaN	             NaN	             NaN	             NaN	             NaN	             NaN	             NaN	             NaN	             NaN	             NaN	             NaN	   0.0000000e+00	   0.0000000e+00	   0.0000000e+00	   0.0000000e+00	   0.0000000e+00	   0.0000000e+00	   0.0000000e+00	   0.0000000e+00	   0.0000000e+00	   0.0000000e+00	   0.0000000e+00	   0.0000000e+00	   0.0000000e+00	   0.0000000e+00	   0.0000000e+00	   0.0000000e+00	   0.0000000e+00	   0.0000000e+00	
  -3.7963810e-01	  -1.7024056e+00	  -1.8374567e+00	   1.7269208e+00	   4.8113231e+00	             NaN	             NaN	             NaN	             NaN	             NaN	             NaN	             NaN	             NaN	             NaN	             NaN	             NaN	   0.0000000e+00	   0.0000000e+00	   0.0000000e+00	   0.0000000e+00	   0.0000000e+00	   0.0000000e+00	   0.0000000e+00	   0.0000000e+00	   0.0000000e+00	   0.0000000e+00	   0.0000000e+00	   0.0000000e+00	   0.0000000e+00	   0.0000000e+00	   0.0000000e+00	   0.0000000e+00	   0.0000000e+00	
   5.5260521e-02	  -1.2532172e+00	   5.4316094e-01	   1.9517942e+00	   4.9302855e+00	             NaN	             NaN	             NaN	             NaN	             NaN	             NaN	             NaN	             NaN	             NaN	             NaN	             NaN	   0.0000000e+00	   0.0000000e+00	   0.0000000e+00	   0.0000000e+00	   0.0000000e+00	   0.0000000e+00	   0.0000000e+00	   0.0000000e+00	   0.0000000e+00	   0.0000000e+00	   0.0000000e+00	   0.0000000e+00	   0.0000000e+00	   0.0000000e+00	   0.0000000e+00	   0.0000000e+00	   0.0000000e+00	
   8.3713201e-01	   6.8710627e-01	   1.2405433e+00	   3.3590426e+00	   5.6389921e+00	             NaN	             NaN	             NaN	             NaN	             NaN	             NaN	             NaN	             NaN	             NaN	             NaN	             NaN	   0.0000000e+00	   0.0000000e+00	   0.0000000e+00	   0.0000000e+00	   0.0000000e+00	   0.0000000e+00	   0.0000000e+00	   0.0000000e+00	   0.0000000e+00	   0.0000000e+00	   0.0000000e+00	   0.0000000e+00	   0.0000000e+00	   0.0000000e+00	   0.0000000e+00	   0.0000000e+00	   0.0000000e+00	
   2.8811594e+00	   1.5797578e+00	   1.6918282e+00	   3.5926800e+00	   6.1549196e+00	   8.3328710e+00	             NaN	             NaN	             NaN	             NaN	             NaN	             NaN	             NaN	             NaN	             NaN	             NaN	             NaN	   0.0000000e+00	   0.0000000e+00	   0.0000000e+00	   0.0000000e+00	   0.0000000e+00	   0.0000000e+00	   0.0000000e+00	   0.0000000e+00	   0.0000000e+00	   0.0000000e+00	   0.0000000e+00	   0.0000000e+00	   0.0000000e+00	   0.0000000e+00	   0.0000000e+00	   0.0000000e+00	
   3.5566703e+00	   1.5525367e+00	   3.2598094e+00	   4.7594955e+00	   6.5666783e+00	   9.0034427e+00	             NaN	             NaN	             NaN	             NaN	             NaN	             NaN	             NaN	             NaN	             NaN	             NaN	             NaN	   0.0000000e+00	   0.0000000e+00	   0.0000000e+00	   0.0000000e+00	   0.0000000e+00	   0.0000000e+00	   0.0000000e+00	   0.0000000e+00	   0.0000000e+00	   0.0000000e+00	   0.0000000e+00	   0.0000000e+00	   0.0000000e+00	   0.0000000e+00	   0.0000000e+00	   0.0000000e+00	
   3.3461798e+00	   2.9886637e+00	   3.6538669e+00	   5.8899309e+00	   7.3225143e+00	   9.3287394e+00	   1.0730297e+01	             NaN	             NaN	             NaN	             NaN	             NaN	             NaN	             NaN	             NaN	             NaN	             NaN	             NaN	   0.0000000e+00	   0.0000000e+00	   0.0000000e+00	   0.0000000e+00	   0.0000000e+00	   0.0000000e+00	   0.0000000e+00	   0.0000000e+00	   0.0000000e+00	   0.0000000e+00	   0.0000000e+00	   0.0000000e+00	   0.0000000e+00	   0.0000000e+00	   0.0000000e+00	
   4.1315034e+00	   3.7464829e+00	   4.8602308e+00	   6.2221208e+00	   7.9666693e+00	   9.9128215e+00	   1.1451011e+01	             NaN	             NaN	             NaN	             NaN	             NaN	             NaN	             NaN	             NaN	             NaN	             NaN	             NaN	   0.0000000e+00	   0.0000000e+00	   0.0000000e+00	   0.0000000e+00	   0.0000000e+00	   0.0000000e+00	   0.0000000e+00	   0.0000000e+00	   0.0000000e+00	   0.0000000e+00	   0.0000000e+00	   0.0000000e+00	   0.0000000e+00	   0.0000000e+00	   0.0000000e+00	
   4.8935315e+00	   4.5956572e+00	   5.5797562e+00	   6.9682208e+00	   8.8885995e+00	   1.0082642e+01	   1.1861826e+01	             NaN	             NaN	             NaN	             NaN	             NaN	             NaN	             NaN	             NaN	             NaN	             NaN	             NaN	   0.0000000e+00	   0.0000000e+00	   0.0000000e+00	   0.0000000e+00	   0.0000000e+00	   0.0000000e+00	   0.0000000e+00	   0.0000000e+00	   0.0000000e+00	   0.0000000e+00	   0.0000000e+00	   0.0000000e+00	   0.0000000e+00	   0.0000000e+00	   0.0000000e+00	
   5.8971734e+00	   5.5044349e+00	   6.1025729e+00	   8.0295641e+00	   9.2566738e+00	   1.0995861e+01	   1.2591218e+01	   1.3682603e+01	             NaN	             NaN	             NaN	             NaN	             NaN	             NaN	             NaN	             NaN	             NaN	             NaN	             NaN	   0.0000000e+00	   0.0000000e+00	   0.0000000e+00	   0.0000000e+00	   0.0000000e+00	   0.0000000e+00	   0.0000000e+00	   0.0000000e+00	   0.0000000e+00	   0.0000000e+00	   0.0000000e+00	   0.0000000e+00	   0.0000000e+00	   0.0000000e+00	
   6.9030272e+00	   4.9147001e+00	   6.2488704e+00	   8.6149727e+00	   9.7999704e+00	   1.1174581e+01	   1.2816136e+01	   1.3612995e+01	             NaN	             NaN	             NaN	             NaN	             NaN	             NaN	             NaN	             NaN	             NaN	             NaN	             NaN	   0.0000000e+00	   0.0000000e+00	   0.0000000e+00	   0.0000000e+00	   0.0000000e+00	   0.0000000e+00	   0.0000000e+00	   0.0000000e+00	   0.0000000e+00	   0.0000000e+00	   0.0000000e+00	   0.0000000e+00	   0.0000000e+00	   0.0000000e+00	
   6.7881595e+00	   5.7922479e+00	   7.7126291e+00	   8.7868280e+00	   9.8849903e+00	   1.1637855e+01	   1.2902748e+01	   1.3872950e+01	   1.3945171e+01	             NaN	             NaN	             NaN	             NaN	             NaN	             NaN	             NaN	             NaN	             NaN	             NaN	             NaN	   0.0000000e+00	   0.0000000e+00	   0.0000000e+00	   0.0000000e+00	   0.0000000e+00	   0.0000000e+00	   0.0000000e+00	   0.0000000e+00	   0.0000000e+00	   0.0000000e+00	   0.0000000e+00	   0.0000000e+00	   0.0000000e+00	
   8.0314800e+00	   7.5572365e+00	   7.9308862e+00	   9.1413069e+00	   1.0654316e+01	   1.1963608e+01	   1.3254876e+01	   1.4347095e+01	   1.4333788e+01	             NaN	             NaN	             NaN	             NaN	             NaN	             NaN	             NaN	             NaN	             NaN	             NaN	             NaN	   0.0000000e+00	   0.0000000e+00	   0.0000000e+00	   0.0000000e+00	   0.0000000e+00	   0.0000000e+00	   0.0000000e+00	   0.0000000e+00	   0.0000000e+00	   0.0000000e+00	   0.0000000e+00	   0.0000000e+00	   0.0000000e+00	
   7.8862775e+00	   7.7296943e+00	   8.9624594e+00	   9.7873732e+00	   1.0616554e+01	   1.2145356e+01	   1.4146505e+01	   1.4810384e+01	   1.4918103e+01	             NaN	             NaN	             NaN	             NaN	             NaN	             NaN	             NaN	             NaN	             NaN	             NaN	             NaN	   0.0000000e+00	   0.0000000e+00	   0.0000000e+00	   0.0000000e+00	   0.0000000e+00	   0.0000000e+00	   0.0000000e+00	   0.0000000e+00	   0.0000000e+00	   0.0000000e+00	   0.0000000e+00	   0.0000000e+00	   0.0000000e+00	
   8.7465026e+00	   7.7184073e+00	   8.9106107e+00	   9.9077138e+00	   1.1463545e+01	   1.2711907e+01	   1.3974214e+01	   1.5075812e+01	   1.5283536e+01	   1.3854474e+01	             NaN	             NaN	             NaN	             NaN	             NaN	             NaN	             NaN	             NaN	             NaN	             NaN	             NaN	   0.0000000e+00	   0.0000000e+00	   0.0000000e+00	   0.0000000e+00	   0.0000000e+00	   0.0000000e+00	   0.0000000e+00	   0.0000000e+00	   0.0000000e+00	   0.0000000e+00	   0.0000000e+00	   0.0000000e+00	
   9.5531448e+00	   8.9380159e+00	   9.7801323e+00	   1.0472230e+01	   1.2128119e+01	   1.2935633e+01	   1.4807086e+01	   1.5187552e+01	   1.5792209e+01	   1.4279284e+01	             NaN	             NaN	             NaN	             NaN	             NaN	             NaN	             NaN	             NaN	             NaN	             NaN	             NaN	   0.0000000e+00	   0.0000000e+00	   0.0000000e+00	   0.0000000e+00	   0.0000000e+00	   0.0000000e+00	   0.0000000e+00	   0.0000000e+00	   0.0000000e+00	   0.0000000e+00	   0.0000000e+00	   0.0000000e+00	
   9.1064329e+00	   9.3388009e+00	   9.8369138e+00	   1.1443120e+01	   1.1845425e+01	   1.3433416e+01	   1.4840211e+01	   1.5504471e+01	   1.5786951e+01	   1.4535150e+01	   1.2213315e+01	             NaN	             NaN	             NaN	             NaN	             NaN	             NaN	             NaN	             NaN	             NaN	             NaN	             NaN	   0.0000000e+00	   0.0000000e+00	   0.0000000e+00	   0.0000000e+00	   0.0000000e+00	   0.0000000e+00	   0.0000000e+00	   0.0000000e+00	   0.0000000e+00	   0.0000000e+00	   0.0000000e+00	
   9.7453710e+00	   9.9682699e+00	   9.9118288e+00	   1.1268869e+01	   1.3022768e+01	   1.3631871e+01	   1.5081856e+01	   1.5808605e+01	   1.5769401e+01	   1.5157700e+01	   1.2797201e+01	             NaN	             NaN	             NaN	             NaN	             NaN	             NaN	             NaN	             NaN	             NaN	             NaN	             NaN	   0.0000000e+00	   0.0000000e+00	   0.0000000e+00	   0.0000000e+00	   0.0000000e+00	   0.0000000e+00	   0.0000000e+00	   0.0000000e+00	   0.0000000e+00	   0.0000000e+00	   0.0000000e+00	
   1.0472716e+01	   9.9668141e+00	   1.0648960e+01	   1.1995465e+01	   1.2775249e+01	   1.4269626e+01	   1.4931011e+01	   1.6176822e+01	   1.6361660e+01	   1.5432320e+01	   1.3176352e+01	             NaN	             NaN	             NaN	             NaN	             NaN	             NaN	             NaN	             NaN	             NaN	             NaN	             NaN	   0.0000000e+00	   0.0000000e+00	   0.0000000e+00	   0.0000000e+00	   0.0000000e+00	   0.0000000e+00	   0.0000000e+00	   0.0000000e+00	   0.0000000e+00	   0.0000000e+00	   0.0000000e+00	
   1.1379053e+01	   1.0777531e+01	   1.1612786e+01	   1.2379425e+01	   1.3207565e+01	   1.4129906e+01	   1.5602612e+01	   1.5956950e+01	   1.6347694e+01	   1.5983054e+01	   1.3669564e+01	   1.0804355e+01	             NaN	             NaN	             NaN	             NaN	             NaN	             NaN	             NaN	             NaN	             NaN	             NaN	             NaN	   0.0000000e+00	   0.0000000e+00	   0.0000000e+00	   0.0000000e+00	   0.0000000e+00	   0.0000000e+00	   0.0000000e+00	   0.0000000e+00	   0.0000000e+00	   0.0000000e+00	
   1.2033906e+01	   1.2257035e+01	   1.2072494e+01	   1.2685519e+01	   1.3039198e+01	   1.4947306e+01	   1.5763905e+01	   1.6630954e+01	   1.6903739e+01	   1.6251628e+01	   1.4389865e+01	   1.1740772e+01	             NaN	             NaN	             NaN	             NaN	             NaN	             NaN	             NaN	             NaN	             NaN	             NaN	             NaN	   0.0000000e+00	   0.0000000e+00	   0.0000000e+00	   0.0000000e+00	   0.0000000e+00	   0.0000000e+00	   0.0000000e+00	   0.0000000e+00	   0.0000000e+00	   0.0000000e+00	
   1.2441359e+01	   1.2799630e+01	   1.3038610e+01	   1.3077982e+01	   1.3799892e+01	   1.5083885e+01	   1.6061147e+01	   1.6876578e+01	   1.7220181e+01	   1.6642843e+01	   1.4924182e+01	   1.2251628e+01	   9.2890753e+00	             NaN	             NaN	             NaN	             NaN	             NaN	             NaN	             NaN	             NaN	             NaN	             NaN	             NaN	   0.0000000e+00	   0.0000000e+00	   0.0000000e+00	   0.0000000e+00	   0.0000000e+00	   0.0000000e+00	   0.0000000e+00	   0.0000000e+00	   0.0000000e+00	
   1.3349450e+01	   1.2801573e+01	   1.3506674e+01	   1.3649927e+01	   1.4700193e+01	   1.5348591e+01	   1.6175852e+01	   1.7042776e+01	   1.7377488e+01	   1.6847667e+01	   1.5101539e+01	   1.2744901e+01	   1.0571206e+01	             NaN	             NaN	             NaN	             NaN	             NaN	             NaN	             NaN	             NaN	             NaN	             NaN	             NaN	   0.0000000e+00	   0.0000000e+00	   0.0000000e+00	   0.0000000e+00	   0.0000000e+00	   0.0000000e+00	   0.0000000e+00	   0.0000000e+00	   0.0000000e+00	
   1.3900292e+01	   1.3452658e+01	   1.3805527e+01	   1.4239151e+01	   1.5349017e+01	   1.5687537e+01	   1.6651737e+01	   1.7367081e+01	   1.7496972e+01	   1.7076839e+01	   1.5785424e+01	   1.3474113e+01	   1.1320786e+01	             NaN	             NaN	             NaN	             NaN	             NaN	             NaN	             NaN	             NaN	             NaN	             NaN	             NaN	   0.0000000e+00	   0.0000000e+00	   0.0000000e+00	   0.0000000e+00	   0.0000000e+00	   0.0000000e+00	   0.0000000e+00	   0.0000000e+00	   0.0000000e+00	
   1.3046810e+01	   1.4763052e+01	   1.4288022e+01	   1.4726506e+01	   1.5178582e+01	   1.5578862e+01	   1.6530943e+01	   1.7039412e+01	   1.7631031e+01	   1.7450056e+01	   1.6102248e+01	   1.3932370e+01	   1.2139095e+01	   9.5565490e+00	             NaN	             NaN	             NaN	             NaN	             NaN	             NaN	             NaN	             NaN	             NaN	             NaN	             NaN	   0.0000000e+00	   0.0000000e+00	   0.0000000e+00	   0.0000000e+00	   0.0000000e+00	   0.0000000e+00	   0.0000000e+00	   0.0000000e+00	
   1.4768655e+01	   1.5335079e+01	   1.4982821e+01	   1.5010128e+01	   1.5385382e+01	   1.6299044e+01	   1.6876203e+01	   1.7300900e+01	   1.7738749e+01	   1.7603251e+01	   1.6441213e+01	   1.4483865e+01	   1.2910093e+01	   1.1023585e+01	             NaN	             NaN	             NaN	             NaN	             NaN	             NaN	             NaN	             NaN	             NaN	             NaN	             NaN	   0.0000000e+00	   0.0000000e+00	   0.0000000e+00	   0.0000000e+00	   0.0000000e+00	   0.0000000e+00	   0.0000000e+00	   0.0000000e+00	
   1.4908754e+01	   1.5129703e+01	   1.5574904e+01	   1.5450760e+01	   1.6302963e+01	   1.6049832e+01	   1.7038403e+01	   1.7523446e+01	   1.7818795e+01	   1.7594068e+01	   1.6879395e+01	   1.5070266e+01	   1.3682167e+01	   1.2281753e+01	   9.3559154e+00	             NaN	             NaN	             NaN	             NaN	             NaN	             NaN	             NaN	             NaN	             NaN	             NaN	             NaN	   0.0000000e+00	   0.0000000e+00	   0.0000000e+00	   0.0000000e+00	   0.0000000e+00	   0.0000000e+00	   0.0000000e+00	
   1.5950063e+01	   1.6775117e+01	   1.6728848e+01	   1.6721220e+01	   1.6945529e+01	   1.7165178e+01	   1.7499127e+01	   1.8179725e+01	   1.8280861e+01	   1.8411207e+01	   1.7578856e+01	   1.6209662e+01	   1.4724543e+01	   1.3294644e+01	   1.1494761e+01	             NaN	             NaN	             NaN	             NaN	             NaN	             NaN	             NaN	             NaN	             NaN	             NaN	             NaN	   0.0000000e+00	   0.0000000e+00	   0.0000000e+00	   0.0000000e+00	   0.0000000e+00	   0.0000000e+00	   0.0000000e+00	
   1.5107731e+01	   1.6740648e+01	   1.7211487e+01	   1.7637510e+01	   1.7741240e+01	   1.7736622e+01	   1.8562932e+01	   1.8595004e+01	   1.8731530e+01	   1.8943007e+01	   1.8305942e+01	   1.7173057e+01	   1.5837943e+01	   1.4690527e+01	   1.3162941e+01	             NaN	             NaN	             NaN	             NaN	             NaN	             NaN	             NaN	             NaN	             NaN	             NaN	             NaN	   0.0000000e+00	   0.0000000e+00	   0.0000000e+00	   0.0000000e+00	   0.0000000e+00	   0.0000000e+00	   0.0000000e+00	
   1.6829830e+01	   1.8070034e+01	   1.8427425e+01	   1.9532060e+01	   1.8760585e+01	   1.8873121e+01	   1.8937857e+01	   1.9476297e+01	   1.9450783e+01	   1.9681761e+01	   1.9189386e+01	   1.7940744e+01	   1.6919739e+01	   1.6020541e+01	   1.4752551e+01	   1.2198820e+01	             NaN	             NaN	             NaN	             NaN	             NaN	             NaN	             NaN	             NaN	             NaN	             NaN	             NaN	   0.0000000e+00	   0.0000000e+00	   0.0000000e+00	   0.0000000e+00	   0.0000000e+00	   0.0000000e+00	
   1.8828555e+01	   2.0002824e+01	   2.0171487e+01	   2.0436411e+01	   1.9468353e+01	   1.9937250e+01	   1.9764132e+01	   2.0327938e+01	   2.0275368e+01	   2.0366598e+01	   1.9883072e+01	   1.9085860e+01	   1.8182189e+01	   1.6994342e+01	   1.6087854e+01	   1.4317283e+01	             NaN	             NaN	             NaN	             NaN	             NaN	             NaN	             NaN	             NaN	             NaN	             NaN	             NaN	   0.0000000e+00	   0.0000000e+00	   0.0000000e+00	   0.0000000e+00	   0.0000000e+00	   0.0000000e+00	
   1.7950816e+01	   1.9569989e+01	   2.0978219e+01	   2.0936648e+01	   2.1371208e+01	   2.0489659e+01	   2.0604645e+01	   2.0833160e+01	   2.0932894e+01	   2.1306865e+01	   2.0463289e+01	   2.0062171e+01	   1.8993765e+01	   1.8395035e+01	   1.7515764e+01	   1.5903636e+01	   1.2548502e+01	             NaN	             NaN	             NaN	             NaN	             NaN	             NaN	             NaN	             NaN	             NaN	             NaN	             NaN	   0.0000000e+00	   0.0000000e+00	   0.0000000e+00	   0.0000000e+00	   0.0000000e+00	
   1.9050295e+01	   1.9890186e+01	   2.1012150e+01	   2.2369012e+01	   2.1464739e+01	   2.1266790e+01	   2.1029160e+01	   2.1486425e+01	   2.1298689e+01	   2.1504948e+01	   2.1315974e+01	   2.0353139e+01	   2.0058873e+01	   1.9311033e+01	   1.8314716e+01	   1.7019376e+01	   1.4094116e+01	             NaN	             NaN	             NaN	             NaN	             NaN	             NaN	             NaN	             NaN	             NaN	             NaN	             NaN	   0.0000000e+00	   0.0000000e+00	   0.0000000e+00	   0.0000000e+00	   0.0000000e+00	
   2.0630451e+01	   2.1476681e+01	   2.3347336e+01	   2.3396115e+01	   2.2462957e+01	   2.1853914e+01	   2.2242172e+01	   2.1738264e+01	   2.2097035e+01	   2.2167057e+01	   2.2032498e+01	   2.1513814e+01	   2.1128695e+01	   2.0572567e+01	   1.9539578e+01	   1.8149875e+01	   1.6106241e+01	             NaN	             NaN	             NaN	             NaN	             NaN	             NaN	             NaN	             NaN	             NaN	             NaN	             NaN	   0.0000000e+00	   0.0000000e+00	   0.0000000e+00	   0.0000000e+00	   0.0000000e+00	
   2.1481317e+01	   2.2657967e+01	   2.3188733e+01	   2.4524888e+01	   2.4142895e+01	   2.3321042e+01	   2.2817904e+01	   2.2668086e+01	   2.2706661e+01	   2.3069997e+01	   2.2753774e+01	   2.2337896e+01	   2.1987741e+01	   2.1812749e+01	   2.0820658e+01	   1.9739909e+01	   1.7778047e+01	   1.4608917e+01	             NaN	             NaN	             NaN	             NaN	             NaN	             NaN	             NaN	             NaN	             NaN	             NaN	             NaN	   0.0000000e+00	   0.0000000e+00	   0.0000000e+00	   0.0000000e+00	
   2.0653411e+01	   2.3114695e+01	   2.4878412e+01	   2.5751941e+01	   2.4727642e+01	   2.3685983e+01	   2.3350684e+01	   2.3496022e+01	   2.3471556e+01	   2.3774866e+01	   2.3627239e+01	   2.3136287e+01	   2.3004175e+01	   2.2873217e+01	   2.2252117e+01	   2.0978119e+01	   1.9234190e+01	   1.6166909e+01	             NaN	             NaN	             NaN	             NaN	             NaN	             NaN	             NaN	             NaN	             NaN	             NaN	             NaN	   0.0000000e+00	   0.0000000e+00	   0.0000000e+00	   0.0000000e+00	
   2.1428958e+01	   2.4331389e+01	   2.5539678e+01	   2.7189279e+01	   2.6958546e+01	   2.5095183e+01	   2.4694637e+01	   2.4207977e+01	   2.4077580e+01	   2.4269717e+01	   2.4275487e+01	   2.4403820e+01	   2.4246807e+01	   2.4054634e+01	   2.3365316e+01	   2.2272721e+01	   2.0788519e+01	   1.8152504e+01	   1.4607765e+01	             NaN	             NaN	             NaN	             NaN	             NaN	             NaN	             NaN	             NaN	             NaN	             NaN	             NaN	   0.0000000e+00	   0.0000000e+00	   0.0000000e+00	
   2.1216015e+01	   2.4419426e+01	   2.6680589e+01	   2.8086491e+01	   2.7261109e+01	   2.6277137e+01	   2.5378856e+01	   2.4907703e+01	   2.4908982e+01	   2.5164132e+01	   2.5421669e+01	   2.5215703e+01	   2.5257317e+01	   2.5212449e+01	   2.4763735e+01	   2.3355842e+01	   2.1986919e+01	   1.9818657e+01	   1.6471493e+01	             NaN	             NaN	             NaN	             NaN	             NaN	             NaN	             NaN	             NaN	             NaN	             NaN	             NaN	   0.0000000e+00	   0.0000000e+00	   0.0000000e+00	
   2.3984003e+01	   2.6274520e+01	   2.8588712e+01	   2.9603117e+01	   2.9354101e+01	   2.7503645e+01	   2.6764690e+01	   2.6015066e+01	   2.5891998e+01	   2.6199119e+01	   2.6353745e+01	   2.6517445e+01	   2.6385433e+01	   2.6629769e+01	   2.6020823e+01	   2.4802887e+01	   2.3437564e+01	   2.1291974e+01	   1.8289677e+01	             NaN	             NaN	             NaN	             NaN	             NaN	             NaN	             NaN	             NaN	             NaN	             NaN	             NaN	   0.0000000e+00	   0.0000000e+00	   0.0000000e+00	
   2.6176889e+01	   2.7117100e+01	   3.0332298e+01	   3.1279618e+01	   3.0558724e+01	   2.8889180e+01	   2.7906656e+01	   2.7132666e+01	   2.7111594e+01	   2.6868685e+01	   2.7321943e+01	   2.7391283e+01	   2.8000537e+01	   2.7984982e+01	   2.7363155e+01	   2.6360238e+01	   2.4717802e+01	   2.2966180e+01	   1.9933079e+01	   1.6713557e+01	             NaN	             NaN	             NaN	             NaN	             NaN	             NaN	             NaN	             NaN	             NaN	             NaN	             NaN	   0.0000000e+00	   0.0000000e+00	
   2.4667112e+01	   2.8744770e+01	   3.1812972e+01	   3.3030662e+01	   3.2103982e+01	   3.0293861e+01	   2.8829396e+01	   2.8040520e+01	   2.7694378e+01	   2.7856569e+01	   2.8172403e+01	   2.8584913e+01	   2.8809946e+01	   2.9093040e+01	   2.8917882e+01	   2.7533950e+01	   2.6271272e+01	   2.4203248e+01	   2.1608873e+01	   1.7927531e+01	             NaN	             NaN	             NaN	             NaN	             NaN	             NaN	             NaN	             NaN	             NaN	             NaN	             NaN	   0.0000000e+00	   0.0000000e+00	
   2.6876336e+01	   3.0036339e+01	   3.3099329e+01	   3.4130471e+01	   3.2954883e+01	   3.1210389e+01	   3.0366263e+01	   2.9016105e+01	   2.8780915e+01	   2.8604884e+01	   2.8955066e+01	   2.9334349e+01	   2.9952223e+01	   3.0656104e+01	   2.9941344e+01	   2.9090666e+01	   2.7537252e+01	   2.5479060e+01	   2.3184339e+01	   1.9676451e+01	   1.6672586e+01	             NaN	             NaN	             NaN	             NaN	             NaN	             NaN	             NaN	             NaN	             NaN	             NaN	             NaN	   0.0000000e+00	
   3.0165764e+01	   3.2823258e+01	   3.4894246e+01	   3.5969054e+01	   3.4607656e+01	   3.3161150e+01	   3.1328860e+01	   3.0193733e+01	   2.9873886e+01	   3.0012299e+01	   3.0300290e+01	   3.0780622e+01	   3.1646930e+01	   3.2023545e+01	   3.1695994e+01	   3.0571840e+01	   2.9071921e+01	   2.7070125e+01	   2.4712564e+01	   2.1546638e+01	   1.7711929e+01	             NaN	             NaN	             NaN	             NaN	             NaN	             NaN	             NaN	             NaN	             NaN	             NaN	             NaN	   0.0000000e+00	
   3.1555033e+01	   3.2936281e+01	   3.5835697e+01	   3.7386554e+01	   3.6747835e+01	   3.4835101e+01	   3.2513946e+01	   3.1609125e+01	   3.1066940e+01	   3.1334243e+01	   3.1565364e+01	   3.2166837e+01	   3.2663378e+01	   3.3415069e+01	   3.3189647e+01	   3.2193101e+01	   3.0628610e+01	   2.8666932e+01	   2.6378262e+01	   2.3543640e+01	   1.9459542e+01	             NaN	             NaN	             NaN	             NaN	             NaN	             NaN	             NaN	             NaN	             NaN	             NaN	             NaN	   0.0000000e+00	
   3.2821269e+01	   3.5964907e+01	   3.8042186e+01	   3.9722329e+01	   3.8641864e+01	   3.5796579e+01	   3.3929814e+01	   3.2476329e+01	   3.1818821e+01	   3.2509408e+01	   3.2542898e+01	   3.3287444e+01	   3.4210665e+01	   3.4761250e+01	   3.4605493e+01	   3.3489376e+01	   3.2105718e+01	   2.9897050e+01	   2.7719619e+01	   2.4989789e+01	   2.1148978e+01	   1.7836085e+01	             NaN	             NaN	             NaN	             NaN	             NaN	             NaN	             NaN	             NaN	             NaN	             NaN	             NaN	
   3.3687496e+01	   3.7735095e+01	   3.9992893e+01	   4.1127540e+01	   4.0406776e+01	   3.7609064e+01	   3.5136079e+01	   3.3997624e+01	   3.3278218e+01	   3.3135750e+01	   3.3869842e+01	   3.4286442e+01	   3.5232396e+01	   3.6143399e+01	   3.5937405e+01	   3.5164162e+01	   3.3425708e+01	   3.1242117e+01	   2.8947499e+01	   2.6495313e+01	   2.2998230e+01	   1.9060758e+01	             NaN	             NaN	             NaN	             NaN	             NaN	             NaN	             NaN	             NaN	             NaN	             NaN	             NaN	
   3.5759968e+01	   3.9345811e+01	   4.2368351e+01	   4.2629717e+01	   4.1681941e+01	   3.9115906e+01	   3.6776949e+01	   3.5094828e+01	   3.3958950e+01	   3.4445834e+01	   3.4595319e+01	   3.5453760e+01	   3.6611465e+01	   3.7544843e+01	   3.7278681e+01	   3.6235143e+01	   3.4943043e+01	   3.2822574e+01	   3.0564182e+01	   2.7881772e+01	   2.4812956e+01	   2.0417113e+01	   1.7706414e+01	             NaN	             NaN	             NaN	             NaN	             NaN	             NaN	             NaN	             NaN	             NaN	             NaN	
   3.6650590e+01	   4.1218134e+01	   4.4485049e+01	   4.5308787e+01	   4.3664832e+01	   4.0501366e+01	   3.8431459e+01	   3.6371035e+01	   3.5123191e+01	   3.5943921e+01	   3.5900041e+01	   3.6818608e+01	   3.7938172e+01	   3.8818016e+01	   3.8762707e+01	   3.7800334e+01	   3.6089771e+01	   3.4398118e+01	   3.1984893e+01	   2.9332710e+01	   2.6557747e+01	   2.2434158e+01	   1.8724540e+01	             NaN	             NaN	             NaN	             NaN	             NaN	             NaN	             NaN	             NaN	             NaN	             NaN	
   4.2995461e+01	   4.4762631e+01	   4.6229075e+01	   4.7219950e+01	   4.5494234e+01	   4.2884888e+01	   4.0063692e+01	   3.7871120e+01	   3.6735341e+01	   3.6651379e+01	   3.7156560e+01	   3.7881830e+01	   3.9052536e+01	   4.0293068e+01	   4.0313681e+01	   3.9394801e+01	   3.7531379e+01	   3.5829029e+01	   3.3639535e+01	   3.0802637e+01	   2.7910662e+01	   2.4122840e+01	   2.0014299e+01	             NaN	             NaN	             NaN	             NaN	             NaN	             NaN	             NaN	             NaN	             NaN	             NaN	
   4.2507149e+01	   4.6786152e+01	   4.8419630e+01	   4.8989102e+01	   4.7955578e+01	   4.4506584e+01	   4.1158702e+01	   3.9010332e+01	   3.7777463e+01	   3.7639221e+01	   3.8357897e+01	   3.9265234e+01	   4.0605618e+01	   4.1377491e+01	   4.1809336e+01	   4.0776904e+01	   3.9229749e+01	   3.7120772e+01	   3.4988340e+01	   3.2329275e+01	   2.9364821e+01	   2.5946610e+01	   2.1490664e+01	   1.8563305e+01	             NaN	             NaN	             NaN	             NaN	             NaN	             NaN	             NaN	             NaN	             NaN	
   4.4684319e+01	   4.8247045e+01	   5.1111790e+01	   5.1438550e+01	   4.9609679e+01	   4.6423443e+01	   4.2597228e+01	   4.0456229e+01	   3.8841076e+01	   3.8187450e+01	   3.9136729e+01	   4.0525634e+01	   4.1378729e+01	   4.2802691e+01	   4.2855143e+01	   4.2074476e+01	   4.0204897e+01	   3.8410734e+01	   3.6144728e+01	   3.3696618e+01	   3.1071091e+01	   2.7589008e+01	   2.3164661e+01	   1.9783756e+01	             NaN	             NaN	             NaN	             NaN	             NaN	             NaN	             NaN	             NaN	             NaN	
   4.5791907e+01	   5.0343933e+01	   5.2378104e+01	   5.3818102e+01	   5.0884051e+01	   4.7773865e+01	   4.3993353e+01	   4.1657421e+01	   4.0110825e+01	   3.9692438e+01	   4.0443833e+01	   4.1413942e+01	   4.2932170e+01	   4.3877692e+01	   4.4423833e+01	   4.3220617e+01	   4.1799431e+01	   4.0075368e+01	   3.7627301e+01	   3.5269099e+01	   3.2376073e+01	   2.9039245e+01	   2.4976077e+01	   2.0967057e+01	   1.8313174e+01	             NaN	             NaN	             NaN	             NaN	             NaN	             NaN	             NaN	             NaN	
   4.9136276e+01	   5.2648274e+01	   5.5186168e+01	   5.5466357e+01	   5.2635206e+01	   4.9260421e+01	   4.5785061e+01	   4.2646777e+01	   4.1097667e+01	   4.1089865e+01	   4.0893614e+01	   4.2514625e+01	   4.3798320e+01	   4.4818737e+01	   4.5511348e+01	   4.4499803e+01	   4.2882012e+01	   4.1209941e+01	   3.8635240e+01	   3.6406830e+01	   3.3763028e+01	   3.0554017e+01	   2.6692601e+01	   2.2373936e+01	   1.9527090e+01	             NaN	             NaN	             NaN	             NaN	             NaN	             NaN	             NaN	             NaN	
   5.0554382e+01	   5.5745779e+01	   5.7818043e+01	   5.7687684e+01	   5.5193522e+01	   5.0612387e+01	   4.6991471e+01	   4.4081024e+01	   4.2404921e+01	   4.2070440e+01	   4.2329728e+01	   4.3139243e+01	   4.4710691e+01	   4.5876232e+01	   4.6324161e+01	   4.5743304e+01	   4.4220080e+01	   4.2208207e+01	   4.0121662e+01	   3.7893456e+01	   3.5104944e+01	   3.1784450e+01	   2.8183229e+01	   2.3839907e+01	   2.0697904e+01	             NaN	             NaN	             NaN	             NaN	             NaN	             NaN	             NaN	             NaN	
   5.3364200e+01	   5.5967044e+01	   5.9369529e+01	   5.9091480e+01	   5.6677979e+01	   5.2208581e+01	   4.8018262e+01	   4.5240724e+01	   4.3155506e+01	   4.2577739e+01	   4.2916215e+01	   4.4197410e+01	   4.5539785e+01	   4.6768703e+01	   4.7652924e+01	   4.6844253e+01	   4.5309496e+01	   4.3353946e+01	   4.1384307e+01	   3.8852174e+01	   3.6410329e+01	   3.3131254e+01	   2.9868754e+01	   2.5383583e+01	   2.1860951e+01	   1.8944472e+01	             NaN	             NaN	             NaN	             NaN	             NaN	             NaN	             NaN	
   5.7680047e+01	   6.0942306e+01	   6.1420129e+01	   6.1270621e+01	   5.8606587e+01	   5.3725617e+01	   4.9226499e+01	   4.6371290e+01	   4.4231857e+01	   4.3529835e+01	   4.3886175e+01	   4.4708468e+01	   4.6416768e+01	   4.7737738e+01	   4.8406355e+01	   4.7565658e+01	   4.6321570e+01	   4.4522846e+01	   4.2555228e+01	   4.0270745e+01	   3.7847067e+01	   3.4446549e+01	   3.0940062e+01	   2.7243773e+01	   2.2999789e+01	   2.0040968e+01	             NaN	             NaN	             NaN	             NaN	             NaN	             NaN	             NaN	
   5.6800520e+01	   6.0944998e+01	   6.4248642e+01	   6.2925795e+01	   6.0009364e+01	   5.5719787e+01	   5.1366107e+01	   4.7219633e+01	   4.5362868e+01	   4.4357702e+01	   4.4513692e+01	   4.5490670e+01	   4.7269778e+01	   4.8661772e+01	   4.9184895e+01	   4.8492142e+01	   4.7273066e+01	   4.5583457e+01	   4.3598165e+01	   4.1584811e+01	   3.8849612e+01	   3.5677832e+01	   3.2185765e+01	   2.8596437e+01	   2.4594119e+01	   2.1172575e+01	   1.7817563e+01	             NaN	             NaN	             NaN	             NaN	             NaN	             NaN	
   5.9682621e+01	   6.3148032e+01	   6.6520828e+01	   6.5104701e+01	   6.1336018e+01	   5.7267601e+01	   5.2441344e+01	   4.8716881e+01	   4.6110518e+01	   4.5116905e+01	   4.5336522e+01	   4.6539837e+01	   4.7586534e+01	   4.9560784e+01	   4.9951630e+01	   4.9456221e+01	   4.8242299e+01	   4.6401664e+01	   4.4664787e+01	   4.2729065e+01	   4.0012376e+01	   3.7015192e+01	   3.3590938e+01	   3.0174672e+01	   2.6144736e+01	   2.2409425e+01	   1.8918298e+01	             NaN	             NaN	             NaN	             NaN	             NaN	             NaN	
   6.2673816e+01	   6.6676990e+01	   6.7824491e+01	   6.7129965e+01	   6.2646870e+01	   5.8459291e+01	   5.3556774e+01	   4.9924452e+01	   4.7035578e+01	   4.6087668e+01	   4.6050399e+01	   4.7109859e+01	   4.8461706e+01	   4.9955258e+01	   5.0318133e+01	   5.0160460e+01	   4.9261741e+01	   4.7383842e+01	   4.5839185e+01	   4.3609110e+01	   4.1208522e+01	   3.8317944e+01	   3.4822401e+01	   3.1539533e+01	   2.7805188e+01	   2.3663591e+01	   2.0119321e+01	             NaN	             NaN	             NaN	             NaN	             NaN	             NaN	
   6.2385613e+01	   6.8836569e+01	   6.9292278e+01	   6.8718383e+01	   6.4940485e+01	   6.0350620e+01	   5.4535467e+01	   5.0825833e+01	   4.8192906e+01	   4.6893054e+01	   4.6902164e+01	   4.7649318e+01	   4.8969837e+01	   5.0511769e+01	   5.1201441e+01	   5.0985741e+01	   4.9817209e+01	   4.8244001e+01	   4.6607382e+01	   4.4658761e+01	   4.2339859e+01	   3.9348054e+01	   3.5965131e+01	   3.2628388e+01	   2.9199331e+01	   2.4889008e+01	   2.1283762e+01	   1.7811073e+01	             NaN	             NaN	             NaN	             NaN	             NaN	
   6.5608576e+01	   6.8673745e+01	   7.0696416e+01	   6.9961252e+01	   6.6065429e+01	   6.0853932e+01	   5.6151513e+01	   5.1699481e+01	   4.8489970e+01	   4.7455940e+01	   4.7260182e+01	   4.8005109e+01	   4.9117728e+01	   5.1095768e+01	   5.1638708e+01	   5.1572258e+01	   5.0221184e+01	   4.9068046e+01	   4.7232132e+01	   4.5411822e+01	   4.3132847e+01	   4.0074263e+01	   3.6915653e+01	   3.3591174e+01	   3.0217798e+01	   2.6139254e+01	   2.2033163e+01	   1.8602318e+01	             NaN	             NaN	             NaN	             NaN	             NaN	
   6.5484309e+01	   7.0181929e+01	   7.2068977e+01	   7.0715624e+01	   6.8011790e+01	   6.2149075e+01	   5.6904672e+01	   5.2470158e+01	   4.9348191e+01	   4.7796377e+01	   4.7925423e+01	   4.8236270e+01	   4.9935260e+01	   5.1417844e+01	   5.2201175e+01	   5.1923115e+01	   5.0818112e+01	   4.9316938e+01	   4.8170773e+01	   4.6186264e+01	   4.3749971e+01	   4.1255043e+01	   3.7858870e+01	   3.4597115e+01	   3.1335180e+01	   2.7542056e+01	   2.3149997e+01	   1.9762558e+01	   1.6207312e+01	             NaN	             NaN	             NaN	             NaN	
   6.6956720e+01	   7.1697190e+01	   7.3747331e+01	   7.3183605e+01	   6.9035140e+01	   6.3616874e+01	   5.8031768e+01	   5.3424361e+01	   5.0014497e+01	   4.8905137e+01	   4.8317159e+01	   4.8974881e+01	   5.0187204e+01	   5.1681175e+01	   5.2577256e+01	   5.2432813e+01	   5.1518996e+01	   5.0225694e+01	   4.8847741e+01	   4.7037249e+01	   4.4846527e+01	   4.2176713e+01	   3.9037601e+01	   3.5543074e+01	   3.2386829e+01	   2.8732347e+01	   2.4353832e+01	   2.0654060e+01	   1.7338268e+01	             NaN	             NaN	             NaN	             NaN	
   7.0634374e+01	   7.3961384e+01	   7.6894183e+01	   7.4151703e+01	   7.0365805e+01	   6.5188054e+01	   5.8442493e+01	   5.4112083e+01	   5.0761964e+01	   4.9396936e+01	   4.8690903e+01	   4.9695226e+01	   5.0615200e+01	   5.2012149e+01	   5.2952040e+01	   5.2713113e+01	   5.2091983e+01	   5.0534512e+01	   4.9348891e+01	   4.7751277e+01	   4.5609806e+01	   4.2926188e+01	   3.9675617e+01	   3.6495843e+01	   3.3450159e+01	   2.9906485e+01	   2.5624167e+01	   2.1647741e+01	   1.8238789e+01	             NaN	             NaN	             NaN	             NaN	
   7.0667449e+01	   7.4195400e+01	   7.6148571e+01	   7.5503027e+01	   7.1716399e+01	   6.5750030e+01	   6.0187647e+01	   5.5199950e+01	   5.1719184e+01	   4.9339673e+01	   4.9257151e+01	   4.9209751e+01	   5.0532052e+01	   5.2386131e+01	   5.3247145e+01	   5.2899762e+01	   5.2272867e+01	   5.1169490e+01	   4.9932035e+01	   4.8257585e+01	   4.6497545e+01	   4.3562243e+01	   4.0674348e+01	   3.7466281e+01	   3.4241680e+01	   3.0960434e+01	   2.6702890e+01	   2.2490140e+01	   1.9185457e+01	   1.5644735e+01	             NaN	             NaN	             NaN	
   6.9841427e+01	   7.6537483e+01	   7.7839190e+01	   7.6352972e+01	   7.2368294e+01	   6.7002711e+01	   6.0787970e+01	   5.5595819e+01	   5.2362926e+01	   5.0110774e+01	   4.9280667e+01	   4.9409600e+01	   5.0820072e+01	   5.2599571e+01	   5.2853795e+01	   5.3187303e+01	   5.2304166e+01	   5.1259006e+01	   5.0506810e+01	   4.8749722e+01	   4.7066936e+01	   4.4254946e+01	   4.1251150e+01	   3.8449807e+01	   3.5411310e+01	   3.1860433e+01	   2.7800520e+01	   2.3553320e+01	   2.0042709e+01	   1.6552514e+01	             NaN	             NaN	             NaN	
   7.1370716e+01	   7.6401502e+01	   7.8889311e+01	   7.7228447e+01	   7.4141192e+01	   6.7837523e+01	   6.2093396e+01	   5.6353942e+01	   5.2416070e+01	   5.0345870e+01	   4.9670910e+01	   4.9827358e+01	   5.1070956e+01	   5.2261587e+01	   5.3444976e+01	   5.3268257e+01	   5.2716977e+01	   5.1786183e+01	   5.0559205e+01	   4.9162617e+01	   4.7547727e+01	   4.5018253e+01	   4.1933239e+01	   3.9037380e+01	   3.6213698e+01	   3.2908985e+01	   2.8838568e+01	   2.4686031e+01	   2.0942619e+01	   1.7588501e+01	   1.4168718e+01	             NaN	             NaN	
   7.1610923e+01	   7.7438684e+01	   7.8733209e+01	   7.7778229e+01	   7.4346816e+01	   6.8130031e+01	   6.2020196e+01	   5.7251451e+01	   5.2625883e+01	   5.0707407e+01	   5.0054431e+01	   5.0303037e+01	   5.1074097e+01	   5.2481100e+01	   5.3101109e+01	   5.3121220e+01	   5.2756371e+01	   5.1783767e+01	   5.0875207e+01	   4.9640153e+01	   4.8057248e+01	   4.5493956e+01	   4.2571848e+01	   3.9690164e+01	   3.6765799e+01	   3.3594504e+01	   2.9901887e+01	   2.5742585e+01	   2.1833479e+01	   1.8383349e+01	   1.5079080e+01	             NaN	             NaN	
   7.4267670e+01	   7.7711056e+01	   7.8751175e+01	   7.9428076e+01	   7.3861587e+01	   6.9320417e+01	   6.3204233e+01	   5.7726431e+01	   5.3508306e+01	   5.1233805e+01	   5.0073436e+01	   4.9840261e+01	   5.0844140e+01	   5.2670075e+01	   5.3125997e+01	   5.3204700e+01	   5.2633017e+01	   5.2343214e+01	   5.1365843e+01	   4.9838545e+01	   4.8407517e+01	   4.5756611e+01	   4.3212807e+01	   4.0321065e+01	   3.7562655e+01	   3.4454005e+01	   3.0857337e+01	   2.6662482e+01	   2.2640815e+01	   1.9208516e+01	   1.5911741e+01	             NaN	             NaN	
   7.3723208e+01	   7.8332687e+01	   8.1161857e+01	   7.9100570e+01	   7.6012241e+01	   6.9961747e+01	   6.3544217e+01	   5.7938174e+01	   5.4161822e+01	   5.1630733e+01	   5.0571803e+01	   5.0059354e+01	   5.0822084e+01	   5.2322181e+01	   5.3070043e+01	   5.3205720e+01	   5.2826925e+01	   5.1927950e+01	   5.1419390e+01	   5.0071697e+01	   4.8597748e+01	   4.6194523e+01	   4.3637504e+01	   4.0777557e+01	   3.8167127e+01	   3.5085963e+01	   3.1692538e+01	   2.7752257e+01	   2.3418115e+01	   2.0101657e+01	   1.6894519e+01	   1.3759358e+01	             NaN	
   7.4480458e+01	   7.9339614e+01	   8.0566255e+01	   7.9516119e+01	   7.5890702e+01	   7.0406168e+01	   6.4139611e+01	   5.9203388e+01	   5.4197080e+01	   5.1618030e+01	   5.0377588e+01	   4.9942871e+01	   5.0935136e+01	   5.2010264e+01	   5.2939936e+01	   5.2887575e+01	   5.2607631e+01	   5.2118473e+01	   5.1465194e+01	   5.0121990e+01	   4.8673678e+01	   4.6718598e+01	   4.3934435e+01	   4.1355824e+01	   3.8782484e+01	   3.5807376e+01	   3.2559323e+01	   2.8488233e+01	   2.4445138e+01	   2.0797353e+01	   1.7561488e+01	   1.4565331e+01	             NaN	
   7.4284060e+01	   7.8578569e+01	   8.2125889e+01	   8.0172165e+01	   7.6376447e+01	   7.0679643e+01	   6.4599381e+01	   5.9578567e+01	   5.5118451e+01	   5.2099030e+01	   5.0213638e+01	   4.9829531e+01	   5.0565848e+01	   5.1687209e+01	   5.2674496e+01	   5.2740339e+01	   5.2450158e+01	   5.1975165e+01	   5.1271464e+01	   5.0477493e+01	   4.9011432e+01	   4.6868139e+01	   4.4435488e+01	   4.1692724e+01	   3.9407489e+01	   3.6461560e+01	   3.2857818e+01	   2.9205963e+01	   2.5475628e+01	   2.1636935e+01	   1.8367929e+01	   1.5451423e+01	   1.2775397e+01	
   7.2778225e+01	   7.9485496e+01	   8.1239566e+01	   8.1270392e+01	   7.7305667e+01	   7.1566967e+01	   6.5097398e+01	   5.9930130e+01	   5.5163902e+01	   5.2143100e+01	   5.0275854e+01	   4.9933852e+01	   5.0390522e+01	   5.1891068e+01	   5.2322385e+01	   5.2757674e+01	   5.2381235e+01	   5.1844625e+01	   5.1461295e+01	   5.0444514e+01	   4.9204793e+01	   4.7081349e+01	   4.4679006e+01	   4.2179823e+01	   3.9833984e+01	   3.7144010e+01	   3.3692009e+01	   3.0196686e+01	   2.6388175e+01	   2.2419647e+01	   1.9248668e+01	   1.6293470e+01	   1.3517468e+01	
   7.4665979e+01	   7.9252647e+01	   8.0779200e+01	   8.0462413e+01	   7.7410887e+01	   7.1617403e+01	   6.5967589e+01	   6.0142845e+01	   5.5526518e+01	   5.2105619e+01	   5.0836304e+01	   4.9956724e+01	   5.0504172e+01	   5.1328584e+01	   5.2219782e+01	   5.2357213e+01	   5.2200646e+01	   5.1828342e+01	   5.1146225e+01	   5.0344456e+01	   4.9136380e+01	   4.7099630e+01	   4.5075064e+01	   4.2555062e+01	   4.0157764e+01	   3.7606849e+01	   3.4192525e+01	   3.0836799e+01	   2.7122278e+01	   2.3350683e+01	   1.9914278e+01	   1.6967427e+01	   1.4231792e+01	
   7.3554220e+01	   7.9035071e+01	   8.1199501e+01	   8.0577653e+01	   7.7128007e+01	   7.2563195e+01	   6.6098896e+01	   6.0289198e+01	   5.6122935e+01	   5.2463022e+01	   5.0754958e+01	   4.9818478e+01	   5.0558357e+01	   5.1122198e+01	   5.1818100e+01	   5.2388871e+01	   5.1900445e+01	   5.1579427e+01	   5.1093964e+01	   5.0330373e+01	   4.9263798e+01	   4.7316425e+01	   4.5155483e+01	   4.2727854e+01	   4.0604367e+01	   3.8110196e+01	   3.4879468e+01	   3.1430939e+01	   2.7877485e+01	   2.4196101e+01	   2.0593242e+01	   1.7825435e+01	   1.5060608e+01	
   7.4079306e+01	   7.9744052e+01	   8.2771484e+01	   8.1390682e+01	   7.7862853e+01	   7.2342538e+01	   6.6543540e+01	   6.1149003e+01	   5.5879931e+01	   5.2859443e+01	   5.0324437e+01	   4.9852843e+01	   5.0045950e+01	   5.0870027e+01	   5.1709446e+01	   5.1850492e+01	   5.1578805e+01	   5.1603785e+01	   5.0788840e+01	   5.0272528e+01	   4.9242233e+01	   4.7419323e+01	   4.5166741e+01	   4.2871097e+01	   4.0930382e+01	   3.8196121e+01	   3.5332266e+01	   3.2048520e+01	   2.8562707e+01	   2.4944425e+01	   2.1373150e+01	   1.8464779e+01	   1.5822545e+01	
   7.3582340e+01	   7.9392084e+01	   8.2014450e+01	   8.1212689e+01	   7.7839270e+01	   7.2322257e+01	   6.7236531e+01	   6.1546850e+01	   5.6299114e+01	   5.2842310e+01	   5.0529646e+01	   4.9869274e+01	   4.9575572e+01	   5.0712075e+01	   5.1291895e+01	   5.1374423e+01	   5.1284579e+01	   5.1094004e+01	   5.0540136e+01	   5.0130706e+01	   4.9198459e+01	   4.7519492e+01	   4.5295856e+01	   4.3190288e+01	   4.0971977e+01	   3.8788469e+01	   3.5654404e+01	   3.2585094e+01	   2.9077623e+01	   2.5645629e+01	   2.1969009e+01	   1.8945493e+01	   1.6414915e+01	
             NaN	   7.9702348e+01	   8.1383010e+01	   8.0953112e+01	   7.8061050e+01	   7.2848438e+01	   6.7121728e+01	   6.2093074e+01	   5.6743350e+01	   5.2873249e+01	   5.0459635e+01	   4.9530168e+01	   4.9556264e+01	   5.0499578e+01	   5.1025936e+01	   5.1214925e+01	   5.1102441e+01	   5.0747023e+01	   5.0509005e+01	   4.9858310e+01	   4.8830403e+01	   4.7286402e+01	   4.5318186e+01	   4.3204109e+01	   4.1275509e+01	   3.9075991e+01	   3.6152695e+01	   3.2901144e+01	   2.9661679e+01	   2.6035391e+01	   2.2841618e+01	   1.9661197e+01	   1.7126092e+01	
             NaN	   7.9780955e+01	   8.1929067e+01	   8.1290303e+01	   7.8370829e+01	   7.2526351e+01	   6.7687683e+01	   6.1524076e+01	   5.6584782e+01	   5.2897910e+01	   5.0591483e+01	   4.9528750e+01	   4.9258673e+01	   5.0030201e+01	   5.0519355e+01	   5.0670279e+01	   5.0449872e+01	   5.0364827e+01	   5.0087675e+01	   4.9644398e+01	   4.8640708e+01	   4.7000776e+01	   4.5243256e+01	   4.3099107e+01	   4.1450030e+01	   3.9229271e+01	   3.6350633e+01	   3.3343036e+01	   3.0252010e+01	   2.6894159e+01	   2.3536768e+01	   2.0123088e+01	   1.7675980e+01	
             NaN	   7.9402947e+01	   8.1595164e+01	   7.9944263e+01	   7.8125965e+01	   7.2576251e+01	   6.7380226e+01	   6.2186142e+01	   5.6501576e+01	   5.3085633e+01	   5.0863118e+01	   4.8981817e+01	   4.9092899e+01	   4.9730492e+01	   5.0204496e+01	   4.9985128e+01	   5.0100786e+01	   4.9891041e+01	   4.9734605e+01	   4.9403688e+01	   4.8581145e+01	   4.7055769e+01	   4.5359740e+01	   4.3330746e+01	   4.1526309e+01	   3.9603853e+01	   3.6832296e+01	   3.3817133e+01	   3.0585234e+01	   2.7252041e+01	   2.4086584e+01	   2.0809178e+01	   1.8205999e+01	
             NaN	   7.8895237e+01	   8.2373509e+01	   8.1884505e+01	   7.7689835e+01	   7.2886420e+01	   6.7484674e+01	   6.2073713e+01	   5.6838163e+01	   5.3039893e+01	   5.0633967e+01	   4.9053992e+01	   4.8760899e+01	   4.9156024e+01	   4.9774372e+01	   4.9696966e+01	   4.9768790e+01	   4.9670940e+01	   4.9560592e+01	   4.8973145e+01	   4.8149194e+01	   4.6819169e+01	   4.5124383e+01	   4.3523955e+01	   4.1567376e+01	   3.9762112e+01	   3.6927749e+01	   3.4219866e+01	   3.1157367e+01	   2.7641542e+01	   2.4795075e+01	   2.1537688e+01	   1.8751850e+01	
             NaN	   7.7493739e+01	   8.1199033e+01	   8.0462313e+01	   7.7933580e+01	   7.2683776e+01	   6.7958684e+01	   6.2090729e+01	   5.6587056e+01	   5.2872737e+01	   5.0855158e+01	   4.8897061e+01	   4.8444674e+01	   4.9138062e+01	   4.9349619e+01	   4.9357887e+01	   4.9357413e+01	   4.8985193e+01	   4.8885156e+01	   4.8401036e+01	   4.8048198e+01	   4.6444879e+01	   4.4926799e+01	   4.3230365e+01	   4.1523610e+01	   3.9631229e+01	   3.7248125e+01	   3.4442128e+01	   3.1497943e+01	   2.8236418e+01	   2.5175470e+01	   2.2183151e+01	   1.9193427e+01	
             NaN	   7.7453590e+01	   7.9578918e+01	   7.9849469e+01	   7.7790944e+01	   7.2546291e+01	   6.7521731e+01	   6.2181658e+01	   5.6357465e+01	   5.2962596e+01	   5.0636704e+01	   4.8692581e+01	   4.8225100e+01	   4.8408728e+01	   4.9017309e+01	   4.8878190e+01	   4.8791476e+01	   4.8445908e+01	   4.8487844e+01	   4.8431502e+01	   4.7564379e+01	   4.6214052e+01	   4.4698003e+01	   4.2889091e+01	   4.1629048e+01	   3.9673707e+01	   3.7492906e+01	   3.4716468e+01	   3.1560141e+01	   2.8579762e+01	   2.5555469e+01	   2.2868021e+01	   1.9750552e+01	
             NaN	             NaN	   8.1132240e+01	   7.9328250e+01	   7.7303526e+01	   7.2346137e+01	   6.7902371e+01	   6.1672527e+01	   5.6791979e+01	   5.2860610e+01	   5.0193670e+01	   4.8126017e+01	   4.7586685e+01	   4.8069962e+01	   4.8363988e+01	   4.8440646e+01	   4.8157860e+01	   4.7848886e+01	   4.8106752e+01	   4.7696801e+01	   4.7032725e+01	   4.6035097e+01	   4.4528268e+01	   4.2891247e+01	   4.1373419e+01	   3.9920467e+01	   3.7516586e+01	   3.4836357e+01	   3.2068431e+01	   2.8938106e+01	   2.5966781e+01	   2.3172914e+01	   2.0345792e+01	
             NaN	             NaN	   7.9449099e+01	   7.9257021e+01	   7.7013720e+01	   7.2524596e+01	   6.7559132e+01	   6.1715862e+01	   5.6776785e+01	   5.3146309e+01	   4.9640906e+01	   4.7787974e+01	   4.7537310e+01	   4.7400809e+01	   4.7724908e+01	   4.7922405e+01	   4.7382195e+01	   4.7551864e+01	   4.7274350e+01	   4.7305960e+01	   4.6723356e+01	   4.5396364e+01	   4.4136847e+01	   4.2695326e+01	   4.1222161e+01	   3.9756410e+01	   3.7486477e+01	   3.4966424e+01	   3.2099946e+01	   2.9225745e+01	   2.6356420e+01	   2.3603442e+01	   2.0856761e+01	
             NaN	             NaN	   7.9222220e+01	   7.9687818e+01	   7.6057836e+01	   7.2025143e+01	   6.7206875e+01	   6.1642050e+01	   5.6576105e+01	   5.2641665e+01	   4.9509560e+01	   4.7914952e+01	   4.6813370e+01	   4.6969660e+01	   4.7332037e+01	   4.7307488e+01	   4.6705921e+01	   4.6784071e+01	   4.6652114e+01	   4.6591663e+01	   4.6083167e+01	   4.5272921e+01	   4.3732847e+01	   4.2427778e+01	   4.1152946e+01	   3.9738185e+01	   3.7297096e+01	   3.4966794e+01	   3.2199159e+01	   2.9413507e+01	   2.6773840e+01	   2.3980878e+01	   2.1336690e+01	
             NaN	             NaN	   7.8136626e+01	   7.7288919e+01	   7.5361402e+01	   7.1215817e+01	   6.6245180e+01	   6.1019788e+01	   5.6263107e+01	   5.2598154e+01	   4.9120436e+01	   4.7225917e+01	   4.6321667e+01	   4.6372966e+01	   4.6457280e+01	   4.6372405e+01	   4.6285709e+01	   4.5876233e+01	   4.5882910e+01	   4.5999012e+01	   4.5450401e+01	   4.4552791e+01	   4.3096424e+01	   4.1714663e+01	   4.0779691e+01	   3.9160258e+01	   3.7092091e+01	   3.4786336e+01	   3.2405785e+01	   2.9540612e+01	   2.6931755e+01	   2.4333741e+01	   2.1762899e+01	
             NaN	             NaN	   7.7571423e+01	   7.7388587e+01	   7.4812084e+01	   7.0401725e+01	   6.6337186e+01	   6.0815267e+01	   5.6109466e+01	   5.2025494e+01	   4.9189081e+01	   4.7058491e+01	   4.6246909e+01	   4.6072630e+01	   4.5959437e+01	   4.5729057e+01	   4.5765599e+01	   4.5644158e+01	   4.5638251e+01	   4.5455775e+01	   4.5095545e+01	   4.4035527e+01	   4.2872598e+01	   4.1599671e+01	   4.0427517e+01	   3.9052424e+01	   3.7081200e+01	   3.4925752e+01	   3.2401920e+01	   2.9934396e+01	   2.7142803e+01	   2.4453609e+01	   2.2135214e+01	
             NaN	             NaN	             NaN	   7.6732494e+01	   7.5607570e+01	   7.0924401e+01	   6.6143556e+01	   6.0777068e+01	   5.5929648e+01	   5.2157907e+01	   4.8893705e+01	   4.6815664e+01	   4.5806236e+01	   4.5690975e+01	   4.5759368e+01	   4.5385578e+01	   4.5235744e+01	   4.4850749e+01	   4.5131228e+01	   4.5340717e+01	   4.4655088e+01	   4.3704768e+01	   4.2460499e+01	   4.1150054e+01	   4.0055514e+01	   3.8953965e+01	   3.7101947e+01	   3.4903437e+01	   3.2405076e+01	   2.9700724e+01	   2.7227037e+01	   2.4652021e+01	   2.2368946e+01	
             NaN	             NaN	             NaN	   7.6708339e+01	   7.3919439e+01	   7.0679421e+01	   6.5728832e+01	   6.0564537e+01	   5.5585916e+01	   5.1905055e+01	   4.8412629e+01	   4.6447874e+01	   4.5284144e+01	   4.4842821e+01	   4.5014656e+01	   4.4389131e+01	   4.4375726e+01	   4.4726744e+01	   4.4387447e+01	   4.4284517e+01	   4.4012456e+01	   4.3108005e+01	   4.2022202e+01	   4.0828763e+01	   3.9801563e+01	   3.8743456e+01	   3.6812249e+01	   3.4584777e+01	   3.2267311e+01	   2.9865188e+01	   2.7366144e+01	   2.4856626e+01	   2.2545428e+01	
             NaN	             NaN	             NaN	   7.5088887e+01	   7.3094848e+01	   6.9524637e+01	   6.5407195e+01	   5.9871481e+01	   5.4966300e+01	   5.1287523e+01	   4.8147097e+01	   4.6001349e+01	   4.5093510e+01	   4.4484985e+01	   4.4441226e+01	   4.4073945e+01	   4.3723621e+01	   4.3927005e+01	   4.3687809e+01	   4.3767750e+01	   4.3157278e+01	   4.2588786e+01	   4.1353282e+01	   4.0446494e+01	   3.9368880e+01	   3.8285708e+01	   3.6589928e+01	   3.4587881e+01	   3.2330763e+01	   2.9833845e+01	   2.7276241e+01	   2.4960027e+01	   2.2660287e+01	
             NaN	             NaN	             NaN	   7.5228776e+01	   7.1594319e+01	   6.9400550e+01	   6.4952627e+01	   5.9535203e+01	   5.4666814e+01	   5.0744627e+01	   4.7911338e+01	   4.5815804e+01	   4.4427501e+01	   4.3961886e+01	   4.3781273e+01	   4.3702197e+01	   4.3281503e+01	   4.3054259e+01	   4.2884819e+01	   4.2971730e+01	   4.2876384e+01	   4.2004857e+01	   4.0973511e+01	   3.9939645e+01	   3.9082288e+01	   3.7809524e+01	   3.6416751e+01	   3.4423715e+01	   3.2124858e+01	   2.9804086e+01	   2.7338319e+01	   2.5165546e+01	   2.2946592e+01	
             NaN	             NaN	             NaN	   7.3231537e+01	   7.1393868e+01	   6.8285271e+01	   6.3914457e+01	   5.9143704e+01	   5.4071944e+01	   5.0698461e+01	   4.7552983e+01	   4.4968264e+01	   4.4225525e+01	   4.3406580e+01	   4.3138756e+01	   4.2731224e+01	   4.2747282e+01	   4.2289075e+01	   4.2171876e+01	   4.2241052e+01	   4.1983862e+01	   4.1332311e+01	   4.0517635e+01	   3.9337421e+01	   3.8606437e+01	   3.7656696e+01	   3.6124481e+01	   3.4209289e+01	   3.2057135e+01	   2.9630409e+01	   2.7382494e+01	   2.5208467e+01	   2.2996012e+01	
             NaN	             NaN	             NaN	             NaN	   7.0328904e+01	   6.8013094e+01	   6.3191443e+01	   5.8996691e+01	   5.4216883e+01	   5.0667867e+01	   4.7095143e+01	   4.4993258e+01	   4.3499080e+01	   4.2936933e+01	   4.2595231e+01	   4.2228044e+01	   4.1806067e+01	   4.1778157e+01	   4.1688085e+01	   4.1605938e+01	   4.1361727e+01	   4.0850608e+01	   3.9791376e+01	   3.8833020e+01	   3.8267353e+01	   3.7153424e+01	   3.5689265e+01	   3.3838856e+01	   3.1772028e+01	   2.9591119e+01	   2.7323636e+01	   2.5181214e+01	   2.2999811e+01	
             NaN	             NaN	             NaN	             NaN	   7.0502543e+01	   6.6723619e+01	   6.2747593e+01	   5.8520395e+01	   5.3350211e+01	   4.9716054e+01	   4.6642370e+01	   4.4249522e+01	   4.3036615e+01	   4.2606767e+01	   4.1748215e+01	   4.1530030e+01	   4.1307859e+01	   4.0670903e+01	   4.0858809e+01	   4.1010660e+01	   4.0533331e+01	   3.9892372e+01	   3.9251170e+01	   3.8329875e+01	   3.7552296e+01	   3.6778595e+01	   3.5435226e+01	   3.3562934e+01	   3.1548304e+01	   2.9376427e+01	   2.7116001e+01	   2.5108126e+01	   2.3032950e+01	
             NaN	             NaN	             NaN	             NaN	   6.9361104e+01	   6.5420877e+01	   6.1972312e+01	   5.7411134e+01	   5.2784135e+01	   4.8803400e+01	   4.5581745e+01	   4.3761249e+01	   4.2594203e+01	   4.1586407e+01	   4.1293528e+01	   4.0595969e+01	   4.0400552e+01	   4.0172205e+01	   3.9892604e+01	   4.0193297e+01	   3.9778259e+01	   3.9405437e+01	   3.8562795e+01	   3.7605601e+01	   3.7132274e+01	   3.6029881e+01	   3.4905484e+01	   3.2952158e+01	   3.1086547e+01	   2.9282963e+01	   2.7048775e+01	   2.4936725e+01	   2.3007408e+01	
             NaN	             NaN	             NaN	             NaN	   6.7858590e+01	   6.4309616e+01	   6.1442614e+01	   5.7020667e+01	   5.2353952e+01	   4.8522368e+01	   4.5694420e+01	   4.3030814e+01	   4.2028179e+01	   4.1212872e+01	   4.0682482e+01	   4.0080891e+01	   3.9551909e+01	   3.9365464e+01	   3.9185479e+01	   3.9230820e+01	   3.8983359e+01	   3.8475614e+01	   3.7609075e+01	   3.7007226e+01	   3.6370823e+01	   3.5572194e+01	   3.4227305e+01	   3.2773125e+01	   3.0999019e+01	   2.8813694e+01	   2.6865143e+01	   2.4881280e+01	   2.2904320e+01	
             NaN	             NaN	             NaN	             NaN	   6.6246351e+01	   6.3485384e+01	   6.0708618e+01	   5.5792388e+01	   5.1688844e+01	   4.8394005e+01	   4.4778355e+01	   4.2527247e+01	   4.1344049e+01	   4.0860500e+01	   3.9958069e+01	   3.9476482e+01	   3.8921921e+01	   3.8687690e+01	   3.8611497e+01	   3.8595633e+01	   3.8166165e+01	   3.7785151e+01	   3.7095556e+01	   3.6541751e+01	   3.5682350e+01	   3.5139350e+01	   3.3831655e+01	   3.2424097e+01	   3.0526224e+01	   2.8633010e+01	   2.6846840e+01	   2.4892272e+01	   2.2931115e+01	
             NaN	             NaN	             NaN	             NaN	             NaN	   6.2742132e+01	   5.9657787e+01	   5.5427308e+01	   5.1026457e+01	   4.7344197e+01	   4.4238509e+01	   4.2074562e+01	   4.0332720e+01	   3.9947745e+01	   3.9255793e+01	   3.8695238e+01	   3.8111466e+01	   3.8055502e+01	   3.7991946e+01	   3.7896302e+01	   3.7556480e+01	   3.7052125e+01	   3.6296898e+01	   3.5756420e+01	   3.5316988e+01	   3.4614929e+01	   3.3402560e+01	   3.1765422e+01	   3.0304365e+01	   2.8309488e+01	   2.6454278e+01	   2.4597399e+01	   2.2693563e+01	
             NaN	             NaN	             NaN	             NaN	             NaN	   6.2179707e+01	   5.9347624e+01	   5.4631283e+01	   5.0506442e+01	   4.6776926e+01	   4.4213589e+01	   4.1548613e+01	   4.0035728e+01	   3.9524939e+01	   3.8943880e+01	   3.7961512e+01	   3.7455584e+01	   3.7045637e+01	   3.7228506e+01	   3.7040167e+01	   3.6784475e+01	   3.6375351e+01	   3.5780194e+01	   3.4958589e+01	   3.4636004e+01	   3.3903595e+01	   3.3210349e+01	   3.1769360e+01	   2.9908263e+01	   2.8112604e+01	   2.6328136e+01	   2.4369673e+01	   2.2682123e+01	
             NaN	             NaN	             NaN	             NaN	             NaN	   6.0803020e+01	   5.7985314e+01	   5.3973770e+01	   4.9964337e+01	   4.5952324e+01	   4.3120852e+01	   4.0893201e+01	   3.9736209e+01	   3.8716593e+01	   3.7775589e+01	   3.7258277e+01	   3.6596361e+01	   3.6206964e+01	   3.6436797e+01	   3.6318450e+01	   3.6083975e+01	   3.5737179e+01	   3.5007394e+01	   3.4473317e+01	   3.4011991e+01	   3.3532334e+01	   3.2287752e+01	   3.0964054e+01	   2.9412456e+01	   2.7771633e+01	   2.5956980e+01	   2.4257970e+01	   2.2418753e+01	
             NaN	             NaN	             NaN	             NaN	             NaN	   5.9940144e+01	   5.6569351e+01	   5.3431131e+01	   4.8736427e+01	   4.5561645e+01	   4.2272345e+01	   4.0301508e+01	   3.8667008e+01	   3.7755885e+01	   3.7221093e+01	   3.6388273e+01	   3.5962061e+01	   3.5715621e+01	   3.5626478e+01	   3.5602061e+01	   3.5356974e+01	   3.4887126e+01	   3.4380523e+01	   3.3819180e+01	   3.3408474e+01	   3.2888731e+01	   3.2016182e+01	   3.0774571e+01	   2.9001363e+01	   2.7432906e+01	   2.5537244e+01	   2.3901253e+01	   2.2357387e+01	
             NaN	             NaN	             NaN	             NaN	             NaN	   5.9459912e+01	   5.6523946e+01	   5.2618998e+01	   4.8576501e+01	   4.4914058e+01	   4.2398244e+01	   3.9798465e+01	   3.8361779e+01	   3.7566912e+01	   3.6737822e+01	   3.5846484e+01	   3.5507706e+01	   3.5058799e+01	   3.4837796e+01	   3.4752309e+01	   3.4752814e+01	   3.4325092e+01	   3.3750113e+01	   3.3164453e+01	   3.2898161e+01	   3.2337647e+01	   3.1383061e+01	   3.0280341e+01	   2.8735040e+01	   2.7118424e+01	   2.5399694e+01	   2.3747143e+01	   2.2185415e+01	
             NaN	             NaN	             NaN	             NaN	             NaN	             NaN	   5.5726525e+01	   5.1666897e+01	   4.7444844e+01	   4.4400132e+01	   4.1458523e+01	   3.9049095e+01	   3.7990854e+01	   3.6654757e+01	   3.5963245e+01	   3.5347493e+01	   3.4765937e+01	   3.4348769e+01	   3.4069323e+01	   3.4429483e+01	   3.3860134e+01	   3.3596128e+01	   3.2936467e+01	   3.2348418e+01	   3.2333862e+01	   3.1718489e+01	   3.0904853e+01	   2.9814959e+01	   2.8200492e+01	   2.6675114e+01	   2.5227626e+01	   2.3461215e+01	   2.2030897e+01	
             NaN	             NaN	             NaN	             NaN	             NaN	             NaN	   5.5476797e+01	   5.1376353e+01	   4.6888741e+01	   4.3462536e+01	   4.0563534e+01	   3.8591168e+01	   3.7174558e+01	   3.6054083e+01	   3.5398414e+01	   3.4506018e+01	   3.4061225e+01	   3.3601237e+01	   3.3579315e+01	   3.3524835e+01	   3.3361338e+01	   3.2874871e+01	   3.2644115e+01	   3.1957048e+01	   3.1568669e+01	   3.1174920e+01	   3.0514676e+01	   2.9196241e+01	   2.8003177e+01	   2.6341086e+01	   2.4729304e+01	   2.3248282e+01	   2.1875989e+01	
   0.0000000e+00	             NaN	             NaN	             NaN	             NaN	             NaN	   5.4100784e+01	   5.0324881e+01	   4.6407144e+01	   4.3118876e+01	   4.0150650e+01	   3.7716289e+01	   3.6439546e+01	   3.5582492e+01	   3.4669137e+01	   3.3931822e+01	   3.3355449e+01	   3.3151984e+01	   3.2905258e+01	   3.2846742e+01	   3.2638397e+01	   3.2159746e+01	   3.1666645e+01	   3.1272193e+01	   3.1288332e+01	   3.0540664e+01	   2.9805612e+01	   2.8673238e+01	   2.7496189e+01	   2.6059411e+01	   2.4431768e+01	   2.2877866e+01	   2.1540325e+01	
   0.0000000e+00	             NaN	             NaN	             NaN	             NaN	             NaN	   5.2423045e+01	   4.9263026e+01	   4.5468069e+01	   4.1886589e+01	   3.9892874e+01	   3.7455879e+01	   3.5750676e+01	   3.4817036e+01	   3.3977935e+01	   3.3190847e+01	   3.2634358e+01	   3.2347799e+01	   3.1970298e+01	   3.2027760e+01	   3.1892836e+01	   3.1331222e+01	   3.1256961e+01	   3.0541854e+01	   3.0323631e+01	   3.0094683e+01	   2.9131905e+01	   2.8264663e+01	   2.6910896e+01	   2.5608693e+01	   2.4034473e+01	   2.2547184e+01	   2.1368893e+01	
   0.0000000e+00	             NaN	             NaN	             NaN	             NaN	             NaN	   5.2143302e+01	   4.8775047e+01	   4.5109175e+01	   4.2233795e+01	   3.8845067e+01	   3.6624594e+01	   3.5403243e+01	   3.4734292e+01	   3.3257474e+01	   3.2375700e+01	   3.1846035e+01	   3.1807850e+01	   3.1510245e+01	   3.1271812e+01	   3.1360637e+01	   3.0721976e+01	   3.0601082e+01	   2.9974489e+01	   2.9853291e+01	   2.9536472e+01	   2.8999763e+01	   2.7960508e+01	   2.6495059e+01	   2.5172114e+01	   2.3726356e+01	   2.2376986e+01	   2.1025181e+01	
   0.0000000e+00	             NaN	             NaN	             NaN	             NaN	             NaN	             NaN	   4.7720144e+01	   4.4163145e+01	   4.1137003e+01	   3.8626835e+01	   3.6231131e+01	   3.4717157e+01	   3.3704904e+01	   3.2932182e+01	   3.2299938e+01	   3.1408561e+01	   3.0960041e+01	   3.0819435e+01	   3.0616895e+01	   3.0454540e+01	   3.0281405e+01	   2.9792348e+01	   2.9425833e+01	   2.9343845e+01	   2.8867513e+01	   2.8163731e+01	   2.7145171e+01	   2.6035340e+01	   2.4881687e+01	   2.3440668e+01	   2.2066490e+01	   2.0751484e+01	
   0.0000000e+00	             NaN	             NaN	             NaN	             NaN	             NaN	             NaN	   4.7191547e+01	   4.3237206e+01	   4.0377673e+01	   3.7650553e+01	   3.5747267e+01	   3.4088005e+01	   3.3110244e+01	   3.2066557e+01	   3.1287229e+01	   3.0631916e+01	   3.0160062e+01	   2.9955129e+01	   2.9964947e+01	   2.9795388e+01	   2.9552507e+01	   2.9073563e+01	   2.8972428e+01	   2.8544571e+01	   2.8276958e+01	   2.7695802e+01	   2.6771569e+01	   2.5531304e+01	   2.4283298e+01	   2.3023629e+01	   2.1700523e+01	   2.0314533e+01	
   0.0000000e+00	   0.0000000e+00	             NaN	             NaN	             NaN	             NaN	             NaN	   4.6149001e+01	   4.2894254e+01	   3.9758952e+01	   3.6850455e+01	   3.4786657e+01	   3.3432288e+01	   3.2372652e+01	   3.1682478e+01	   3.0868915e+01	   3.0008005e+01	   2.9805576e+01	   2.9501760e+01	   2.9652798e+01	   2.9399707e+01	   2.8699954e+01	   2.8344625e+01	   2.8113170e+01	   2.8021830e+01	   2.7751078e+01	   2.7052420e+01	   2.6252891e+01	   2.5039315e+01	   2.3826350e+01	   2.2691745e+01	   2.1478946e+01	   2.0173782e+01	
   0.0000000e+00	   0.0000000e+00	             NaN	             NaN	             NaN	             NaN	             NaN	   4.4804532e+01	   4.1739084e+01	   3.8957315e+01	   3.6628162e+01	   3.4372611e+01	   3.2671618e+01	   3.1688969e+01	   3.1107627e+01	   3.0142212e+01	   2.9273470e+01	   2.8910227e+01	   2.8711887e+01	   2.8729906e+01	   2.8348804e+01	   2.8167116e+01	   2.7836131e+01	   2.7432286e+01	   2.7399036e+01	   2.6992911e+01	   2.6648091e+01	   2.5639047e+01	   2.4580064e+01	   2.3243890e+01	   2.2147454e+01	   2.0888703e+01	   1.9950662e+01	
   0.0000000e+00	   0.0000000e+00	             NaN	             NaN	             NaN	             NaN	             NaN	   4.4075019e+01	   4.1267866e+01	   3.7989547e+01	   3.5722343e+01	   3.3618428e+01	   3.2178383e+01	   3.0990135e+01	   3.0443926e+01	   2.9306652e+01	   2.8687550e+01	   2.8301839e+01	   2.8056823e+01	   2.7913791e+01	   2.7858142e+01	   2.7337553e+01	   2.7108065e+01	   2.6798363e+01	   2.6773672e+01	   2.6183948e+01	   2.5658483e+01	   2.4896458e+01	   2.3862773e+01	   2.2791631e+01	   2.1726462e+01	   2.0420251e+01	   1.9371820e+01	
   0.0000000e+00	   0.0000000e+00	             NaN	             NaN	             NaN	             NaN	             NaN	             NaN	   4.0212274e+01	   3.7542700e+01	   3.4689827e+01	   3.2993729e+01	   3.1280779e+01	   3.0398730e+01	   2.9570625e+01	   2.8715549e+01	   2.7912677e+01	   2.7756640e+01	   2.7431987e+01	   2.7132603e+01	   2.7009443e+01	   2.6753788e+01	   2.6171951e+01	   2.6115171e+01	   2.5912557e+01	   2.5628281e+01	   2.5195196e+01	   2.4350074e+01	   2.3343744e+01	   2.2261496e+01	   2.1181721e+01	   2.0033907e+01	   1.9039612e+01	
   0.0000000e+00	   0.0000000e+00	             NaN	             NaN	             NaN	             NaN	             NaN	             NaN	   3.8879984e+01	   3.6591686e+01	   3.4319152e+01	   3.2346696e+01	   3.1133887e+01	   2.9799610e+01	   2.8833179e+01	   2.7906208e+01	   2.7383470e+01	   2.6660277e+01	   2.6577920e+01	   2.6169023e+01	   2.6277262e+01	   2.5998080e+01	   2.5515006e+01	   2.5496358e+01	   2.5188362e+01	   2.5115470e+01	   2.4700521e+01	   2.3769000e+01	   2.2654278e+01	   2.1784526e+01	   2.0715458e+01	   1.9706108e+01	   1.8616261e+01	
   0.0000000e+00	   0.0000000e+00	   0.0000000e+00	             NaN	             NaN	             NaN	             NaN	             NaN	   3.8376863e+01	   3.5822180e+01	   3.3629184e+01	   3.1473367e+01	   3.0648158e+01	   2.9019788e+01	   2.8304860e+01	   2.7559470e+01	   2.6865406e+01	   2.6547004e+01	   2.6059672e+01	   2.5888468e+01	   2.5830178e+01	   2.5486214e+01	   2.5185556e+01	   2.4881487e+01	   2.4749803e+01	   2.4620247e+01	   2.4046658e+01	   2.3309601e+01	   2.2518117e+01	   2.1503203e+01	   2.0496728e+01	   1.9366548e+01	   1.8469895e+01	
   0.0000000e+00	   0.0000000e+00	   0.0000000e+00	             NaN	             NaN	             NaN	             NaN	             NaN	   3.7845170e+01	   3.5336120e+01	   3.3113398e+01	   3.1329140e+01	   2.9361174e+01	   2.8862884e+01	   2.7616536e+01	   2.6894821e+01	   2.6199182e+01	   2.5624062e+01	   2.5415407e+01	   2.5350287e+01	   2.5064162e+01	   2.4772648e+01	   2.4520214e+01	   2.4392955e+01	   2.4235784e+01	   2.4126377e+01	   2.3614037e+01	   2.2789195e+01	   2.1823096e+01	   2.1050904e+01	   1.9994627e+01	   1.9088971e+01	   1.7998916e+01	
   0.0000000e+00	   0.0000000e+00	   0.0000000e+00	             NaN	             NaN	             NaN	             NaN	             NaN	   3.6650390e+01	   3.4545269e+01	   3.2349665e+01	   3.0403209e+01	   2.9145043e+01	   2.8031805e+01	   2.7073633e+01	   2.6474179e+01	   2.5530409e+01	   2.5171602e+01	   2.4841592e+01	   2.4604964e+01	   2.4536217e+01	   2.4415874e+01	   2.4105173e+01	   2.3653121e+01	   2.3503714e+01	   2.3338349e+01	   2.3185710e+01	   2.2173726e+01	   2.1448453e+01	   2.0641414e+01	   1.9678908e+01	   1.8537365e+01	   1.7720564e+01	
   0.0000000e+00	   0.0000000e+00	   0.0000000e+00	             NaN	             NaN	             NaN	             NaN	             NaN	   3.6409552e+01	   3.3974524e+01	   3.1836375e+01	   2.9770671e+01	   2.8470683e+01	   2.7526917e+01	   2.6382709e+01	   2.5745937e+01	   2.4851734e+01	   2.4595536e+01	   2.4279559e+01	   2.4054771e+01	   2.3834331e+01	   2.3624033e+01	   2.3234937e+01	   2.3188465e+01	   2.3064254e+01	   2.2960648e+01	   2.2390294e+01	   2.1818024e+01	   2.1028395e+01	   1.9980799e+01	   1.8955185e+01	   1.8197588e+01	   1.7344568e+01	
   0.0000000e+00	   0.0000000e+00	   0.0000000e+00	             NaN	             NaN	             NaN	             NaN	             NaN	             NaN	   3.3060096e+01	   3.0837461e+01	   2.9170599e+01	   2.8047302e+01	   2.6820069e+01	   2.5895945e+01	   2.5092416e+01	   2.4500548e+01	   2.3947321e+01	   2.3612901e+01	   2.3585953e+01	   2.3473447e+01	   2.3148344e+01	   2.2833915e+01	   2.2538858e+01	   2.2554980e+01	   2.2159975e+01	   2.1802943e+01	   2.1118562e+01	   2.0381685e+01	   1.9516382e+01	   1.8649404e+01	   1.7735828e+01	   1.6919390e+01	
   0.0000000e+00	   0.0000000e+00	   0.0000000e+00	   0.0000000e+00	             NaN	             NaN	             NaN	             NaN	             NaN	   3.2308702e+01	   3.0841169e+01	   2.8456376e+01	   2.7052855e+01	   2.6462272e+01	   2.5525508e+01	   2.4621408e+01	   2.3880459e+01	   2.3481084e+01	   2.3101932e+01	   2.2911612e+01	   2.2743736e+01	   2.2507237e+01	   2.1944067e+01	   2.2001827e+01	   2.1940789e+01	   2.1757339e+01	   2.1202786e+01	   2.0692642e+01	   1.9929746e+01	   1.8971848e+01	   1.8194780e+01	   1.7444418e+01	   1.6579044e+01	
   0.0000000e+00	   0.0000000e+00	   0.0000000e+00	   0.0000000e+00	             NaN	             NaN	             NaN	             NaN	             NaN	   3.1732175e+01	   2.9546991e+01	   2.7604334e+01	   2.6328502e+01	   2.5646161e+01	   2.4437681e+01	   2.4020543e+01	   2.3306444e+01	   2.2651549e+01	   2.2388990e+01	   2.2353271e+01	   2.1862946e+01	   2.1805324e+01	   2.1413478e+01	   2.1174440e+01	   2.1194414e+01	   2.1288441e+01	   2.0690139e+01	   2.0153531e+01	   1.9260711e+01	   1.8432999e+01	   1.7819668e+01	   1.6871762e+01	   1.6113668e+01	
   0.0000000e+00	   0.0000000e+00	   0.0000000e+00	   0.0000000e+00	             NaN	             NaN	             NaN	             NaN	             NaN	   3.0914817e+01	   2.9285644e+01	   2.6965940e+01	   2.5977793e+01	   2.5123154e+01	   2.4153662e+01	   2.3472137e+01	   2.2804805e+01	   2.2239557e+01	   2.1902726e+01	   2.1598323e+01	   2.1641563e+01	   2.1231939e+01	   2.1019391e+01	   2.0685374e+01	   2.0678598e+01	   2.0562743e+01	   2.0164174e+01	   1.9613346e+01	   1.8782335e+01	   1.8103572e+01	   1.7268421e+01	   1.6555755e+01	   1.5757667e+01	
   0.0000000e+00	   0.0000000e+00	   0.0000000e+00	   0.0000000e+00	             NaN	             NaN	             NaN	             NaN	             NaN	   3.0683880e+01	   2.8262420e+01	   2.6783324e+01	   2.5314037e+01	   2.4349314e+01	   2.3622560e+01	   2.2785414e+01	   2.2027042e+01	   2.1628692e+01	   2.1201482e+01	   2.1186184e+01	   2.0944860e+01	   2.0574552e+01	   2.0311334e+01	   2.0116319e+01	   2.0267821e+01	   1.9924752e+01	   1.9668802e+01	   1.9013489e+01	   1.8503299e+01	   1.7721127e+01	   1.7067947e+01	   1.6199964e+01	   1.5460158e+01	
   0.0000000e+00	   0.0000000e+00	   0.0000000e+00	   0.0000000e+00	             NaN	             NaN	             NaN	             NaN	             NaN	             NaN	   2.7610031e+01	   2.6064972e+01	   2.4800127e+01	   2.3752930e+01	   2.2988218e+01	   2.2143846e+01	   2.1698338e+01	   2.1061126e+01	   2.0716897e+01	   2.0445221e+01	   2.0263765e+01	   2.0214424e+01	   1.9805437e+01	   1.9563459e+01	   1.9544757e+01	   1.9411480e+01	   1.8956490e+01	   1.8541048e+01	   1.7956233e+01	   1.7292165e+01	   1.6489334e+01	   1.5667100e+01	   1.4994370e+01	
   0.0000000e+00	   0.0000000e+00	   0.0000000e+00	   0.0000000e+00	             NaN	             NaN	             NaN	             NaN	             NaN	             NaN	   2.7033061e+01	   2.5428017e+01	   2.4150669e+01	   2.3249711e+01	   2.2592251e+01	   2.1504365e+01	   2.0915353e+01	   2.0459038e+01	   2.0302210e+01	   2.0180430e+01	   1.9855440e+01	   1.9593567e+01	   1.9369486e+01	   1.8905597e+01	   1.9174708e+01	   1.8950955e+01	   1.8584902e+01	   1.8246648e+01	   1.7511614e+01	   1.6894718e+01	   1.6127856e+01	   1.5341507e+01	   1.4730376e+01	
   0.0000000e+00	   0.0000000e+00	   0.0000000e+00	   0.0000000e+00	   0.0000000e+00	             NaN	             NaN	             NaN	             NaN	             NaN	   2.6241504e+01	   2.4742046e+01	   2.3444414e+01	   2.2673107e+01	   2.1806030e+01	   2.1075608e+01	   2.0387136e+01	   2.0036771e+01	   1.9657128e+01	   1.9500540e+01	   1.9372390e+01	   1.8999115e+01	   1.8820744e+01	   1.8612306e+01	   1.8379586e+01	   1.8335545e+01	   1.8111885e+01	   1.7550828e+01	   1.6925643e+01	   1.6314267e+01	   1.5446731e+01	   1.4871876e+01	   1.4375687e+01	
   0.0000000e+00	   0.0000000e+00	   0.0000000e+00	   0.0000000e+00	   0.0000000e+00	             NaN	             NaN	             NaN	             NaN	             NaN	   2.5652360e+01	   2.4067561e+01	   2.2883735e+01	   2.2050792e+01	   2.1285695e+01	   2.0452778e+01	   1.9893588e+01	   1.9461061e+01	   1.9296150e+01	   1.8969912e+01	   1.8717914e+01	   1.8466064e+01	   1.8175537e+01	   1.8121888e+01	   1.7837599e+01	   1.7847739e+01	   1.7579006e+01	   1.7144557e+01	   1.6454078e+01	   1.5831602e+01	   1.5253355e+01	   1.4631386e+01	   1.3949111e+01	
   0.0000000e+00	   0.0000000e+00	   0.0000000e+00	   0.0000000e+00	   0.0000000e+00	             NaN	             NaN	             NaN	             NaN	             NaN	   2.4744114e+01	   2.3633781e+01	   2.2361194e+01	   2.1601554e+01	   2.0642611e+01	   1.9981882e+01	   1.9231933e+01	   1.8867637e+01	   1.8574383e+01	   1.8417200e+01	   1.8105614e+01	   1.7984479e+01	   1.7525099e+01	   1.7451254e+01	   1.7520541e+01	   1.7289123e+01	   1.7067871e+01	   1.6592722e+01	   1.6028244e+01	   1.5349859e+01	   1.4789522e+01	   1.4096691e+01	   1.3609064e+01	
   0.0000000e+00	   0.0000000e+00	   0.0000000e+00	   0.0000000e+00	   0.0000000e+00	             NaN	             NaN	             NaN	             NaN	             NaN	             NaN	   2.3230244e+01	   2.2006704e+01	   2.0965576e+01	   2.0224142e+01	   1.9459976e+01	   1.8975801e+01	   1.8230363e+01	   1.8192855e+01	   1.7835188e+01	   1.7690386e+01	   1.7450635e+01	   1.7369607e+01	   1.7058885e+01	   1.6871881e+01	   1.6726329e+01	   1.6489644e+01	   1.6334719e+01	   1.5659878e+01	   1.5110499e+01	   1.4368985e+01	   1.3737455e+01	   1.3217040e+01	
   0.0000000e+00	   0.0000000e+00	   0.0000000e+00	   0.0000000e+00	   0.0000000e+00	             NaN	             NaN	             NaN	             NaN	             NaN	             NaN	   2.2336742e+01	   2.1375967e+01	   2.0514745e+01	   1.9578703e+01	   1.9077162e+01	   1.8302146e+01	   1.7992514e+01	   1.7592277e+01	   1.7374484e+01	   1.7055544e+01	   1.6855785e+01	   1.6661148e+01	   1.6480018e+01	   1.6459349e+01	   1.6419565e+01	   1.5937570e+01	   1.5674166e+01	   1.5151312e+01	   1.4527222e+01	   1.3990484e+01	   1.3245549e+01	   1.2872669e+01	
   0.0000000e+00	   0.0000000e+00	   0.0000000e+00	   0.0000000e+00	   0.0000000e+00	   0.0000000e+00	             NaN	             NaN	             NaN	             NaN	             NaN	   2.1909631e+01	   2.0992658e+01	   1.9820797e+01	   1.9038997e+01	   1.8486913e+01	   1.7625280e+01	   1.7347336e+01	   1.7018962e+01	   1.7003760e+01	   1.6735875e+01	   1.6530387e+01	   1.6238949e+01	   1.6008007e+01	   1.6014024e+01	   1.5782236e+01	   1.5471164e+01	   1.5126412e+01	   1.4721842e+01	   1.4070931e+01	   1.3594171e+01	   1.2993588e+01	   1.2536451e+01	
   0.0000000e+00	   0.0000000e+00	   0.0000000e+00	   0.0000000e+00	   0.0000000e+00	   0.0000000e+00	             NaN	             NaN	             NaN	             NaN	             NaN	   2.1237350e+01	   2.0408727e+01	   1.9393171e+01	   1.8588323e+01	   1.8190092e+01	   1.7320429e+01	   1.6973279e+01	   1.6639497e+01	   1.6357719e+01	   1.6103148e+01	   1.6010964e+01	   1.5909143e+01	   1.5475800e+01	   1.5518682e+01	   1.5309529e+01	   1.5208561e+01	   1.4752978e+01	   1.4374144e+01	   1.3819781e+01	   1.3123962e+01	   1.2586656e+01	   1.2221243e+01	
   0.0000000e+00	   0.0000000e+00	   0.0000000e+00	   0.0000000e+00	   0.0000000e+00	   0.0000000e+00	             NaN	             NaN	             NaN	             NaN	             NaN	   2.0637347e+01	   1.9569879e+01	   1.8921597e+01	   1.8379456e+01	   1.7259993e+01	   1.7238698e+01	   1.6722485e+01	   1.5997932e+01	   1.5966280e+01	   1.5689458e+01	   1.5468778e+01	   1.5303772e+01	   1.4955441e+01	   1.5004644e+01	   1.4796254e+01	   1.4912183e+01	   1.4423786e+01	   1.3832826e+01	   1.3379601e+01	   1.2920516e+01	   1.2360689e+01	   1.1844537e+01	
   0.0000000e+00	   0.0000000e+00	   0.0000000e+00	   0.0000000e+00	   0.0000000e+00	   0.0000000e+00	             NaN	             NaN	             NaN	             NaN	             NaN	             NaN	   1.9303190e+01	   1.8406845e+01	   1.7828447e+01	   1.7006391e+01	   1.6321949e+01	   1.5929411e+01	   1.5613559e+01	   1.5353698e+01	   1.5251271e+01	   1.4865559e+01	   1.4844036e+01	   1.4750789e+01	   1.4717251e+01	   1.4489220e+01	   1.4328243e+01	   1.4001306e+01	   1.3498869e+01	   1.2990851e+01	   1.2430213e+01	   1.1990918e+01	   1.1584313e+01	
   0.0000000e+00	   0.0000000e+00	   0.0000000e+00	   0.0000000e+00	   0.0000000e+00	   0.0000000e+00	             NaN	             NaN	             NaN	             NaN	             NaN	             NaN	   1.8592178e+01	   1.7882685e+01	   1.7065393e+01	   1.6617115e+01	   1.6004751e+01	   1.5518713e+01	   1.5221753e+01	   1.5008259e+01	   1.4799627e+01	   1.4595114e+01	   1.4350307e+01	   1.4113884e+01	   1.4243553e+01	   1.4060553e+01	   1.3762087e+01	   1.3480239e+01	   1.2978764e+01	   1.2536253e+01	   1.1932803e+01	   1.1587513e+01	   1.0997509e+01	
   0.0000000e+00	   0.0000000e+00	   0.0000000e+00	   0.0000000e+00	   0.0000000e+00	   0.0000000e+00	   0.0000000e+00	             NaN	             NaN	             NaN	             NaN	             NaN	   1.8193073e+01	   1.7222412e+01	   1.6443719e+01	   1.6339843e+01	   1.5602654e+01	   1.5217402e+01	   1.4595856e+01	   1.4499367e+01	   1.4212752e+01	   1.4182609e+01	   1.4032139e+01	   1.3571212e+01	   1.3682873e+01	   1.3640743e+01	   1.3284246e+01	   1.3254574e+01	   1.2612315e+01	   1.2213803e+01	   1.1758773e+01	   1.1306141e+01	   1.0785113e+01	
   0.0000000e+00	   0.0000000e+00	   0.0000000e+00	   0.0000000e+00	   0.0000000e+00	   0.0000000e+00	   0.0000000e+00	             NaN	             NaN	             NaN	             NaN	             NaN	   1.7779164e+01	   1.6719978e+01	   1.6213771e+01	   1.5471092e+01	   1.5117744e+01	   1.4664390e+01	   1.4416825e+01	   1.4386584e+01	   1.4044581e+01	   1.3810853e+01	   1.3553523e+01	   1.3377969e+01	   1.3315135e+01	   1.3261551e+01	   1.3068467e+01	   1.2586181e+01	   1.2168952e+01	   1.1806265e+01	   1.1316800e+01	   1.0895258e+01	   1.0513415e+01	
   0.0000000e+00	   0.0000000e+00	   0.0000000e+00	   0.0000000e+00	   0.0000000e+00	   0.0000000e+00	   0.0000000e+00	             NaN	             NaN	             NaN	             NaN	             NaN	   1.7169876e+01	   1.6191130e+01	   1.5641166e+01	   1.5459393e+01	   1.4597370e+01	   1.4342003e+01	   1.3848644e+01	   1.3735640e+01	   1.3344584e+01	   1.3353930e+01	   1.3132722e+01	   1.2790311e+01	   1.2727837e+01	   1.2782939e+01	   1.2596309e+01	   1.2168884e+01	   1.1913800e+01	   1.1335239e+01	   1.1085526e+01	   1.0712052e+01	   1.0220824e+01	
   0.0000000e+00	   0.0000000e+00	   0.0000000e+00	   0.0000000e+00	   0.0000000e+00	   0.0000000e+00	   0.0000000e+00	             NaN	             NaN	             NaN	             NaN	             NaN	             NaN	   1.5951216e+01	   1.5273156e+01	   1.4594267e+01	   1.4466981e+01	   1.3772612e+01	   1.3319236e+01	   1.3204378e+01	   1.3072762e+01	   1.2937440e+01	   1.2638857e+01	   1.2386794e+01	   1.2406407e+01	   1.2484814e+01	   1.2110140e+01	   1.1900002e+01	   1.1495396e+01	   1.1074612e+01	   1.0661191e+01	   1.0262757e+01	   9.7464305e+00	
   0.0000000e+00	   0.0000000e+00	   0.0000000e+00	   0.0000000e+00	   0.0000000e+00	   0.0000000e+00	   0.0000000e+00	             NaN	             NaN	             NaN	             NaN	             NaN	             NaN	   1.5555146e+01	   1.4751857e+01	   1.4212941e+01	   1.3642422e+01	   1.3304381e+01	   1.3152564e+01	   1.2832256e+01	   1.2564268e+01	   1.2333759e+01	   1.2270136e+01	   1.2268995e+01	   1.2074846e+01	   1.2007114e+01	   1.1771504e+01	   1.1492281e+01	   1.1194249e+01	   1.0621323e+01	   1.0328179e+01	   9.9114698e+00	   9.5628322e+00	
   0.0000000e+00	   0.0000000e+00	   0.0000000e+00	   0.0000000e+00	   0.0000000e+00	   0.0000000e+00	   0.0000000e+00	   0.0000000e+00	             NaN	             NaN	             NaN	             NaN	             NaN	   1.5125784e+01	   1.4483726e+01	   1.3952763e+01	   1.3292895e+01	   1.2890793e+01	   1.2540984e+01	   1.2404931e+01	   1.2327197e+01	   1.2079541e+01	   1.1721369e+01	   1.1603770e+01	   1.1553409e+01	   1.1512122e+01	   1.1432919e+01	   1.1085085e+01	   1.0741715e+01	   1.0349850e+01	   9.9171158e+00	   9.5373139e+00	   9.1811098e+00	
   0.0000000e+00	   0.0000000e+00	   0.0000000e+00	   0.0000000e+00	   0.0000000e+00	   0.0000000e+00	   0.0000000e+00	   0.0000000e+00	             NaN	             NaN	             NaN	             NaN	             NaN	   1.4752851e+01	   1.4016057e+01	   1.3755882e+01	   1.3118405e+01	   1.2735234e+01	   1.2308904e+01	   1.2034107e+01	   1.2083544e+01	   1.1706416e+01	   1.1479724e+01	   1.1334420e+01	   1.1151880e+01	   1.1072349e+01	   1.0890408e+01	   1.0817748e+01	   1.0499216e+01	   9.9454738e+00	   9.6875706e+00	   9.3173455e+00	   9.0051057e+00	
   0.0000000e+00	   0.0000000e+00	   0.0000000e+00	   0.0000000e+00	   0.0000000e+00	   0.0000000e+00	   0.0000000e+00	   0.0000000e+00	             NaN	             NaN	             NaN	             NaN	             NaN	   1.4435153e+01	   1.3709827e+01	   1.2959851e+01	   1.2681057e+01	   1.2060025e+01	   1.1934390e+01	   1.1602133e+01	   1.1562308e+01	   1.1290337e+01	   1.1172300e+01	   1.1054537e+01	   1.0996534e+01	   1.0952796e+01	   1.0756884e+01	   1.0418145e+01	   1.0115018e+01	   9.8577681e+00	   9.3889415e+00	   9.0427171e+00	   8.6595530e+00	
   0.0000000e+00	   0.0000000e+00	   0.0000000e+00	   0.0000000e+00	   0.0000000e+00	   0.0000000e+00	   0.0000000e+00	   0.0000000e+00	             NaN	             NaN	             NaN	             NaN	             NaN	             NaN	   1.3335219e+01	   1.2560807e+01	   1.2340193e+01	   1.1875200e+01	   1.1481152e+01	   1.1352276e+01	   1.1100405e+01	   1.1029075e+01	   1.0823814e+01	   1.0651527e+01	   1.0642586e+01	   1.0445334e+01	   1.0243607e+01	   1.0017949e+01	   9.7549745e+00	   9.3192600e+00	   9.1579735e+00	   8.6500345e+00	   8.3181664e+00	
   0.0000000e+00	   0.0000000e+00	   0.0000000e+00	   0.0000000e+00	   0.0000000e+00	   0.0000000e+00	   0.0000000e+00	   0.0000000e+00	             NaN	             NaN	             NaN	             NaN	             NaN	             NaN	   1.2922786e+01	   1.2324654e+01	   1.1733992e+01	   1.1479603e+01	   1.1108226e+01	   1.0946745e+01	   1.0838425e+01	   1.0582160e+01	   1.0448897e+01	   1.0353964e+01	   1.0253896e+01	   1.0025175e+01	   1.0012517e+01	   9.7743482e+00	   9.4122836e+00	   9.0779406e+00	   8.7842400e+00	   8.3937373e+00	   8.2396710e+00	
   0.0000000e+00	   0.0000000e+00	   0.0000000e+00	   0.0000000e+00	   0.0000000e+00	   0.0000000e+00	   0.0000000e+00	   0.0000000e+00	   0.0000000e+00	             NaN	             NaN	             NaN	             NaN	             NaN	   1.2490496e+01	   1.1969188e+01	   1.1522139e+01	   1.1050621e+01	   1.0863712e+01	   1.0502002e+01	   1.0491349e+01	   1.0148866e+01	   9.9834032e+00	   9.9551998e+00	   1.0032095e+01	   9.8729415e+00	   9.7325013e+00	   9.4238758e+00	   9.1387399e+00	   8.8647988e+00	   8.5152557e+00	   8.1703255e+00	   7.8670914e+00	
   0.0000000e+00	   0.0000000e+00	   0.0000000e+00	   0.0000000e+00	   0.0000000e+00	   0.0000000e+00	   0.0000000e+00	   0.0000000e+00	   0.0000000e+00	             NaN	             NaN	             NaN	             NaN	             NaN	   1.2159430e+01	   1.1381012e+01	   1.1279444e+01	   1.0761587e+01	   1.0598991e+01	   1.0442719e+01	   1.0224081e+01	   1.0087637e+01	   9.8197620e+00	   9.7146130e+00	   9.6281960e+00	   9.5939246e+00	   9.5621995e+00	   9.1829405e+00	   8.7899179e+00	   8.6193703e+00	   8.3365422e+00	   7.9436792e+00	   7.7035138e+00	
   0.0000000e+00	   0.0000000e+00	   0.0000000e+00	   0.0000000e+00	   0.0000000e+00	   0.0000000e+00	   0.0000000e+00	   0.0000000e+00	   0.0000000e+00	             NaN	             NaN	             NaN	             NaN	             NaN	   1.1823940e+01	   1.1316820e+01	   1.1060728e+01	   1.0664817e+01	   1.0302872e+01	   1.0111760e+01	   9.9114376e+00	   9.6087883e+00	   9.3483630e+00	   9.2987129e+00	   9.4499624e+00	   9.2770425e+00	   9.0256599e+00	   8.8039574e+00	   8.4758125e+00	   8.1785811e+00	   7.9004356e+00	   7.6410440e+00	   7.3958104e+00	
   0.0000000e+00	   0.0000000e+00	   0.0000000e+00	   0.0000000e+00	   0.0000000e+00	   0.0000000e+00	   0.0000000e+00	   0.0000000e+00	   0.0000000e+00	             NaN	             NaN	             NaN	             NaN	             NaN	             NaN	   1.0829635e+01	   1.0624733e+01	   1.0155158e+01	   9.8976409e+00	   9.6427894e+00	   9.5093432e+00	   9.2211974e+00	   9.1606005e+00	   9.0739553e+00	   8.9155160e+00	   8.8186475e+00	   8.7165657e+00	   8.6897186e+00	   8.1266156e+00	   8.0563623e+00	   7.6002815e+00	   7.4699955e+00	   7.2089872e+00	
   0.0000000e+00	   0.0000000e+00	   0.0000000e+00	   0.0000000e+00	   0.0000000e+00	   0.0000000e+00	   0.0000000e+00	   0.0000000e+00	   0.0000000e+00	             NaN	             NaN	             NaN	             NaN	             NaN	             NaN	   1.0436190e+01	   1.0351260e+01	   9.9235915e+00	   9.3758986e+00	   9.2628287e+00	   9.1326628e+00	   8.9100678e+00	   8.8385008e+00	   8.7615737e+00	   8.7242726e+00	   8.5621194e+00	   8.4326900e+00	   8.2707798e+00	   7.9411656e+00	   7.7612922e+00	   7.4633357e+00	   7.1566728e+00	   6.9766678e+00	
   0.0000000e+00	   0.0000000e+00	   0.0000000e+00	   0.0000000e+00	   0.0000000e+00	   0.0000000e+00	   0.0000000e+00	   0.0000000e+00	   0.0000000e+00	   0.0000000e+00	             NaN	             NaN	             NaN	             NaN	             NaN	   1.0142428e+01	   1.0073632e+01	   9.4060909e+00	   9.2819712e+00	   8.9849345e+00	   8.8713516e+00	   8.8519424e+00	   8.6544447e+00	   8.3316647e+00	   8.3759020e+00	   8.3510438e+00	   8.2380193e+00	   8.0251975e+00	   7.7760050e+00	   7.4091492e+00	   7.1784853e+00	   6.9553625e+00	   6.6981885e+00	
