   3.3233269e+00	  -2.1347495e+00	  -1.0040247e-01	             NaN	             NaN	             NaN	             NaN	             NaN	             NaN	             NaN	             NaN	             NaN	             NaN	             NaN	   0.0000000e+00	   0.0000000e+00	   0.0000000e+00	   0.0000000e+00	   0.0000000e+00	   0.0000000e+00	   0.0000000e+00	   0.0000000e+00	   0.0000000e+00	   0.0000000e+00	   0.0000000e+00	   0.0000000e+00	   0.0000000e+00	   0.0000000e+00	   0.0000000e+00	   0.0000000e+00	   0.0000000e+00	   0.0000000e+00	   0.0000000e+00	
   3.1943382e-01	   2.8213947e+00	   1.3626787e+00	             NaN	             NaN	             NaN	             NaN	             NaN	             NaN	             NaN	             NaN	             NaN	             NaN	             NaN	   0.0000000e+00	   0.0000000e+00	   0.0000000e+00	   0.0000000e+00	   0.0000000e+00	   0.0000000e+00	   0.0000000e+00	   0.0000000e+00	   0.0000000e+00	   0.0000000e+00	   0.0000000e+00	   0.0000000e+00	   0.0000000e+00	   0.0000000e+00	   0.0000000e+00	   0.0000000e+00	   0.0000000e+00	   0.0000000e+00	   0.0000000e+00	
   5.1653409e+00	   3.6581614e+00	   2.3596081e+00	             NaN	             NaN	             NaN	             NaN	             NaN	             NaN	             NaN	             NaN	             NaN	             NaN	             NaN	   0.0000000e+00	   0.0000000e+00	   0.0000000e+00	   0.0000000e+00	   0.0000000e+00	   0.0000000e+00	   0.0000000e+00	   0.0000000e+00	   0.0000000e+00	   0.0000000e+00	   0.0000000e+00	   0.0000000e+00	   0.0000000e+00	   0.0000000e+00	   0.0000000e+00	   0.0000000e+00	   0.0000000e+00	   0.0000000e+00	   0.0000000e+00	
   8.5202465e+00	   3.7581292e+00	   3.7377454e+00	   7.4516901e+00	             NaN	             NaN	             NaN	             NaN	             NaN	             NaN	             NaN	             NaN	             NaN	             NaN	             NaN	   0.0000000e+00	   0.0000000e+00	   0.0000000e+00	   0.0000000e+00	   0.0000000e+00	   0.0000000e+00	   0.0000000e+00	   0.0000000e+00	   0.0000000e+00	   0.0000000e+00	   0.0000000e+00	   0.0000000e+00	   0.0000000e+00	   0.0000000e+00	   0.0000000e+00	   0.0000000e+00	   0.0000000e+00	   0.0000000e+00	
   8.2381594e+00	   5.5134668e+00	   7.8873142e+00	   1.1742058e+01	             NaN	             NaN	             NaN	             NaN	             NaN	             NaN	             NaN	             NaN	             NaN	             NaN	             NaN	   0.0000000e+00	   0.0000000e+00	   0.0000000e+00	   0.0000000e+00	   0.0000000e+00	   0.0000000e+00	   0.0000000e+00	   0.0000000e+00	   0.0000000e+00	   0.0000000e+00	   0.0000000e+00	   0.0000000e+00	   0.0000000e+00	   0.0000000e+00	   0.0000000e+00	   0.0000000e+00	   0.0000000e+00	   0.0000000e+00	
   1.1161564e+01	   7.0712304e+00	   7.7575089e+00	   1.1300149e+01	   1.6236940e+01	             NaN	             NaN	             NaN	             NaN	             NaN	             NaN	             NaN	             NaN	             NaN	             NaN	             NaN	   0.0000000e+00	   0.0000000e+00	   0.0000000e+00	   0.0000000e+00	   0.0000000e+00	   0.0000000e+00	   0.0000000e+00	   0.0000000e+00	   0.0000000e+00	   0.0000000e+00	   0.0000000e+00	   0.0000000e+00	   0.0000000e+00	   0.0000000e+00	   0.0000000e+00	   0.0000000e+00	   0.0000000e+00	
   1.1435910e+01	   8.1188523e+00	   9.7249213e+00	   1.3286243e+01	   1.8147325e+01	             NaN	             NaN	             NaN	             NaN	             NaN	             NaN	             NaN	             NaN	             NaN	             NaN	             NaN	   0.0000000e+00	   0.0000000e+00	   0.0000000e+00	   0.0000000e+00	   0.0000000e+00	   0.0000000e+00	   0.0000000e+00	   0.0000000e+00	   0.0000000e+00	   0.0000000e+00	   0.0000000e+00	   0.0000000e+00	   0.0000000e+00	   0.0000000e+00	   0.0000000e+00	   0.0000000e+00	   0.0000000e+00	
   1.3034977e+01	   1.0689995e+01	   1.2524542e+01	   1.4783043e+01	   1.9999456e+01	             NaN	             NaN	             NaN	             NaN	             NaN	             NaN	             NaN	             NaN	             NaN	             NaN	             NaN	   0.0000000e+00	   0.0000000e+00	   0.0000000e+00	   0.0000000e+00	   0.0000000e+00	   0.0000000e+00	   0.0000000e+00	   0.0000000e+00	   0.0000000e+00	   0.0000000e+00	   0.0000000e+00	   0.0000000e+00	   0.0000000e+00	   0.0000000e+00	   0.0000000e+00	   0.0000000e+00	   0.0000000e+00	
   1.3246073e+01	   1.1412748e+01	   1.1935956e+01	   1.5675160e+01	   2.0876322e+01	   2.5977964e+01	             NaN	             NaN	             NaN	             NaN	             NaN	             NaN	             NaN	             NaN	             NaN	             NaN	             NaN	   0.0000000e+00	   0.0000000e+00	   0.0000000e+00	   0.0000000e+00	   0.0000000e+00	   0.0000000e+00	   0.0000000e+00	   0.0000000e+00	   0.0000000e+00	   0.0000000e+00	   0.0000000e+00	   0.0000000e+00	   0.0000000e+00	   0.0000000e+00	   0.0000000e+00	   0.0000000e+00	
   1.5303510e+01	   1.2810980e+01	   1.3083233e+01	   1.7598914e+01	   2.2352412e+01	   2.6905915e+01	             NaN	             NaN	             NaN	             NaN	             NaN	             NaN	             NaN	             NaN	             NaN	             NaN	             NaN	   0.0000000e+00	   0.0000000e+00	   0.0000000e+00	   0.0000000e+00	   0.0000000e+00	   0.0000000e+00	   0.0000000e+00	   0.0000000e+00	   0.0000000e+00	   0.0000000e+00	   0.0000000e+00	   0.0000000e+00	   0.0000000e+00	   0.0000000e+00	   0.0000000e+00	   0.0000000e+00	
   1.4151032e+01	   1.3862154e+01	   1.4439220e+01	   1.8968513e+01	   2.3343420e+01	   2.9512113e+01	   3.4550072e+01	             NaN	             NaN	             NaN	             NaN	             NaN	             NaN	             NaN	             NaN	             NaN	             NaN	             NaN	   0.0000000e+00	   0.0000000e+00	   0.0000000e+00	   0.0000000e+00	   0.0000000e+00	   0.0000000e+00	   0.0000000e+00	   0.0000000e+00	   0.0000000e+00	   0.0000000e+00	   0.0000000e+00	   0.0000000e+00	   0.0000000e+00	   0.0000000e+00	   0.0000000e+00	
   1.5112819e+01	   1.3063023e+01	   1.6118128e+01	   2.0413492e+01	   2.5682804e+01	   3.1378585e+01	   3.6666061e+01	             NaN	             NaN	             NaN	             NaN	             NaN	             NaN	             NaN	             NaN	             NaN	             NaN	             NaN	   0.0000000e+00	   0.0000000e+00	   0.0000000e+00	   0.0000000e+00	   0.0000000e+00	   0.0000000e+00	   0.0000000e+00	   0.0000000e+00	   0.0000000e+00	   0.0000000e+00	   0.0000000e+00	   0.0000000e+00	   0.0000000e+00	   0.0000000e+00	   0.0000000e+00	
   1.7031005e+01	   1.4992251e+01	   1.7964944e+01	   2.2437858e+01	   2.7811903e+01	   3.3320798e+01	   3.8742999e+01	             NaN	             NaN	             NaN	             NaN	             NaN	             NaN	             NaN	             NaN	             NaN	             NaN	             NaN	   0.0000000e+00	   0.0000000e+00	   0.0000000e+00	   0.0000000e+00	   0.0000000e+00	   0.0000000e+00	   0.0000000e+00	   0.0000000e+00	   0.0000000e+00	   0.0000000e+00	   0.0000000e+00	   0.0000000e+00	   0.0000000e+00	   0.0000000e+00	   0.0000000e+00	
   1.9837778e+01	   1.7329842e+01	   1.8328284e+01	   2.3908316e+01	   2.9398599e+01	   3.5412285e+01	   4.1262586e+01	   4.3548713e+01	             NaN	             NaN	             NaN	             NaN	             NaN	             NaN	             NaN	             NaN	             NaN	             NaN	             NaN	   0.0000000e+00	   0.0000000e+00	   0.0000000e+00	   0.0000000e+00	   0.0000000e+00	   0.0000000e+00	   0.0000000e+00	   0.0000000e+00	   0.0000000e+00	   0.0000000e+00	   0.0000000e+00	   0.0000000e+00	   0.0000000e+00	   0.0000000e+00	
   1.8775454e+01	   1.6262853e+01	   1.9166742e+01	   2.4957446e+01	   3.0682852e+01	   3.5700461e+01	   4.1249730e+01	   4.4026218e+01	             NaN	             NaN	             NaN	             NaN	             NaN	             NaN	             NaN	             NaN	             NaN	             NaN	             NaN	   0.0000000e+00	   0.0000000e+00	   0.0000000e+00	   0.0000000e+00	   0.0000000e+00	   0.0000000e+00	   0.0000000e+00	   0.0000000e+00	   0.0000000e+00	   0.0000000e+00	   0.0000000e+00	   0.0000000e+00	   0.0000000e+00	   0.0000000e+00	
   2.0199232e+01	   1.8039159e+01	   2.0886740e+01	   2.5816241e+01	   3.0980768e+01	   3.7199995e+01	   4.2333484e+01	   4.5119534e+01	   4.3513391e+01	             NaN	             NaN	             NaN	             NaN	             NaN	             NaN	             NaN	             NaN	             NaN	             NaN	             NaN	   0.0000000e+00	   0.0000000e+00	   0.0000000e+00	   0.0000000e+00	   0.0000000e+00	   0.0000000e+00	   0.0000000e+00	   0.0000000e+00	   0.0000000e+00	   0.0000000e+00	   0.0000000e+00	   0.0000000e+00	   0.0000000e+00	
   2.0268505e+01	   1.8412912e+01	   2.1316372e+01	   2.6274652e+01	   3.1593866e+01	   3.7874988e+01	   4.3030028e+01	   4.5603741e+01	   4.4974847e+01	             NaN	             NaN	             NaN	             NaN	             NaN	             NaN	             NaN	             NaN	             NaN	             NaN	             NaN	   0.0000000e+00	   0.0000000e+00	   0.0000000e+00	   0.0000000e+00	   0.0000000e+00	   0.0000000e+00	   0.0000000e+00	   0.0000000e+00	   0.0000000e+00	   0.0000000e+00	   0.0000000e+00	   0.0000000e+00	   0.0000000e+00	
   2.1283528e+01	   1.9282878e+01	   2.2983999e+01	   2.6962042e+01	   3.2671283e+01	   3.8133117e+01	   4.3795102e+01	   4.5798884e+01	   4.5674634e+01	             NaN	             NaN	             NaN	             NaN	             NaN	             NaN	             NaN	             NaN	             NaN	             NaN	             NaN	   0.0000000e+00	   0.0000000e+00	   0.0000000e+00	   0.0000000e+00	   0.0000000e+00	   0.0000000e+00	   0.0000000e+00	   0.0000000e+00	   0.0000000e+00	   0.0000000e+00	   0.0000000e+00	   0.0000000e+00	   0.0000000e+00	
   2.0229890e+01	   1.8373776e+01	   2.2645264e+01	   2.6974189e+01	   3.3411376e+01	   3.9024560e+01	   4.3578758e+01	   4.6080573e+01	   4.5302354e+01	   3.9832548e+01	             NaN	             NaN	             NaN	             NaN	             NaN	             NaN	             NaN	             NaN	             NaN	             NaN	             NaN	   0.0000000e+00	   0.0000000e+00	   0.0000000e+00	   0.0000000e+00	   0.0000000e+00	   0.0000000e+00	   0.0000000e+00	   0.0000000e+00	   0.0000000e+00	   0.0000000e+00	   0.0000000e+00	   0.0000000e+00	
   2.2147350e+01	   1.9244705e+01	   2.2517663e+01	   2.8359699e+01	   3.3690889e+01	   3.9217441e+01	   4.3935527e+01	   4.6734472e+01	   4.5464037e+01	   3.9703263e+01	             NaN	             NaN	             NaN	             NaN	             NaN	             NaN	             NaN	             NaN	             NaN	             NaN	             NaN	   0.0000000e+00	   0.0000000e+00	   0.0000000e+00	   0.0000000e+00	   0.0000000e+00	   0.0000000e+00	   0.0000000e+00	   0.0000000e+00	   0.0000000e+00	   0.0000000e+00	   0.0000000e+00	   0.0000000e+00	
   2.0195061e+01	   2.1712948e+01	   2.3676325e+01	   2.7440930e+01	   3.3636639e+01	   3.9191048e+01	   4.2992040e+01	   4.5761583e+01	   4.5338004e+01	   3.9667999e+01	   3.1390643e+01	             NaN	             NaN	             NaN	             NaN	             NaN	             NaN	             NaN	             NaN	             NaN	             NaN	             NaN	   0.0000000e+00	   0.0000000e+00	   0.0000000e+00	   0.0000000e+00	   0.0000000e+00	   0.0000000e+00	   0.0000000e+00	   0.0000000e+00	   0.0000000e+00	   0.0000000e+00	   0.0000000e+00	
   2.0726015e+01	   2.1611226e+01	   2.3201469e+01	   2.8990554e+01	   3.3371552e+01	   3.8895806e+01	   4.3716626e+01	   4.5742425e+01	   4.4633549e+01	   3.9566483e+01	   3.1636042e+01	             NaN	             NaN	             NaN	             NaN	             NaN	             NaN	             NaN	             NaN	             NaN	             NaN	             NaN	   0.0000000e+00	   0.0000000e+00	   0.0000000e+00	   0.0000000e+00	   0.0000000e+00	   0.0000000e+00	   0.0000000e+00	   0.0000000e+00	   0.0000000e+00	   0.0000000e+00	   0.0000000e+00	
   2.2493823e+01	   2.2392128e+01	   2.4349903e+01	   2.8061793e+01	   3.2917690e+01	   3.7966961e+01	   4.3034684e+01	   4.4634622e+01	   4.4383674e+01	   3.9383282e+01	   3.1470819e+01	             NaN	             NaN	             NaN	             NaN	             NaN	             NaN	             NaN	             NaN	             NaN	             NaN	             NaN	   0.0000000e+00	   0.0000000e+00	   0.0000000e+00	   0.0000000e+00	   0.0000000e+00	   0.0000000e+00	   0.0000000e+00	   0.0000000e+00	   0.0000000e+00	   0.0000000e+00	   0.0000000e+00	
   2.4966012e+01	   2.1750388e+01	   2.4150593e+01	   2.8602132e+01	   3.2727736e+01	   3.7788581e+01	   4.1920167e+01	   4.4191878e+01	   4.3462903e+01	   3.8927742e+01	   3.1420566e+01	   2.0970137e+01	             NaN	             NaN	             NaN	             NaN	             NaN	             NaN	             NaN	             NaN	             NaN	             NaN	             NaN	   0.0000000e+00	   0.0000000e+00	   0.0000000e+00	   0.0000000e+00	   0.0000000e+00	   0.0000000e+00	   0.0000000e+00	   0.0000000e+00	   0.0000000e+00	   0.0000000e+00	
   2.4996461e+01	   2.2489028e+01	   2.4789444e+01	   2.8266919e+01	   3.2791969e+01	   3.7576377e+01	   4.1335183e+01	   4.3108172e+01	   4.2633700e+01	   3.8485299e+01	   3.1979900e+01	   2.1403335e+01	             NaN	             NaN	             NaN	             NaN	             NaN	             NaN	             NaN	             NaN	             NaN	             NaN	             NaN	   0.0000000e+00	   0.0000000e+00	   0.0000000e+00	   0.0000000e+00	   0.0000000e+00	   0.0000000e+00	   0.0000000e+00	   0.0000000e+00	   0.0000000e+00	   0.0000000e+00	
   2.5501172e+01	   2.2843235e+01	   2.4625621e+01	   2.8644851e+01	   3.2495833e+01	   3.6260006e+01	   4.0604580e+01	   4.2405527e+01	   4.2260852e+01	   3.7502716e+01	   3.1341584e+01	   2.1834433e+01	   1.4999090e+01	             NaN	             NaN	             NaN	             NaN	             NaN	             NaN	             NaN	             NaN	             NaN	             NaN	             NaN	   0.0000000e+00	   0.0000000e+00	   0.0000000e+00	   0.0000000e+00	   0.0000000e+00	   0.0000000e+00	   0.0000000e+00	   0.0000000e+00	   0.0000000e+00	
   2.5110379e+01	   2.3310330e+01	   2.3999743e+01	   2.7564635e+01	   3.2020675e+01	   3.5202889e+01	   3.9524744e+01	   4.1134493e+01	   4.1113328e+01	   3.7049027e+01	   3.1174723e+01	   2.2403655e+01	   1.5739986e+01	             NaN	             NaN	             NaN	             NaN	             NaN	             NaN	             NaN	             NaN	             NaN	             NaN	             NaN	   0.0000000e+00	   0.0000000e+00	   0.0000000e+00	   0.0000000e+00	   0.0000000e+00	   0.0000000e+00	   0.0000000e+00	   0.0000000e+00	   0.0000000e+00	
   2.5993324e+01	   2.4299146e+01	   2.5217681e+01	   2.7839882e+01	   3.1037939e+01	   3.4802166e+01	   3.8205816e+01	   4.0124995e+01	   3.9564329e+01	   3.6512256e+01	   3.1286964e+01	   2.2376447e+01	   1.6389649e+01	             NaN	             NaN	             NaN	             NaN	             NaN	             NaN	             NaN	             NaN	             NaN	             NaN	             NaN	   0.0000000e+00	   0.0000000e+00	   0.0000000e+00	   0.0000000e+00	   0.0000000e+00	   0.0000000e+00	   0.0000000e+00	   0.0000000e+00	   0.0000000e+00	
   2.6711805e+01	   2.5516933e+01	   2.5371262e+01	   2.7487844e+01	   3.0966828e+01	   3.3585016e+01	   3.7176900e+01	   3.9051110e+01	   3.8683713e+01	   3.5557516e+01	   3.0692989e+01	   2.2803558e+01	   1.7374867e+01	   1.3602232e+01	             NaN	             NaN	             NaN	             NaN	             NaN	             NaN	             NaN	             NaN	             NaN	             NaN	             NaN	   0.0000000e+00	   0.0000000e+00	   0.0000000e+00	   0.0000000e+00	   0.0000000e+00	   0.0000000e+00	   0.0000000e+00	   0.0000000e+00	
   2.7124541e+01	   2.4551017e+01	   2.4842031e+01	   2.7906802e+01	   2.9484986e+01	   3.3140257e+01	   3.6007475e+01	   3.7442395e+01	   3.7379126e+01	   3.4275255e+01	   3.0006728e+01	   2.2944716e+01	   1.7608604e+01	   1.4746695e+01	             NaN	             NaN	             NaN	             NaN	             NaN	             NaN	             NaN	             NaN	             NaN	             NaN	             NaN	   0.0000000e+00	   0.0000000e+00	   0.0000000e+00	   0.0000000e+00	   0.0000000e+00	   0.0000000e+00	   0.0000000e+00	   0.0000000e+00	
   2.6334059e+01	   2.5869969e+01	   2.5382852e+01	   2.7725146e+01	   2.9114530e+01	   3.2451345e+01	   3.4962883e+01	   3.6328069e+01	   3.5807273e+01	   3.3797419e+01	   2.9748789e+01	   2.3255712e+01	   1.8514611e+01	   1.5907871e+01	   1.3749101e+01	             NaN	             NaN	             NaN	             NaN	             NaN	             NaN	             NaN	             NaN	             NaN	             NaN	             NaN	   0.0000000e+00	   0.0000000e+00	   0.0000000e+00	   0.0000000e+00	   0.0000000e+00	   0.0000000e+00	   0.0000000e+00	
   2.7871481e+01	   2.6361955e+01	   2.6371093e+01	   2.8003104e+01	   2.9806501e+01	   3.2140104e+01	   3.4585258e+01	   3.6045606e+01	   3.6000481e+01	   3.3666980e+01	   2.9986013e+01	   2.3804130e+01	   1.9395717e+01	   1.7309207e+01	   1.5601917e+01	             NaN	             NaN	             NaN	             NaN	             NaN	             NaN	             NaN	             NaN	             NaN	             NaN	             NaN	   0.0000000e+00	   0.0000000e+00	   0.0000000e+00	   0.0000000e+00	   0.0000000e+00	   0.0000000e+00	   0.0000000e+00	
   2.8372263e+01	   2.7914075e+01	   2.7699160e+01	   2.8598219e+01	   3.0125588e+01	   3.2138096e+01	   3.4002643e+01	   3.5748492e+01	   3.5517446e+01	   3.3702246e+01	   3.0575498e+01	   2.4813313e+01	   2.0971129e+01	   1.8861426e+01	   1.7513978e+01	             NaN	             NaN	             NaN	             NaN	             NaN	             NaN	             NaN	             NaN	             NaN	             NaN	             NaN	   0.0000000e+00	   0.0000000e+00	   0.0000000e+00	   0.0000000e+00	   0.0000000e+00	   0.0000000e+00	   0.0000000e+00	
   2.8893044e+01	   2.8464204e+01	   2.8671123e+01	   2.9519271e+01	   3.0422325e+01	   3.2060704e+01	   3.3977828e+01	   3.4822756e+01	   3.5291832e+01	   3.3692767e+01	   3.0704589e+01	   2.5433803e+01	   2.2163302e+01	   2.0271842e+01	   1.9054538e+01	   1.7530335e+01	             NaN	             NaN	             NaN	             NaN	             NaN	             NaN	             NaN	             NaN	             NaN	             NaN	             NaN	   0.0000000e+00	   0.0000000e+00	   0.0000000e+00	   0.0000000e+00	   0.0000000e+00	   0.0000000e+00	
   3.0711813e+01	   2.9773115e+01	   3.0214785e+01	   2.9453422e+01	   3.0632718e+01	   3.2059266e+01	   3.3849019e+01	   3.4787217e+01	   3.4813527e+01	   3.3238534e+01	   3.0982352e+01	   2.6253991e+01	   2.3197106e+01	   2.1524666e+01	   2.0428324e+01	   1.9052204e+01	             NaN	             NaN	             NaN	             NaN	             NaN	             NaN	             NaN	             NaN	             NaN	             NaN	             NaN	   0.0000000e+00	   0.0000000e+00	   0.0000000e+00	   0.0000000e+00	   0.0000000e+00	   0.0000000e+00	
   3.1270782e+01	   2.9548802e+01	   2.9820048e+01	   3.0615398e+01	   3.1446703e+01	   3.2232443e+01	   3.3403342e+01	   3.3701114e+01	   3.4255504e+01	   3.2899147e+01	   3.0828088e+01	   2.6940941e+01	   2.4320517e+01	   2.2852479e+01	   2.2161259e+01	   2.0798491e+01	   1.8156676e+01	             NaN	             NaN	             NaN	             NaN	             NaN	             NaN	             NaN	             NaN	             NaN	             NaN	             NaN	   0.0000000e+00	   0.0000000e+00	   0.0000000e+00	   0.0000000e+00	   0.0000000e+00	
   3.1889790e+01	   3.0486605e+01	   2.9609851e+01	   3.2085906e+01	   3.1180567e+01	   3.2050372e+01	   3.2996621e+01	   3.3886427e+01	   3.3770239e+01	   3.2926130e+01	   3.0592021e+01	   2.7273670e+01	   2.5158888e+01	   2.4118952e+01	   2.3299642e+01	   2.1903026e+01	   1.9850923e+01	             NaN	             NaN	             NaN	             NaN	             NaN	             NaN	             NaN	             NaN	             NaN	             NaN	             NaN	   0.0000000e+00	   0.0000000e+00	   0.0000000e+00	   0.0000000e+00	   0.0000000e+00	
   3.3172772e+01	   3.2739127e+01	   3.1874180e+01	   3.2157844e+01	   3.1838158e+01	   3.2676786e+01	   3.2998864e+01	   3.3860851e+01	   3.3843337e+01	   3.2863030e+01	   3.0899057e+01	   2.8231678e+01	   2.6344438e+01	   2.5457957e+01	   2.4689384e+01	   2.3623670e+01	   2.1860694e+01	             NaN	             NaN	             NaN	             NaN	             NaN	             NaN	             NaN	             NaN	             NaN	             NaN	             NaN	   0.0000000e+00	   0.0000000e+00	   0.0000000e+00	   0.0000000e+00	   0.0000000e+00	
   3.5938198e+01	   3.3295681e+01	   3.3176861e+01	   3.2849780e+01	   3.2731942e+01	   3.2710869e+01	   3.2854004e+01	   3.3569440e+01	   3.3199645e+01	   3.2667355e+01	   3.1338800e+01	   2.8753727e+01	   2.7571258e+01	   2.6683362e+01	   2.6189928e+01	   2.5232026e+01	   2.3568135e+01	   2.0643290e+01	             NaN	             NaN	             NaN	             NaN	             NaN	             NaN	             NaN	             NaN	             NaN	             NaN	             NaN	   0.0000000e+00	   0.0000000e+00	   0.0000000e+00	   0.0000000e+00	
   3.4100878e+01	   3.4635551e+01	   3.4075198e+01	   3.3176890e+01	   3.2796838e+01	   3.2802329e+01	   3.2867258e+01	   3.3637309e+01	   3.3433324e+01	   3.2903119e+01	   3.1667799e+01	   2.9412557e+01	   2.8642786e+01	   2.7908027e+01	   2.7616873e+01	   2.6489117e+01	   2.5105196e+01	   2.2261466e+01	             NaN	             NaN	             NaN	             NaN	             NaN	             NaN	             NaN	             NaN	             NaN	             NaN	             NaN	   0.0000000e+00	   0.0000000e+00	   0.0000000e+00	   0.0000000e+00	
   3.6095202e+01	   3.5839887e+01	   3.5410417e+01	   3.4653255e+01	   3.3449115e+01	   3.3277562e+01	   3.3596413e+01	   3.3384384e+01	   3.3327662e+01	   3.2760481e+01	   3.1993344e+01	   3.0196022e+01	   2.9219629e+01	   2.9193169e+01	   2.8942330e+01	   2.7983003e+01	   2.6588373e+01	   2.4232898e+01	   2.0502934e+01	             NaN	             NaN	             NaN	             NaN	             NaN	             NaN	             NaN	             NaN	             NaN	             NaN	             NaN	   0.0000000e+00	   0.0000000e+00	   0.0000000e+00	
   3.7395064e+01	   3.7623663e+01	   3.5448685e+01	   3.5130299e+01	   3.4645124e+01	   3.3612586e+01	   3.4081877e+01	   3.3793884e+01	   3.3324867e+01	   3.2912334e+01	   3.2269261e+01	   3.0972601e+01	   3.0469997e+01	   3.0413463e+01	   3.0343799e+01	   2.9643333e+01	   2.7792104e+01	   2.5891226e+01	   2.2350290e+01	             NaN	             NaN	             NaN	             NaN	             NaN	             NaN	             NaN	             NaN	             NaN	             NaN	             NaN	   0.0000000e+00	   0.0000000e+00	   0.0000000e+00	
   4.0175162e+01	   3.8689934e+01	   3.8214818e+01	   3.6701774e+01	   3.5036864e+01	   3.4988462e+01	   3.4158549e+01	   3.3354368e+01	   3.3996138e+01	   3.3083998e+01	   3.2674167e+01	   3.1935143e+01	   3.1346494e+01	   3.1786506e+01	   3.1769769e+01	   3.0832596e+01	   2.9428834e+01	   2.7320806e+01	   2.4268724e+01	             NaN	             NaN	             NaN	             NaN	             NaN	             NaN	             NaN	             NaN	             NaN	             NaN	             NaN	   0.0000000e+00	   0.0000000e+00	   0.0000000e+00	
   4.0267125e+01	   4.1475112e+01	   3.8189161e+01	   3.7746726e+01	   3.6478788e+01	   3.4605929e+01	   3.4161297e+01	   3.3772741e+01	   3.3954667e+01	   3.3671602e+01	   3.3682644e+01	   3.2523197e+01	   3.2517853e+01	   3.2722140e+01	   3.2816579e+01	   3.2299235e+01	   3.0955648e+01	   2.8591011e+01	   2.5978836e+01	   2.1526614e+01	             NaN	             NaN	             NaN	             NaN	             NaN	             NaN	             NaN	             NaN	             NaN	             NaN	             NaN	   0.0000000e+00	   0.0000000e+00	
   4.0720550e+01	   3.9687338e+01	   4.1418279e+01	   3.9205576e+01	   3.6968112e+01	   3.5455494e+01	   3.4934320e+01	   3.4274627e+01	   3.4129289e+01	   3.4067404e+01	   3.3765040e+01	   3.3298988e+01	   3.3423967e+01	   3.3904883e+01	   3.4014473e+01	   3.3527861e+01	   3.2321514e+01	   3.0084213e+01	   2.7278205e+01	   2.3374637e+01	             NaN	             NaN	             NaN	             NaN	             NaN	             NaN	             NaN	             NaN	             NaN	             NaN	             NaN	   0.0000000e+00	   0.0000000e+00	
   4.1473636e+01	   4.2128280e+01	   4.1939463e+01	   4.0340927e+01	   3.8659351e+01	   3.6345251e+01	   3.5493762e+01	   3.5009387e+01	   3.4261381e+01	   3.4464148e+01	   3.4525064e+01	   3.4297392e+01	   3.4026985e+01	   3.4913781e+01	   3.5355604e+01	   3.4911882e+01	   3.3403770e+01	   3.1421822e+01	   2.8723304e+01	   2.4803283e+01	   2.0867406e+01	             NaN	             NaN	             NaN	             NaN	             NaN	             NaN	             NaN	             NaN	             NaN	             NaN	             NaN	   0.0000000e+00	
   4.5524541e+01	   4.5304250e+01	   4.4074057e+01	   4.2785698e+01	   3.9076074e+01	   3.7639558e+01	   3.6300006e+01	   3.5509393e+01	   3.5205774e+01	   3.5574016e+01	   3.5603351e+01	   3.5139020e+01	   3.5590803e+01	   3.6622331e+01	   3.6813955e+01	   3.6291142e+01	   3.5190024e+01	   3.3271891e+01	   3.0410302e+01	   2.6946016e+01	   2.2439765e+01	             NaN	             NaN	             NaN	             NaN	             NaN	             NaN	             NaN	             NaN	             NaN	             NaN	             NaN	   0.0000000e+00	
   4.6970148e+01	   4.6414691e+01	   4.3875272e+01	   4.3379899e+01	   4.1675116e+01	   3.8271500e+01	   3.7057093e+01	   3.6200934e+01	   3.5822253e+01	   3.6132073e+01	   3.6202694e+01	   3.6111769e+01	   3.6942635e+01	   3.7583594e+01	   3.8117298e+01	   3.7772130e+01	   3.6567952e+01	   3.4735630e+01	   3.1851954e+01	   2.8710023e+01	   2.4188006e+01	             NaN	             NaN	             NaN	             NaN	             NaN	             NaN	             NaN	             NaN	             NaN	             NaN	             NaN	   0.0000000e+00	
   4.6631366e+01	   4.7288453e+01	   4.6563801e+01	   4.5684436e+01	   4.2288936e+01	   3.9312784e+01	   3.8039771e+01	   3.7299440e+01	   3.6687520e+01	   3.6237407e+01	   3.6959489e+01	   3.6893308e+01	   3.7559580e+01	   3.8828282e+01	   3.9445368e+01	   3.9091967e+01	   3.7644996e+01	   3.5933486e+01	   3.3324797e+01	   3.0316336e+01	   2.6058048e+01	   2.1536877e+01	             NaN	             NaN	             NaN	             NaN	             NaN	             NaN	             NaN	             NaN	             NaN	             NaN	             NaN	
   4.6452823e+01	   4.9096489e+01	   4.7580431e+01	   4.5643839e+01	   4.3619518e+01	   4.0335808e+01	   3.8389235e+01	   3.7817278e+01	   3.6880564e+01	   3.6970471e+01	   3.7586301e+01	   3.7929252e+01	   3.8799840e+01	   3.9684591e+01	   4.0372479e+01	   4.0202237e+01	   3.8935519e+01	   3.7198960e+01	   3.4738674e+01	   3.1437132e+01	   2.7835033e+01	   2.2938342e+01	             NaN	             NaN	             NaN	             NaN	             NaN	             NaN	             NaN	             NaN	             NaN	             NaN	             NaN	
   5.0473345e+01	   5.1588309e+01	   4.9899190e+01	   4.8328935e+01	   4.5124926e+01	   4.2264104e+01	   3.9390268e+01	   3.8090164e+01	   3.7833929e+01	   3.8069156e+01	   3.9024333e+01	   3.8913417e+01	   3.9804976e+01	   4.0903864e+01	   4.1664323e+01	   4.1495050e+01	   4.0297208e+01	   3.8483714e+01	   3.6055200e+01	   3.3170628e+01	   2.9474659e+01	   2.4590823e+01	   2.0643799e+01	             NaN	             NaN	             NaN	             NaN	             NaN	             NaN	             NaN	             NaN	             NaN	             NaN	
   5.3236617e+01	   5.1187342e+01	   5.2645319e+01	   4.9098004e+01	   4.6213686e+01	   4.2610366e+01	   4.0369942e+01	   3.9032869e+01	   3.8774995e+01	   3.8697768e+01	   3.9669017e+01	   3.9865038e+01	   4.0714310e+01	   4.2116561e+01	   4.2592188e+01	   4.2585647e+01	   4.1323519e+01	   3.9812974e+01	   3.7408659e+01	   3.4543218e+01	   3.1048755e+01	   2.6594188e+01	   2.2129291e+01	             NaN	             NaN	             NaN	             NaN	             NaN	             NaN	             NaN	             NaN	             NaN	             NaN	
   5.5841098e+01	   5.4668715e+01	   5.2529132e+01	   5.0857340e+01	   4.8107558e+01	   4.4379343e+01	   4.1244971e+01	   3.9877335e+01	   3.9492614e+01	   4.0216543e+01	   4.0423704e+01	   4.0786141e+01	   4.1729373e+01	   4.3093616e+01	   4.3768500e+01	   4.3571480e+01	   4.2686357e+01	   4.1007167e+01	   3.8818789e+01	   3.6066605e+01	   3.2698985e+01	   2.8449066e+01	   2.3532693e+01	             NaN	             NaN	             NaN	             NaN	             NaN	             NaN	             NaN	             NaN	             NaN	             NaN	
   5.6416361e+01	   5.6014237e+01	   5.5163774e+01	   5.3365679e+01	   5.0001535e+01	   4.5444279e+01	   4.2700602e+01	   4.1089003e+01	   4.0241052e+01	   4.0505545e+01	   4.1028370e+01	   4.1287428e+01	   4.2617347e+01	   4.3750297e+01	   4.5060181e+01	   4.4998020e+01	   4.3844573e+01	   4.2508351e+01	   4.0322020e+01	   3.7484421e+01	   3.4290782e+01	   3.0303765e+01	   2.5313042e+01	   2.1466076e+01	             NaN	             NaN	             NaN	             NaN	             NaN	             NaN	             NaN	             NaN	             NaN	
   5.6315896e+01	   5.7928686e+01	   5.7850793e+01	   5.4162967e+01	   5.1312141e+01	   4.6591811e+01	   4.3264082e+01	   4.1619247e+01	   4.1298631e+01	   4.1537508e+01	   4.2104953e+01	   4.2378905e+01	   4.3115533e+01	   4.4813699e+01	   4.5857452e+01	   4.5688750e+01	   4.4881174e+01	   4.3430127e+01	   4.1408308e+01	   3.8830723e+01	   3.5565494e+01	   3.1847142e+01	   2.6883321e+01	   2.2835694e+01	             NaN	             NaN	             NaN	             NaN	             NaN	             NaN	             NaN	             NaN	             NaN	
   5.8601892e+01	   5.9321331e+01	   5.9028493e+01	   5.6961193e+01	   5.2126624e+01	   4.7613929e+01	   4.4184136e+01	   4.2787304e+01	   4.1836220e+01	   4.2530708e+01	   4.2622676e+01	   4.3185497e+01	   4.3992042e+01	   4.5742827e+01	   4.6511426e+01	   4.6712612e+01	   4.5715389e+01	   4.4701363e+01	   4.2519921e+01	   4.0129613e+01	   3.7092265e+01	   3.3346913e+01	   2.8795563e+01	   2.4196027e+01	   2.0600232e+01	             NaN	             NaN	             NaN	             NaN	             NaN	             NaN	             NaN	             NaN	
   5.9842057e+01	   6.1628783e+01	   6.0046128e+01	   5.8236267e+01	   5.3751006e+01	   4.8674021e+01	   4.5510911e+01	   4.3557132e+01	   4.2205250e+01	   4.2940014e+01	   4.3719018e+01	   4.3674182e+01	   4.4683824e+01	   4.6369336e+01	   4.7227721e+01	   4.7466557e+01	   4.6704770e+01	   4.5436135e+01	   4.3456637e+01	   4.1273277e+01	   3.8356154e+01	   3.4501688e+01	   3.0377109e+01	   2.5480964e+01	   2.1869471e+01	             NaN	             NaN	             NaN	             NaN	             NaN	             NaN	             NaN	             NaN	
   6.3835986e+01	   6.1624788e+01	   6.2212031e+01	   5.8620360e+01	   5.5019251e+01	   4.9844404e+01	   4.6030710e+01	   4.4267931e+01	   4.3109708e+01	   4.3277720e+01	   4.4428652e+01	   4.4476030e+01	   4.5510150e+01	   4.7085304e+01	   4.7970360e+01	   4.7964260e+01	   4.7288602e+01	   4.6053373e+01	   4.4468320e+01	   4.2450471e+01	   3.9344390e+01	   3.5876541e+01	   3.1811846e+01	   2.7093025e+01	   2.3267320e+01	             NaN	             NaN	             NaN	             NaN	             NaN	             NaN	             NaN	             NaN	
   6.2050649e+01	   6.3970209e+01	   6.3860688e+01	   5.9457303e+01	   5.6096248e+01	   5.0906956e+01	   4.7040585e+01	   4.5392854e+01	   4.3989389e+01	   4.4225503e+01	   4.4751613e+01	   4.5086467e+01	   4.5861453e+01	   4.7482414e+01	   4.8439184e+01	   4.8714788e+01	   4.7961598e+01	   4.7016377e+01	   4.5605920e+01	   4.3384649e+01	   4.0558688e+01	   3.7146376e+01	   3.3106711e+01	   2.8568171e+01	   2.4338957e+01	   2.0447624e+01	             NaN	             NaN	             NaN	             NaN	             NaN	             NaN	             NaN	
   6.3938392e+01	   6.7992365e+01	   6.5145181e+01	   6.1291290e+01	   5.6888848e+01	   5.2108280e+01	   4.8071645e+01	   4.5722443e+01	   4.4719370e+01	   4.4867310e+01	   4.5687189e+01	   4.5503421e+01	   4.6147375e+01	   4.7898217e+01	   4.9018052e+01	   4.9344062e+01	   4.8591208e+01	   4.7532369e+01	   4.6279440e+01	   4.4238133e+01	   4.1858697e+01	   3.8092488e+01	   3.4263243e+01	   3.0345842e+01	   2.5482432e+01	   2.1402837e+01	             NaN	             NaN	             NaN	             NaN	             NaN	             NaN	             NaN	
   6.4998008e+01	   6.6479773e+01	   6.6264627e+01	   6.2002287e+01	   5.8932266e+01	   5.3401874e+01	   4.8969739e+01	   4.6014968e+01	   4.5245434e+01	   4.5294551e+01	   4.5696916e+01	   4.5515702e+01	   4.6789206e+01	   4.8155230e+01	   4.9488239e+01	   4.9586441e+01	   4.9240442e+01	   4.8175798e+01	   4.6835559e+01	   4.4988233e+01	   4.2546551e+01	   3.9277302e+01	   3.5430738e+01	   3.1440868e+01	   2.6885071e+01	   2.2500546e+01	   1.8285061e+01	             NaN	             NaN	             NaN	             NaN	             NaN	             NaN	
   6.6026677e+01	   6.7869861e+01	   6.7726672e+01	   6.4836167e+01	   5.9439355e+01	   5.4661065e+01	   4.9963404e+01	   4.6639233e+01	   4.5654484e+01	   4.5742345e+01	   4.5719566e+01	   4.6178893e+01	   4.7021123e+01	   4.8317405e+01	   4.9818653e+01	   4.9867130e+01	   4.9514966e+01	   4.8912614e+01	   4.7423574e+01	   4.5798010e+01	   4.3361735e+01	   4.0100385e+01	   3.6457179e+01	   3.2513689e+01	   2.8105998e+01	   2.3524028e+01	   1.9342061e+01	             NaN	             NaN	             NaN	             NaN	             NaN	             NaN	
   6.8533031e+01	   7.0595522e+01	   6.7719332e+01	   6.5337112e+01	   6.0232201e+01	   5.5215103e+01	   5.0516349e+01	   4.7567115e+01	   4.6151662e+01	   4.6454020e+01	   4.6087181e+01	   4.6332670e+01	   4.6946546e+01	   4.8382355e+01	   4.9907035e+01	   4.9996663e+01	   4.9770636e+01	   4.9232216e+01	   4.7943238e+01	   4.6490222e+01	   4.4021765e+01	   4.1004688e+01	   3.7373961e+01	   3.3522355e+01	   2.9317093e+01	   2.4685330e+01	   2.0285101e+01	             NaN	             NaN	             NaN	             NaN	             NaN	             NaN	
   6.7817884e+01	   7.0672985e+01	   6.9658459e+01	   6.6842608e+01	   6.1244904e+01	   5.5576183e+01	   5.1276248e+01	   4.8090602e+01	   4.7058892e+01	   4.6483177e+01	   4.6584221e+01	   4.6516065e+01	   4.7236211e+01	   4.8561758e+01	   4.9630902e+01	   5.0239837e+01	   5.0216401e+01	   4.9541451e+01	   4.8288641e+01	   4.6878447e+01	   4.4626983e+01	   4.1646287e+01	   3.8030400e+01	   3.4392303e+01	   3.0333101e+01	   2.5596738e+01	   2.1038747e+01	   1.7014665e+01	             NaN	             NaN	             NaN	             NaN	             NaN	
   6.9802479e+01	   7.0416641e+01	   6.9049138e+01	   6.7170499e+01	   6.2549066e+01	   5.6745476e+01	   5.1493017e+01	   4.8231125e+01	   4.6735816e+01	   4.6585882e+01	   4.6855323e+01	   4.6847174e+01	   4.7424064e+01	   4.8482304e+01	   4.9866792e+01	   5.0064300e+01	   5.0382777e+01	   4.9416720e+01	   4.8528687e+01	   4.7025869e+01	   4.5128458e+01	   4.2096700e+01	   3.8751238e+01	   3.4974608e+01	   3.1032534e+01	   2.6593449e+01	   2.1733761e+01	   1.7650549e+01	             NaN	             NaN	             NaN	             NaN	             NaN	
   6.9216469e+01	   7.0751600e+01	   7.0744490e+01	   6.7355555e+01	   6.2754957e+01	   5.7764420e+01	   5.2534916e+01	   4.8389820e+01	   4.6792535e+01	   4.6671428e+01	   4.6845266e+01	   4.6367356e+01	   4.7134644e+01	   4.8477042e+01	   4.9589175e+01	   5.0020010e+01	   5.0233870e+01	   4.9607166e+01	   4.8731863e+01	   4.7253179e+01	   4.5453566e+01	   4.2583456e+01	   3.9273920e+01	   3.5644222e+01	   3.1830506e+01	   2.7385680e+01	   2.2488673e+01	   1.8503107e+01	   1.4414373e+01	             NaN	             NaN	             NaN	             NaN	
   6.8810317e+01	   7.0013456e+01	   7.1945175e+01	   6.7809248e+01	   6.3893243e+01	   5.7679848e+01	   5.2785318e+01	   4.9277377e+01	   4.7587948e+01	   4.6721213e+01	   4.6974980e+01	   4.6553487e+01	   4.7373996e+01	   4.8718349e+01	   4.9591514e+01	   5.0249886e+01	   5.0179326e+01	   4.9641266e+01	   4.8689459e+01	   4.7424940e+01	   4.5678691e+01	   4.3028037e+01	   3.9743702e+01	   3.6298461e+01	   3.2631179e+01	   2.8365652e+01	   2.3482841e+01	   1.9140486e+01	   1.5173199e+01	             NaN	             NaN	             NaN	             NaN	
   6.8845688e+01	   7.3336326e+01	   7.1077933e+01	   6.9360919e+01	   6.4255622e+01	   5.8927102e+01	   5.3320007e+01	   4.9814636e+01	   4.7356807e+01	   4.6835697e+01	   4.6734241e+01	   4.6403412e+01	   4.6948541e+01	   4.8196934e+01	   4.9218396e+01	   4.9907502e+01	   5.0057089e+01	   4.9708684e+01	   4.9015479e+01	   4.7820905e+01	   4.5962220e+01	   4.3312913e+01	   4.0110243e+01	   3.6605925e+01	   3.3201011e+01	   2.8941898e+01	   2.4008315e+01	   1.9592103e+01	   1.5884727e+01	             NaN	             NaN	             NaN	             NaN	
   6.8139570e+01	   7.2635043e+01	   7.3051838e+01	   6.9195391e+01	   6.5232005e+01	   5.9316020e+01	   5.3911868e+01	   5.0032450e+01	   4.7891011e+01	   4.7019156e+01	   4.6745495e+01	   4.6625384e+01	   4.6740715e+01	   4.7843827e+01	   4.9068540e+01	   4.9537284e+01	   4.9707232e+01	   4.9301602e+01	   4.8679007e+01	   4.7942865e+01	   4.6035795e+01	   4.3469551e+01	   4.0433093e+01	   3.6972641e+01	   3.3552120e+01	   2.9592441e+01	   2.4858541e+01	   2.0220589e+01	   1.6576739e+01	   1.3031586e+01	             NaN	             NaN	             NaN	
   6.8810753e+01	   7.2864282e+01	   7.1849011e+01	   6.9604547e+01	   6.5239070e+01	   5.9375773e+01	   5.3725522e+01	   5.0142616e+01	   4.7778102e+01	   4.6768112e+01	   4.6282259e+01	   4.6096924e+01	   4.6398167e+01	   4.7725924e+01	   4.9029646e+01	   4.9133369e+01	   4.9302343e+01	   4.9113286e+01	   4.8766115e+01	   4.7560217e+01	   4.6100660e+01	   4.3753686e+01	   4.0824173e+01	   3.7324429e+01	   3.4083788e+01	   3.0082651e+01	   2.5461474e+01	   2.0849089e+01	   1.7084373e+01	   1.3753504e+01	             NaN	             NaN	             NaN	
   6.9991377e+01	   7.3553184e+01	   7.2603617e+01	   7.0139371e+01	   6.5946771e+01	   5.8913260e+01	   5.4599860e+01	   5.0202146e+01	   4.7866872e+01	   4.6775429e+01	   4.6206139e+01	   4.5700084e+01	   4.6363082e+01	   4.7288923e+01	   4.8437994e+01	   4.8778996e+01	   4.9167822e+01	   4.8805866e+01	   4.8401565e+01	   4.7519396e+01	   4.6117600e+01	   4.3636803e+01	   4.0885799e+01	   3.7633071e+01	   3.4394329e+01	   3.0469207e+01	   2.6113720e+01	   2.1524200e+01	   1.7712101e+01	   1.4299071e+01	   1.1098651e+01	             NaN	             NaN	
   7.1498697e+01	   7.2585595e+01	   7.2818038e+01	   7.0232052e+01	   6.5585726e+01	   6.0100418e+01	   5.4840795e+01	   5.0279901e+01	   4.7281267e+01	   4.6492651e+01	   4.6060971e+01	   4.5514770e+01	   4.5771145e+01	   4.6757060e+01	   4.8085937e+01	   4.8344636e+01	   4.8768289e+01	   4.8301971e+01	   4.8020573e+01	   4.7106171e+01	   4.5692782e+01	   4.3627942e+01	   4.0846284e+01	   3.7728833e+01	   3.4758924e+01	   3.0986613e+01	   2.6554665e+01	   2.2211188e+01	   1.8191699e+01	   1.4773717e+01	   1.1711970e+01	             NaN	             NaN	
   6.9065358e+01	   7.2985074e+01	   7.3623090e+01	   7.0086428e+01	   6.5827769e+01	   6.0131369e+01	   5.4890750e+01	   5.0135898e+01	   4.7542356e+01	   4.6143998e+01	   4.5886452e+01	   4.5013084e+01	   4.5148904e+01	   4.6128394e+01	   4.7414464e+01	   4.8155439e+01	   4.8069081e+01	   4.8176724e+01	   4.7467071e+01	   4.6750879e+01	   4.5615672e+01	   4.3375933e+01	   4.0687313e+01	   3.7909544e+01	   3.4849298e+01	   3.1253022e+01	   2.7090244e+01	   2.2980241e+01	   1.8711101e+01	   1.5291464e+01	   1.2338882e+01	             NaN	             NaN	
   6.8690998e+01	   7.1831584e+01	   7.2961938e+01	   7.0621704e+01	   6.6007575e+01	   6.0188010e+01	   5.5030929e+01	   5.0509556e+01	   4.7210212e+01	   4.6263528e+01	   4.5120627e+01	   4.4536988e+01	   4.4507869e+01	   4.5741543e+01	   4.6803666e+01	   4.7113544e+01	   4.7548856e+01	   4.7377669e+01	   4.7080828e+01	   4.6441438e+01	   4.5325105e+01	   4.3039601e+01	   4.0610049e+01	   3.7951338e+01	   3.4865317e+01	   3.1415586e+01	   2.7407581e+01	   2.3309551e+01	   1.9239747e+01	   1.5622556e+01	   1.2827309e+01	   1.0172534e+01	             NaN	
   6.7550302e+01	   7.1770447e+01	   7.2821546e+01	   7.0537251e+01	   6.6172736e+01	   6.0314619e+01	   5.5100442e+01	   5.0625172e+01	   4.7419027e+01	   4.5610647e+01	   4.4972174e+01	   4.3640312e+01	   4.4093217e+01	   4.5153777e+01	   4.6379978e+01	   4.6538222e+01	   4.6825583e+01	   4.6763478e+01	   4.6735937e+01	   4.5916469e+01	   4.4945955e+01	   4.2923087e+01	   4.0488103e+01	   3.7528748e+01	   3.5027271e+01	   3.1554840e+01	   2.7535498e+01	   2.3538691e+01	   1.9647450e+01	   1.6221080e+01	   1.3256717e+01	   1.0715764e+01	             NaN	
   6.7406977e+01	   7.1616474e+01	   7.3058616e+01	   6.9364865e+01	   6.6084079e+01	   6.0534891e+01	   5.4526429e+01	   5.0017918e+01	   4.7432091e+01	   4.5386323e+01	   4.4322740e+01	   4.3375706e+01	   4.3683170e+01	   4.4364210e+01	   4.5541766e+01	   4.5970869e+01	   4.6173657e+01	   4.6183972e+01	   4.6045493e+01	   4.5517430e+01	   4.4400057e+01	   4.2540045e+01	   4.0262915e+01	   3.7664147e+01	   3.4989653e+01	   3.1707724e+01	   2.7772588e+01	   2.4022868e+01	   2.0268687e+01	   1.6543153e+01	   1.3701023e+01	   1.1206177e+01	   8.9820018e+00	
   6.8049314e+01	   7.1633407e+01	   7.2148673e+01	   6.9837973e+01	   6.6207352e+01	   5.9593143e+01	   5.4934559e+01	   4.9990381e+01	   4.6986829e+01	   4.4791503e+01	   4.4003011e+01	   4.3130900e+01	   4.2886051e+01	   4.4019132e+01	   4.4873130e+01	   4.5254309e+01	   4.5728709e+01	   4.5692136e+01	   4.5428951e+01	   4.4942451e+01	   4.4004381e+01	   4.2318311e+01	   3.9983545e+01	   3.7551441e+01	   3.4839264e+01	   3.1888041e+01	   2.8115951e+01	   2.4424730e+01	   2.0674417e+01	   1.6953735e+01	   1.4129285e+01	   1.1672613e+01	   9.4210279e+00	
   6.7219818e+01	   7.2064847e+01	   7.1388602e+01	   6.9658087e+01	   6.5871249e+01	   6.0105549e+01	   5.5039758e+01	   5.0214735e+01	   4.6524874e+01	   4.4507050e+01	   4.3571015e+01	   4.2428215e+01	   4.2531768e+01	   4.3192690e+01	   4.4216816e+01	   4.4727234e+01	   4.4875321e+01	   4.5159242e+01	   4.4934439e+01	   4.4577807e+01	   4.3437523e+01	   4.1854273e+01	   3.9579846e+01	   3.7296804e+01	   3.4930722e+01	   3.1834666e+01	   2.8264186e+01	   2.4603420e+01	   2.1145071e+01	   1.7493863e+01	   1.4485345e+01	   1.2087535e+01	   9.9022175e+00	
   6.5576852e+01	   7.1097286e+01	   7.1056373e+01	   6.9491654e+01	   6.5158834e+01	   6.0014536e+01	   5.4835857e+01	   5.0010224e+01	   4.6606596e+01	   4.4425713e+01	   4.2684481e+01	   4.1861509e+01	   4.1699729e+01	   4.2733261e+01	   4.3673685e+01	   4.4297941e+01	   4.4054899e+01	   4.4228324e+01	   4.4304169e+01	   4.3933523e+01	   4.2753532e+01	   4.1299241e+01	   3.9262291e+01	   3.6955482e+01	   3.4727028e+01	   3.1797154e+01	   2.8449499e+01	   2.4907221e+01	   2.1430736e+01	   1.8052372e+01	   1.4821848e+01	   1.2505945e+01	   1.0341876e+01	
   6.6445658e+01	   7.0611577e+01	   7.1538808e+01	   6.9748557e+01	   6.5510328e+01	   5.9597797e+01	   5.4590743e+01	   4.9793202e+01	   4.6263481e+01	   4.4169775e+01	   4.2802178e+01	   4.1592036e+01	   4.1418183e+01	   4.2120918e+01	   4.2886307e+01	   4.3407558e+01	   4.3425432e+01	   4.3722810e+01	   4.3361127e+01	   4.3164194e+01	   4.2225742e+01	   4.1033012e+01	   3.8826635e+01	   3.6868760e+01	   3.4462525e+01	   3.1836503e+01	   2.8489302e+01	   2.5049290e+01	   2.1696752e+01	   1.8337903e+01	   1.5204621e+01	   1.2865582e+01	   1.0687170e+01	
   6.3981525e+01	   6.9060123e+01	   7.0456153e+01	   6.9103164e+01	   6.4784278e+01	   5.9383135e+01	   5.4263392e+01	   5.0045643e+01	   4.5713474e+01	   4.3882859e+01	   4.2215314e+01	   4.0983302e+01	   4.0916311e+01	   4.1287092e+01	   4.2160905e+01	   4.2586131e+01	   4.2831617e+01	   4.3013169e+01	   4.2993123e+01	   4.2620869e+01	   4.1903570e+01	   4.0283607e+01	   3.8542003e+01	   3.6416766e+01	   3.4371304e+01	   3.1606507e+01	   2.8421531e+01	   2.5018200e+01	   2.1789422e+01	   1.8703240e+01	   1.5735422e+01	   1.3119976e+01	   1.1042711e+01	
             NaN	   6.9578577e+01	   6.9880306e+01	   6.8279052e+01	   6.4020002e+01	   5.9543701e+01	   5.3698187e+01	   4.9333774e+01	   4.5603245e+01	   4.3526199e+01	   4.1686310e+01	   4.0487469e+01	   4.0335843e+01	   4.0818518e+01	   4.1371979e+01	   4.1867240e+01	   4.2216183e+01	   4.2058438e+01	   4.2160590e+01	   4.1858042e+01	   4.1254374e+01	   3.9940899e+01	   3.8120853e+01	   3.6121901e+01	   3.3982342e+01	   3.1416384e+01	   2.8478656e+01	   2.5334758e+01	   2.2109533e+01	   1.8970158e+01	   1.6172004e+01	   1.3459727e+01	   1.1417252e+01	
             NaN	   6.8358534e+01	   6.9675203e+01	   6.7317530e+01	   6.3703762e+01	   5.9088027e+01	   5.3948374e+01	   4.9061892e+01	   4.5134584e+01	   4.2919112e+01	   4.1254143e+01	   4.0094515e+01	   3.9395048e+01	   4.0253442e+01	   4.0717345e+01	   4.0934442e+01	   4.1173295e+01	   4.1461063e+01	   4.1479820e+01	   4.1188517e+01	   4.0473952e+01	   3.9320544e+01	   3.7599746e+01	   3.5675460e+01	   3.3775428e+01	   3.1280360e+01	   2.8434262e+01	   2.5279737e+01	   2.2204969e+01	   1.9213533e+01	   1.6414100e+01	   1.3811339e+01	   1.1723375e+01	
             NaN	   6.7186486e+01	   6.8461326e+01	   6.6507365e+01	   6.3328670e+01	   5.8392700e+01	   5.3375747e+01	   4.8745792e+01	   4.5088351e+01	   4.2685533e+01	   4.1086483e+01	   3.9578564e+01	   3.8865601e+01	   3.9376853e+01	   3.9807675e+01	   4.0393898e+01	   4.0765923e+01	   4.0740315e+01	   4.0709263e+01	   4.0538420e+01	   3.9817449e+01	   3.8696244e+01	   3.7174402e+01	   3.5288536e+01	   3.3610611e+01	   3.1196346e+01	   2.8280469e+01	   2.5294674e+01	   2.2318522e+01	   1.9519878e+01	   1.6809882e+01	   1.4115240e+01	   1.1962186e+01	
             NaN	   6.5078796e+01	   6.8802965e+01	   6.5779490e+01	   6.3291911e+01	   5.8167416e+01	   5.3337667e+01	   4.7982373e+01	   4.4593614e+01	   4.2391998e+01	   4.0741597e+01	   3.9114645e+01	   3.8462185e+01	   3.9038988e+01	   3.9152859e+01	   3.9781821e+01	   3.9858554e+01	   3.9884116e+01	   3.9839277e+01	   3.9845636e+01	   3.9433186e+01	   3.8070218e+01	   3.6821534e+01	   3.4855272e+01	   3.3147133e+01	   3.0997122e+01	   2.8283022e+01	   2.5454251e+01	   2.2507212e+01	   1.9581357e+01	   1.7000562e+01	   1.4517932e+01	   1.2329013e+01	
             NaN	   6.7120451e+01	   6.6477056e+01	   6.6064877e+01	   6.2051448e+01	   5.7411162e+01	   5.3264612e+01	   4.8058584e+01	   4.4290290e+01	   4.1634067e+01	   3.9942445e+01	   3.8445574e+01	   3.7835447e+01	   3.8103670e+01	   3.8682752e+01	   3.8614308e+01	   3.9043699e+01	   3.9262274e+01	   3.9178654e+01	   3.9104081e+01	   3.8626322e+01	   3.7633786e+01	   3.6135546e+01	   3.4292164e+01	   3.2691438e+01	   3.0678290e+01	   2.8060255e+01	   2.5347336e+01	   2.2515346e+01	   1.9685622e+01	   1.7186683e+01	   1.4807167e+01	   1.2621134e+01	
             NaN	   6.4896286e+01	   6.6153373e+01	   6.5648763e+01	   6.2003108e+01	   5.7437058e+01	   5.2451015e+01	   4.7953832e+01	   4.4396588e+01	   4.1264928e+01	   3.8963013e+01	   3.7968870e+01	   3.7378741e+01	   3.7478399e+01	   3.7937840e+01	   3.8299022e+01	   3.8242896e+01	   3.8362038e+01	   3.8494436e+01	   3.8465703e+01	   3.7910612e+01	   3.6974658e+01	   3.5669334e+01	   3.4009909e+01	   3.2424589e+01	   3.0466497e+01	   2.7891150e+01	   2.5257268e+01	   2.2542522e+01	   1.9846240e+01	   1.7363329e+01	   1.5033227e+01	   1.2785260e+01	
             NaN	             NaN	   6.5465814e+01	   6.3686184e+01	   6.0591511e+01	   5.6002175e+01	   5.2180573e+01	   4.7372299e+01	   4.3758867e+01	   4.0508896e+01	   3.8779150e+01	   3.7147420e+01	   3.6389971e+01	   3.6740815e+01	   3.7111198e+01	   3.7392114e+01	   3.7554355e+01	   3.7795299e+01	   3.7755436e+01	   3.7502573e+01	   3.7368395e+01	   3.6379322e+01	   3.5083492e+01	   3.3362884e+01	   3.2066995e+01	   3.0110847e+01	   2.7840154e+01	   2.5288172e+01	   2.2637582e+01	   1.9847532e+01	   1.7420746e+01	   1.5265001e+01	   1.3080533e+01	
             NaN	             NaN	   6.3870759e+01	   6.2983021e+01	   6.0244232e+01	   5.6004442e+01	   5.1436340e+01	   4.7017621e+01	   4.3060268e+01	   4.0448186e+01	   3.8277736e+01	   3.6784807e+01	   3.6215553e+01	   3.6102214e+01	   3.6609795e+01	   3.6570629e+01	   3.6844948e+01	   3.6679623e+01	   3.6949041e+01	   3.6985622e+01	   3.6441786e+01	   3.5481666e+01	   3.4420264e+01	   3.2791744e+01	   3.1511472e+01	   2.9642727e+01	   2.7461687e+01	   2.5167002e+01	   2.2548891e+01	   2.0020582e+01	   1.7474739e+01	   1.5543088e+01	   1.3410498e+01	
             NaN	             NaN	   6.3186722e+01	   6.3533005e+01	   5.9810610e+01	   5.4974960e+01	   5.1037284e+01	   4.6704720e+01	   4.2404140e+01	   3.9812493e+01	   3.7717964e+01	   3.6300438e+01	   3.5158501e+01	   3.5643312e+01	   3.5532314e+01	   3.5894725e+01	   3.5894933e+01	   3.5995094e+01	   3.6153065e+01	   3.6102949e+01	   3.5480217e+01	   3.4733687e+01	   3.3742510e+01	   3.2380375e+01	   3.0926093e+01	   2.9328846e+01	   2.7358035e+01	   2.4934652e+01	   2.2479665e+01	   1.9997104e+01	   1.7672286e+01	   1.5533873e+01	   1.3637808e+01	
             NaN	             NaN	   6.2866576e+01	   6.2271828e+01	   5.8701319e+01	   5.4549678e+01	   5.0268947e+01	   4.6212409e+01	   4.2013448e+01	   3.9281146e+01	   3.7267515e+01	   3.5592066e+01	   3.4564871e+01	   3.4497636e+01	   3.4901672e+01	   3.4909041e+01	   3.5106051e+01	   3.5145729e+01	   3.5013985e+01	   3.5152621e+01	   3.4684497e+01	   3.4015657e+01	   3.2686878e+01	   3.1693562e+01	   3.0570108e+01	   2.8890865e+01	   2.6903244e+01	   2.4528774e+01	   2.2158543e+01	   1.9949464e+01	   1.7727677e+01	   1.5730995e+01	   1.3783968e+01	
             NaN	             NaN	   6.1741639e+01	   6.0965391e+01	   5.8132028e+01	   5.4306600e+01	   5.0165376e+01	   4.5484927e+01	   4.1659945e+01	   3.8896423e+01	   3.6635874e+01	   3.5035062e+01	   3.4137776e+01	   3.3947425e+01	   3.4369519e+01	   3.4122540e+01	   3.4150842e+01	   3.4088650e+01	   3.4448472e+01	   3.4444909e+01	   3.4193615e+01	   3.3380445e+01	   3.2297424e+01	   3.1095910e+01	   2.9995791e+01	   2.8649187e+01	   2.6687296e+01	   2.4443379e+01	   2.2171466e+01	   2.0021552e+01	   1.7847349e+01	   1.5830364e+01	   1.3947113e+01	
             NaN	             NaN	             NaN	   5.9637032e+01	   5.7164225e+01	   5.3828783e+01	   4.9350597e+01	   4.5310738e+01	   4.1160398e+01	   3.8370899e+01	   3.6328257e+01	   3.4459425e+01	   3.3731674e+01	   3.3181841e+01	   3.3595773e+01	   3.3493420e+01	   3.3686071e+01	   3.3655686e+01	   3.3860481e+01	   3.3628823e+01	   3.3460796e+01	   3.2700204e+01	   3.1748160e+01	   3.0647718e+01	   2.9528606e+01	   2.8172765e+01	   2.6282094e+01	   2.4232326e+01	   2.2070742e+01	   1.9971958e+01	   1.7765620e+01	   1.5683346e+01	   1.3948982e+01	
             NaN	             NaN	             NaN	   5.8678833e+01	   5.6129157e+01	   5.2754100e+01	   4.8565872e+01	   4.4565904e+01	   4.0712942e+01	   3.7470165e+01	   3.5299661e+01	   3.3676621e+01	   3.2866770e+01	   3.3154379e+01	   3.2841940e+01	   3.2869583e+01	   3.2744351e+01	   3.2809479e+01	   3.2783242e+01	   3.2929210e+01	   3.2788220e+01	   3.2162721e+01	   3.1211080e+01	   3.0036262e+01	   2.9218230e+01	   2.7911384e+01	   2.5975715e+01	   2.4024567e+01	   2.1960113e+01	   1.9763454e+01	   1.7584356e+01	   1.5824448e+01	   1.4121043e+01	
             NaN	             NaN	             NaN	   5.7883144e+01	   5.6070439e+01	   5.1877962e+01	   4.7768477e+01	   4.3770251e+01	   4.0316970e+01	   3.7300328e+01	   3.5094592e+01	   3.3331072e+01	   3.2302415e+01	   3.2246556e+01	   3.2260649e+01	   3.2251773e+01	   3.2095897e+01	   3.1931637e+01	   3.2031347e+01	   3.2186005e+01	   3.2046474e+01	   3.1351624e+01	   3.0364313e+01	   2.9424486e+01	   2.8548788e+01	   2.7296267e+01	   2.5608229e+01	   2.3674476e+01	   2.1722691e+01	   1.9634935e+01	   1.7646463e+01	   1.5709104e+01	   1.4076589e+01	
             NaN	             NaN	             NaN	   5.7451049e+01	   5.4948709e+01	   5.1268309e+01	   4.7429504e+01	   4.3319319e+01	   3.9704677e+01	   3.6378050e+01	   3.4637736e+01	   3.2754603e+01	   3.1810183e+01	   3.1588486e+01	   3.1521085e+01	   3.1469523e+01	   3.1582100e+01	   3.1341365e+01	   3.1363106e+01	   3.1284982e+01	   3.1091808e+01	   3.0437090e+01	   2.9869954e+01	   2.8796702e+01	   2.8007451e+01	   2.6848130e+01	   2.5222893e+01	   2.3395489e+01	   2.1548397e+01	   1.9484955e+01	   1.7630559e+01	   1.5830642e+01	   1.4038678e+01	
             NaN	             NaN	             NaN	   5.5694929e+01	   5.4261573e+01	   5.0324382e+01	   4.6862939e+01	   4.2947962e+01	   3.9296825e+01	   3.6242502e+01	   3.3875658e+01	   3.2172368e+01	   3.1231008e+01	   3.0804396e+01	   3.0894234e+01	   3.0724892e+01	   3.0630291e+01	   3.0596022e+01	   3.0504757e+01	   3.0779577e+01	   3.0612641e+01	   2.9894432e+01	   2.9142327e+01	   2.8384455e+01	   2.7464772e+01	   2.6358007e+01	   2.4668858e+01	   2.2997308e+01	   2.1222941e+01	   1.9351652e+01	   1.7407974e+01	   1.5752589e+01	   1.4117014e+01	
             NaN	             NaN	             NaN	             NaN	   5.2988733e+01	   4.9802188e+01	   4.6549413e+01	   4.1993141e+01	   3.8194758e+01	   3.5287168e+01	   3.3414728e+01	   3.1436133e+01	   3.0703156e+01	   3.0207818e+01	   3.0143723e+01	   3.0077118e+01	   2.9872756e+01	   2.9789298e+01	   2.9897549e+01	   3.0048764e+01	   2.9682885e+01	   2.9165108e+01	   2.8602761e+01	   2.7729650e+01	   2.6869138e+01	   2.5837367e+01	   2.4367066e+01	   2.2731138e+01	   2.0991311e+01	   1.9173776e+01	   1.7350679e+01	   1.5562695e+01	   1.4174271e+01	
             NaN	             NaN	             NaN	             NaN	   5.1831530e+01	   4.8975329e+01	   4.5608657e+01	   4.1463205e+01	   3.7671403e+01	   3.4865300e+01	   3.2567288e+01	   3.0922233e+01	   3.0230314e+01	   2.9533540e+01	   2.9336495e+01	   2.9057068e+01	   2.9231621e+01	   2.9022179e+01	   2.9169163e+01	   2.9210739e+01	   2.9009115e+01	   2.8548499e+01	   2.7884833e+01	   2.7013873e+01	   2.6275950e+01	   2.5312555e+01	   2.3923761e+01	   2.2432086e+01	   2.0705963e+01	   1.8849852e+01	   1.7169001e+01	   1.5687400e+01	   1.4126927e+01	
             NaN	             NaN	             NaN	             NaN	   5.1096149e+01	   4.7984526e+01	   4.4359452e+01	   4.0916241e+01	   3.7655667e+01	   3.4534001e+01	   3.2128449e+01	   3.0293223e+01	   2.9511441e+01	   2.8859861e+01	   2.8594241e+01	   2.8523363e+01	   2.8246580e+01	   2.8212954e+01	   2.8278599e+01	   2.8359366e+01	   2.8215940e+01	   2.7864839e+01	   2.7001884e+01	   2.6270538e+01	   2.5622060e+01	   2.4858052e+01	   2.3484606e+01	   2.1874288e+01	   2.0413711e+01	   1.8527722e+01	   1.6866421e+01	   1.5365207e+01	   1.3943335e+01	
             NaN	             NaN	             NaN	             NaN	   4.9332936e+01	   4.7096986e+01	   4.3736939e+01	   4.0428396e+01	   3.6492106e+01	   3.3713568e+01	   3.1563894e+01	   2.9607244e+01	   2.8567108e+01	   2.8405335e+01	   2.7993348e+01	   2.7643704e+01	   2.7606482e+01	   2.7539055e+01	   2.7679729e+01	   2.7631459e+01	   2.7304759e+01	   2.6901219e+01	   2.6440183e+01	   2.5733634e+01	   2.5057318e+01	   2.4258208e+01	   2.3063781e+01	   2.1640481e+01	   2.0003863e+01	   1.8329065e+01	   1.6819355e+01	   1.5305656e+01	   1.3936962e+01	
             NaN	             NaN	             NaN	             NaN	   4.9015787e+01	   4.5710379e+01	   4.3296031e+01	   3.9672758e+01	   3.5750200e+01	   3.3007756e+01	   3.0728297e+01	   2.9529157e+01	   2.8006450e+01	   2.7311782e+01	   2.7279560e+01	   2.7027799e+01	   2.7032633e+01	   2.6604250e+01	   2.6827855e+01	   2.6878627e+01	   2.6589510e+01	   2.6356428e+01	   2.5735985e+01	   2.5099772e+01	   2.4428743e+01	   2.3628546e+01	   2.2608916e+01	   2.1060959e+01	   1.9664896e+01	   1.8038285e+01	   1.6419285e+01	   1.5091033e+01	   1.3646136e+01	
             NaN	             NaN	             NaN	             NaN	             NaN	   4.5268947e+01	   4.2378495e+01	   3.8431245e+01	   3.4965237e+01	   3.2516434e+01	   3.0081420e+01	   2.8724394e+01	   2.7381642e+01	   2.6775707e+01	   2.6761926e+01	   2.6273807e+01	   2.6214458e+01	   2.6075927e+01	   2.6135952e+01	   2.6114451e+01	   2.6019004e+01	   2.5676506e+01	   2.5114695e+01	   2.4514795e+01	   2.3804095e+01	   2.3197605e+01	   2.2035487e+01	   2.0742163e+01	   1.9226018e+01	   1.7801328e+01	   1.6309906e+01	   1.4862558e+01	   1.3552487e+01	
             NaN	             NaN	             NaN	             NaN	             NaN	   4.4135280e+01	   4.1586233e+01	   3.7947111e+01	   3.4862482e+01	   3.1971602e+01	   2.9893528e+01	   2.7848345e+01	   2.7081072e+01	   2.6344390e+01	   2.6053318e+01	   2.5746948e+01	   2.5401707e+01	   2.5385850e+01	   2.5410358e+01	   2.5459318e+01	   2.5263579e+01	   2.4889793e+01	   2.4311858e+01	   2.3771201e+01	   2.3304761e+01	   2.2749835e+01	   2.1526717e+01	   2.0332326e+01	   1.9006336e+01	   1.7409151e+01	   1.6032498e+01	   1.4721828e+01	   1.3552138e+01	
             NaN	             NaN	             NaN	             NaN	             NaN	   4.3772780e+01	   4.0898725e+01	   3.7513362e+01	   3.3931366e+01	   3.1094048e+01	   2.8782433e+01	   2.7209733e+01	   2.6150133e+01	   2.5607099e+01	   2.5427825e+01	   2.5139987e+01	   2.4893992e+01	   2.4828256e+01	   2.4696415e+01	   2.4722054e+01	   2.4541085e+01	   2.4341069e+01	   2.3720534e+01	   2.3305192e+01	   2.2622724e+01	   2.2148676e+01	   2.1144277e+01	   1.9829381e+01	   1.8584801e+01	   1.7178727e+01	   1.5962118e+01	   1.4586853e+01	   1.3260393e+01	
             NaN	             NaN	             NaN	             NaN	             NaN	   4.2617807e+01	   3.9723078e+01	   3.6858717e+01	   3.3237043e+01	   3.0249634e+01	   2.8744950e+01	   2.6890802e+01	   2.5755040e+01	   2.5202978e+01	   2.4649420e+01	   2.4461390e+01	   2.4236698e+01	   2.4115180e+01	   2.4022566e+01	   2.4025474e+01	   2.3929629e+01	   2.3478360e+01	   2.2971216e+01	   2.2486933e+01	   2.2114983e+01	   2.1586531e+01	   2.0574164e+01	   1.9484635e+01	   1.8149648e+01	   1.6918440e+01	   1.5543498e+01	   1.4399834e+01	   1.3187398e+01	
             NaN	             NaN	             NaN	             NaN	             NaN	   4.2006503e+01	   3.9354205e+01	   3.6094486e+01	   3.2943133e+01	   3.0208990e+01	   2.8039032e+01	   2.6456120e+01	   2.5393388e+01	   2.4675891e+01	   2.4285882e+01	   2.4008331e+01	   2.3532184e+01	   2.3449918e+01	   2.3429499e+01	   2.3403152e+01	   2.3382396e+01	   2.2859480e+01	   2.2519600e+01	   2.1947892e+01	   2.1715870e+01	   2.1085073e+01	   2.0164609e+01	   1.9028005e+01	   1.7980887e+01	   1.6534097e+01	   1.5380767e+01	   1.4145764e+01	   1.3096170e+01	
             NaN	             NaN	             NaN	             NaN	             NaN	             NaN	   3.8385110e+01	   3.5660896e+01	   3.2150878e+01	   2.9651705e+01	   2.7328572e+01	   2.5833029e+01	   2.4809784e+01	   2.4139837e+01	   2.3395860e+01	   2.3292363e+01	   2.3029251e+01	   2.2824950e+01	   2.2667095e+01	   2.2730749e+01	   2.2760412e+01	   2.2278925e+01	   2.2115942e+01	   2.1434309e+01	   2.1058834e+01	   2.0666305e+01	   1.9710050e+01	   1.8675004e+01	   1.7628045e+01	   1.6366639e+01	   1.5183036e+01	   1.3963054e+01	   1.2932207e+01	
             NaN	             NaN	             NaN	             NaN	             NaN	             NaN	   3.7823199e+01	   3.4537068e+01	   3.1545506e+01	   2.8988715e+01	   2.6617549e+01	   2.5081327e+01	   2.3996587e+01	   2.3594353e+01	   2.3155949e+01	   2.2784342e+01	   2.2302099e+01	   2.2363556e+01	   2.2196477e+01	   2.2078793e+01	   2.2143538e+01	   2.1761383e+01	   2.1376407e+01	   2.0871710e+01	   2.0676969e+01	   2.0103201e+01	   1.9306246e+01	   1.8210342e+01	   1.7232777e+01	   1.6042896e+01	   1.4863459e+01	   1.3676409e+01	   1.2657318e+01	
   0.0000000e+00	             NaN	             NaN	             NaN	             NaN	             NaN	   3.7104746e+01	   3.3682648e+01	   3.0818220e+01	   2.8218940e+01	   2.6334032e+01	   2.4725896e+01	   2.3505041e+01	   2.3113217e+01	   2.2511540e+01	   2.2293284e+01	   2.1790367e+01	   2.1596658e+01	   2.1717266e+01	   2.1503046e+01	   2.1430780e+01	   2.1208988e+01	   2.0862434e+01	   2.0377912e+01	   1.9984785e+01	   1.9558909e+01	   1.8917046e+01	   1.7888588e+01	   1.6907220e+01	   1.5665603e+01	   1.4483570e+01	   1.3410402e+01	   1.2519678e+01	
   0.0000000e+00	             NaN	             NaN	             NaN	             NaN	             NaN	   3.6093322e+01	   3.3292727e+01	   3.0461268e+01	   2.7832439e+01	   2.5509385e+01	   2.3967150e+01	   2.3127835e+01	   2.2441766e+01	   2.1899347e+01	   2.1675138e+01	   2.1293050e+01	   2.1084793e+01	   2.0898406e+01	   2.0989702e+01	   2.0833507e+01	   2.0616137e+01	   2.0216867e+01	   1.9755349e+01	   1.9575751e+01	   1.9044848e+01	   1.8179633e+01	   1.7543710e+01	   1.6519498e+01	   1.5423080e+01	   1.4297393e+01	   1.3277753e+01	   1.2243303e+01	
   0.0000000e+00	             NaN	             NaN	             NaN	             NaN	             NaN	   3.5696548e+01	   3.2772116e+01	   2.9563081e+01	   2.7376050e+01	   2.5332277e+01	   2.3482245e+01	   2.2572674e+01	   2.2096740e+01	   2.1404041e+01	   2.1082284e+01	   2.0704680e+01	   2.0697266e+01	   2.0258043e+01	   2.0571688e+01	   2.0217708e+01	   1.9998525e+01	   1.9666873e+01	   1.9205156e+01	   1.8999331e+01	   1.8548760e+01	   1.7886465e+01	   1.7187497e+01	   1.6100415e+01	   1.5056077e+01	   1.4036772e+01	   1.3061340e+01	   1.2082359e+01	
   0.0000000e+00	             NaN	             NaN	             NaN	             NaN	             NaN	             NaN	   3.2016055e+01	   2.9065704e+01	   2.6601584e+01	   2.4517090e+01	   2.3119912e+01	   2.1855833e+01	   2.1213072e+01	   2.0971590e+01	   2.0428251e+01	   2.0034086e+01	   1.9879048e+01	   1.9853055e+01	   1.9829312e+01	   1.9820363e+01	   1.9536210e+01	   1.9169330e+01	   1.8847775e+01	   1.8502502e+01	   1.8130717e+01	   1.7498505e+01	   1.6655383e+01	   1.5758469e+01	   1.4726227e+01	   1.3645194e+01	   1.2826737e+01	   1.1870941e+01	
   0.0000000e+00	             NaN	             NaN	             NaN	             NaN	             NaN	             NaN	   3.1097395e+01	   2.8354027e+01	   2.6328971e+01	   2.4394503e+01	   2.2644339e+01	   2.1310319e+01	   2.0857104e+01	   2.0421235e+01	   1.9961180e+01	   1.9578302e+01	   1.9460113e+01	   1.9480484e+01	   1.9247209e+01	   1.9135302e+01	   1.8903303e+01	   1.8588509e+01	   1.8048409e+01	   1.8074533e+01	   1.7815881e+01	   1.6996519e+01	   1.6209224e+01	   1.5424770e+01	   1.4267527e+01	   1.3406909e+01	   1.2494229e+01	   1.1663307e+01	
   0.0000000e+00	   0.0000000e+00	             NaN	             NaN	             NaN	             NaN	             NaN	   3.0582780e+01	   2.7806658e+01	   2.5709699e+01	   2.3805604e+01	   2.1952378e+01	   2.0914697e+01	   2.0365754e+01	   1.9898280e+01	   1.9492418e+01	   1.9099979e+01	   1.8951631e+01	   1.8751950e+01	   1.8800002e+01	   1.8668780e+01	   1.8411849e+01	   1.8054704e+01	   1.7576011e+01	   1.7495590e+01	   1.7113090e+01	   1.6711665e+01	   1.5821658e+01	   1.5023427e+01	   1.4021510e+01	   1.3186505e+01	   1.2451162e+01	   1.1550636e+01	
   0.0000000e+00	   0.0000000e+00	             NaN	             NaN	             NaN	             NaN	             NaN	   2.9726494e+01	   2.7509721e+01	   2.4944062e+01	   2.3176968e+01	   2.1608067e+01	   2.0282019e+01	   1.9778706e+01	   1.9262999e+01	   1.9053368e+01	   1.8572772e+01	   1.8311276e+01	   1.8345654e+01	   1.8188165e+01	   1.8064276e+01	   1.7818543e+01	   1.7627430e+01	   1.7226841e+01	   1.6933014e+01	   1.6783219e+01	   1.6042518e+01	   1.5528165e+01	   1.4676746e+01	   1.3586754e+01	   1.2770782e+01	   1.1982906e+01	   1.1169158e+01	
   0.0000000e+00	   0.0000000e+00	             NaN	             NaN	             NaN	             NaN	             NaN	   2.9047140e+01	   2.6138335e+01	   2.4057856e+01	   2.2333995e+01	   2.0812576e+01	   1.9857946e+01	   1.9335627e+01	   1.8577277e+01	   1.8405222e+01	   1.7993738e+01	   1.7821469e+01	   1.7705895e+01	   1.7639850e+01	   1.7453525e+01	   1.7071027e+01	   1.6893874e+01	   1.6625043e+01	   1.6432579e+01	   1.6244702e+01	   1.5653188e+01	   1.4918380e+01	   1.4182296e+01	   1.3342468e+01	   1.2388140e+01	   1.1734137e+01	   1.0983849e+01	
   0.0000000e+00	   0.0000000e+00	             NaN	             NaN	             NaN	             NaN	             NaN	             NaN	   2.5625978e+01	   2.3890290e+01	   2.2077277e+01	   2.0341664e+01	   1.9437401e+01	   1.8793076e+01	   1.8212568e+01	   1.7928650e+01	   1.7505651e+01	   1.7390219e+01	   1.7018889e+01	   1.7071136e+01	   1.6916699e+01	   1.6683365e+01	   1.6415590e+01	   1.6123859e+01	   1.6101784e+01	   1.5643406e+01	   1.5029400e+01	   1.4691481e+01	   1.3758655e+01	   1.2974451e+01	   1.2218633e+01	   1.1463832e+01	   1.0755090e+01	
   0.0000000e+00	   0.0000000e+00	             NaN	             NaN	             NaN	             NaN	             NaN	             NaN	   2.5156759e+01	   2.2776789e+01	   2.1406103e+01	   1.9713677e+01	   1.8814931e+01	   1.8241545e+01	   1.7565485e+01	   1.7295789e+01	   1.6893920e+01	   1.6600027e+01	   1.6458316e+01	   1.6581434e+01	   1.6343170e+01	   1.6013768e+01	   1.5835462e+01	   1.5645945e+01	   1.5504760e+01	   1.5278301e+01	   1.4690760e+01	   1.4096386e+01	   1.3271685e+01	   1.2637286e+01	   1.1808170e+01	   1.1089615e+01	   1.0288512e+01	
   0.0000000e+00	   0.0000000e+00	   0.0000000e+00	             NaN	             NaN	             NaN	             NaN	             NaN	   2.5027244e+01	   2.2533511e+01	   2.0743665e+01	   1.9615150e+01	   1.8453922e+01	   1.7824316e+01	   1.7358456e+01	   1.6952509e+01	   1.6670152e+01	   1.6260675e+01	   1.6127308e+01	   1.6130399e+01	   1.5779351e+01	   1.5735454e+01	   1.5490026e+01	   1.5324378e+01	   1.5138512e+01	   1.5006478e+01	   1.4417566e+01	   1.3772687e+01	   1.3106358e+01	   1.2364466e+01	   1.1687503e+01	   1.0963721e+01	   1.0246947e+01	
   0.0000000e+00	   0.0000000e+00	   0.0000000e+00	             NaN	             NaN	             NaN	             NaN	             NaN	   2.4264219e+01	   2.2132302e+01	   2.0279031e+01	   1.8980242e+01	   1.7964970e+01	   1.7341162e+01	   1.6880764e+01	   1.6328235e+01	   1.6141102e+01	   1.6077063e+01	   1.5654097e+01	   1.5583252e+01	   1.5423952e+01	   1.5141238e+01	   1.5120021e+01	   1.4879047e+01	   1.4596215e+01	   1.4574189e+01	   1.4004258e+01	   1.3447564e+01	   1.2795935e+01	   1.1943796e+01	   1.1320881e+01	   1.0631028e+01	   9.9374200e+00	
   0.0000000e+00	   0.0000000e+00	   0.0000000e+00	             NaN	             NaN	             NaN	             NaN	             NaN	   2.3374785e+01	   2.1631422e+01	   2.0033105e+01	   1.8486244e+01	   1.7763971e+01	   1.6980609e+01	   1.6533046e+01	   1.6025393e+01	   1.5586319e+01	   1.5532326e+01	   1.5085974e+01	   1.5104327e+01	   1.5035379e+01	   1.4778171e+01	   1.4415241e+01	   1.4437410e+01	   1.4236564e+01	   1.4011417e+01	   1.3501919e+01	   1.3047261e+01	   1.2430252e+01	   1.1745023e+01	   1.1062766e+01	   1.0388798e+01	   9.8398385e+00	
   0.0000000e+00	   0.0000000e+00	   0.0000000e+00	             NaN	             NaN	             NaN	             NaN	             NaN	   2.3096037e+01	   2.0987660e+01	   1.9350877e+01	   1.7882647e+01	   1.7116974e+01	   1.6764955e+01	   1.5996143e+01	   1.5506210e+01	   1.5348258e+01	   1.5172284e+01	   1.4553427e+01	   1.4706372e+01	   1.4604511e+01	   1.4138569e+01	   1.4163522e+01	   1.3908449e+01	   1.3801635e+01	   1.3639565e+01	   1.3115852e+01	   1.2631275e+01	   1.2013687e+01	   1.1394568e+01	   1.0727368e+01	   1.0135522e+01	   9.4865786e+00	
   0.0000000e+00	   0.0000000e+00	   0.0000000e+00	             NaN	             NaN	             NaN	             NaN	             NaN	             NaN	   2.0356434e+01	   1.8958544e+01	   1.7766023e+01	   1.6955448e+01	   1.5926010e+01	   1.5505852e+01	   1.5067980e+01	   1.4697292e+01	   1.4518391e+01	   1.4213236e+01	   1.4342465e+01	   1.4133881e+01	   1.3940994e+01	   1.3811689e+01	   1.3605432e+01	   1.3259060e+01	   1.3224931e+01	   1.2810033e+01	   1.2386035e+01	   1.1782012e+01	   1.1166918e+01	   1.0401727e+01	   9.8403232e+00	   9.3080101e+00	
   0.0000000e+00	   0.0000000e+00	   0.0000000e+00	   0.0000000e+00	             NaN	             NaN	             NaN	             NaN	             NaN	   2.0126137e+01	   1.8468402e+01	   1.7043463e+01	   1.6184398e+01	   1.5626615e+01	   1.5258849e+01	   1.4676573e+01	   1.4349795e+01	   1.4111431e+01	   1.3944866e+01	   1.3832995e+01	   1.3571784e+01	   1.3456305e+01	   1.3355062e+01	   1.3054238e+01	   1.3088585e+01	   1.2823877e+01	   1.2349834e+01	   1.1936170e+01	   1.1392745e+01	   1.0817322e+01	   1.0198181e+01	   9.5790951e+00	   9.1281693e+00	
   0.0000000e+00	   0.0000000e+00	   0.0000000e+00	   0.0000000e+00	             NaN	             NaN	             NaN	             NaN	             NaN	   1.9386561e+01	   1.7880536e+01	   1.6451986e+01	   1.5953594e+01	   1.5237142e+01	   1.4658020e+01	   1.4115468e+01	   1.3791679e+01	   1.3545102e+01	   1.3498266e+01	   1.3250537e+01	   1.3226249e+01	   1.3113625e+01	   1.2825401e+01	   1.2568339e+01	   1.2611104e+01	   1.2338197e+01	   1.2071739e+01	   1.1592350e+01	   1.1062148e+01	   1.0346551e+01	   9.9300663e+00	   9.3236081e+00	   8.7457798e+00	
   0.0000000e+00	   0.0000000e+00	   0.0000000e+00	   0.0000000e+00	             NaN	             NaN	             NaN	             NaN	             NaN	   1.8920155e+01	   1.7533675e+01	   1.6559329e+01	   1.5560850e+01	   1.4907878e+01	   1.4288105e+01	   1.3825756e+01	   1.3446311e+01	   1.3098462e+01	   1.3207359e+01	   1.2955161e+01	   1.2791750e+01	   1.2860763e+01	   1.2617891e+01	   1.2277816e+01	   1.2203207e+01	   1.2027009e+01	   1.1615454e+01	   1.1096594e+01	   1.0836525e+01	   1.0092618e+01	   9.6403148e+00	   8.9767888e+00	   8.5380303e+00	
   0.0000000e+00	   0.0000000e+00	   0.0000000e+00	   0.0000000e+00	             NaN	             NaN	             NaN	             NaN	             NaN	   1.8419260e+01	   1.6762886e+01	   1.5795138e+01	   1.5149100e+01	   1.4307192e+01	   1.3920560e+01	   1.3440877e+01	   1.3058940e+01	   1.2794436e+01	   1.2713335e+01	   1.2494847e+01	   1.2334983e+01	   1.2207468e+01	   1.2092283e+01	   1.1960609e+01	   1.1776251e+01	   1.1720414e+01	   1.1336994e+01	   1.0951060e+01	   1.0427300e+01	   9.8405221e+00	   9.3389941e+00	   8.8599504e+00	   8.2755893e+00	
   0.0000000e+00	   0.0000000e+00	   0.0000000e+00	   0.0000000e+00	             NaN	             NaN	             NaN	             NaN	             NaN	             NaN	   1.6756997e+01	   1.5424381e+01	   1.4635891e+01	   1.4158064e+01	   1.3346386e+01	   1.3112935e+01	   1.2573623e+01	   1.2510526e+01	   1.2307731e+01	   1.2278695e+01	   1.2010188e+01	   1.1892000e+01	   1.1748312e+01	   1.1579165e+01	   1.1416874e+01	   1.1170233e+01	   1.0995044e+01	   1.0387859e+01	   1.0141396e+01	   9.5607964e+00	   9.0427323e+00	   8.5629475e+00	   8.0172838e+00	
   0.0000000e+00	   0.0000000e+00	   0.0000000e+00	   0.0000000e+00	             NaN	             NaN	             NaN	             NaN	             NaN	             NaN	   1.6079342e+01	   1.5118284e+01	   1.3958558e+01	   1.3618959e+01	   1.3133862e+01	   1.2901079e+01	   1.2327156e+01	   1.2132134e+01	   1.1868403e+01	   1.1574354e+01	   1.1659597e+01	   1.1446801e+01	   1.1347622e+01	   1.1101904e+01	   1.1034079e+01	   1.1010054e+01	   1.0588045e+01	   1.0379760e+01	   9.6824894e+00	   9.2951976e+00	   8.6658065e+00	   8.2863969e+00	   7.8917064e+00	
   0.0000000e+00	   0.0000000e+00	   0.0000000e+00	   0.0000000e+00	   0.0000000e+00	             NaN	             NaN	             NaN	             NaN	             NaN	   1.5607652e+01	   1.4425441e+01	   1.3775140e+01	   1.3278668e+01	   1.2668238e+01	   1.2163219e+01	   1.1850657e+01	   1.1721382e+01	   1.1414796e+01	   1.1313958e+01	   1.1210787e+01	   1.1117435e+01	   1.0916687e+01	   1.0751057e+01	   1.0759310e+01	   1.0443878e+01	   1.0175584e+01	   9.9536218e+00	   9.3323991e+00	   8.9655255e+00	   8.3267889e+00	   8.0513453e+00	   7.6548480e+00	
   0.0000000e+00	   0.0000000e+00	   0.0000000e+00	   0.0000000e+00	   0.0000000e+00	             NaN	             NaN	             NaN	             NaN	             NaN	   1.5372025e+01	   1.4249268e+01	   1.3171223e+01	   1.2970386e+01	   1.2254039e+01	   1.1760465e+01	   1.1484450e+01	   1.1244263e+01	   1.1157475e+01	   1.1066894e+01	   1.0849471e+01	   1.0824938e+01	   1.0578095e+01	   1.0465689e+01	   1.0302170e+01	   1.0167171e+01	   9.8836483e+00	   9.6156850e+00	   9.1508776e+00	   8.7012341e+00	   8.2212180e+00	   7.7216636e+00	   7.4695375e+00	
   0.0000000e+00	   0.0000000e+00	   0.0000000e+00	   0.0000000e+00	   0.0000000e+00	             NaN	             NaN	             NaN	             NaN	             NaN	   1.4963330e+01	   1.3894052e+01	   1.2976909e+01	   1.2574232e+01	   1.2014005e+01	   1.1529519e+01	   1.1141940e+01	   1.1032853e+01	   1.0713602e+01	   1.0753301e+01	   1.0694989e+01	   1.0436543e+01	   1.0193994e+01	   1.0141847e+01	   9.8958101e+00	   9.9405017e+00	   9.6484015e+00	   9.2528293e+00	   8.8216977e+00	   8.4251021e+00	   7.8829180e+00	   7.5599830e+00	   7.1397113e+00	
   0.0000000e+00	   0.0000000e+00	   0.0000000e+00	   0.0000000e+00	   0.0000000e+00	             NaN	             NaN	             NaN	             NaN	             NaN	             NaN	   1.3383766e+01	   1.2585476e+01	   1.2089451e+01	   1.1652587e+01	   1.1191062e+01	   1.0841942e+01	   1.0529610e+01	   1.0506226e+01	   1.0312215e+01	   1.0166508e+01	   9.9382603e+00	   9.9426417e+00	   9.6529917e+00	   9.6644617e+00	   9.5253664e+00	   9.2562851e+00	   9.0947131e+00	   8.6232545e+00	   8.1286226e+00	   7.7395883e+00	   7.3880729e+00	   7.0412499e+00	
   0.0000000e+00	   0.0000000e+00	   0.0000000e+00	   0.0000000e+00	   0.0000000e+00	             NaN	             NaN	             NaN	             NaN	             NaN	             NaN	   1.3100221e+01	   1.2420210e+01	   1.1695622e+01	   1.1351474e+01	   1.0982386e+01	   1.0633866e+01	   1.0242914e+01	   1.0180769e+01	   1.0004305e+01	   9.9627046e+00	   9.7555151e+00	   9.5729347e+00	   9.3371119e+00	   9.3501654e+00	   9.1556027e+00	   9.0564554e+00	   8.6322862e+00	   8.2446799e+00	   7.9213503e+00	   7.5031325e+00	   7.0813090e+00	   6.9720387e+00	
   0.0000000e+00	   0.0000000e+00	   0.0000000e+00	   0.0000000e+00	   0.0000000e+00	   0.0000000e+00	             NaN	             NaN	             NaN	             NaN	             NaN	   1.2719667e+01	   1.1830415e+01	   1.1155223e+01	   1.0957388e+01	   1.0485030e+01	   1.0276894e+01	   1.0083860e+01	   9.7733653e+00	   9.6965456e+00	   9.5823522e+00	   9.4023481e+00	   9.2940713e+00	   9.1167107e+00	   9.0838130e+00	   8.7175890e+00	   8.6492528e+00	   8.2853956e+00	   8.0412037e+00	   7.6340376e+00	   7.2852684e+00	   6.9778786e+00	   6.6273813e+00	
   0.0000000e+00	   0.0000000e+00	   0.0000000e+00	   0.0000000e+00	   0.0000000e+00	   0.0000000e+00	             NaN	             NaN	             NaN	             NaN	             NaN	   1.2337489e+01	   1.1653257e+01	   1.1045289e+01	   1.0525703e+01	   1.0135330e+01	   9.8430946e+00	   9.5827641e+00	   9.4756374e+00	   9.3267124e+00	   9.2657535e+00	   9.1107126e+00	   8.9791276e+00	   8.7345856e+00	   8.7312575e+00	   8.5584400e+00	   8.4075155e+00	   8.1553805e+00	   7.7844237e+00	   7.4320318e+00	   6.9991183e+00	   6.6948630e+00	   6.3452763e+00	
   0.0000000e+00	   0.0000000e+00	   0.0000000e+00	   0.0000000e+00	   0.0000000e+00	   0.0000000e+00	             NaN	             NaN	             NaN	             NaN	             NaN	   1.2089510e+01	   1.1307738e+01	   1.0764846e+01	   1.0402908e+01	   9.9515171e+00	   9.5974393e+00	   9.3079707e+00	   9.1520457e+00	   9.2126037e+00	   8.9120345e+00	   8.7546019e+00	   8.7661587e+00	   8.4966504e+00	   8.5039509e+00	   8.2977373e+00	   8.2041759e+00	   7.8446760e+00	   7.5284928e+00	   7.2326067e+00	   6.8245514e+00	   6.4292567e+00	   6.1913665e+00	
   0.0000000e+00	   0.0000000e+00	   0.0000000e+00	   0.0000000e+00	   0.0000000e+00	   0.0000000e+00	             NaN	             NaN	             NaN	             NaN	             NaN	             NaN	   1.0990366e+01	   1.0275747e+01	   9.7926894e+00	   9.6215829e+00	   9.3302413e+00	   8.9562009e+00	   8.9117161e+00	   8.8003936e+00	   8.5822837e+00	   8.5123392e+00	   8.4729464e+00	   8.2161872e+00	   8.2256725e+00	   8.0329208e+00	   7.8919291e+00	   7.5475715e+00	   7.2694593e+00	   6.9526288e+00	   6.5508996e+00	   6.1968057e+00	   6.0196056e+00	
   0.0000000e+00	   0.0000000e+00	   0.0000000e+00	   0.0000000e+00	   0.0000000e+00	   0.0000000e+00	             NaN	             NaN	             NaN	             NaN	             NaN	             NaN	   1.0834645e+01	   1.0063798e+01	   9.7995798e+00	   9.4992429e+00	   9.0513886e+00	   8.7652859e+00	   8.6031348e+00	   8.4125833e+00	   8.4824474e+00	   8.3304039e+00	   8.1263348e+00	   7.9500913e+00	   7.8844468e+00	   7.7967502e+00	   7.6427837e+00	   7.3819235e+00	   7.1374258e+00	   6.6853403e+00	   6.2478440e+00	   6.1317019e+00	   5.7544460e+00	
   0.0000000e+00	   0.0000000e+00	   0.0000000e+00	   0.0000000e+00	   0.0000000e+00	   0.0000000e+00	   0.0000000e+00	             NaN	             NaN	             NaN	             NaN	             NaN	   1.0062029e+01	   9.9134270e+00	   9.4063279e+00	   9.0185123e+00	   8.6191317e+00	   8.6616712e+00	   8.3900061e+00	   8.1880002e+00	   8.0990645e+00	   7.9810405e+00	   7.8387967e+00	   7.6217829e+00	   7.5754248e+00	   7.4693447e+00	   7.3139359e+00	   7.1930234e+00	   6.8330944e+00	   6.4940128e+00	   6.1926556e+00	   5.8567468e+00	   5.5160754e+00	
   0.0000000e+00	   0.0000000e+00	   0.0000000e+00	   0.0000000e+00	   0.0000000e+00	   0.0000000e+00	   0.0000000e+00	             NaN	             NaN	             NaN	             NaN	             NaN	   9.9395956e+00	   9.3726501e+00	   9.1581100e+00	   8.7618676e+00	   8.5449326e+00	   8.2598895e+00	   7.9537117e+00	   7.8759053e+00	   7.8308805e+00	   7.7095412e+00	   7.5873267e+00	   7.4547603e+00	   7.3747794e+00	   7.2562550e+00	   7.1732708e+00	   6.7451769e+00	   6.6465282e+00	   6.2572131e+00	   6.0336865e+00	   5.6512239e+00	   5.4834221e+00	
   0.0000000e+00	   0.0000000e+00	   0.0000000e+00	   0.0000000e+00	   0.0000000e+00	   0.0000000e+00	   0.0000000e+00	             NaN	             NaN	             NaN	             NaN	             NaN	   9.7234587e+00	   9.1367653e+00	   8.8975136e+00	   8.5784720e+00	   8.1374714e+00	   8.0333446e+00	   7.6598695e+00	   7.6398256e+00	   7.6183471e+00	   7.3528349e+00	   7.2768058e+00	   7.2311759e+00	   7.1346282e+00	   7.0134944e+00	   6.7563342e+00	   6.6404115e+00	   6.3446882e+00	   6.0581531e+00	   5.6329977e+00	   5.4391925e+00	   5.2404636e+00	
   0.0000000e+00	   0.0000000e+00	   0.0000000e+00	   0.0000000e+00	   0.0000000e+00	   0.0000000e+00	   0.0000000e+00	             NaN	             NaN	             NaN	             NaN	             NaN	             NaN	   9.0462895e+00	   8.4880874e+00	   8.2050201e+00	   7.8717799e+00	   7.7182946e+00	   7.5771682e+00	   7.4667967e+00	   7.2249803e+00	   7.1235705e+00	   6.9935562e+00	   6.9216539e+00	   6.8852153e+00	   6.7867408e+00	   6.6031981e+00	   6.3823128e+00	   5.9931201e+00	   5.7797709e+00	   5.5971037e+00	   5.3198846e+00	   5.1298373e+00	
   0.0000000e+00	   0.0000000e+00	   0.0000000e+00	   0.0000000e+00	   0.0000000e+00	   0.0000000e+00	   0.0000000e+00	             NaN	             NaN	             NaN	             NaN	             NaN	             NaN	   8.8724003e+00	   8.1107881e+00	   7.9254919e+00	   7.6068175e+00	   7.3537625e+00	   7.3212679e+00	   7.1917137e+00	   7.0789460e+00	   6.8654345e+00	   6.8205412e+00	   6.7030345e+00	   6.6588679e+00	   6.4605566e+00	   6.2792802e+00	   6.1797468e+00	   5.8246879e+00	   5.6467003e+00	   5.3670002e+00	   5.1199965e+00	   4.8906314e+00	
   0.0000000e+00	   0.0000000e+00	   0.0000000e+00	   0.0000000e+00	   0.0000000e+00	   0.0000000e+00	   0.0000000e+00	   0.0000000e+00	             NaN	             NaN	             NaN	             NaN	             NaN	   8.5338984e+00	   7.9217482e+00	   7.5137125e+00	   7.5306657e+00	   7.1389089e+00	   7.1194509e+00	   6.9111886e+00	   6.8307752e+00	   6.7104964e+00	   6.5261479e+00	   6.4159338e+00	   6.3402819e+00	   6.3202876e+00	   6.1462533e+00	   5.9063121e+00	   5.6959439e+00	   5.4549710e+00	   5.2247106e+00	   4.9629717e+00	   4.7717248e+00	
   0.0000000e+00	   0.0000000e+00	   0.0000000e+00	   0.0000000e+00	   0.0000000e+00	   0.0000000e+00	   0.0000000e+00	   0.0000000e+00	             NaN	             NaN	             NaN	             NaN	             NaN	   8.4172455e+00	   7.8182011e+00	   7.4341960e+00	   7.1935541e+00	   6.9939410e+00	   6.9325492e+00	   6.6120253e+00	   6.5821038e+00	   6.4594542e+00	   6.2626023e+00	   6.3348180e+00	   6.1932484e+00	   6.2020114e+00	   5.9305151e+00	   5.7410886e+00	   5.5405561e+00	   5.2377154e+00	   5.0712832e+00	   4.7976060e+00	   4.5856576e+00	
   0.0000000e+00	   0.0000000e+00	   0.0000000e+00	   0.0000000e+00	   0.0000000e+00	   0.0000000e+00	   0.0000000e+00	   0.0000000e+00	             NaN	             NaN	             NaN	             NaN	             NaN	   8.2530577e+00	   7.6580532e+00	   7.2394685e+00	   6.9040833e+00	   6.7959791e+00	   6.6361119e+00	   6.4535323e+00	   6.3189848e+00	   6.2949843e+00	   6.1317553e+00	   6.1571291e+00	   5.9892582e+00	   5.9171689e+00	   5.8465541e+00	   5.6457369e+00	   5.3137245e+00	   5.0360225e+00	   4.8256983e+00	   4.6853594e+00	   4.4303260e+00	
   0.0000000e+00	   0.0000000e+00	   0.0000000e+00	   0.0000000e+00	   0.0000000e+00	   0.0000000e+00	   0.0000000e+00	   0.0000000e+00	             NaN	             NaN	             NaN	             NaN	             NaN	             NaN	   7.2983337e+00	   6.8985069e+00	   6.6273807e+00	   6.6106836e+00	   6.4437426e+00	   6.2190434e+00	   6.1521087e+00	   6.0271086e+00	   5.8642911e+00	   5.8191686e+00	   5.7406124e+00	   5.7118253e+00	   5.5012191e+00	   5.3394647e+00	   5.2336495e+00	   4.8822373e+00	   4.7183932e+00	   4.4374460e+00	   4.2314003e+00	
   0.0000000e+00	   0.0000000e+00	   0.0000000e+00	   0.0000000e+00	   0.0000000e+00	   0.0000000e+00	   0.0000000e+00	   0.0000000e+00	             NaN	             NaN	             NaN	             NaN	             NaN	             NaN	   7.2061949e+00	   6.7577747e+00	   6.5988210e+00	   6.4644070e+00	   6.1571314e+00	   6.0600884e+00	   6.0139881e+00	   5.8358439e+00	   5.6964826e+00	   5.6269208e+00	   5.5833512e+00	   5.4866606e+00	   5.3128373e+00	   5.0302650e+00	   4.8807404e+00	   4.7640027e+00	   4.4738209e+00	   4.3985038e+00	   4.1496420e+00	
   0.0000000e+00	   0.0000000e+00	   0.0000000e+00	   0.0000000e+00	   0.0000000e+00	   0.0000000e+00	   0.0000000e+00	   0.0000000e+00	   0.0000000e+00	             NaN	             NaN	             NaN	             NaN	             NaN	   7.0724521e+00	   6.6437828e+00	   6.2511722e+00	   6.2352814e+00	   5.9422261e+00	   5.8797767e+00	   5.7661711e+00	   5.6699137e+00	   5.5582405e+00	   5.2862135e+00	   5.4157615e+00	   5.2070488e+00	   5.2068180e+00	   4.8923107e+00	   4.7998974e+00	   4.5686691e+00	   4.3571394e+00	   4.1341572e+00	   3.9236515e+00	
   0.0000000e+00	   0.0000000e+00	   0.0000000e+00	   0.0000000e+00	   0.0000000e+00	   0.0000000e+00	   0.0000000e+00	   0.0000000e+00	   0.0000000e+00	             NaN	             NaN	             NaN	             NaN	             NaN	   6.8113368e+00	   6.4662685e+00	   6.2034237e+00	   5.9508218e+00	   5.7228540e+00	   5.7266036e+00	   5.5910565e+00	   5.4388572e+00	   5.2838933e+00	   5.3029768e+00	   5.1650621e+00	   5.1622040e+00	   4.9849481e+00	   4.7683741e+00	   4.6744528e+00	   4.3589730e+00	   4.1874613e+00	   4.0030486e+00	   3.8875182e+00	
   0.0000000e+00	   0.0000000e+00	   0.0000000e+00	   0.0000000e+00	   0.0000000e+00	   0.0000000e+00	   0.0000000e+00	   0.0000000e+00	   0.0000000e+00	             NaN	             NaN	             NaN	             NaN	             NaN	   6.7186257e+00	   6.1505324e+00	   5.9640787e+00	   5.8814884e+00	   5.6545496e+00	   5.3310694e+00	   5.3655423e+00	   5.2194220e+00	   5.2825209e+00	   5.0999523e+00	   5.0533890e+00	   4.9903563e+00	   4.7727115e+00	   4.6125322e+00	   4.4436979e+00	   4.2774966e+00	   4.1564849e+00	   3.8451292e+00	   3.6906793e+00	
   0.0000000e+00	   0.0000000e+00	   0.0000000e+00	   0.0000000e+00	   0.0000000e+00	   0.0000000e+00	   0.0000000e+00	   0.0000000e+00	   0.0000000e+00	             NaN	             NaN	             NaN	             NaN	             NaN	             NaN	   6.0035380e+00	   5.8460953e+00	   5.5841547e+00	   5.3533065e+00	   5.2577347e+00	   5.1373954e+00	   5.0726063e+00	   4.9482442e+00	   4.8877806e+00	   4.8353858e+00	   4.8480111e+00	   4.6728239e+00	   4.5483911e+00	   4.3240673e+00	   4.1109374e+00	   3.9380624e+00	   3.7244010e+00	   3.5308155e+00	
   0.0000000e+00	   0.0000000e+00	   0.0000000e+00	   0.0000000e+00	   0.0000000e+00	   0.0000000e+00	   0.0000000e+00	   0.0000000e+00	   0.0000000e+00	             NaN	             NaN	             NaN	             NaN	             NaN	             NaN	   5.8016544e+00	   5.6359528e+00	   5.4394490e+00	   5.2258327e+00	   5.0261752e+00	   5.0535096e+00	   4.9362538e+00	   4.7396272e+00	   4.6803359e+00	   4.6323443e+00	   4.6515291e+00	   4.5507532e+00	   4.2193370e+00	   4.0932444e+00	   3.9222232e+00	   3.7788493e+00	   3.6272025e+00	   3.5058012e+00	
   0.0000000e+00	   0.0000000e+00	   0.0000000e+00	   0.0000000e+00	   0.0000000e+00	   0.0000000e+00	   0.0000000e+00	   0.0000000e+00	   0.0000000e+00	   0.0000000e+00	             NaN	             NaN	             NaN	             NaN	             NaN	   5.8698012e+00	   5.4484076e+00	   5.1539283e+00	   5.1571756e+00	   4.9815382e+00	   4.9398522e+00	   4.7176745e+00	   4.6427485e+00	   4.5378118e+00	   4.4603842e+00	   4.4991574e+00	   4.3070346e+00	   4.2268504e+00	   3.9855262e+00	   3.7533885e+00	   3.5836716e+00	   3.4685940e+00	   3.4074534e+00	
