   2.0463510e+00	  -4.7693528e+00	  -2.5797392e+00	             NaN	             NaN	             NaN	             NaN	             NaN	             NaN	             NaN	             NaN	             NaN	             NaN	             NaN	   0.0000000e+00	   0.0000000e+00	   0.0000000e+00	   0.0000000e+00	   0.0000000e+00	   0.0000000e+00	   0.0000000e+00	   0.0000000e+00	   0.0000000e+00	   0.0000000e+00	   0.0000000e+00	   0.0000000e+00	   0.0000000e+00	   0.0000000e+00	   0.0000000e+00	   0.0000000e+00	   0.0000000e+00	   0.0000000e+00	   0.0000000e+00	
  -4.4807287e-01	   9.2392967e-01	   1.1808912e+00	             NaN	             NaN	             NaN	             NaN	             NaN	             NaN	             NaN	             NaN	             NaN	             NaN	             NaN	   0.0000000e+00	   0.0000000e+00	   0.0000000e+00	   0.0000000e+00	   0.0000000e+00	   0.0000000e+00	   0.0000000e+00	   0.0000000e+00	   0.0000000e+00	   0.0000000e+00	   0.0000000e+00	   0.0000000e+00	   0.0000000e+00	   0.0000000e+00	   0.0000000e+00	   0.0000000e+00	   0.0000000e+00	   0.0000000e+00	   0.0000000e+00	
   3.5373262e+00	   1.6381121e+00	   1.9146301e+00	             NaN	             NaN	             NaN	             NaN	             NaN	             NaN	             NaN	             NaN	             NaN	             NaN	             NaN	   0.0000000e+00	   0.0000000e+00	   0.0000000e+00	   0.0000000e+00	   0.0000000e+00	   0.0000000e+00	   0.0000000e+00	   0.0000000e+00	   0.0000000e+00	   0.0000000e+00	   0.0000000e+00	   0.0000000e+00	   0.0000000e+00	   0.0000000e+00	   0.0000000e+00	   0.0000000e+00	   0.0000000e+00	   0.0000000e+00	   0.0000000e+00	
   7.6315968e+00	   3.0809261e+00	   4.2269942e+00	   1.0014497e+01	             NaN	             NaN	             NaN	             NaN	             NaN	             NaN	             NaN	             NaN	             NaN	             NaN	             NaN	   0.0000000e+00	   0.0000000e+00	   0.0000000e+00	   0.0000000e+00	   0.0000000e+00	   0.0000000e+00	   0.0000000e+00	   0.0000000e+00	   0.0000000e+00	   0.0000000e+00	   0.0000000e+00	   0.0000000e+00	   0.0000000e+00	   0.0000000e+00	   0.0000000e+00	   0.0000000e+00	   0.0000000e+00	   0.0000000e+00	
   8.9990775e+00	   4.4366495e+00	   7.8369980e+00	   1.2299271e+01	             NaN	             NaN	             NaN	             NaN	             NaN	             NaN	             NaN	             NaN	             NaN	             NaN	             NaN	   0.0000000e+00	   0.0000000e+00	   0.0000000e+00	   0.0000000e+00	   0.0000000e+00	   0.0000000e+00	   0.0000000e+00	   0.0000000e+00	   0.0000000e+00	   0.0000000e+00	   0.0000000e+00	   0.0000000e+00	   0.0000000e+00	   0.0000000e+00	   0.0000000e+00	   0.0000000e+00	   0.0000000e+00	   0.0000000e+00	
   1.2046584e+01	   7.8014266e+00	   1.0042902e+01	   1.2779327e+01	   1.8944646e+01	             NaN	             NaN	             NaN	             NaN	             NaN	             NaN	             NaN	             NaN	             NaN	             NaN	             NaN	   0.0000000e+00	   0.0000000e+00	   0.0000000e+00	   0.0000000e+00	   0.0000000e+00	   0.0000000e+00	   0.0000000e+00	   0.0000000e+00	   0.0000000e+00	   0.0000000e+00	   0.0000000e+00	   0.0000000e+00	   0.0000000e+00	   0.0000000e+00	   0.0000000e+00	   0.0000000e+00	   0.0000000e+00	
   1.2423248e+01	   9.7010815e+00	   1.0803207e+01	   1.6538684e+01	   2.1120662e+01	             NaN	             NaN	             NaN	             NaN	             NaN	             NaN	             NaN	             NaN	             NaN	             NaN	             NaN	   0.0000000e+00	   0.0000000e+00	   0.0000000e+00	   0.0000000e+00	   0.0000000e+00	   0.0000000e+00	   0.0000000e+00	   0.0000000e+00	   0.0000000e+00	   0.0000000e+00	   0.0000000e+00	   0.0000000e+00	   0.0000000e+00	   0.0000000e+00	   0.0000000e+00	   0.0000000e+00	   0.0000000e+00	
   1.3295906e+01	   1.1478933e+01	   1.2068566e+01	   1.7487507e+01	   2.2940401e+01	             NaN	             NaN	             NaN	             NaN	             NaN	             NaN	             NaN	             NaN	             NaN	             NaN	             NaN	   0.0000000e+00	   0.0000000e+00	   0.0000000e+00	   0.0000000e+00	   0.0000000e+00	   0.0000000e+00	   0.0000000e+00	   0.0000000e+00	   0.0000000e+00	   0.0000000e+00	   0.0000000e+00	   0.0000000e+00	   0.0000000e+00	   0.0000000e+00	   0.0000000e+00	   0.0000000e+00	   0.0000000e+00	
   1.4182164e+01	   1.2429085e+01	   1.2635461e+01	   1.8728099e+01	   2.3699719e+01	   3.0036418e+01	             NaN	             NaN	             NaN	             NaN	             NaN	             NaN	             NaN	             NaN	             NaN	             NaN	             NaN	   0.0000000e+00	   0.0000000e+00	   0.0000000e+00	   0.0000000e+00	   0.0000000e+00	   0.0000000e+00	   0.0000000e+00	   0.0000000e+00	   0.0000000e+00	   0.0000000e+00	   0.0000000e+00	   0.0000000e+00	   0.0000000e+00	   0.0000000e+00	   0.0000000e+00	   0.0000000e+00	
   1.5351107e+01	   1.3166679e+01	   1.4352070e+01	   1.9435250e+01	   2.5122417e+01	   3.0783203e+01	             NaN	             NaN	             NaN	             NaN	             NaN	             NaN	             NaN	             NaN	             NaN	             NaN	             NaN	   0.0000000e+00	   0.0000000e+00	   0.0000000e+00	   0.0000000e+00	   0.0000000e+00	   0.0000000e+00	   0.0000000e+00	   0.0000000e+00	   0.0000000e+00	   0.0000000e+00	   0.0000000e+00	   0.0000000e+00	   0.0000000e+00	   0.0000000e+00	   0.0000000e+00	   0.0000000e+00	
   1.4630064e+01	   1.3063987e+01	   1.5362340e+01	   1.9935811e+01	   2.6037274e+01	   3.2438925e+01	   3.8468115e+01	             NaN	             NaN	             NaN	             NaN	             NaN	             NaN	             NaN	             NaN	             NaN	             NaN	             NaN	   0.0000000e+00	   0.0000000e+00	   0.0000000e+00	   0.0000000e+00	   0.0000000e+00	   0.0000000e+00	   0.0000000e+00	   0.0000000e+00	   0.0000000e+00	   0.0000000e+00	   0.0000000e+00	   0.0000000e+00	   0.0000000e+00	   0.0000000e+00	   0.0000000e+00	
   1.8446795e+01	   1.5206982e+01	   1.6736801e+01	   2.1710662e+01	   2.7522160e+01	   3.4628209e+01	   4.0836336e+01	             NaN	             NaN	             NaN	             NaN	             NaN	             NaN	             NaN	             NaN	             NaN	             NaN	             NaN	   0.0000000e+00	   0.0000000e+00	   0.0000000e+00	   0.0000000e+00	   0.0000000e+00	   0.0000000e+00	   0.0000000e+00	   0.0000000e+00	   0.0000000e+00	   0.0000000e+00	   0.0000000e+00	   0.0000000e+00	   0.0000000e+00	   0.0000000e+00	   0.0000000e+00	
   1.8900816e+01	   1.5808210e+01	   1.7545049e+01	   2.2896588e+01	   2.8992737e+01	   3.6267584e+01	   4.3211349e+01	             NaN	             NaN	             NaN	             NaN	             NaN	             NaN	             NaN	             NaN	             NaN	             NaN	             NaN	   0.0000000e+00	   0.0000000e+00	   0.0000000e+00	   0.0000000e+00	   0.0000000e+00	   0.0000000e+00	   0.0000000e+00	   0.0000000e+00	   0.0000000e+00	   0.0000000e+00	   0.0000000e+00	   0.0000000e+00	   0.0000000e+00	   0.0000000e+00	   0.0000000e+00	
   1.8793054e+01	   1.7325283e+01	   1.9551052e+01	   2.5173243e+01	   3.0213409e+01	   3.7201790e+01	   4.4348878e+01	   4.8074191e+01	             NaN	             NaN	             NaN	             NaN	             NaN	             NaN	             NaN	             NaN	             NaN	             NaN	             NaN	   0.0000000e+00	   0.0000000e+00	   0.0000000e+00	   0.0000000e+00	   0.0000000e+00	   0.0000000e+00	   0.0000000e+00	   0.0000000e+00	   0.0000000e+00	   0.0000000e+00	   0.0000000e+00	   0.0000000e+00	   0.0000000e+00	   0.0000000e+00	
   1.8356814e+01	   1.6946461e+01	   1.9528932e+01	   2.5249256e+01	   3.0364970e+01	   3.8160748e+01	   4.5454221e+01	   4.9146983e+01	             NaN	             NaN	             NaN	             NaN	             NaN	             NaN	             NaN	             NaN	             NaN	             NaN	             NaN	   0.0000000e+00	   0.0000000e+00	   0.0000000e+00	   0.0000000e+00	   0.0000000e+00	   0.0000000e+00	   0.0000000e+00	   0.0000000e+00	   0.0000000e+00	   0.0000000e+00	   0.0000000e+00	   0.0000000e+00	   0.0000000e+00	   0.0000000e+00	
   1.9894941e+01	   1.7530619e+01	   2.0748798e+01	   2.5468461e+01	   3.1087901e+01	   3.8025963e+01	   4.4593293e+01	   4.8972288e+01	   4.9139633e+01	             NaN	             NaN	             NaN	             NaN	             NaN	             NaN	             NaN	             NaN	             NaN	             NaN	             NaN	   0.0000000e+00	   0.0000000e+00	   0.0000000e+00	   0.0000000e+00	   0.0000000e+00	   0.0000000e+00	   0.0000000e+00	   0.0000000e+00	   0.0000000e+00	   0.0000000e+00	   0.0000000e+00	   0.0000000e+00	   0.0000000e+00	
   2.1347508e+01	   1.7682748e+01	   2.0175507e+01	   2.6183340e+01	   3.1699197e+01	   3.9001686e+01	   4.6027771e+01	   5.0031908e+01	   5.0109824e+01	             NaN	             NaN	             NaN	             NaN	             NaN	             NaN	             NaN	             NaN	             NaN	             NaN	             NaN	   0.0000000e+00	   0.0000000e+00	   0.0000000e+00	   0.0000000e+00	   0.0000000e+00	   0.0000000e+00	   0.0000000e+00	   0.0000000e+00	   0.0000000e+00	   0.0000000e+00	   0.0000000e+00	   0.0000000e+00	   0.0000000e+00	
   2.1301250e+01	   1.9362286e+01	   2.1399319e+01	   2.6062427e+01	   3.2181112e+01	   3.9208956e+01	   4.6483900e+01	   4.9917526e+01	   5.0676598e+01	             NaN	             NaN	             NaN	             NaN	             NaN	             NaN	             NaN	             NaN	             NaN	             NaN	             NaN	   0.0000000e+00	   0.0000000e+00	   0.0000000e+00	   0.0000000e+00	   0.0000000e+00	   0.0000000e+00	   0.0000000e+00	   0.0000000e+00	   0.0000000e+00	   0.0000000e+00	   0.0000000e+00	   0.0000000e+00	   0.0000000e+00	
   2.1998679e+01	   1.9571835e+01	   2.2009742e+01	   2.6361745e+01	   3.1508596e+01	   3.8813146e+01	   4.5926022e+01	   5.0714615e+01	   5.0855585e+01	   4.4366605e+01	             NaN	             NaN	             NaN	             NaN	             NaN	             NaN	             NaN	             NaN	             NaN	             NaN	             NaN	   0.0000000e+00	   0.0000000e+00	   0.0000000e+00	   0.0000000e+00	   0.0000000e+00	   0.0000000e+00	   0.0000000e+00	   0.0000000e+00	   0.0000000e+00	   0.0000000e+00	   0.0000000e+00	   0.0000000e+00	
   2.1892938e+01	   1.8993482e+01	   2.1665077e+01	   2.6431441e+01	   3.2542388e+01	   3.8974168e+01	   4.5513659e+01	   4.9848982e+01	   5.0362290e+01	   4.4133986e+01	             NaN	             NaN	             NaN	             NaN	             NaN	             NaN	             NaN	             NaN	             NaN	             NaN	             NaN	   0.0000000e+00	   0.0000000e+00	   0.0000000e+00	   0.0000000e+00	   0.0000000e+00	   0.0000000e+00	   0.0000000e+00	   0.0000000e+00	   0.0000000e+00	   0.0000000e+00	   0.0000000e+00	   0.0000000e+00	
   2.2559810e+01	   1.8813280e+01	   2.2227763e+01	   2.6650254e+01	   3.2152473e+01	   3.8841373e+01	   4.5081017e+01	   4.8616125e+01	   4.9181333e+01	   4.4095385e+01	   3.4969775e+01	             NaN	             NaN	             NaN	             NaN	             NaN	             NaN	             NaN	             NaN	             NaN	             NaN	             NaN	   0.0000000e+00	   0.0000000e+00	   0.0000000e+00	   0.0000000e+00	   0.0000000e+00	   0.0000000e+00	   0.0000000e+00	   0.0000000e+00	   0.0000000e+00	   0.0000000e+00	   0.0000000e+00	
   2.3481679e+01	   1.9916944e+01	   2.2024929e+01	   2.6751328e+01	   3.2236620e+01	   3.8198383e+01	   4.3985113e+01	   4.8542492e+01	   4.9578683e+01	   4.3877087e+01	   3.4847209e+01	             NaN	             NaN	             NaN	             NaN	             NaN	             NaN	             NaN	             NaN	             NaN	             NaN	             NaN	   0.0000000e+00	   0.0000000e+00	   0.0000000e+00	   0.0000000e+00	   0.0000000e+00	   0.0000000e+00	   0.0000000e+00	   0.0000000e+00	   0.0000000e+00	   0.0000000e+00	   0.0000000e+00	
   2.3588394e+01	   2.2136920e+01	   2.2040993e+01	   2.6699480e+01	   3.1777853e+01	   3.7671797e+01	   4.3908979e+01	   4.7356205e+01	   4.8227201e+01	   4.3319076e+01	   3.4746172e+01	             NaN	             NaN	             NaN	             NaN	             NaN	             NaN	             NaN	             NaN	             NaN	             NaN	             NaN	   0.0000000e+00	   0.0000000e+00	   0.0000000e+00	   0.0000000e+00	   0.0000000e+00	   0.0000000e+00	   0.0000000e+00	   0.0000000e+00	   0.0000000e+00	   0.0000000e+00	   0.0000000e+00	
   2.2684554e+01	   2.1126361e+01	   2.2190320e+01	   2.5829605e+01	   3.1127482e+01	   3.7511539e+01	   4.3348849e+01	   4.6732659e+01	   4.7802573e+01	   4.2722670e+01	   3.4757584e+01	   2.3126944e+01	             NaN	             NaN	             NaN	             NaN	             NaN	             NaN	             NaN	             NaN	             NaN	             NaN	             NaN	   0.0000000e+00	   0.0000000e+00	   0.0000000e+00	   0.0000000e+00	   0.0000000e+00	   0.0000000e+00	   0.0000000e+00	   0.0000000e+00	   0.0000000e+00	   0.0000000e+00	
   2.5278209e+01	   2.0466058e+01	   2.3521451e+01	   2.6580343e+01	   3.0992020e+01	   3.6645398e+01	   4.2008610e+01	   4.5845642e+01	   4.6620854e+01	   4.1897377e+01	   3.4546034e+01	   2.3822000e+01	             NaN	             NaN	             NaN	             NaN	             NaN	             NaN	             NaN	             NaN	             NaN	             NaN	             NaN	   0.0000000e+00	   0.0000000e+00	   0.0000000e+00	   0.0000000e+00	   0.0000000e+00	   0.0000000e+00	   0.0000000e+00	   0.0000000e+00	   0.0000000e+00	   0.0000000e+00	
   2.5062218e+01	   2.3455215e+01	   2.3696494e+01	   2.6120436e+01	   3.0755235e+01	   3.5742018e+01	   4.1413437e+01	   4.4708024e+01	   4.5352217e+01	   4.1967673e+01	   3.4779023e+01	   2.4083796e+01	   1.6398955e+01	             NaN	             NaN	             NaN	             NaN	             NaN	             NaN	             NaN	             NaN	             NaN	             NaN	             NaN	   0.0000000e+00	   0.0000000e+00	   0.0000000e+00	   0.0000000e+00	   0.0000000e+00	   0.0000000e+00	   0.0000000e+00	   0.0000000e+00	   0.0000000e+00	
   2.5530981e+01	   2.2224953e+01	   2.3560992e+01	   2.6334030e+01	   3.0072288e+01	   3.5651263e+01	   4.0136035e+01	   4.3423092e+01	   4.4629789e+01	   4.0975576e+01	   3.4244137e+01	   2.4276001e+01	   1.6965770e+01	             NaN	             NaN	             NaN	             NaN	             NaN	             NaN	             NaN	             NaN	             NaN	             NaN	             NaN	   0.0000000e+00	   0.0000000e+00	   0.0000000e+00	   0.0000000e+00	   0.0000000e+00	   0.0000000e+00	   0.0000000e+00	   0.0000000e+00	   0.0000000e+00	
   2.6791831e+01	   2.3590547e+01	   2.3731156e+01	   2.6864489e+01	   3.0423166e+01	   3.4322665e+01	   3.9326456e+01	   4.2363318e+01	   4.3248988e+01	   4.0149689e+01	   3.4046141e+01	   2.4686735e+01	   1.7640656e+01	             NaN	             NaN	             NaN	             NaN	             NaN	             NaN	             NaN	             NaN	             NaN	             NaN	             NaN	   0.0000000e+00	   0.0000000e+00	   0.0000000e+00	   0.0000000e+00	   0.0000000e+00	   0.0000000e+00	   0.0000000e+00	   0.0000000e+00	   0.0000000e+00	
   2.7496162e+01	   2.4418220e+01	   2.4666050e+01	   2.7086307e+01	   2.9631270e+01	   3.4174835e+01	   3.8126289e+01	   4.0918676e+01	   4.1798194e+01	   3.8652868e+01	   3.3376531e+01	   2.4814330e+01	   1.8439381e+01	   1.4465494e+01	             NaN	             NaN	             NaN	             NaN	             NaN	             NaN	             NaN	             NaN	             NaN	             NaN	             NaN	   0.0000000e+00	   0.0000000e+00	   0.0000000e+00	   0.0000000e+00	   0.0000000e+00	   0.0000000e+00	   0.0000000e+00	   0.0000000e+00	
   2.8235296e+01	   2.5916878e+01	   2.5009350e+01	   2.6382237e+01	   2.9218579e+01	   3.2961053e+01	   3.7178488e+01	   3.9453327e+01	   4.0831733e+01	   3.7962425e+01	   3.2759177e+01	   2.5405934e+01	   1.9332539e+01	   1.5838277e+01	             NaN	             NaN	             NaN	             NaN	             NaN	             NaN	             NaN	             NaN	             NaN	             NaN	             NaN	   0.0000000e+00	   0.0000000e+00	   0.0000000e+00	   0.0000000e+00	   0.0000000e+00	   0.0000000e+00	   0.0000000e+00	   0.0000000e+00	
   2.7177878e+01	   2.6060776e+01	   2.4836578e+01	   2.6059162e+01	   2.9206170e+01	   3.1875010e+01	   3.5878930e+01	   3.8506359e+01	   3.9393068e+01	   3.6590521e+01	   3.2423853e+01	   2.5440773e+01	   1.9922075e+01	   1.6967325e+01	   1.4267599e+01	             NaN	             NaN	             NaN	             NaN	             NaN	             NaN	             NaN	             NaN	             NaN	             NaN	             NaN	   0.0000000e+00	   0.0000000e+00	   0.0000000e+00	   0.0000000e+00	   0.0000000e+00	   0.0000000e+00	   0.0000000e+00	
   2.9127613e+01	   2.6949113e+01	   2.7363915e+01	   2.7415227e+01	   2.9557978e+01	   3.2268656e+01	   3.5579889e+01	   3.7931329e+01	   3.8776146e+01	   3.6889591e+01	   3.2660967e+01	   2.6162831e+01	   2.1126570e+01	   1.8176140e+01	   1.5835672e+01	             NaN	             NaN	             NaN	             NaN	             NaN	             NaN	             NaN	             NaN	             NaN	             NaN	             NaN	   0.0000000e+00	   0.0000000e+00	   0.0000000e+00	   0.0000000e+00	   0.0000000e+00	   0.0000000e+00	   0.0000000e+00	
   2.8295355e+01	   2.7723997e+01	   2.8084764e+01	   2.8502375e+01	   2.9788377e+01	   3.2836028e+01	   3.5375722e+01	   3.7613073e+01	   3.8904412e+01	   3.6797081e+01	   3.2741934e+01	   2.6933034e+01	   2.2269187e+01	   1.9736357e+01	   1.7762214e+01	             NaN	             NaN	             NaN	             NaN	             NaN	             NaN	             NaN	             NaN	             NaN	             NaN	             NaN	   0.0000000e+00	   0.0000000e+00	   0.0000000e+00	   0.0000000e+00	   0.0000000e+00	   0.0000000e+00	   0.0000000e+00	
   3.0646600e+01	   2.8774994e+01	   2.9262952e+01	   2.8891207e+01	   3.0749226e+01	   3.2541869e+01	   3.5576752e+01	   3.7081527e+01	   3.8186687e+01	   3.6522091e+01	   3.3351634e+01	   2.7966200e+01	   2.3714817e+01	   2.1194989e+01	   1.9561352e+01	   1.7471531e+01	             NaN	             NaN	             NaN	             NaN	             NaN	             NaN	             NaN	             NaN	             NaN	             NaN	             NaN	   0.0000000e+00	   0.0000000e+00	   0.0000000e+00	   0.0000000e+00	   0.0000000e+00	   0.0000000e+00	
   3.2171389e+01	   3.0717393e+01	   2.9232525e+01	   3.0180984e+01	   3.0778476e+01	   3.2944957e+01	   3.5046207e+01	   3.6618737e+01	   3.7467801e+01	   3.6047298e+01	   3.3212003e+01	   2.8224691e+01	   2.4944931e+01	   2.2773963e+01	   2.1052842e+01	   1.9474883e+01	             NaN	             NaN	             NaN	             NaN	             NaN	             NaN	             NaN	             NaN	             NaN	             NaN	             NaN	   0.0000000e+00	   0.0000000e+00	   0.0000000e+00	   0.0000000e+00	   0.0000000e+00	   0.0000000e+00	
   3.4014674e+01	   3.0335671e+01	   3.0350545e+01	   3.0122560e+01	   3.1435835e+01	   3.2735087e+01	   3.4434324e+01	   3.5922235e+01	   3.6869408e+01	   3.5914522e+01	   3.3364221e+01	   2.9010777e+01	   2.5852647e+01	   2.4071102e+01	   2.2562195e+01	   2.1064317e+01	   1.8416515e+01	             NaN	             NaN	             NaN	             NaN	             NaN	             NaN	             NaN	             NaN	             NaN	             NaN	             NaN	   0.0000000e+00	   0.0000000e+00	   0.0000000e+00	   0.0000000e+00	   0.0000000e+00	
   3.1649982e+01	   3.0874165e+01	   3.0374300e+01	   3.2083194e+01	   3.1985006e+01	   3.3178949e+01	   3.4484671e+01	   3.6092834e+01	   3.6716994e+01	   3.5278679e+01	   3.3245264e+01	   2.9496145e+01	   2.6799450e+01	   2.5034934e+01	   2.3753684e+01	   2.2289648e+01	   2.0227562e+01	             NaN	             NaN	             NaN	             NaN	             NaN	             NaN	             NaN	             NaN	             NaN	             NaN	             NaN	   0.0000000e+00	   0.0000000e+00	   0.0000000e+00	   0.0000000e+00	   0.0000000e+00	
   3.3458260e+01	   3.4134138e+01	   3.1717657e+01	   3.2452635e+01	   3.2577493e+01	   3.3247366e+01	   3.4668059e+01	   3.5617706e+01	   3.6576231e+01	   3.5430301e+01	   3.3693583e+01	   2.9950700e+01	   2.7623318e+01	   2.6518539e+01	   2.5025919e+01	   2.4128318e+01	   2.2055734e+01	             NaN	             NaN	             NaN	             NaN	             NaN	             NaN	             NaN	             NaN	             NaN	             NaN	             NaN	   0.0000000e+00	   0.0000000e+00	   0.0000000e+00	   0.0000000e+00	   0.0000000e+00	
   3.5288350e+01	   3.4343904e+01	   3.3030481e+01	   3.3445252e+01	   3.3485112e+01	   3.3520561e+01	   3.5166565e+01	   3.5304929e+01	   3.6117157e+01	   3.5115720e+01	   3.3930237e+01	   3.0725892e+01	   2.8544506e+01	   2.7860374e+01	   2.6767222e+01	   2.5333616e+01	   2.3598107e+01	   2.0643501e+01	             NaN	             NaN	             NaN	             NaN	             NaN	             NaN	             NaN	             NaN	             NaN	             NaN	             NaN	   0.0000000e+00	   0.0000000e+00	   0.0000000e+00	   0.0000000e+00	
   3.3745337e+01	   3.5301114e+01	   3.5452601e+01	   3.4208170e+01	   3.3559644e+01	   3.4195353e+01	   3.4910022e+01	   3.5431067e+01	   3.5976286e+01	   3.5302367e+01	   3.4080426e+01	   3.1285315e+01	   2.9898766e+01	   2.8940439e+01	   2.8032961e+01	   2.6831060e+01	   2.5119565e+01	   2.2573686e+01	             NaN	             NaN	             NaN	             NaN	             NaN	             NaN	             NaN	             NaN	             NaN	             NaN	             NaN	   0.0000000e+00	   0.0000000e+00	   0.0000000e+00	   0.0000000e+00	
   3.8009128e+01	   3.4774163e+01	   3.5200118e+01	   3.5763894e+01	   3.4767808e+01	   3.4527531e+01	   3.5404910e+01	   3.5427747e+01	   3.6128981e+01	   3.5476361e+01	   3.4378562e+01	   3.2206988e+01	   3.0689222e+01	   3.0390643e+01	   2.9498342e+01	   2.8235859e+01	   2.6726412e+01	   2.4338715e+01	   2.0693182e+01	             NaN	             NaN	             NaN	             NaN	             NaN	             NaN	             NaN	             NaN	             NaN	             NaN	             NaN	   0.0000000e+00	   0.0000000e+00	   0.0000000e+00	
   3.9516213e+01	   3.8288829e+01	   3.6785893e+01	   3.7115297e+01	   3.5948712e+01	   3.5110947e+01	   3.5543775e+01	   3.5641057e+01	   3.6253642e+01	   3.5624529e+01	   3.5086125e+01	   3.3076811e+01	   3.2022937e+01	   3.1476104e+01	   3.0853689e+01	   2.9792323e+01	   2.8186893e+01	   2.6055543e+01	   2.2569718e+01	             NaN	             NaN	             NaN	             NaN	             NaN	             NaN	             NaN	             NaN	             NaN	             NaN	             NaN	   0.0000000e+00	   0.0000000e+00	   0.0000000e+00	
   3.8241806e+01	   3.9938963e+01	   3.9134745e+01	   3.8215645e+01	   3.6977223e+01	   3.5895935e+01	   3.5590824e+01	   3.5871704e+01	   3.6511107e+01	   3.5973853e+01	   3.5253813e+01	   3.3943583e+01	   3.2946317e+01	   3.2615936e+01	   3.2407836e+01	   3.1418577e+01	   2.9756134e+01	   2.7712754e+01	   2.4386452e+01	             NaN	             NaN	             NaN	             NaN	             NaN	             NaN	             NaN	             NaN	             NaN	             NaN	             NaN	   0.0000000e+00	   0.0000000e+00	   0.0000000e+00	
   3.9359054e+01	   4.0851093e+01	   4.0466992e+01	   3.9315325e+01	   3.7489725e+01	   3.6289776e+01	   3.6586258e+01	   3.6559912e+01	   3.6555453e+01	   3.6441020e+01	   3.5763666e+01	   3.4634371e+01	   3.4033929e+01	   3.4307867e+01	   3.3801886e+01	   3.2759191e+01	   3.1420041e+01	   2.9130062e+01	   2.6299816e+01	   2.2183663e+01	             NaN	             NaN	             NaN	             NaN	             NaN	             NaN	             NaN	             NaN	             NaN	             NaN	             NaN	   0.0000000e+00	   0.0000000e+00	
   4.2219862e+01	   4.1749210e+01	   4.0985661e+01	   4.0878845e+01	   3.8963864e+01	   3.7092212e+01	   3.7037749e+01	   3.6707184e+01	   3.6964003e+01	   3.6983746e+01	   3.6360722e+01	   3.5226870e+01	   3.4979612e+01	   3.5393600e+01	   3.5142858e+01	   3.4155326e+01	   3.2793448e+01	   3.0694656e+01	   2.7984145e+01	   2.3876789e+01	             NaN	             NaN	             NaN	             NaN	             NaN	             NaN	             NaN	             NaN	             NaN	             NaN	             NaN	   0.0000000e+00	   0.0000000e+00	
   4.2419151e+01	   4.3603197e+01	   4.3009908e+01	   4.2309009e+01	   3.9963060e+01	   3.8101304e+01	   3.7378980e+01	   3.7418481e+01	   3.7038617e+01	   3.7361008e+01	   3.7213098e+01	   3.6312884e+01	   3.6069356e+01	   3.6472760e+01	   3.6403413e+01	   3.5338103e+01	   3.4035528e+01	   3.2270566e+01	   2.9503912e+01	   2.5909465e+01	   2.1614478e+01	             NaN	             NaN	             NaN	             NaN	             NaN	             NaN	             NaN	             NaN	             NaN	             NaN	             NaN	   0.0000000e+00	
   4.5112531e+01	   4.5826791e+01	   4.3674626e+01	   4.3498218e+01	   4.2191437e+01	   3.9697660e+01	   3.8429442e+01	   3.7912567e+01	   3.7948267e+01	   3.8008806e+01	   3.8247191e+01	   3.7417984e+01	   3.7558209e+01	   3.7921476e+01	   3.8097058e+01	   3.7299022e+01	   3.5904821e+01	   3.3813910e+01	   3.1256224e+01	   2.7808336e+01	   2.3361246e+01	             NaN	             NaN	             NaN	             NaN	             NaN	             NaN	             NaN	             NaN	             NaN	             NaN	             NaN	   0.0000000e+00	
   4.5274234e+01	   4.6341312e+01	   4.5228109e+01	   4.4686043e+01	   4.3416382e+01	   4.1225486e+01	   3.9319026e+01	   3.8761929e+01	   3.8770946e+01	   3.8733217e+01	   3.8792384e+01	   3.8905656e+01	   3.8588466e+01	   3.9361427e+01	   3.9335249e+01	   3.8719444e+01	   3.7419469e+01	   3.5502268e+01	   3.2803607e+01	   2.9791576e+01	   2.5213933e+01	             NaN	             NaN	             NaN	             NaN	             NaN	             NaN	             NaN	             NaN	             NaN	             NaN	             NaN	   0.0000000e+00	
   4.7128472e+01	   4.8379985e+01	   4.7887280e+01	   4.7111872e+01	   4.4814374e+01	   4.2185279e+01	   4.0295554e+01	   3.9335842e+01	   3.9444541e+01	   3.9472580e+01	   3.9542471e+01	   3.9533914e+01	   3.9967195e+01	   4.0467290e+01	   4.0563891e+01	   3.9971282e+01	   3.8764501e+01	   3.7022255e+01	   3.4341761e+01	   3.1237535e+01	   2.7209982e+01	   2.2846809e+01	             NaN	             NaN	             NaN	             NaN	             NaN	             NaN	             NaN	             NaN	             NaN	             NaN	             NaN	
   4.7223997e+01	   4.9906727e+01	   4.9831314e+01	   4.7398886e+01	   4.5398720e+01	   4.3422215e+01	   4.1106116e+01	   3.9978593e+01	   4.0181240e+01	   4.0014820e+01	   4.0512431e+01	   4.0463404e+01	   4.0907171e+01	   4.1756416e+01	   4.1905262e+01	   4.1395942e+01	   4.0015770e+01	   3.8400759e+01	   3.5938606e+01	   3.3177069e+01	   2.9185226e+01	   2.4346983e+01	             NaN	             NaN	             NaN	             NaN	             NaN	             NaN	             NaN	             NaN	             NaN	             NaN	             NaN	
   4.9763183e+01	   5.1978067e+01	   5.0942672e+01	   5.0119518e+01	   4.7716975e+01	   4.4473672e+01	   4.2430321e+01	   4.0947750e+01	   4.0931423e+01	   4.0807736e+01	   4.1523745e+01	   4.1231796e+01	   4.1809513e+01	   4.2694948e+01	   4.3359122e+01	   4.2645196e+01	   4.1594823e+01	   3.9776612e+01	   3.7281300e+01	   3.4605367e+01	   3.0979369e+01	   2.6196703e+01	   2.2113527e+01	             NaN	             NaN	             NaN	             NaN	             NaN	             NaN	             NaN	             NaN	             NaN	             NaN	
   5.1687269e+01	   5.2293753e+01	   5.2434725e+01	   5.1925194e+01	   4.9022287e+01	   4.5742515e+01	   4.3113006e+01	   4.1946740e+01	   4.1278867e+01	   4.2140911e+01	   4.2593323e+01	   4.2586098e+01	   4.3085262e+01	   4.3895916e+01	   4.4190042e+01	   4.3678006e+01	   4.3063716e+01	   4.1258598e+01	   3.8961110e+01	   3.6294858e+01	   3.2944602e+01	   2.8265694e+01	   2.3738155e+01	             NaN	             NaN	             NaN	             NaN	             NaN	             NaN	             NaN	             NaN	             NaN	             NaN	
   5.5155121e+01	   5.6306873e+01	   5.4373125e+01	   5.3904469e+01	   4.9815891e+01	   4.7251610e+01	   4.4468395e+01	   4.2869421e+01	   4.2477260e+01	   4.2892627e+01	   4.3577178e+01	   4.3316117e+01	   4.4344195e+01	   4.5228727e+01	   4.5659348e+01	   4.5452812e+01	   4.4472178e+01	   4.2669785e+01	   4.0639958e+01	   3.7811202e+01	   3.4538132e+01	   3.0425783e+01	   2.5484560e+01	             NaN	             NaN	             NaN	             NaN	             NaN	             NaN	             NaN	             NaN	             NaN	             NaN	
   5.8275878e+01	   5.7188267e+01	   5.6895392e+01	   5.5951460e+01	   5.1893331e+01	   4.8241620e+01	   4.5123421e+01	   4.4120267e+01	   4.3679849e+01	   4.3818641e+01	   4.4407173e+01	   4.4512915e+01	   4.5101266e+01	   4.6003823e+01	   4.6913319e+01	   4.6456620e+01	   4.5565881e+01	   4.4131451e+01	   4.2044841e+01	   3.9622490e+01	   3.6256622e+01	   3.2309247e+01	   2.7307950e+01	   2.3433872e+01	             NaN	             NaN	             NaN	             NaN	             NaN	             NaN	             NaN	             NaN	             NaN	
   5.8771785e+01	   5.9450866e+01	   6.0080476e+01	   5.6929458e+01	   5.3435428e+01	   4.9945108e+01	   4.6792791e+01	   4.5065168e+01	   4.4788019e+01	   4.4672162e+01	   4.5435481e+01	   4.5656329e+01	   4.6119361e+01	   4.7230281e+01	   4.7905264e+01	   4.7481411e+01	   4.6602836e+01	   4.5183202e+01	   4.3578161e+01	   4.1052497e+01	   3.7813571e+01	   3.4091288e+01	   2.9125353e+01	   2.4802244e+01	             NaN	             NaN	             NaN	             NaN	             NaN	             NaN	             NaN	             NaN	             NaN	
   5.9886790e+01	   6.1021288e+01	   6.1065227e+01	   5.9239085e+01	   5.5136559e+01	   5.0674536e+01	   4.8042905e+01	   4.5898962e+01	   4.4893388e+01	   4.5544511e+01	   4.6318834e+01	   4.6534739e+01	   4.6911239e+01	   4.8225575e+01	   4.8977146e+01	   4.8894969e+01	   4.7980214e+01	   4.6527511e+01	   4.4656233e+01	   4.2484495e+01	   3.9372668e+01	   3.5760959e+01	   3.0996005e+01	   2.6344456e+01	   2.2502448e+01	             NaN	             NaN	             NaN	             NaN	             NaN	             NaN	             NaN	             NaN	
   6.1721036e+01	   6.2180916e+01	   6.1728509e+01	   6.0248577e+01	   5.6536827e+01	   5.2271376e+01	   4.8475705e+01	   4.6669140e+01	   4.6481545e+01	   4.6433802e+01	   4.7049135e+01	   4.7096005e+01	   4.7586979e+01	   4.8790222e+01	   4.9528007e+01	   4.9568259e+01	   4.8891094e+01	   4.7641156e+01	   4.5949801e+01	   4.3615596e+01	   4.0844273e+01	   3.7244336e+01	   3.2912675e+01	   2.8013331e+01	   2.4213764e+01	             NaN	             NaN	             NaN	             NaN	             NaN	             NaN	             NaN	             NaN	
   6.4559094e+01	   6.5207288e+01	   6.3847386e+01	   6.1910693e+01	   5.8030451e+01	   5.2935240e+01	   4.9509418e+01	   4.7833739e+01	   4.6802834e+01	   4.7590695e+01	   4.7870097e+01	   4.7621950e+01	   4.8177680e+01	   4.9494262e+01	   5.0309966e+01	   5.0452052e+01	   4.9699663e+01	   4.8455070e+01	   4.7103579e+01	   4.5087457e+01	   4.2224947e+01	   3.8649003e+01	   3.4561439e+01	   2.9650587e+01	   2.5592911e+01	             NaN	             NaN	             NaN	             NaN	             NaN	             NaN	             NaN	             NaN	
   6.3287895e+01	   6.6070580e+01	   6.4837304e+01	   6.3852672e+01	   6.0195088e+01	   5.4142849e+01	   5.0768332e+01	   4.8480781e+01	   4.7339284e+01	   4.8113653e+01	   4.8355799e+01	   4.8364272e+01	   4.8620313e+01	   5.0183118e+01	   5.1018961e+01	   5.1246489e+01	   5.0014121e+01	   4.9309481e+01	   4.8013789e+01	   4.5958306e+01	   4.3618134e+01	   4.0045390e+01	   3.6038108e+01	   3.1234491e+01	   2.6629747e+01	   2.2673742e+01	             NaN	             NaN	             NaN	             NaN	             NaN	             NaN	             NaN	
   6.6050920e+01	   6.8277963e+01	   6.6876131e+01	   6.5576405e+01	   6.0930288e+01	   5.5327673e+01	   5.1435535e+01	   4.9411360e+01	   4.7890310e+01	   4.8901736e+01	   4.9117174e+01	   4.8582402e+01	   4.9388246e+01	   5.0582009e+01	   5.1561874e+01	   5.1657079e+01	   5.1156026e+01	   4.9931681e+01	   4.9045273e+01	   4.7214564e+01	   4.4506230e+01	   4.1291217e+01	   3.7345548e+01	   3.2908384e+01	   2.8118407e+01	   2.3861379e+01	             NaN	             NaN	             NaN	             NaN	             NaN	             NaN	             NaN	
   6.6322642e+01	   6.7925988e+01	   7.0000223e+01	   6.5301264e+01	   6.2336794e+01	   5.6074913e+01	   5.2663300e+01	   4.9864606e+01	   4.8838512e+01	   4.9274889e+01	   4.9376169e+01	   4.9178254e+01	   4.9852467e+01	   5.0744795e+01	   5.2047519e+01	   5.2257472e+01	   5.1579938e+01	   5.0741124e+01	   4.9677049e+01	   4.8173313e+01	   4.5822895e+01	   4.2487440e+01	   3.8596734e+01	   3.4327684e+01	   2.9607169e+01	   2.5001530e+01	   2.0389703e+01	             NaN	             NaN	             NaN	             NaN	             NaN	             NaN	
   6.9294384e+01	   7.1769647e+01	   7.1207161e+01	   6.7758730e+01	   6.3617542e+01	   5.7873168e+01	   5.3384431e+01	   5.1036704e+01	   4.9681962e+01	   4.9888464e+01	   5.0203100e+01	   4.9352154e+01	   5.0041138e+01	   5.1324184e+01	   5.2406309e+01	   5.2514331e+01	   5.2441309e+01	   5.1519406e+01	   5.0425910e+01	   4.9210952e+01	   4.6728456e+01	   4.3433093e+01	   3.9720562e+01	   3.5676615e+01	   3.1095936e+01	   2.6144896e+01	   2.1574146e+01	             NaN	             NaN	             NaN	             NaN	             NaN	             NaN	
   7.1597017e+01	   7.2088575e+01	   7.1361781e+01	   6.9472225e+01	   6.4567365e+01	   5.8509071e+01	   5.4239606e+01	   5.1368818e+01	   5.0207907e+01	   5.0196224e+01	   5.0354612e+01	   4.9962051e+01	   5.0301994e+01	   5.1565862e+01	   5.2685503e+01	   5.2813086e+01	   5.2519551e+01	   5.2109543e+01	   5.1012240e+01	   4.9638929e+01	   4.7441090e+01	   4.4451045e+01	   4.0829127e+01	   3.6875623e+01	   3.2420407e+01	   2.7381530e+01	   2.2693372e+01	             NaN	             NaN	             NaN	             NaN	             NaN	             NaN	
   7.1396432e+01	   7.2625922e+01	   7.2412095e+01	   7.0911736e+01	   6.5180512e+01	   5.9320465e+01	   5.5251562e+01	   5.2336400e+01	   5.0739634e+01	   5.0275037e+01	   5.0346287e+01	   4.9911555e+01	   5.0299863e+01	   5.1478815e+01	   5.3048477e+01	   5.3009002e+01	   5.2814830e+01	   5.2218134e+01	   5.1578980e+01	   5.0178289e+01	   4.8337468e+01	   4.5324480e+01	   4.1557308e+01	   3.7785138e+01	   3.3655759e+01	   2.8449212e+01	   2.3666247e+01	   1.8969731e+01	             NaN	             NaN	             NaN	             NaN	             NaN	
   6.9057056e+01	   7.5072577e+01	   7.3573653e+01	   7.0297344e+01	   6.5745888e+01	   6.0263855e+01	   5.5527738e+01	   5.2440027e+01	   5.0626272e+01	   5.0717276e+01	   5.0615698e+01	   5.0218896e+01	   5.0324613e+01	   5.1888436e+01	   5.2479293e+01	   5.3325879e+01	   5.3076457e+01	   5.2233852e+01	   5.1882483e+01	   5.0874995e+01	   4.8727398e+01	   4.5740904e+01	   4.2124504e+01	   3.8343395e+01	   3.4524909e+01	   2.9285268e+01	   2.4376223e+01	   1.9711709e+01	             NaN	             NaN	             NaN	             NaN	             NaN	
   7.0375080e+01	   7.3955153e+01	   7.5054847e+01	   7.2302662e+01	   6.6905169e+01	   6.0926316e+01	   5.5772584e+01	   5.3041491e+01	   5.0758167e+01	   5.0640833e+01	   5.0692162e+01	   5.0355794e+01	   5.0311882e+01	   5.1746714e+01	   5.2862102e+01	   5.3049607e+01	   5.2981374e+01	   5.2648478e+01	   5.1927038e+01	   5.0905924e+01	   4.9051713e+01	   4.6273097e+01	   4.2914445e+01	   3.9182318e+01	   3.4975585e+01	   3.0483434e+01	   2.5128330e+01	   2.0581775e+01	   1.6252106e+01	             NaN	             NaN	             NaN	             NaN	
   7.1096505e+01	   7.5052870e+01	   7.5206264e+01	   7.3172960e+01	   6.7918139e+01	   6.1767451e+01	   5.7197495e+01	   5.3468283e+01	   5.1541751e+01	   5.0695291e+01	   5.0783375e+01	   5.0221146e+01	   5.0366862e+01	   5.1531413e+01	   5.2591400e+01	   5.2870892e+01	   5.3321317e+01	   5.2803861e+01	   5.2235487e+01	   5.0870753e+01	   4.9620090e+01	   4.6967358e+01	   4.3348649e+01	   3.9863566e+01	   3.6076408e+01	   3.1447822e+01	   2.6103809e+01	   2.1374692e+01	   1.7020905e+01	             NaN	             NaN	             NaN	             NaN	
   7.2491277e+01	   7.5760934e+01	   7.4942970e+01	   7.3573065e+01	   6.8078727e+01	   6.2829308e+01	   5.7356866e+01	   5.4076946e+01	   5.1731363e+01	   5.0923031e+01	   5.0541219e+01	   5.0264150e+01	   4.9908974e+01	   5.1426560e+01	   5.2676931e+01	   5.3223445e+01	   5.2788211e+01	   5.2627293e+01	   5.2117403e+01	   5.1352102e+01	   4.9805645e+01	   4.7290353e+01	   4.3991763e+01	   4.0332098e+01	   3.6543730e+01	   3.2225038e+01	   2.6980425e+01	   2.1927025e+01	   1.7801241e+01	             NaN	             NaN	             NaN	             NaN	
   7.2123692e+01	   7.5218532e+01	   7.6044609e+01	   7.4614313e+01	   6.9259490e+01	   6.3227291e+01	   5.8136619e+01	   5.4078601e+01	   5.1611596e+01	   5.0932789e+01	   5.0523813e+01	   4.9884215e+01	   5.0058212e+01	   5.1063192e+01	   5.2387822e+01	   5.2859373e+01	   5.2964853e+01	   5.2631001e+01	   5.2278601e+01	   5.1477173e+01	   5.0046553e+01	   4.7265452e+01	   4.4377852e+01	   4.0860393e+01	   3.6948810e+01	   3.2903751e+01	   2.7928486e+01	   2.2725844e+01	   1.8419246e+01	   1.4546858e+01	             NaN	             NaN	             NaN	
   7.1063080e+01	   7.7354767e+01	   7.6634570e+01	   7.3861803e+01	   6.9648647e+01	   6.3639970e+01	   5.8074010e+01	   5.4095028e+01	   5.1987557e+01	   5.1054727e+01	   5.0543961e+01	   4.9726960e+01	   4.9565796e+01	   5.0908331e+01	   5.1962541e+01	   5.2489557e+01	   5.2574530e+01	   5.2575172e+01	   5.2320975e+01	   5.1380113e+01	   4.9946988e+01	   4.7636973e+01	   4.4644012e+01	   4.1316419e+01	   3.7688521e+01	   3.3286455e+01	   2.8476299e+01	   2.3455430e+01	   1.8997653e+01	   1.5333207e+01	             NaN	             NaN	             NaN	
   7.1934689e+01	   7.7253275e+01	   7.8006457e+01	   7.4988882e+01	   6.9555853e+01	   6.4461680e+01	   5.8068636e+01	   5.3863726e+01	   5.1309483e+01	   5.0507378e+01	   5.0212700e+01	   4.9440684e+01	   4.9245571e+01	   5.0233101e+01	   5.1766088e+01	   5.1838951e+01	   5.2202654e+01	   5.2069713e+01	   5.1849667e+01	   5.1222314e+01	   4.9832090e+01	   4.7450656e+01	   4.4601707e+01	   4.1312653e+01	   3.7982048e+01	   3.3890362e+01	   2.9180479e+01	   2.4092658e+01	   1.9682403e+01	   1.6017862e+01	   1.2563369e+01	             NaN	             NaN	
   7.3525315e+01	   7.7751154e+01	   7.7229437e+01	   7.4051710e+01	   7.0281725e+01	   6.3798851e+01	   5.7969981e+01	   5.3930946e+01	   5.1931605e+01	   5.0466012e+01	   5.0206947e+01	   4.8826081e+01	   4.9141136e+01	   4.9930156e+01	   5.1020688e+01	   5.1726903e+01	   5.1694453e+01	   5.1902622e+01	   5.1661129e+01	   5.0859933e+01	   4.9686478e+01	   4.7506567e+01	   4.4807683e+01	   4.1494984e+01	   3.8299968e+01	   3.4397811e+01	   2.9632649e+01	   2.4749231e+01	   2.0189875e+01	   1.6489049e+01	   1.3255618e+01	             NaN	             NaN	
   7.2044714e+01	   7.6119190e+01	   7.6623069e+01	   7.5194313e+01	   6.9908341e+01	   6.4339156e+01	   5.8190346e+01	   5.4298298e+01	   5.1415911e+01	   5.0248212e+01	   4.9674158e+01	   4.8777648e+01	   4.8631977e+01	   4.9367576e+01	   5.0545296e+01	   5.0967485e+01	   5.1046628e+01	   5.1381900e+01	   5.0924546e+01	   5.0821629e+01	   4.9155207e+01	   4.7302363e+01	   4.4582834e+01	   4.1961054e+01	   3.8459213e+01	   3.4575937e+01	   3.0240573e+01	   2.5426133e+01	   2.0885232e+01	   1.7091870e+01	   1.3903658e+01	             NaN	             NaN	
   7.1750187e+01	   7.6105167e+01	   7.6649574e+01	   7.4879962e+01	   7.0115394e+01	   6.3922321e+01	   5.8872718e+01	   5.4352035e+01	   5.1616960e+01	   5.0193962e+01	   4.9300651e+01	   4.8220507e+01	   4.7763909e+01	   4.8764759e+01	   5.0020967e+01	   5.0514131e+01	   5.0798398e+01	   5.0731943e+01	   5.0666868e+01	   5.0243910e+01	   4.9020549e+01	   4.7211954e+01	   4.4596809e+01	   4.1538108e+01	   3.8622540e+01	   3.4895796e+01	   3.0470658e+01	   2.5996186e+01	   2.1531819e+01	   1.7639765e+01	   1.4435207e+01	   1.1542354e+01	             NaN	
   7.2114840e+01	   7.7123982e+01	   7.6562286e+01	   7.5210510e+01	   6.9931746e+01	   6.4785333e+01	   5.8456342e+01	   5.4497443e+01	   5.1278073e+01	   4.9972638e+01	   4.8801542e+01	   4.7511250e+01	   4.7428216e+01	   4.8363056e+01	   4.9416555e+01	   4.9888876e+01	   5.0036373e+01	   5.0159938e+01	   5.0156008e+01	   4.9884848e+01	   4.8511072e+01	   4.6913196e+01	   4.4419586e+01	   4.1605799e+01	   3.8779654e+01	   3.5147308e+01	   3.0845179e+01	   2.6349096e+01	   2.1946596e+01	   1.8054489e+01	   1.4892969e+01	   1.2075145e+01	             NaN	
   6.9856683e+01	   7.5718893e+01	   7.5726328e+01	   7.4826761e+01	   7.0524427e+01	   6.3936265e+01	   5.9026926e+01	   5.3887609e+01	   5.0742041e+01	   4.9300861e+01	   4.7963964e+01	   4.6945427e+01	   4.6728677e+01	   4.7690238e+01	   4.8748412e+01	   4.9200780e+01	   4.9399805e+01	   4.9502653e+01	   4.9715788e+01	   4.9426077e+01	   4.8237152e+01	   4.6330460e+01	   4.4150042e+01	   4.1403061e+01	   3.8512527e+01	   3.5073208e+01	   3.1014393e+01	   2.6921154e+01	   2.2488671e+01	   1.8474852e+01	   1.5451352e+01	   1.2667107e+01	   1.0241329e+01	
   7.0923685e+01	   7.5564799e+01	   7.6226550e+01	   7.4107267e+01	   7.0664899e+01	   6.4190190e+01	   5.8782134e+01	   5.4403188e+01	   5.0910369e+01	   4.9016050e+01	   4.8141036e+01	   4.6560773e+01	   4.6173536e+01	   4.7104676e+01	   4.8136451e+01	   4.8416852e+01	   4.8773010e+01	   4.8984790e+01	   4.9005311e+01	   4.8912148e+01	   4.8026119e+01	   4.6176337e+01	   4.4000553e+01	   4.1150470e+01	   3.8463329e+01	   3.5078813e+01	   3.1205731e+01	   2.7131694e+01	   2.2996844e+01	   1.9096700e+01	   1.5987759e+01	   1.3169115e+01	   1.0751705e+01	
   7.0905393e+01	   7.3857432e+01	   7.6374247e+01	   7.4246487e+01	   6.9486709e+01	   6.4255609e+01	   5.8769854e+01	   5.4151188e+01	   5.1015481e+01	   4.8488291e+01	   4.7230605e+01	   4.6101528e+01	   4.5722431e+01	   4.6611619e+01	   4.7091428e+01	   4.7562819e+01	   4.8158801e+01	   4.8523412e+01	   4.8200312e+01	   4.8182556e+01	   4.7484544e+01	   4.5773719e+01	   4.3564819e+01	   4.1033333e+01	   3.8316456e+01	   3.5270799e+01	   3.1438530e+01	   2.7604627e+01	   2.3555774e+01	   1.9692692e+01	   1.6293221e+01	   1.3711602e+01	   1.1210366e+01	
   7.0863665e+01	   7.4912822e+01	   7.5274047e+01	   7.4411209e+01	   6.9168270e+01	   6.4006367e+01	   5.8851448e+01	   5.4739395e+01	   5.0527344e+01	   4.8522813e+01	   4.6813242e+01	   4.5684713e+01	   4.5258492e+01	   4.5683038e+01	   4.6755778e+01	   4.7040846e+01	   4.7196863e+01	   4.7593923e+01	   4.7802374e+01	   4.7554177e+01	   4.6662902e+01	   4.5237349e+01	   4.3184977e+01	   4.0709448e+01	   3.8155824e+01	   3.5235844e+01	   3.1522250e+01	   2.7779019e+01	   2.3837098e+01	   2.0167253e+01	   1.6804313e+01	   1.4095612e+01	   1.1676420e+01	
   6.9548920e+01	   7.4084817e+01	   7.5235235e+01	   7.3400156e+01	   6.9636713e+01	   6.4477666e+01	   5.8350854e+01	   5.4055659e+01	   5.0252550e+01	   4.7993408e+01	   4.6682055e+01	   4.5182472e+01	   4.4764695e+01	   4.5109353e+01	   4.5979416e+01	   4.6519728e+01	   4.6752652e+01	   4.7117541e+01	   4.6937502e+01	   4.6895042e+01	   4.6144293e+01	   4.4747076e+01	   4.2798752e+01	   4.0449644e+01	   3.8167540e+01	   3.5172934e+01	   3.1607540e+01	   2.7826776e+01	   2.4164665e+01	   2.0528377e+01	   1.7153032e+01	   1.4469708e+01	   1.2178154e+01	
   6.8022364e+01	   7.3210839e+01	   7.5162899e+01	   7.3586011e+01	   6.9661064e+01	   6.3837673e+01	   5.8490857e+01	   5.3182889e+01	   4.9622608e+01	   4.7638657e+01	   4.6087860e+01	   4.4461692e+01	   4.3996600e+01	   4.4462036e+01	   4.5312877e+01	   4.5640962e+01	   4.6090763e+01	   4.6035715e+01	   4.6234802e+01	   4.6129585e+01	   4.5425647e+01	   4.4139780e+01	   4.2309558e+01	   4.0145226e+01	   3.7886558e+01	   3.5018577e+01	   3.1696895e+01	   2.8118741e+01	   2.4495820e+01	   2.0982891e+01	   1.7644257e+01	   1.4969511e+01	   1.2698117e+01	
             NaN	   7.3235967e+01	   7.3267092e+01	   7.2484599e+01	   6.9084200e+01	   6.3443279e+01	   5.8168007e+01	   5.3279506e+01	   4.9144901e+01	   4.6938520e+01	   4.5402651e+01	   4.3568279e+01	   4.3623020e+01	   4.3582484e+01	   4.4539222e+01	   4.4767014e+01	   4.5099117e+01	   4.5221985e+01	   4.5538413e+01	   4.5605238e+01	   4.4918311e+01	   4.3487177e+01	   4.1739687e+01	   3.9545829e+01	   3.7556420e+01	   3.5010987e+01	   3.1706383e+01	   2.8265437e+01	   2.4716314e+01	   2.1350531e+01	   1.8129822e+01	   1.5242839e+01	   1.3037394e+01	
             NaN	   7.0950501e+01	   7.2658753e+01	   7.1779013e+01	   6.8402497e+01	   6.2835846e+01	   5.7917232e+01	   5.3130998e+01	   4.8942904e+01	   4.6719104e+01	   4.4855679e+01	   4.3479909e+01	   4.2914338e+01	   4.3072134e+01	   4.3518633e+01	   4.3976784e+01	   4.4441324e+01	   4.4570084e+01	   4.4718976e+01	   4.4913485e+01	   4.4144926e+01	   4.3006922e+01	   4.1281683e+01	   3.9308475e+01	   3.7228273e+01	   3.4765357e+01	   3.1428988e+01	   2.8182229e+01	   2.4883293e+01	   2.1495736e+01	   1.8460293e+01	   1.5525422e+01	   1.3345832e+01	
             NaN	   7.0381349e+01	   7.3516003e+01	   7.1487603e+01	   6.7837161e+01	   6.2535085e+01	   5.8166848e+01	   5.2777263e+01	   4.8737412e+01	   4.5903273e+01	   4.4683897e+01	   4.2931410e+01	   4.1932197e+01	   4.2580988e+01	   4.2693450e+01	   4.3342210e+01	   4.3591985e+01	   4.3856095e+01	   4.4029331e+01	   4.4076694e+01	   4.3534815e+01	   4.2396729e+01	   4.0622901e+01	   3.8992720e+01	   3.6848717e+01	   3.4647385e+01	   3.1558956e+01	   2.8435156e+01	   2.4859887e+01	   2.1665288e+01	   1.8693799e+01	   1.6123848e+01	   1.3631949e+01	
             NaN	   7.0299482e+01	   7.2413084e+01	   7.0526580e+01	   6.7142928e+01	   6.1923873e+01	   5.7754501e+01	   5.2482409e+01	   4.8230159e+01	   4.5785050e+01	   4.3946365e+01	   4.2485125e+01	   4.1208226e+01	   4.1832577e+01	   4.2329248e+01	   4.2658243e+01	   4.2947273e+01	   4.2938772e+01	   4.3350114e+01	   4.3456327e+01	   4.2708721e+01	   4.1863367e+01	   4.0185803e+01	   3.8437536e+01	   3.6679535e+01	   3.4047965e+01	   3.1212842e+01	   2.8210135e+01	   2.5039818e+01	   2.2024539e+01	   1.9153050e+01	   1.6397497e+01	   1.4047868e+01	
             NaN	   6.9899303e+01	   7.2439211e+01	   7.0124243e+01	   6.6864110e+01	   6.1568689e+01	   5.6955521e+01	   5.2442258e+01	   4.8443310e+01	   4.5448741e+01	   4.3430421e+01	   4.1821628e+01	   4.0947111e+01	   4.1076585e+01	   4.1587266e+01	   4.1658587e+01	   4.2359316e+01	   4.2256392e+01	   4.2622606e+01	   4.2710057e+01	   4.2162781e+01	   4.1036063e+01	   3.9615914e+01	   3.7836203e+01	   3.6154801e+01	   3.3834516e+01	   3.1191388e+01	   2.8305995e+01	   2.5133745e+01	   2.2127454e+01	   1.9373909e+01	   1.6633145e+01	   1.4273604e+01	
             NaN	   6.9238448e+01	   6.9650972e+01	   6.9830593e+01	   6.6108459e+01	   6.2379489e+01	   5.6143103e+01	   5.1552202e+01	   4.7621475e+01	   4.4679958e+01	   4.2951186e+01	   4.1107322e+01	   4.0557045e+01	   4.0306489e+01	   4.0974425e+01	   4.0996095e+01	   4.1268513e+01	   4.1309535e+01	   4.1719437e+01	   4.1670614e+01	   4.1532315e+01	   4.0505190e+01	   3.9000222e+01	   3.7376316e+01	   3.5830050e+01	   3.3650646e+01	   3.1029257e+01	   2.8159432e+01	   2.5167424e+01	   2.2331854e+01	   1.9553599e+01	   1.7050247e+01	   1.4580759e+01	
             NaN	             NaN	   6.9044787e+01	   6.8845628e+01	   6.5492072e+01	   6.0866783e+01	   5.5581757e+01	   5.1446530e+01	   4.7181054e+01	   4.4618467e+01	   4.2322088e+01	   4.0307562e+01	   3.9506617e+01	   3.9732177e+01	   4.0012780e+01	   4.0499105e+01	   4.0696639e+01	   4.0396443e+01	   4.0917951e+01	   4.0905407e+01	   4.0540917e+01	   3.9679621e+01	   3.8258807e+01	   3.6847465e+01	   3.5244957e+01	   3.3398517e+01	   3.0795589e+01	   2.7932644e+01	   2.5213521e+01	   2.2404628e+01	   1.9604080e+01	   1.7296349e+01	   1.4934832e+01	
             NaN	             NaN	   6.8850959e+01	   6.7406928e+01	   6.4709166e+01	   6.0278200e+01	   5.5901024e+01	   5.0908503e+01	   4.6906970e+01	   4.3729674e+01	   4.1907597e+01	   3.9764300e+01	   3.9131758e+01	   3.9054649e+01	   3.9053306e+01	   3.9446687e+01	   3.9763114e+01	   4.0167042e+01	   4.0207134e+01	   4.0226462e+01	   3.9722136e+01	   3.8906613e+01	   3.7852308e+01	   3.6258106e+01	   3.4831288e+01	   3.3105397e+01	   3.0541657e+01	   2.7920828e+01	   2.5147430e+01	   2.2366676e+01	   1.9856110e+01	   1.7362104e+01	   1.5170934e+01	
             NaN	             NaN	   6.7319344e+01	   6.6544601e+01	   6.3268175e+01	   5.9360566e+01	   5.4909489e+01	   5.0422625e+01	   4.6221710e+01	   4.3109576e+01	   4.0805192e+01	   3.9283432e+01	   3.8177149e+01	   3.8490093e+01	   3.8782966e+01	   3.8751845e+01	   3.9060512e+01	   3.9290234e+01	   3.9168844e+01	   3.9382812e+01	   3.9079303e+01	   3.7960503e+01	   3.7001784e+01	   3.5647890e+01	   3.4233281e+01	   3.2488026e+01	   3.0202974e+01	   2.7747398e+01	   2.5070833e+01	   2.2366140e+01	   1.9863255e+01	   1.7685497e+01	   1.5476112e+01	
             NaN	             NaN	   6.6570016e+01	   6.5259880e+01	   6.2969798e+01	   5.9025226e+01	   5.4384963e+01	   4.9912694e+01	   4.5841669e+01	   4.2613645e+01	   4.0366696e+01	   3.8703248e+01	   3.7523104e+01	   3.7506903e+01	   3.7663165e+01	   3.7633913e+01	   3.7650771e+01	   3.7803982e+01	   3.8219992e+01	   3.8208889e+01	   3.8005945e+01	   3.7189860e+01	   3.5991279e+01	   3.4792116e+01	   3.3683646e+01	   3.1890263e+01	   2.9735722e+01	   2.7498774e+01	   2.4786536e+01	   2.2405408e+01	   1.9906426e+01	   1.7659752e+01	   1.5667937e+01	
             NaN	             NaN	   6.6020296e+01	   6.4371121e+01	   6.2092275e+01	   5.8156532e+01	   5.3939349e+01	   4.9476026e+01	   4.5071803e+01	   4.2197894e+01	   3.9585982e+01	   3.8001950e+01	   3.6898868e+01	   3.6644835e+01	   3.7036257e+01	   3.7260927e+01	   3.7026476e+01	   3.7063568e+01	   3.7629934e+01	   3.7586851e+01	   3.7215005e+01	   3.6385761e+01	   3.5431625e+01	   3.4336875e+01	   3.3135614e+01	   3.1597235e+01	   2.9279751e+01	   2.7124391e+01	   2.4711375e+01	   2.2245955e+01	   1.9888257e+01	   1.7757713e+01	   1.5820314e+01	
             NaN	             NaN	             NaN	   6.4539323e+01	   6.1486095e+01	   5.7731835e+01	   5.3848810e+01	   4.8943374e+01	   4.5053363e+01	   4.1933764e+01	   3.9489253e+01	   3.7443048e+01	   3.6888259e+01	   3.6235455e+01	   3.6395588e+01	   3.6448858e+01	   3.6266931e+01	   3.6348948e+01	   3.6887805e+01	   3.6965188e+01	   3.6806373e+01	   3.5915435e+01	   3.5048605e+01	   3.3663737e+01	   3.2531238e+01	   3.1131957e+01	   2.9172933e+01	   2.7030788e+01	   2.4538410e+01	   2.2272299e+01	   1.9950768e+01	   1.7811407e+01	   1.5837614e+01	
             NaN	             NaN	             NaN	   6.3533285e+01	   6.0457681e+01	   5.7074414e+01	   5.3092194e+01	   4.8170828e+01	   4.3890035e+01	   4.1285413e+01	   3.8745948e+01	   3.6610137e+01	   3.5811888e+01	   3.5529205e+01	   3.5569044e+01	   3.5590871e+01	   3.5487689e+01	   3.5683884e+01	   3.5953325e+01	   3.6096427e+01	   3.5759387e+01	   3.5198244e+01	   3.4157265e+01	   3.3176272e+01	   3.2063449e+01	   3.0539333e+01	   2.8808867e+01	   2.6650917e+01	   2.4280944e+01	   2.2106070e+01	   1.9910662e+01	   1.7805166e+01	   1.5831862e+01	
             NaN	             NaN	             NaN	   6.1640417e+01	   5.9860533e+01	   5.5776153e+01	   5.1658377e+01	   4.7827169e+01	   4.3281785e+01	   4.0492408e+01	   3.8105609e+01	   3.6125174e+01	   3.5241883e+01	   3.4914681e+01	   3.5105615e+01	   3.4639148e+01	   3.4702634e+01	   3.4833928e+01	   3.4932178e+01	   3.5181935e+01	   3.5073461e+01	   3.4290481e+01	   3.3324802e+01	   3.2473070e+01	   3.1289782e+01	   3.0059008e+01	   2.8233380e+01	   2.6465282e+01	   2.4138268e+01	   2.2075201e+01	   1.9783912e+01	   1.7813039e+01	   1.5926034e+01	
             NaN	             NaN	             NaN	   6.1151566e+01	   5.9145322e+01	   5.5431947e+01	   5.0937987e+01	   4.6401006e+01	   4.3008864e+01	   4.0053887e+01	   3.7625961e+01	   3.5730957e+01	   3.4461118e+01	   3.4142513e+01	   3.4266880e+01	   3.4209018e+01	   3.3969681e+01	   3.3838930e+01	   3.4123422e+01	   3.4650296e+01	   3.4009121e+01	   3.3531419e+01	   3.2711695e+01	   3.1672287e+01	   3.0822124e+01	   2.9700299e+01	   2.7829346e+01	   2.6017014e+01	   2.3896806e+01	   2.1867120e+01	   1.9679994e+01	   1.7732446e+01	   1.5925712e+01	
             NaN	             NaN	             NaN	   6.0116287e+01	   5.7853012e+01	   5.4432697e+01	   5.0357967e+01	   4.6319808e+01	   4.2448912e+01	   3.9075440e+01	   3.6861834e+01	   3.5187508e+01	   3.4193071e+01	   3.3776574e+01	   3.3382791e+01	   3.3142482e+01	   3.3242221e+01	   3.3174083e+01	   3.3431721e+01	   3.3506233e+01	   3.3337628e+01	   3.2792846e+01	   3.1888491e+01	   3.1048540e+01	   3.0102364e+01	   2.9065000e+01	   2.7556463e+01	   2.5596692e+01	   2.3397763e+01	   2.1557957e+01	   1.9566810e+01	   1.7772209e+01	   1.5950538e+01	
             NaN	             NaN	             NaN	             NaN	   5.6911862e+01	   5.3805777e+01	   4.9849947e+01	   4.5646371e+01	   4.1892395e+01	   3.8529932e+01	   3.6444843e+01	   3.4535187e+01	   3.3155400e+01	   3.2847505e+01	   3.2710851e+01	   3.2560335e+01	   3.2458976e+01	   3.2556439e+01	   3.2369974e+01	   3.2605145e+01	   3.2471962e+01	   3.1990485e+01	   3.1238424e+01	   3.0333263e+01	   2.9642126e+01	   2.8426697e+01	   2.7059481e+01	   2.5185565e+01	   2.3352228e+01	   2.1348506e+01	   1.9400669e+01	   1.7714460e+01	   1.5951965e+01	
             NaN	             NaN	             NaN	             NaN	   5.6284964e+01	   5.2669258e+01	   4.9094924e+01	   4.5044616e+01	   4.0920613e+01	   3.7802325e+01	   3.5855063e+01	   3.3840380e+01	   3.2602502e+01	   3.2261562e+01	   3.2015397e+01	   3.1697538e+01	   3.1642224e+01	   3.1530821e+01	   3.1912163e+01	   3.1865670e+01	   3.1747750e+01	   3.1240370e+01	   3.0433876e+01	   2.9719234e+01	   2.8884665e+01	   2.7946095e+01	   2.6427845e+01	   2.4752816e+01	   2.2989340e+01	   2.1089381e+01	   1.9140923e+01	   1.7526355e+01	   1.5859198e+01	
             NaN	             NaN	             NaN	             NaN	   5.5168533e+01	   5.2286002e+01	   4.8379150e+01	   4.4157702e+01	   4.0591306e+01	   3.7527666e+01	   3.4762775e+01	   3.3058095e+01	   3.1721753e+01	   3.1330155e+01	   3.1009841e+01	   3.0904736e+01	   3.0814119e+01	   3.0789308e+01	   3.1067835e+01	   3.1078743e+01	   3.0633402e+01	   3.0331350e+01	   2.9737770e+01	   2.8887673e+01	   2.8200054e+01	   2.7342307e+01	   2.5749429e+01	   2.4400444e+01	   2.2488476e+01	   2.0586061e+01	   1.8980042e+01	   1.7258194e+01	   1.5756875e+01	
             NaN	             NaN	             NaN	             NaN	   5.3369680e+01	   5.0258353e+01	   4.6952047e+01	   4.3477447e+01	   3.9486447e+01	   3.6451764e+01	   3.4447346e+01	   3.2391007e+01	   3.1130339e+01	   3.0660590e+01	   3.0226724e+01	   3.0019919e+01	   3.0002265e+01	   2.9990943e+01	   3.0043084e+01	   3.0175939e+01	   2.9818963e+01	   2.9527074e+01	   2.8991567e+01	   2.8271447e+01	   2.7492641e+01	   2.6696525e+01	   2.5436553e+01	   2.3809760e+01	   2.2148787e+01	   2.0409603e+01	   1.8758704e+01	   1.7182340e+01	   1.5637534e+01	
             NaN	             NaN	             NaN	             NaN	   5.2901152e+01	   4.9778773e+01	   4.6913694e+01	   4.2953840e+01	   3.9139546e+01	   3.6162999e+01	   3.3497831e+01	   3.1618599e+01	   3.0524183e+01	   2.9998082e+01	   2.9539554e+01	   2.9517656e+01	   2.9307086e+01	   2.9267355e+01	   2.9316373e+01	   2.9365252e+01	   2.9235880e+01	   2.8756515e+01	   2.8268944e+01	   2.7411398e+01	   2.6877199e+01	   2.5940591e+01	   2.4756138e+01	   2.3340014e+01	   2.1808034e+01	   2.0192926e+01	   1.8518563e+01	   1.6940835e+01	   1.5406168e+01	
             NaN	             NaN	             NaN	             NaN	             NaN	   4.8434975e+01	   4.5415737e+01	   4.1605147e+01	   3.8127138e+01	   3.5450885e+01	   3.2796739e+01	   3.1161006e+01	   2.9878753e+01	   2.9416436e+01	   2.8972945e+01	   2.8697174e+01	   2.8662560e+01	   2.8264239e+01	   2.8550973e+01	   2.8653248e+01	   2.8578952e+01	   2.7979916e+01	   2.7584454e+01	   2.6898715e+01	   2.6262780e+01	   2.5569742e+01	   2.4150713e+01	   2.2980042e+01	   2.1262511e+01	   1.9781337e+01	   1.8237047e+01	   1.6667465e+01	   1.5390921e+01	
             NaN	             NaN	             NaN	             NaN	             NaN	   4.8140162e+01	   4.5026707e+01	   4.1386766e+01	   3.7557899e+01	   3.4380133e+01	   3.2305774e+01	   3.0615603e+01	   2.9244510e+01	   2.8950749e+01	   2.8398034e+01	   2.8033562e+01	   2.7834509e+01	   2.7710629e+01	   2.7717178e+01	   2.7838514e+01	   2.7645311e+01	   2.7273926e+01	   2.6615404e+01	   2.6195458e+01	   2.5795913e+01	   2.4939593e+01	   2.3643431e+01	   2.2396196e+01	   2.1056820e+01	   1.9447472e+01	   1.7973880e+01	   1.6569596e+01	   1.5196105e+01	
             NaN	             NaN	             NaN	             NaN	             NaN	   4.6693433e+01	   4.4205401e+01	   4.0276150e+01	   3.6864743e+01	   3.3916397e+01	   3.1693601e+01	   2.9835749e+01	   2.8592357e+01	   2.7911261e+01	   2.7712986e+01	   2.7115771e+01	   2.7111365e+01	   2.6863920e+01	   2.6842058e+01	   2.7144465e+01	   2.6739130e+01	   2.6499674e+01	   2.6063690e+01	   2.5505636e+01	   2.4909962e+01	   2.4232324e+01	   2.3377277e+01	   2.1928405e+01	   2.0605983e+01	   1.9106320e+01	   1.7654891e+01	   1.6318456e+01	   1.5040959e+01	
             NaN	             NaN	             NaN	             NaN	             NaN	   4.5952902e+01	   4.3769549e+01	   3.9158897e+01	   3.6088865e+01	   3.3567993e+01	   3.1093815e+01	   2.9219786e+01	   2.7864704e+01	   2.7428426e+01	   2.6652341e+01	   2.6538743e+01	   2.6298883e+01	   2.6263717e+01	   2.6233547e+01	   2.6200658e+01	   2.6091579e+01	   2.5766220e+01	   2.5362168e+01	   2.4661159e+01	   2.4252305e+01	   2.3578101e+01	   2.2641115e+01	   2.1646734e+01	   2.0160320e+01	   1.8743714e+01	   1.7404695e+01	   1.6039219e+01	   1.4807574e+01	
             NaN	             NaN	             NaN	             NaN	             NaN	   4.4939492e+01	   4.2499132e+01	   3.8920001e+01	   3.4976336e+01	   3.2571014e+01	   3.0383353e+01	   2.8814305e+01	   2.7432842e+01	   2.7022769e+01	   2.6258738e+01	   2.6130368e+01	   2.5705570e+01	   2.5428790e+01	   2.5612590e+01	   2.5666836e+01	   2.5414152e+01	   2.5035478e+01	   2.4685504e+01	   2.4255977e+01	   2.3901839e+01	   2.3205920e+01	   2.2220675e+01	   2.1019837e+01	   1.9942014e+01	   1.8442040e+01	   1.7120395e+01	   1.5727757e+01	   1.4540805e+01	
             NaN	             NaN	             NaN	             NaN	             NaN	             NaN	   4.1402353e+01	   3.7932738e+01	   3.4854725e+01	   3.1858130e+01	   2.9975646e+01	   2.7900327e+01	   2.6673931e+01	   2.6416990e+01	   2.5646037e+01	   2.5273249e+01	   2.5171794e+01	   2.4748596e+01	   2.4845357e+01	   2.4750664e+01	   2.4776416e+01	   2.4392110e+01	   2.3964881e+01	   2.3542052e+01	   2.3135159e+01	   2.2665652e+01	   2.1676659e+01	   2.0739217e+01	   1.9516470e+01	   1.8096956e+01	   1.6954414e+01	   1.5654284e+01	   1.4481351e+01	
             NaN	             NaN	             NaN	             NaN	             NaN	             NaN	   3.9959520e+01	   3.7301750e+01	   3.4275184e+01	   3.1382026e+01	   2.9114832e+01	   2.7410553e+01	   2.6196229e+01	   2.5533933e+01	   2.4997566e+01	   2.4665395e+01	   2.4335657e+01	   2.4214360e+01	   2.4300549e+01	   2.4287452e+01	   2.4099008e+01	   2.3814924e+01	   2.3392238e+01	   2.3043273e+01	   2.2616135e+01	   2.2055831e+01	   2.1370866e+01	   2.0278404e+01	   1.9014064e+01	   1.7670002e+01	   1.6599438e+01	   1.5376910e+01	   1.4236100e+01	
   0.0000000e+00	             NaN	             NaN	             NaN	             NaN	             NaN	   3.9307225e+01	   3.6448135e+01	   3.3173276e+01	   3.0799391e+01	   2.8802461e+01	   2.6605562e+01	   2.5520665e+01	   2.5019579e+01	   2.4412768e+01	   2.4108284e+01	   2.3775335e+01	   2.3520582e+01	   2.3768937e+01	   2.3664927e+01	   2.3507967e+01	   2.2981863e+01	   2.2870611e+01	   2.2336762e+01	   2.1975966e+01	   2.1509905e+01	   2.0615001e+01	   1.9629618e+01	   1.8516693e+01	   1.7554330e+01	   1.6156782e+01	   1.5149941e+01	   1.4049767e+01	
   0.0000000e+00	             NaN	             NaN	             NaN	             NaN	             NaN	   3.8799154e+01	   3.6039916e+01	   3.2628855e+01	   2.9833894e+01	   2.7829287e+01	   2.6406685e+01	   2.4995227e+01	   2.4608702e+01	   2.3997563e+01	   2.3481326e+01	   2.3196173e+01	   2.2966084e+01	   2.2847312e+01	   2.2860322e+01	   2.2865320e+01	   2.2459034e+01	   2.2176087e+01	   2.1645006e+01	   2.1249307e+01	   2.0877673e+01	   2.0266423e+01	   1.9140334e+01	   1.8231905e+01	   1.7055250e+01	   1.5925226e+01	   1.4782248e+01	   1.3838050e+01	
   0.0000000e+00	             NaN	             NaN	             NaN	             NaN	             NaN	   3.7989901e+01	   3.4909881e+01	   3.2124386e+01	   2.9719815e+01	   2.7608842e+01	   2.5769484e+01	   2.4490922e+01	   2.3874667e+01	   2.3308579e+01	   2.2781869e+01	   2.2640221e+01	   2.2200168e+01	   2.2356483e+01	   2.2490716e+01	   2.2040232e+01	   2.1779051e+01	   2.1380946e+01	   2.1163802e+01	   2.0882922e+01	   2.0287716e+01	   1.9819970e+01	   1.8806808e+01	   1.7776890e+01	   1.6722805e+01	   1.5662687e+01	   1.4540004e+01	   1.3491701e+01	
   0.0000000e+00	             NaN	             NaN	             NaN	             NaN	             NaN	             NaN	   3.4803384e+01	   3.1526932e+01	   2.8959618e+01	   2.6772534e+01	   2.4934167e+01	   2.3827455e+01	   2.3332764e+01	   2.2802304e+01	   2.2439027e+01	   2.2034211e+01	   2.1901008e+01	   2.1580208e+01	   2.1752608e+01	   2.1455479e+01	   2.1136401e+01	   2.0834910e+01	   2.0432907e+01	   2.0219636e+01	   1.9901800e+01	   1.9057037e+01	   1.8316292e+01	   1.7471076e+01	   1.6264077e+01	   1.5318860e+01	   1.4210961e+01	   1.3307579e+01	
   0.0000000e+00	             NaN	             NaN	             NaN	             NaN	             NaN	             NaN	   3.3609175e+01	   3.0443352e+01	   2.8225624e+01	   2.6129282e+01	   2.4578587e+01	   2.3582130e+01	   2.2629462e+01	   2.2332814e+01	   2.1677029e+01	   2.1368154e+01	   2.1076312e+01	   2.0974322e+01	   2.1024541e+01	   2.0836111e+01	   2.0597099e+01	   2.0298139e+01	   1.9958893e+01	   1.9882185e+01	   1.9279617e+01	   1.8593311e+01	   1.7832690e+01	   1.6782355e+01	   1.6011878e+01	   1.4869089e+01	   1.3997512e+01	   1.3072934e+01	
   0.0000000e+00	   0.0000000e+00	             NaN	             NaN	             NaN	             NaN	             NaN	   3.2858577e+01	   2.9986208e+01	   2.7324145e+01	   2.5495858e+01	   2.4093862e+01	   2.2914053e+01	   2.2203321e+01	   2.1770119e+01	   2.1092793e+01	   2.0869664e+01	   2.0416165e+01	   2.0355546e+01	   2.0330214e+01	   2.0279284e+01	   2.0122528e+01	   1.9651298e+01	   1.9302983e+01	   1.9079947e+01	   1.8841135e+01	   1.8237448e+01	   1.7597070e+01	   1.6539712e+01	   1.5636939e+01	   1.4716868e+01	   1.3711475e+01	   1.2794222e+01	
   0.0000000e+00	   0.0000000e+00	             NaN	             NaN	             NaN	             NaN	             NaN	   3.2264202e+01	   2.9339347e+01	   2.7055492e+01	   2.5171670e+01	   2.3773011e+01	   2.2559242e+01	   2.1667104e+01	   2.0945538e+01	   2.0516314e+01	   2.0210257e+01	   2.0074672e+01	   1.9819776e+01	   1.9861734e+01	   1.9596907e+01	   1.9597245e+01	   1.9343064e+01	   1.8795225e+01	   1.8721519e+01	   1.8313177e+01	   1.7667524e+01	   1.7049310e+01	   1.6098059e+01	   1.5107369e+01	   1.4215162e+01	   1.3440474e+01	   1.2440744e+01	
   0.0000000e+00	   0.0000000e+00	             NaN	             NaN	             NaN	             NaN	             NaN	   3.0994466e+01	   2.8434719e+01	   2.6288832e+01	   2.4546652e+01	   2.2878313e+01	   2.1810675e+01	   2.0921013e+01	   2.0212998e+01	   1.9860177e+01	   1.9807416e+01	   1.9342459e+01	   1.9137146e+01	   1.9304917e+01	   1.8978589e+01	   1.8776998e+01	   1.8561790e+01	   1.8236813e+01	   1.8049531e+01	   1.7677366e+01	   1.7061632e+01	   1.6506804e+01	   1.5641673e+01	   1.4690631e+01	   1.3758459e+01	   1.2960328e+01	   1.2197882e+01	
   0.0000000e+00	   0.0000000e+00	             NaN	             NaN	             NaN	             NaN	             NaN	             NaN	   2.7555174e+01	   2.5722912e+01	   2.3617871e+01	   2.2029101e+01	   2.1230268e+01	   2.0291583e+01	   1.9986264e+01	   1.9254124e+01	   1.8869263e+01	   1.8639577e+01	   1.8625462e+01	   1.8368182e+01	   1.8210823e+01	   1.8071350e+01	   1.7894317e+01	   1.7647413e+01	   1.7469624e+01	   1.7155324e+01	   1.6686053e+01	   1.5957107e+01	   1.5190973e+01	   1.4347227e+01	   1.3523037e+01	   1.2705953e+01	   1.1918588e+01	
   0.0000000e+00	   0.0000000e+00	             NaN	             NaN	             NaN	             NaN	             NaN	             NaN	   2.6909959e+01	   2.4936166e+01	   2.2908810e+01	   2.1788360e+01	   2.0743106e+01	   1.9732015e+01	   1.9264999e+01	   1.8806270e+01	   1.8331951e+01	   1.8273048e+01	   1.7978305e+01	   1.7970331e+01	   1.7704590e+01	   1.7492707e+01	   1.7371177e+01	   1.6969229e+01	   1.6642790e+01	   1.6683492e+01	   1.6005106e+01	   1.5431869e+01	   1.4707208e+01	   1.3925101e+01	   1.3139395e+01	   1.2323387e+01	   1.1605692e+01	
   0.0000000e+00	   0.0000000e+00	   0.0000000e+00	             NaN	             NaN	             NaN	             NaN	             NaN	   2.6391114e+01	   2.4647626e+01	   2.2586086e+01	   2.1127906e+01	   2.0001314e+01	   1.9125971e+01	   1.8732308e+01	   1.8272105e+01	   1.8180371e+01	   1.7804464e+01	   1.7738027e+01	   1.7379017e+01	   1.7458207e+01	   1.7279347e+01	   1.6944686e+01	   1.6578657e+01	   1.6463420e+01	   1.6178149e+01	   1.5776165e+01	   1.5119898e+01	   1.4446406e+01	   1.3600528e+01	   1.2842674e+01	   1.2069827e+01	   1.1356835e+01	
   0.0000000e+00	   0.0000000e+00	   0.0000000e+00	             NaN	             NaN	             NaN	             NaN	             NaN	   2.6096393e+01	   2.4381918e+01	   2.2163399e+01	   2.0807957e+01	   1.9549302e+01	   1.8918142e+01	   1.8333693e+01	   1.7859713e+01	   1.7625645e+01	   1.7366959e+01	   1.7025641e+01	   1.7055095e+01	   1.6906787e+01	   1.6713010e+01	   1.6421464e+01	   1.6063846e+01	   1.6092838e+01	   1.5786900e+01	   1.5354009e+01	   1.4774850e+01	   1.4039428e+01	   1.3250325e+01	   1.2471352e+01	   1.1829094e+01	   1.1056856e+01	
   0.0000000e+00	   0.0000000e+00	   0.0000000e+00	             NaN	             NaN	             NaN	             NaN	             NaN	   2.5583007e+01	   2.3311469e+01	   2.1588191e+01	   2.0151246e+01	   1.9047302e+01	   1.8593482e+01	   1.7717511e+01	   1.7437049e+01	   1.7117196e+01	   1.6769273e+01	   1.6559988e+01	   1.6636323e+01	   1.6427959e+01	   1.6152044e+01	   1.5949126e+01	   1.5498625e+01	   1.5552504e+01	   1.5374403e+01	   1.4906235e+01	   1.4203225e+01	   1.3573437e+01	   1.2944330e+01	   1.2200583e+01	   1.1416155e+01	   1.0869769e+01	
   0.0000000e+00	   0.0000000e+00	   0.0000000e+00	             NaN	             NaN	             NaN	             NaN	             NaN	   2.4544280e+01	   2.2625979e+01	   2.1127540e+01	   1.9591208e+01	   1.8677011e+01	   1.7873350e+01	   1.7277494e+01	   1.6958194e+01	   1.6687818e+01	   1.6322151e+01	   1.6066297e+01	   1.5944468e+01	   1.5758807e+01	   1.5696210e+01	   1.5395589e+01	   1.5319213e+01	   1.4981126e+01	   1.4787847e+01	   1.4501171e+01	   1.3845962e+01	   1.3202595e+01	   1.2639234e+01	   1.1817118e+01	   1.1191104e+01	   1.0594099e+01	
   0.0000000e+00	   0.0000000e+00	   0.0000000e+00	             NaN	             NaN	             NaN	             NaN	             NaN	             NaN	   2.2041928e+01	   2.0475885e+01	   1.8975964e+01	   1.8169009e+01	   1.7488832e+01	   1.6927362e+01	   1.6373844e+01	   1.6042277e+01	   1.5847557e+01	   1.5531398e+01	   1.5400996e+01	   1.5390669e+01	   1.5096581e+01	   1.4846707e+01	   1.4612975e+01	   1.4548993e+01	   1.4416094e+01	   1.3952488e+01	   1.3426410e+01	   1.2827529e+01	   1.2218688e+01	   1.1547371e+01	   1.0949299e+01	   1.0295313e+01	
   0.0000000e+00	   0.0000000e+00	   0.0000000e+00	   0.0000000e+00	             NaN	             NaN	             NaN	             NaN	             NaN	   2.1869717e+01	   1.9750742e+01	   1.8643566e+01	   1.7591659e+01	   1.7003708e+01	   1.6596496e+01	   1.5981410e+01	   1.5608460e+01	   1.5555817e+01	   1.5215367e+01	   1.5078380e+01	   1.4858776e+01	   1.4849852e+01	   1.4360385e+01	   1.4304100e+01	   1.4076498e+01	   1.4027913e+01	   1.3485678e+01	   1.2983441e+01	   1.2370594e+01	   1.1980073e+01	   1.1179068e+01	   1.0515404e+01	   9.9907981e+00	
   0.0000000e+00	   0.0000000e+00	   0.0000000e+00	   0.0000000e+00	             NaN	             NaN	             NaN	             NaN	             NaN	   2.1321814e+01	   1.9361261e+01	   1.8083204e+01	   1.7143161e+01	   1.6410165e+01	   1.5859563e+01	   1.5317814e+01	   1.5091682e+01	   1.4912984e+01	   1.4538845e+01	   1.4673023e+01	   1.4300386e+01	   1.4169007e+01	   1.4059619e+01	   1.3693597e+01	   1.3822104e+01	   1.3464637e+01	   1.2990641e+01	   1.2752327e+01	   1.1958862e+01	   1.1571964e+01	   1.0773317e+01	   1.0182758e+01	   9.8231062e+00	
   0.0000000e+00	   0.0000000e+00	   0.0000000e+00	   0.0000000e+00	             NaN	             NaN	             NaN	             NaN	             NaN	   2.0823425e+01	   1.9126173e+01	   1.7756933e+01	   1.6786882e+01	   1.6012383e+01	   1.5491833e+01	   1.5200493e+01	   1.4708757e+01	   1.4430108e+01	   1.4148420e+01	   1.4212892e+01	   1.3915281e+01	   1.3829528e+01	   1.3569516e+01	   1.3340149e+01	   1.3221866e+01	   1.3014042e+01	   1.2694534e+01	   1.2233870e+01	   1.1603889e+01	   1.1201341e+01	   1.0608661e+01	   1.0032140e+01	   9.4745847e+00	
   0.0000000e+00	   0.0000000e+00	   0.0000000e+00	   0.0000000e+00	             NaN	             NaN	             NaN	             NaN	             NaN	   2.0156105e+01	   1.8335639e+01	   1.7250779e+01	   1.6119169e+01	   1.5682402e+01	   1.5187411e+01	   1.4725290e+01	   1.4236093e+01	   1.3768648e+01	   1.3833837e+01	   1.3732069e+01	   1.3479856e+01	   1.3301588e+01	   1.3078829e+01	   1.2907070e+01	   1.2836780e+01	   1.2649333e+01	   1.2215418e+01	   1.1913936e+01	   1.1441059e+01	   1.0791899e+01	   1.0238899e+01	   9.7609466e+00	   9.1392148e+00	
   0.0000000e+00	   0.0000000e+00	   0.0000000e+00	   0.0000000e+00	             NaN	             NaN	             NaN	             NaN	             NaN	             NaN	   1.7999208e+01	   1.6745703e+01	   1.5712612e+01	   1.5169134e+01	   1.4575512e+01	   1.4195157e+01	   1.3876761e+01	   1.3566200e+01	   1.3520174e+01	   1.3333898e+01	   1.3230707e+01	   1.2942076e+01	   1.2641370e+01	   1.2478412e+01	   1.2359366e+01	   1.2194004e+01	   1.1846654e+01	   1.1469520e+01	   1.1133296e+01	   1.0457972e+01	   1.0008952e+01	   9.3689646e+00	   9.0073741e+00	
   0.0000000e+00	   0.0000000e+00	   0.0000000e+00	   0.0000000e+00	             NaN	             NaN	             NaN	             NaN	             NaN	             NaN	   1.7237888e+01	   1.6215059e+01	   1.5671020e+01	   1.4771034e+01	   1.4457794e+01	   1.3764139e+01	   1.3400373e+01	   1.3125419e+01	   1.3008447e+01	   1.2747143e+01	   1.2684854e+01	   1.2443878e+01	   1.2276149e+01	   1.2086294e+01	   1.1889113e+01	   1.1778119e+01	   1.1520729e+01	   1.1128396e+01	   1.0585004e+01	   1.0162314e+01	   9.5979863e+00	   9.2761228e+00	   8.7607581e+00	
   0.0000000e+00	   0.0000000e+00	   0.0000000e+00	   0.0000000e+00	   0.0000000e+00	             NaN	             NaN	             NaN	             NaN	             NaN	   1.6787702e+01	   1.5725893e+01	   1.4867215e+01	   1.4312568e+01	   1.3677798e+01	   1.3405968e+01	   1.2837774e+01	   1.2598110e+01	   1.2753669e+01	   1.2401222e+01	   1.2327151e+01	   1.2113825e+01	   1.1716053e+01	   1.1693502e+01	   1.1555922e+01	   1.1616544e+01	   1.1063766e+01	   1.0820015e+01	   1.0418930e+01	   9.9123910e+00	   9.3673828e+00	   8.9310233e+00	   8.4424504e+00	
   0.0000000e+00	   0.0000000e+00	   0.0000000e+00	   0.0000000e+00	   0.0000000e+00	             NaN	             NaN	             NaN	             NaN	             NaN	   1.6493278e+01	   1.5565522e+01	   1.4314912e+01	   1.4088561e+01	   1.3269569e+01	   1.2900727e+01	   1.2625353e+01	   1.2206485e+01	   1.2233081e+01	   1.2022025e+01	   1.1953463e+01	   1.1727400e+01	   1.1467360e+01	   1.1402848e+01	   1.1249182e+01	   1.1233904e+01	   1.0798896e+01	   1.0629954e+01	   9.9711369e+00	   9.5314011e+00	   9.0910767e+00	   8.6519958e+00	   8.2720343e+00	
   0.0000000e+00	   0.0000000e+00	   0.0000000e+00	   0.0000000e+00	   0.0000000e+00	             NaN	             NaN	             NaN	             NaN	             NaN	   1.6045850e+01	   1.4962407e+01	   1.4097610e+01	   1.3194442e+01	   1.3120009e+01	   1.2469707e+01	   1.2416694e+01	   1.1908335e+01	   1.1729899e+01	   1.1594224e+01	   1.1476163e+01	   1.1254270e+01	   1.1203451e+01	   1.0912259e+01	   1.0923373e+01	   1.0814461e+01	   1.0460544e+01	   1.0097256e+01	   9.6954781e+00	   9.1462225e+00	   8.7452160e+00	   8.3191770e+00	   7.9715944e+00	
   0.0000000e+00	   0.0000000e+00	   0.0000000e+00	   0.0000000e+00	   0.0000000e+00	             NaN	             NaN	             NaN	             NaN	             NaN	             NaN	   1.4446244e+01	   1.3423477e+01	   1.3136890e+01	   1.2578481e+01	   1.2308534e+01	   1.1943235e+01	   1.1519813e+01	   1.1309213e+01	   1.1351744e+01	   1.1004859e+01	   1.0966709e+01	   1.0818378e+01	   1.0634648e+01	   1.0451758e+01	   1.0466653e+01	   1.0096820e+01	   9.8252077e+00	   9.3186589e+00	   8.8256371e+00	   8.4837131e+00	   8.0680000e+00	   7.7528110e+00	
   0.0000000e+00	   0.0000000e+00	   0.0000000e+00	   0.0000000e+00	   0.0000000e+00	             NaN	             NaN	             NaN	             NaN	             NaN	             NaN	   1.4245356e+01	   1.3154229e+01	   1.2874112e+01	   1.2268926e+01	   1.1696155e+01	   1.1415071e+01	   1.1187018e+01	   1.1097150e+01	   1.0742952e+01	   1.0718570e+01	   1.0515836e+01	   1.0612581e+01	   1.0271859e+01	   1.0244455e+01	   9.9712006e+00	   9.7562244e+00	   9.5131539e+00	   8.9786793e+00	   8.6855529e+00	   8.2348100e+00	   7.8371277e+00	   7.5052973e+00	
   0.0000000e+00	   0.0000000e+00	   0.0000000e+00	   0.0000000e+00	   0.0000000e+00	   0.0000000e+00	             NaN	             NaN	             NaN	             NaN	             NaN	   1.3892378e+01	   1.2785765e+01	   1.2364946e+01	   1.1802962e+01	   1.1416116e+01	   1.1025464e+01	   1.0897211e+01	   1.0670180e+01	   1.0468790e+01	   1.0339054e+01	   1.0316761e+01	   1.0137324e+01	   1.0000152e+01	   9.7200519e+00	   9.6965233e+00	   9.4006169e+00	   9.1625038e+00	   8.7732318e+00	   8.3192245e+00	   7.9638914e+00	   7.5715399e+00	   7.2009874e+00	
   0.0000000e+00	   0.0000000e+00	   0.0000000e+00	   0.0000000e+00	   0.0000000e+00	   0.0000000e+00	             NaN	             NaN	             NaN	             NaN	             NaN	   1.3597051e+01	   1.2513936e+01	   1.2193425e+01	   1.1551254e+01	   1.1134559e+01	   1.0729318e+01	   1.0496844e+01	   1.0161723e+01	   1.0291943e+01	   1.0146642e+01	   1.0042109e+01	   9.7773934e+00	   9.5944455e+00	   9.4298334e+00	   9.5200930e+00	   9.1355617e+00	   8.7605573e+00	   8.5396751e+00	   8.0565516e+00	   7.7882206e+00	   7.3930127e+00	   7.0553750e+00	
   0.0000000e+00	   0.0000000e+00	   0.0000000e+00	   0.0000000e+00	   0.0000000e+00	   0.0000000e+00	             NaN	             NaN	             NaN	             NaN	             NaN	   1.2999746e+01	   1.2247474e+01	   1.1758370e+01	   1.1172346e+01	   1.0855003e+01	   1.0462707e+01	   1.0040291e+01	   9.9119963e+00	   9.7880401e+00	   9.6619678e+00	   9.4206264e+00	   9.3959951e+00	   9.2758043e+00	   9.2382430e+00	   9.1842220e+00	   8.8081809e+00	   8.6889937e+00	   8.2224915e+00	   7.9852328e+00	   7.4460149e+00	   7.1707982e+00	   6.8772911e+00	
   0.0000000e+00	   0.0000000e+00	   0.0000000e+00	   0.0000000e+00	   0.0000000e+00	   0.0000000e+00	             NaN	             NaN	             NaN	             NaN	             NaN	             NaN	   1.2103025e+01	   1.1284513e+01	   1.0799450e+01	   1.0385617e+01	   1.0130035e+01	   9.7296819e+00	   9.6900570e+00	   9.5030756e+00	   9.3195193e+00	   9.2284760e+00	   9.0606432e+00	   8.9624600e+00	   8.9450167e+00	   8.7440289e+00	   8.5999239e+00	   8.3627695e+00	   7.8916968e+00	   7.7192734e+00	   7.3234712e+00	   6.9397770e+00	   6.6023730e+00	
   0.0000000e+00	   0.0000000e+00	   0.0000000e+00	   0.0000000e+00	   0.0000000e+00	   0.0000000e+00	             NaN	             NaN	             NaN	             NaN	             NaN	             NaN	   1.1476288e+01	   1.1035310e+01	   1.0508861e+01	   1.0205071e+01	   9.8459889e+00	   9.5724055e+00	   9.2992233e+00	   9.1250353e+00	   9.1576959e+00	   9.0418989e+00	   8.7386500e+00	   8.6669277e+00	   8.5183865e+00	   8.5712108e+00	   8.2515462e+00	   7.9192725e+00	   7.6737869e+00	   7.4012482e+00	   6.9620895e+00	   6.6282495e+00	   6.2550945e+00	
   0.0000000e+00	   0.0000000e+00	   0.0000000e+00	   0.0000000e+00	   0.0000000e+00	   0.0000000e+00	   0.0000000e+00	             NaN	             NaN	             NaN	             NaN	             NaN	   1.1157848e+01	   1.0807820e+01	   1.0143900e+01	   9.7696248e+00	   9.5584868e+00	   9.1941306e+00	   9.1157428e+00	   9.0140193e+00	   8.8206367e+00	   8.5899082e+00	   8.4843476e+00	   8.3568346e+00	   8.2220603e+00	   8.1930147e+00	   7.9529859e+00	   7.7947739e+00	   7.4775082e+00	   7.1111407e+00	   6.7700139e+00	   6.5294969e+00	   6.0677011e+00	
   0.0000000e+00	   0.0000000e+00	   0.0000000e+00	   0.0000000e+00	   0.0000000e+00	   0.0000000e+00	   0.0000000e+00	             NaN	             NaN	             NaN	             NaN	             NaN	   1.0713850e+01	   1.0183422e+01	   9.8956235e+00	   9.5068087e+00	   9.2806821e+00	   8.8272740e+00	   8.7772232e+00	   8.6713729e+00	   8.5709299e+00	   8.4096693e+00	   8.3389675e+00	   8.0003695e+00	   7.9717593e+00	   7.9008781e+00	   7.7851702e+00	   7.4411046e+00	   7.1525930e+00	   6.9329564e+00	   6.5294643e+00	   6.3142654e+00	   5.9157015e+00	
   0.0000000e+00	   0.0000000e+00	   0.0000000e+00	   0.0000000e+00	   0.0000000e+00	   0.0000000e+00	   0.0000000e+00	             NaN	             NaN	             NaN	             NaN	             NaN	   1.0486425e+01	   1.0023760e+01	   9.5801637e+00	   9.2211254e+00	   9.0061815e+00	   8.7654314e+00	   8.4343893e+00	   8.2506769e+00	   8.1168569e+00	   8.0858771e+00	   7.9867490e+00	   7.7452651e+00	   7.6688736e+00	   7.6397155e+00	   7.4319642e+00	   7.2358822e+00	   6.9416305e+00	   6.6330799e+00	   6.3916765e+00	   6.1206106e+00	   5.7051061e+00	
   0.0000000e+00	   0.0000000e+00	   0.0000000e+00	   0.0000000e+00	   0.0000000e+00	   0.0000000e+00	   0.0000000e+00	             NaN	             NaN	             NaN	             NaN	             NaN	             NaN	   9.7581126e+00	   9.2947004e+00	   8.9280610e+00	   8.6049864e+00	   8.3637639e+00	   8.2016170e+00	   8.1383060e+00	   7.8235723e+00	   7.8447974e+00	   7.7197947e+00	   7.4124299e+00	   7.5114785e+00	   7.3862982e+00	   7.1527789e+00	   6.9255410e+00	   6.7595992e+00	   6.4073731e+00	   6.1230093e+00	   5.7754208e+00	   5.6428232e+00	
   0.0000000e+00	   0.0000000e+00	   0.0000000e+00	   0.0000000e+00	   0.0000000e+00	   0.0000000e+00	   0.0000000e+00	             NaN	             NaN	             NaN	             NaN	             NaN	             NaN	   9.4852635e+00	   8.8356601e+00	   8.5680285e+00	   8.3472710e+00	   8.0917802e+00	   7.7988728e+00	   7.8189508e+00	   7.6458922e+00	   7.5258210e+00	   7.3304950e+00	   7.2189593e+00	   7.1976656e+00	   7.0548372e+00	   6.9460143e+00	   6.7182858e+00	   6.3537039e+00	   6.2274295e+00	   5.8431115e+00	   5.6149648e+00	   5.4075265e+00	
   0.0000000e+00	   0.0000000e+00	   0.0000000e+00	   0.0000000e+00	   0.0000000e+00	   0.0000000e+00	   0.0000000e+00	   0.0000000e+00	             NaN	             NaN	             NaN	             NaN	             NaN	   9.2094677e+00	   8.7114160e+00	   8.3526938e+00	   7.9151093e+00	   7.7934020e+00	   7.6918920e+00	   7.3547942e+00	   7.4026273e+00	   7.3027697e+00	   6.9998981e+00	   7.0031275e+00	   6.9480759e+00	   6.7333750e+00	   6.6943567e+00	   6.3925766e+00	   6.1700590e+00	   5.9086925e+00	   5.6578459e+00	   5.4341029e+00	   5.1221737e+00	
   0.0000000e+00	   0.0000000e+00	   0.0000000e+00	   0.0000000e+00	   0.0000000e+00	   0.0000000e+00	   0.0000000e+00	   0.0000000e+00	             NaN	             NaN	             NaN	             NaN	             NaN	   8.9949935e+00	   8.4537396e+00	   8.1669381e+00	   7.8444282e+00	   7.5619884e+00	   7.3991276e+00	   7.2989014e+00	   7.1389071e+00	   7.0370708e+00	   6.8044581e+00	   6.7503575e+00	   6.6472420e+00	   6.6381305e+00	   6.4665385e+00	   6.2218137e+00	   6.0375673e+00	   5.7703582e+00	   5.5478157e+00	   5.3795347e+00	   5.0430483e+00	
   0.0000000e+00	   0.0000000e+00	   0.0000000e+00	   0.0000000e+00	   0.0000000e+00	   0.0000000e+00	   0.0000000e+00	   0.0000000e+00	             NaN	             NaN	             NaN	             NaN	             NaN	   8.6713600e+00	   8.3856668e+00	   7.8843774e+00	   7.7408374e+00	   7.3663510e+00	   7.1531089e+00	   7.0737014e+00	   6.8641293e+00	   6.7071535e+00	   6.7013760e+00	   6.5201297e+00	   6.2996473e+00	   6.3749231e+00	   6.2091441e+00	   6.0115041e+00	   5.9076807e+00	   5.5477287e+00	   5.3210191e+00	   5.1116465e+00	   4.9640725e+00	
   0.0000000e+00	   0.0000000e+00	   0.0000000e+00	   0.0000000e+00	   0.0000000e+00	   0.0000000e+00	   0.0000000e+00	   0.0000000e+00	             NaN	             NaN	             NaN	             NaN	             NaN	             NaN	   7.8738131e+00	   7.6893784e+00	   7.3501442e+00	   7.0609674e+00	   6.8356731e+00	   6.6592536e+00	   6.6725295e+00	   6.5471526e+00	   6.3861938e+00	   6.2541685e+00	   6.2650357e+00	   6.0705257e+00	   6.0539928e+00	   5.8365438e+00	   5.5881890e+00	   5.3852833e+00	   5.1288070e+00	   4.8165036e+00	   4.7241718e+00	
   0.0000000e+00	   0.0000000e+00	   0.0000000e+00	   0.0000000e+00	   0.0000000e+00	   0.0000000e+00	   0.0000000e+00	   0.0000000e+00	             NaN	             NaN	             NaN	             NaN	             NaN	             NaN	   7.7587267e+00	   7.4195496e+00	   7.0774717e+00	   6.7007442e+00	   6.6402645e+00	   6.5512515e+00	   6.3395065e+00	   6.3055318e+00	   6.1652837e+00	   6.1444940e+00	   6.0408048e+00	   5.8943958e+00	   5.7531181e+00	   5.6265991e+00	   5.5146751e+00	   5.1297068e+00	   4.8750478e+00	   4.7222283e+00	   4.5930577e+00	
   0.0000000e+00	   0.0000000e+00	   0.0000000e+00	   0.0000000e+00	   0.0000000e+00	   0.0000000e+00	   0.0000000e+00	   0.0000000e+00	   0.0000000e+00	             NaN	             NaN	             NaN	             NaN	             NaN	   7.6698998e+00	   7.3136882e+00	   6.7565649e+00	   6.6030587e+00	   6.4892907e+00	   6.3057851e+00	   6.3143332e+00	   6.1431962e+00	   5.9400846e+00	   5.8688849e+00	   5.8119410e+00	   5.8171080e+00	   5.5768114e+00	   5.4011532e+00	   5.2010304e+00	   4.9263929e+00	   4.8233758e+00	   4.4895077e+00	   4.4498517e+00	
   0.0000000e+00	   0.0000000e+00	   0.0000000e+00	   0.0000000e+00	   0.0000000e+00	   0.0000000e+00	   0.0000000e+00	   0.0000000e+00	   0.0000000e+00	             NaN	             NaN	             NaN	             NaN	             NaN	   7.3871494e+00	   7.0427953e+00	   6.7022833e+00	   6.3887665e+00	   6.3698141e+00	   6.1741042e+00	   5.9792210e+00	   5.9924301e+00	   5.7465395e+00	   5.6263512e+00	   5.6276110e+00	   5.5701955e+00	   5.3413095e+00	   5.2937376e+00	   5.0770902e+00	   4.8515723e+00	   4.6327775e+00	   4.4842242e+00	   4.1996981e+00	
   0.0000000e+00	   0.0000000e+00	   0.0000000e+00	   0.0000000e+00	   0.0000000e+00	   0.0000000e+00	   0.0000000e+00	   0.0000000e+00	   0.0000000e+00	             NaN	             NaN	             NaN	             NaN	             NaN	   7.2105062e+00	   6.7507609e+00	   6.6506958e+00	   6.2012770e+00	   6.0352740e+00	   6.0234362e+00	   5.8980481e+00	   5.6748273e+00	   5.4671382e+00	   5.3494151e+00	   5.3593983e+00	   5.3698992e+00	   5.2045701e+00	   4.8836345e+00	   4.9879665e+00	   4.6852826e+00	   4.4115520e+00	   4.2957566e+00	   4.1724775e+00	
   0.0000000e+00	   0.0000000e+00	   0.0000000e+00	   0.0000000e+00	   0.0000000e+00	   0.0000000e+00	   0.0000000e+00	   0.0000000e+00	   0.0000000e+00	             NaN	             NaN	             NaN	             NaN	             NaN	             NaN	   6.5984379e+00	   6.2577920e+00	   6.0098248e+00	   5.8547426e+00	   5.7064914e+00	   5.6091580e+00	   5.5201154e+00	   5.3951247e+00	   5.3625796e+00	   5.2901396e+00	   5.0627350e+00	   5.0274688e+00	   4.8644813e+00	   4.6198102e+00	   4.5946912e+00	   4.2926659e+00	   4.1169179e+00	   3.8877968e+00	
   0.0000000e+00	   0.0000000e+00	   0.0000000e+00	   0.0000000e+00	   0.0000000e+00	   0.0000000e+00	   0.0000000e+00	   0.0000000e+00	   0.0000000e+00	             NaN	             NaN	             NaN	             NaN	             NaN	             NaN	   6.4561670e+00	   6.0506508e+00	   5.8441181e+00	   5.5818394e+00	   5.5337320e+00	   5.4402420e+00	   5.2615991e+00	   5.2332172e+00	   5.0297605e+00	   5.1393031e+00	   5.0085277e+00	   4.9281379e+00	   4.6366740e+00	   4.5187937e+00	   4.3958499e+00	   4.2444889e+00	   4.0275013e+00	   3.8353508e+00	
   0.0000000e+00	   0.0000000e+00	   0.0000000e+00	   0.0000000e+00	   0.0000000e+00	   0.0000000e+00	   0.0000000e+00	   0.0000000e+00	   0.0000000e+00	   0.0000000e+00	             NaN	             NaN	             NaN	             NaN	             NaN	   6.2018064e+00	   5.8687943e+00	   5.7170862e+00	   5.5108794e+00	   5.5592991e+00	   5.3548782e+00	   5.0749604e+00	   4.9054171e+00	   4.9322872e+00	   4.9009287e+00	   4.8231015e+00	   4.6424098e+00	   4.4838987e+00	   4.3519060e+00	   4.2332647e+00	   4.0228574e+00	   3.8497462e+00	   3.6250019e+00	
