   2.4847969e+00	  -2.6542180e+00	  -8.6589250e-02	             NaN	             NaN	             NaN	             NaN	             NaN	             NaN	             NaN	             NaN	             NaN	             NaN	             NaN	   0.0000000e+00	   0.0000000e+00	   0.0000000e+00	   0.0000000e+00	   0.0000000e+00	   0.0000000e+00	   0.0000000e+00	   0.0000000e+00	   0.0000000e+00	   0.0000000e+00	   0.0000000e+00	   0.0000000e+00	   0.0000000e+00	   0.0000000e+00	   0.0000000e+00	   0.0000000e+00	   0.0000000e+00	   0.0000000e+00	   0.0000000e+00	
   1.2784177e-01	   1.7538115e+00	   1.0094070e-01	             NaN	             NaN	             NaN	             NaN	             NaN	             NaN	             NaN	             NaN	             NaN	             NaN	             NaN	   0.0000000e+00	   0.0000000e+00	   0.0000000e+00	   0.0000000e+00	   0.0000000e+00	   0.0000000e+00	   0.0000000e+00	   0.0000000e+00	   0.0000000e+00	   0.0000000e+00	   0.0000000e+00	   0.0000000e+00	   0.0000000e+00	   0.0000000e+00	   0.0000000e+00	   0.0000000e+00	   0.0000000e+00	   0.0000000e+00	   0.0000000e+00	
   4.9267813e+00	   3.4014197e+00	   6.1419172e-01	             NaN	             NaN	             NaN	             NaN	             NaN	             NaN	             NaN	             NaN	             NaN	             NaN	             NaN	   0.0000000e+00	   0.0000000e+00	   0.0000000e+00	   0.0000000e+00	   0.0000000e+00	   0.0000000e+00	   0.0000000e+00	   0.0000000e+00	   0.0000000e+00	   0.0000000e+00	   0.0000000e+00	   0.0000000e+00	   0.0000000e+00	   0.0000000e+00	   0.0000000e+00	   0.0000000e+00	   0.0000000e+00	   0.0000000e+00	   0.0000000e+00	
   6.0562962e+00	   2.8793340e+00	   3.9606192e+00	   5.5931888e+00	             NaN	             NaN	             NaN	             NaN	             NaN	             NaN	             NaN	             NaN	             NaN	             NaN	             NaN	   0.0000000e+00	   0.0000000e+00	   0.0000000e+00	   0.0000000e+00	   0.0000000e+00	   0.0000000e+00	   0.0000000e+00	   0.0000000e+00	   0.0000000e+00	   0.0000000e+00	   0.0000000e+00	   0.0000000e+00	   0.0000000e+00	   0.0000000e+00	   0.0000000e+00	   0.0000000e+00	   0.0000000e+00	   0.0000000e+00	
   5.4526518e+00	   2.4441550e+00	   5.9877703e+00	   7.1129905e+00	             NaN	             NaN	             NaN	             NaN	             NaN	             NaN	             NaN	             NaN	             NaN	             NaN	             NaN	   0.0000000e+00	   0.0000000e+00	   0.0000000e+00	   0.0000000e+00	   0.0000000e+00	   0.0000000e+00	   0.0000000e+00	   0.0000000e+00	   0.0000000e+00	   0.0000000e+00	   0.0000000e+00	   0.0000000e+00	   0.0000000e+00	   0.0000000e+00	   0.0000000e+00	   0.0000000e+00	   0.0000000e+00	   0.0000000e+00	
   7.6876282e+00	   5.5028343e+00	   6.1886755e+00	   8.6375199e+00	   1.1858902e+01	             NaN	             NaN	             NaN	             NaN	             NaN	             NaN	             NaN	             NaN	             NaN	             NaN	             NaN	   0.0000000e+00	   0.0000000e+00	   0.0000000e+00	   0.0000000e+00	   0.0000000e+00	   0.0000000e+00	   0.0000000e+00	   0.0000000e+00	   0.0000000e+00	   0.0000000e+00	   0.0000000e+00	   0.0000000e+00	   0.0000000e+00	   0.0000000e+00	   0.0000000e+00	   0.0000000e+00	   0.0000000e+00	
   8.0019034e+00	   6.5630728e+00	   6.8422764e+00	   8.7144966e+00	   1.3015191e+01	             NaN	             NaN	             NaN	             NaN	             NaN	             NaN	             NaN	             NaN	             NaN	             NaN	             NaN	   0.0000000e+00	   0.0000000e+00	   0.0000000e+00	   0.0000000e+00	   0.0000000e+00	   0.0000000e+00	   0.0000000e+00	   0.0000000e+00	   0.0000000e+00	   0.0000000e+00	   0.0000000e+00	   0.0000000e+00	   0.0000000e+00	   0.0000000e+00	   0.0000000e+00	   0.0000000e+00	   0.0000000e+00	
   1.0011842e+01	   8.3128970e+00	   8.3575676e+00	   1.1039574e+01	   1.3665680e+01	             NaN	             NaN	             NaN	             NaN	             NaN	             NaN	             NaN	             NaN	             NaN	             NaN	             NaN	   0.0000000e+00	   0.0000000e+00	   0.0000000e+00	   0.0000000e+00	   0.0000000e+00	   0.0000000e+00	   0.0000000e+00	   0.0000000e+00	   0.0000000e+00	   0.0000000e+00	   0.0000000e+00	   0.0000000e+00	   0.0000000e+00	   0.0000000e+00	   0.0000000e+00	   0.0000000e+00	   0.0000000e+00	
   1.0401563e+01	   7.3378739e+00	   9.5361242e+00	   1.1216339e+01	   1.4426328e+01	   1.8252320e+01	             NaN	             NaN	             NaN	             NaN	             NaN	             NaN	             NaN	             NaN	             NaN	             NaN	             NaN	   0.0000000e+00	   0.0000000e+00	   0.0000000e+00	   0.0000000e+00	   0.0000000e+00	   0.0000000e+00	   0.0000000e+00	   0.0000000e+00	   0.0000000e+00	   0.0000000e+00	   0.0000000e+00	   0.0000000e+00	   0.0000000e+00	   0.0000000e+00	   0.0000000e+00	   0.0000000e+00	
   1.0673936e+01	   7.8477149e+00	   9.7455267e+00	   1.1783046e+01	   1.5514100e+01	   1.9474102e+01	             NaN	             NaN	             NaN	             NaN	             NaN	             NaN	             NaN	             NaN	             NaN	             NaN	             NaN	   0.0000000e+00	   0.0000000e+00	   0.0000000e+00	   0.0000000e+00	   0.0000000e+00	   0.0000000e+00	   0.0000000e+00	   0.0000000e+00	   0.0000000e+00	   0.0000000e+00	   0.0000000e+00	   0.0000000e+00	   0.0000000e+00	   0.0000000e+00	   0.0000000e+00	   0.0000000e+00	
   9.8205249e+00	   9.7498275e+00	   1.0541703e+01	   1.3335666e+01	   1.7066452e+01	   2.0889849e+01	   2.5475186e+01	             NaN	             NaN	             NaN	             NaN	             NaN	             NaN	             NaN	             NaN	             NaN	             NaN	             NaN	   0.0000000e+00	   0.0000000e+00	   0.0000000e+00	   0.0000000e+00	   0.0000000e+00	   0.0000000e+00	   0.0000000e+00	   0.0000000e+00	   0.0000000e+00	   0.0000000e+00	   0.0000000e+00	   0.0000000e+00	   0.0000000e+00	   0.0000000e+00	   0.0000000e+00	
   1.1660053e+01	   9.9098631e+00	   1.1545881e+01	   1.4779127e+01	   1.7798979e+01	   2.2334544e+01	   2.6463412e+01	             NaN	             NaN	             NaN	             NaN	             NaN	             NaN	             NaN	             NaN	             NaN	             NaN	             NaN	   0.0000000e+00	   0.0000000e+00	   0.0000000e+00	   0.0000000e+00	   0.0000000e+00	   0.0000000e+00	   0.0000000e+00	   0.0000000e+00	   0.0000000e+00	   0.0000000e+00	   0.0000000e+00	   0.0000000e+00	   0.0000000e+00	   0.0000000e+00	   0.0000000e+00	
   1.2270471e+01	   1.1313019e+01	   1.3036323e+01	   1.5698180e+01	   1.9060113e+01	   2.2989707e+01	   2.8100640e+01	             NaN	             NaN	             NaN	             NaN	             NaN	             NaN	             NaN	             NaN	             NaN	             NaN	             NaN	   0.0000000e+00	   0.0000000e+00	   0.0000000e+00	   0.0000000e+00	   0.0000000e+00	   0.0000000e+00	   0.0000000e+00	   0.0000000e+00	   0.0000000e+00	   0.0000000e+00	   0.0000000e+00	   0.0000000e+00	   0.0000000e+00	   0.0000000e+00	   0.0000000e+00	
   1.4227681e+01	   1.1815806e+01	   1.2657428e+01	   1.5823566e+01	   2.0027828e+01	   2.5114469e+01	   2.9748718e+01	   3.1461449e+01	             NaN	             NaN	             NaN	             NaN	             NaN	             NaN	             NaN	             NaN	             NaN	             NaN	             NaN	   0.0000000e+00	   0.0000000e+00	   0.0000000e+00	   0.0000000e+00	   0.0000000e+00	   0.0000000e+00	   0.0000000e+00	   0.0000000e+00	   0.0000000e+00	   0.0000000e+00	   0.0000000e+00	   0.0000000e+00	   0.0000000e+00	   0.0000000e+00	
   1.4441306e+01	   1.1272594e+01	   1.3001880e+01	   1.6626901e+01	   2.0399545e+01	   2.5083084e+01	   2.9691146e+01	   3.2787499e+01	             NaN	             NaN	             NaN	             NaN	             NaN	             NaN	             NaN	             NaN	             NaN	             NaN	             NaN	   0.0000000e+00	   0.0000000e+00	   0.0000000e+00	   0.0000000e+00	   0.0000000e+00	   0.0000000e+00	   0.0000000e+00	   0.0000000e+00	   0.0000000e+00	   0.0000000e+00	   0.0000000e+00	   0.0000000e+00	   0.0000000e+00	   0.0000000e+00	
   1.4620311e+01	   1.2903857e+01	   1.3631143e+01	   1.7010295e+01	   2.1596574e+01	   2.4874663e+01	   2.9949846e+01	   3.2675884e+01	   3.2519185e+01	             NaN	             NaN	             NaN	             NaN	             NaN	             NaN	             NaN	             NaN	             NaN	             NaN	             NaN	   0.0000000e+00	   0.0000000e+00	   0.0000000e+00	   0.0000000e+00	   0.0000000e+00	   0.0000000e+00	   0.0000000e+00	   0.0000000e+00	   0.0000000e+00	   0.0000000e+00	   0.0000000e+00	   0.0000000e+00	   0.0000000e+00	
   1.5200397e+01	   1.2803156e+01	   1.3743656e+01	   1.7528457e+01	   2.2327522e+01	   2.5938579e+01	   3.0345836e+01	   3.3235622e+01	   3.3336750e+01	             NaN	             NaN	             NaN	             NaN	             NaN	             NaN	             NaN	             NaN	             NaN	             NaN	             NaN	   0.0000000e+00	   0.0000000e+00	   0.0000000e+00	   0.0000000e+00	   0.0000000e+00	   0.0000000e+00	   0.0000000e+00	   0.0000000e+00	   0.0000000e+00	   0.0000000e+00	   0.0000000e+00	   0.0000000e+00	   0.0000000e+00	
   1.4949798e+01	   1.3667500e+01	   1.4805440e+01	   1.7299680e+01	   2.1951973e+01	   2.6181169e+01	   3.1263552e+01	   3.4108797e+01	   3.4141634e+01	             NaN	             NaN	             NaN	             NaN	             NaN	             NaN	             NaN	             NaN	             NaN	             NaN	             NaN	   0.0000000e+00	   0.0000000e+00	   0.0000000e+00	   0.0000000e+00	   0.0000000e+00	   0.0000000e+00	   0.0000000e+00	   0.0000000e+00	   0.0000000e+00	   0.0000000e+00	   0.0000000e+00	   0.0000000e+00	   0.0000000e+00	
   1.5883409e+01	   1.4413306e+01	   1.4974347e+01	   1.8288839e+01	   2.2543133e+01	   2.6478410e+01	   3.0958508e+01	   3.3812347e+01	   3.3886744e+01	   3.0099105e+01	             NaN	             NaN	             NaN	             NaN	             NaN	             NaN	             NaN	             NaN	             NaN	             NaN	             NaN	   0.0000000e+00	   0.0000000e+00	   0.0000000e+00	   0.0000000e+00	   0.0000000e+00	   0.0000000e+00	   0.0000000e+00	   0.0000000e+00	   0.0000000e+00	   0.0000000e+00	   0.0000000e+00	   0.0000000e+00	
   1.5702829e+01	   1.3887193e+01	   1.5612322e+01	   1.9179350e+01	   2.2586793e+01	   2.7195176e+01	   3.1705312e+01	   3.4312827e+01	   3.3826003e+01	   2.9995525e+01	             NaN	             NaN	             NaN	             NaN	             NaN	             NaN	             NaN	             NaN	             NaN	             NaN	             NaN	   0.0000000e+00	   0.0000000e+00	   0.0000000e+00	   0.0000000e+00	   0.0000000e+00	   0.0000000e+00	   0.0000000e+00	   0.0000000e+00	   0.0000000e+00	   0.0000000e+00	   0.0000000e+00	   0.0000000e+00	
   1.5819323e+01	   1.4364806e+01	   1.5162059e+01	   1.8844041e+01	   2.2431228e+01	   2.6602651e+01	   3.1224243e+01	   3.3688585e+01	   3.4095062e+01	   3.0408266e+01	   2.3848081e+01	             NaN	             NaN	             NaN	             NaN	             NaN	             NaN	             NaN	             NaN	             NaN	             NaN	             NaN	   0.0000000e+00	   0.0000000e+00	   0.0000000e+00	   0.0000000e+00	   0.0000000e+00	   0.0000000e+00	   0.0000000e+00	   0.0000000e+00	   0.0000000e+00	   0.0000000e+00	   0.0000000e+00	
   1.6223613e+01	   1.4839475e+01	   1.6413550e+01	   1.9333135e+01	   2.2361095e+01	   2.6543755e+01	   3.0582581e+01	   3.3348949e+01	   3.4034663e+01	   3.0116999e+01	   2.3844316e+01	             NaN	             NaN	             NaN	             NaN	             NaN	             NaN	             NaN	             NaN	             NaN	             NaN	             NaN	   0.0000000e+00	   0.0000000e+00	   0.0000000e+00	   0.0000000e+00	   0.0000000e+00	   0.0000000e+00	   0.0000000e+00	   0.0000000e+00	   0.0000000e+00	   0.0000000e+00	   0.0000000e+00	
   1.7361932e+01	   1.5140978e+01	   1.5479256e+01	   1.8508699e+01	   2.2036004e+01	   2.6496564e+01	   3.0632122e+01	   3.2942178e+01	   3.3290733e+01	   3.0308924e+01	   2.3957966e+01	             NaN	             NaN	             NaN	             NaN	             NaN	             NaN	             NaN	             NaN	             NaN	             NaN	             NaN	   0.0000000e+00	   0.0000000e+00	   0.0000000e+00	   0.0000000e+00	   0.0000000e+00	   0.0000000e+00	   0.0000000e+00	   0.0000000e+00	   0.0000000e+00	   0.0000000e+00	   0.0000000e+00	
   1.8092569e+01	   1.6047634e+01	   1.5734910e+01	   1.8886414e+01	   2.2055083e+01	   2.6012733e+01	   2.9559066e+01	   3.2310128e+01	   3.2527351e+01	   2.9459717e+01	   2.3586954e+01	   1.6210427e+01	             NaN	             NaN	             NaN	             NaN	             NaN	             NaN	             NaN	             NaN	             NaN	             NaN	             NaN	   0.0000000e+00	   0.0000000e+00	   0.0000000e+00	   0.0000000e+00	   0.0000000e+00	   0.0000000e+00	   0.0000000e+00	   0.0000000e+00	   0.0000000e+00	   0.0000000e+00	
   1.7732310e+01	   1.5790034e+01	   1.6770003e+01	   1.8524351e+01	   2.2077908e+01	   2.5733928e+01	   2.9420963e+01	   3.1221521e+01	   3.1639747e+01	   2.9413740e+01	   2.3761323e+01	   1.6087375e+01	             NaN	             NaN	             NaN	             NaN	             NaN	             NaN	             NaN	             NaN	             NaN	             NaN	             NaN	   0.0000000e+00	   0.0000000e+00	   0.0000000e+00	   0.0000000e+00	   0.0000000e+00	   0.0000000e+00	   0.0000000e+00	   0.0000000e+00	   0.0000000e+00	   0.0000000e+00	
   1.7918314e+01	   1.5706384e+01	   1.6576959e+01	   1.8187600e+01	   2.1393687e+01	   2.4622412e+01	   2.8522002e+01	   3.0971761e+01	   3.1130016e+01	   2.8919417e+01	   2.3697924e+01	   1.6475851e+01	   1.1257636e+01	             NaN	             NaN	             NaN	             NaN	             NaN	             NaN	             NaN	             NaN	             NaN	             NaN	             NaN	   0.0000000e+00	   0.0000000e+00	   0.0000000e+00	   0.0000000e+00	   0.0000000e+00	   0.0000000e+00	   0.0000000e+00	   0.0000000e+00	   0.0000000e+00	
   1.9358223e+01	   1.6441216e+01	   1.6641796e+01	   1.8924865e+01	   2.0874460e+01	   2.4540898e+01	   2.8288905e+01	   2.9826806e+01	   3.0713478e+01	   2.8207374e+01	   2.3533971e+01	   1.6541719e+01	   1.1392850e+01	             NaN	             NaN	             NaN	             NaN	             NaN	             NaN	             NaN	             NaN	             NaN	             NaN	             NaN	   0.0000000e+00	   0.0000000e+00	   0.0000000e+00	   0.0000000e+00	   0.0000000e+00	   0.0000000e+00	   0.0000000e+00	   0.0000000e+00	   0.0000000e+00	
   1.8053100e+01	   1.6760567e+01	   1.6571858e+01	   1.8354973e+01	   2.0796860e+01	   2.3852069e+01	   2.7326112e+01	   2.9034176e+01	   2.9575149e+01	   2.7349939e+01	   2.3185949e+01	   1.6690320e+01	   1.1865615e+01	             NaN	             NaN	             NaN	             NaN	             NaN	             NaN	             NaN	             NaN	             NaN	             NaN	             NaN	   0.0000000e+00	   0.0000000e+00	   0.0000000e+00	   0.0000000e+00	   0.0000000e+00	   0.0000000e+00	   0.0000000e+00	   0.0000000e+00	   0.0000000e+00	
   1.8397574e+01	   1.6980772e+01	   1.7016852e+01	   1.8765186e+01	   2.0766068e+01	   2.3311452e+01	   2.6392813e+01	   2.8115557e+01	   2.9115117e+01	   2.6779232e+01	   2.2697816e+01	   1.7000520e+01	   1.2313472e+01	   9.8511285e+00	             NaN	             NaN	             NaN	             NaN	             NaN	             NaN	             NaN	             NaN	             NaN	             NaN	             NaN	   0.0000000e+00	   0.0000000e+00	   0.0000000e+00	   0.0000000e+00	   0.0000000e+00	   0.0000000e+00	   0.0000000e+00	   0.0000000e+00	
   1.9770767e+01	   1.7775265e+01	   1.7673264e+01	   1.8529536e+01	   2.0285637e+01	   2.3058338e+01	   2.6036212e+01	   2.7167897e+01	   2.7753812e+01	   2.5909206e+01	   2.2538781e+01	   1.6993541e+01	   1.2877786e+01	   1.0311850e+01	             NaN	             NaN	             NaN	             NaN	             NaN	             NaN	             NaN	             NaN	             NaN	             NaN	             NaN	   0.0000000e+00	   0.0000000e+00	   0.0000000e+00	   0.0000000e+00	   0.0000000e+00	   0.0000000e+00	   0.0000000e+00	   0.0000000e+00	
   1.8793899e+01	   1.8095505e+01	   1.7369301e+01	   1.8481656e+01	   2.0034919e+01	   2.2716618e+01	   2.4916847e+01	   2.6146495e+01	   2.6506560e+01	   2.5292736e+01	   2.2200113e+01	   1.6976743e+01	   1.3240742e+01	   1.1243576e+01	   9.3780054e+00	             NaN	             NaN	             NaN	             NaN	             NaN	             NaN	             NaN	             NaN	             NaN	             NaN	             NaN	   0.0000000e+00	   0.0000000e+00	   0.0000000e+00	   0.0000000e+00	   0.0000000e+00	   0.0000000e+00	   0.0000000e+00	
   1.9206427e+01	   1.9353023e+01	   1.8629108e+01	   1.8881591e+01	   2.0101883e+01	   2.2458708e+01	   2.4869833e+01	   2.5800245e+01	   2.6375385e+01	   2.5086111e+01	   2.2322878e+01	   1.7854346e+01	   1.4024297e+01	   1.2163619e+01	   1.0733783e+01	             NaN	             NaN	             NaN	             NaN	             NaN	             NaN	             NaN	             NaN	             NaN	             NaN	             NaN	   0.0000000e+00	   0.0000000e+00	   0.0000000e+00	   0.0000000e+00	   0.0000000e+00	   0.0000000e+00	   0.0000000e+00	
   2.1303520e+01	   1.8921679e+01	   1.8960732e+01	   1.9235430e+01	   2.0544645e+01	   2.1888564e+01	   2.4140696e+01	   2.5357072e+01	   2.6296287e+01	   2.5469945e+01	   2.2357757e+01	   1.7911112e+01	   1.4887772e+01	   1.2974547e+01	   1.2057689e+01	             NaN	             NaN	             NaN	             NaN	             NaN	             NaN	             NaN	             NaN	             NaN	             NaN	             NaN	   0.0000000e+00	   0.0000000e+00	   0.0000000e+00	   0.0000000e+00	   0.0000000e+00	   0.0000000e+00	   0.0000000e+00	
   2.1596945e+01	   1.9869645e+01	   2.0018260e+01	   2.0246760e+01	   2.0425427e+01	   2.2616639e+01	   2.3886800e+01	   2.5383721e+01	   2.5796148e+01	   2.4834288e+01	   2.2543338e+01	   1.8608797e+01	   1.5652121e+01	   1.3980681e+01	   1.3085335e+01	   1.1852645e+01	             NaN	             NaN	             NaN	             NaN	             NaN	             NaN	             NaN	             NaN	             NaN	             NaN	             NaN	   0.0000000e+00	   0.0000000e+00	   0.0000000e+00	   0.0000000e+00	   0.0000000e+00	   0.0000000e+00	
   2.2146274e+01	   2.1251331e+01	   2.0770519e+01	   2.0182267e+01	   2.1074228e+01	   2.2257398e+01	   2.3783507e+01	   2.5271845e+01	   2.5198148e+01	   2.4327148e+01	   2.2327488e+01	   1.8744548e+01	   1.6261304e+01	   1.5024354e+01	   1.3943839e+01	   1.3291053e+01	             NaN	             NaN	             NaN	             NaN	             NaN	             NaN	             NaN	             NaN	             NaN	             NaN	             NaN	   0.0000000e+00	   0.0000000e+00	   0.0000000e+00	   0.0000000e+00	   0.0000000e+00	   0.0000000e+00	
   2.3702380e+01	   2.2241236e+01	   2.1507819e+01	   2.0484899e+01	   2.0874270e+01	   2.2126625e+01	   2.3571567e+01	   2.4560358e+01	   2.4670122e+01	   2.4179499e+01	   2.2439260e+01	   1.9279503e+01	   1.6833422e+01	   1.5871020e+01	   1.5067770e+01	   1.4095986e+01	   1.2186472e+01	             NaN	             NaN	             NaN	             NaN	             NaN	             NaN	             NaN	             NaN	             NaN	             NaN	             NaN	   0.0000000e+00	   0.0000000e+00	   0.0000000e+00	   0.0000000e+00	   0.0000000e+00	
   2.3111341e+01	   2.1711969e+01	   2.1496826e+01	   2.1247305e+01	   2.1602143e+01	   2.2229109e+01	   2.3063862e+01	   2.4393076e+01	   2.4734238e+01	   2.3930917e+01	   2.2171699e+01	   1.9379071e+01	   1.7656676e+01	   1.6655360e+01	   1.5726388e+01	   1.4726482e+01	   1.3403590e+01	             NaN	             NaN	             NaN	             NaN	             NaN	             NaN	             NaN	             NaN	             NaN	             NaN	             NaN	   0.0000000e+00	   0.0000000e+00	   0.0000000e+00	   0.0000000e+00	   0.0000000e+00	
   2.3873200e+01	   2.2978562e+01	   2.2522951e+01	   2.1849558e+01	   2.1723174e+01	   2.2476878e+01	   2.3670474e+01	   2.3763143e+01	   2.4273878e+01	   2.3754329e+01	   2.2364332e+01	   1.9857337e+01	   1.8132858e+01	   1.7401889e+01	   1.6676643e+01	   1.5947988e+01	   1.4854740e+01	             NaN	             NaN	             NaN	             NaN	             NaN	             NaN	             NaN	             NaN	             NaN	             NaN	             NaN	   0.0000000e+00	   0.0000000e+00	   0.0000000e+00	   0.0000000e+00	   0.0000000e+00	
   2.3648015e+01	   2.4199903e+01	   2.2424259e+01	   2.2568950e+01	   2.2008577e+01	   2.2937219e+01	   2.3268029e+01	   2.4021670e+01	   2.4277493e+01	   2.3854816e+01	   2.2335083e+01	   2.0287523e+01	   1.8574734e+01	   1.7992244e+01	   1.7561693e+01	   1.6888974e+01	   1.5934265e+01	   1.3989921e+01	             NaN	             NaN	             NaN	             NaN	             NaN	             NaN	             NaN	             NaN	             NaN	             NaN	             NaN	   0.0000000e+00	   0.0000000e+00	   0.0000000e+00	   0.0000000e+00	
   2.4612691e+01	   2.4114380e+01	   2.4273404e+01	   2.3278818e+01	   2.2938784e+01	   2.2728682e+01	   2.3358250e+01	   2.3757778e+01	   2.3983956e+01	   2.3480698e+01	   2.2404888e+01	   2.0560665e+01	   1.9465859e+01	   1.9004481e+01	   1.8370845e+01	   1.7916774e+01	   1.6868554e+01	   1.5144607e+01	             NaN	             NaN	             NaN	             NaN	             NaN	             NaN	             NaN	             NaN	             NaN	             NaN	             NaN	   0.0000000e+00	   0.0000000e+00	   0.0000000e+00	   0.0000000e+00	
   2.6940728e+01	   2.5168977e+01	   2.3761382e+01	   2.3712250e+01	   2.3169848e+01	   2.3003829e+01	   2.3456759e+01	   2.3673752e+01	   2.3723213e+01	   2.3553420e+01	   2.2588419e+01	   2.1122951e+01	   2.0091181e+01	   1.9731557e+01	   1.9299086e+01	   1.8692489e+01	   1.7717436e+01	   1.6332161e+01	   1.3718365e+01	             NaN	             NaN	             NaN	             NaN	             NaN	             NaN	             NaN	             NaN	             NaN	             NaN	             NaN	   0.0000000e+00	   0.0000000e+00	   0.0000000e+00	
   2.5797851e+01	   2.6155242e+01	   2.5832295e+01	   2.4262920e+01	   2.4290451e+01	   2.3460089e+01	   2.3737507e+01	   2.3763518e+01	   2.3707007e+01	   2.3605734e+01	   2.2857558e+01	   2.1615686e+01	   2.0703079e+01	   2.0482539e+01	   2.0263602e+01	   1.9806922e+01	   1.8798560e+01	   1.7362545e+01	   1.5012740e+01	             NaN	             NaN	             NaN	             NaN	             NaN	             NaN	             NaN	             NaN	             NaN	             NaN	             NaN	   0.0000000e+00	   0.0000000e+00	   0.0000000e+00	
   2.8900337e+01	   2.6948804e+01	   2.5719926e+01	   2.5198785e+01	   2.4401695e+01	   2.3836577e+01	   2.3672853e+01	   2.3982150e+01	   2.3905216e+01	   2.3589438e+01	   2.3116177e+01	   2.1924239e+01	   2.1361615e+01	   2.1332777e+01	   2.1033186e+01	   2.0803595e+01	   1.9694536e+01	   1.8334135e+01	   1.6139590e+01	             NaN	             NaN	             NaN	             NaN	             NaN	             NaN	             NaN	             NaN	             NaN	             NaN	             NaN	   0.0000000e+00	   0.0000000e+00	   0.0000000e+00	
   2.7394199e+01	   2.8768389e+01	   2.7390174e+01	   2.6220195e+01	   2.5567983e+01	   2.4114276e+01	   2.3694733e+01	   2.3979714e+01	   2.4061938e+01	   2.3861089e+01	   2.3633126e+01	   2.2210131e+01	   2.2034151e+01	   2.2169896e+01	   2.2138195e+01	   2.1575839e+01	   2.0583327e+01	   1.9404741e+01	   1.7513259e+01	   1.4633146e+01	             NaN	             NaN	             NaN	             NaN	             NaN	             NaN	             NaN	             NaN	             NaN	             NaN	             NaN	   0.0000000e+00	   0.0000000e+00	
   2.9041414e+01	   2.8044255e+01	   2.7789823e+01	   2.7351098e+01	   2.5734084e+01	   2.4543361e+01	   2.4136384e+01	   2.4119284e+01	   2.3919968e+01	   2.4062651e+01	   2.3617909e+01	   2.2909586e+01	   2.2610062e+01	   2.2780310e+01	   2.2862850e+01	   2.2366148e+01	   2.1554416e+01	   2.0294475e+01	   1.8253025e+01	   1.5841580e+01	             NaN	             NaN	             NaN	             NaN	             NaN	             NaN	             NaN	             NaN	             NaN	             NaN	             NaN	   0.0000000e+00	   0.0000000e+00	
   3.0512942e+01	   3.0672539e+01	   2.9735914e+01	   2.7539792e+01	   2.6491822e+01	   2.5167095e+01	   2.4782408e+01	   2.4372808e+01	   2.4281174e+01	   2.4330313e+01	   2.3874086e+01	   2.3015769e+01	   2.3140146e+01	   2.3533097e+01	   2.3525609e+01	   2.3149239e+01	   2.2411069e+01	   2.1161180e+01	   1.9387860e+01	   1.7019606e+01	   1.4100567e+01	             NaN	             NaN	             NaN	             NaN	             NaN	             NaN	             NaN	             NaN	             NaN	             NaN	             NaN	   0.0000000e+00	
   3.0857729e+01	   3.2965970e+01	   2.9796924e+01	   2.9042545e+01	   2.7430411e+01	   2.6301376e+01	   2.5397168e+01	   2.4821167e+01	   2.4658030e+01	   2.4509585e+01	   2.4548171e+01	   2.3877993e+01	   2.3998988e+01	   2.4298914e+01	   2.4556036e+01	   2.4093221e+01	   2.3303172e+01	   2.2065185e+01	   2.0536761e+01	   1.8225259e+01	   1.5047864e+01	             NaN	             NaN	             NaN	             NaN	             NaN	             NaN	             NaN	             NaN	             NaN	             NaN	             NaN	   0.0000000e+00	
   3.0960155e+01	   3.2032608e+01	   3.1177034e+01	   2.9715087e+01	   2.8351038e+01	   2.6974533e+01	   2.5893054e+01	   2.4959230e+01	   2.4836109e+01	   2.4853686e+01	   2.4805695e+01	   2.4309606e+01	   2.4730586e+01	   2.5194407e+01	   2.5252550e+01	   2.5138266e+01	   2.4299515e+01	   2.3116528e+01	   2.1452040e+01	   1.9450995e+01	   1.6456556e+01	             NaN	             NaN	             NaN	             NaN	             NaN	             NaN	             NaN	             NaN	             NaN	             NaN	             NaN	   0.0000000e+00	
   3.2902980e+01	   3.3919692e+01	   3.3096656e+01	   3.1364822e+01	   2.9251097e+01	   2.6475867e+01	   2.6348701e+01	   2.5637642e+01	   2.5245305e+01	   2.5240643e+01	   2.5258451e+01	   2.5015196e+01	   2.5246545e+01	   2.5813381e+01	   2.5903485e+01	   2.5863839e+01	   2.5147934e+01	   2.4024222e+01	   2.2436229e+01	   2.0546270e+01	   1.7444965e+01	   1.4481654e+01	             NaN	             NaN	             NaN	             NaN	             NaN	             NaN	             NaN	             NaN	             NaN	             NaN	             NaN	
   3.4418778e+01	   3.4149411e+01	   3.3040665e+01	   3.1995866e+01	   3.0331364e+01	   2.8280189e+01	   2.6513723e+01	   2.6148693e+01	   2.5707220e+01	   2.5536651e+01	   2.5493424e+01	   2.5475226e+01	   2.5871222e+01	   2.6536444e+01	   2.6757064e+01	   2.6546133e+01	   2.5951217e+01	   2.4854180e+01	   2.3187104e+01	   2.1314862e+01	   1.8654613e+01	   1.5519919e+01	             NaN	             NaN	             NaN	             NaN	             NaN	             NaN	             NaN	             NaN	             NaN	             NaN	             NaN	
   3.4934922e+01	   3.6082148e+01	   3.4684235e+01	   3.2511129e+01	   3.0791367e+01	   2.8531349e+01	   2.6715537e+01	   2.6634937e+01	   2.6051844e+01	   2.5769678e+01	   2.5883671e+01	   2.6216855e+01	   2.6316536e+01	   2.7047180e+01	   2.7528125e+01	   2.7282497e+01	   2.6562017e+01	   2.5705828e+01	   2.4083479e+01	   2.2146977e+01	   1.9748181e+01	   1.6455962e+01	   1.3793929e+01	             NaN	             NaN	             NaN	             NaN	             NaN	             NaN	             NaN	             NaN	             NaN	             NaN	
   3.7328664e+01	   3.6370069e+01	   3.7089240e+01	   3.3818259e+01	   3.2285369e+01	   2.9089672e+01	   2.7789977e+01	   2.6667447e+01	   2.6499873e+01	   2.6341578e+01	   2.6622582e+01	   2.6478465e+01	   2.7190732e+01	   2.7716616e+01	   2.8232616e+01	   2.7998766e+01	   2.7488562e+01	   2.6509837e+01	   2.4930391e+01	   2.3100119e+01	   2.0853334e+01	   1.7782587e+01	   1.4823099e+01	             NaN	             NaN	             NaN	             NaN	             NaN	             NaN	             NaN	             NaN	             NaN	             NaN	
   3.6022728e+01	   3.8988196e+01	   3.7014917e+01	   3.4879369e+01	   3.2557975e+01	   3.0100640e+01	   2.8485659e+01	   2.6892185e+01	   2.6907618e+01	   2.7020558e+01	   2.7144168e+01	   2.7143640e+01	   2.7573001e+01	   2.8130043e+01	   2.8838752e+01	   2.8807123e+01	   2.8247117e+01	   2.7195614e+01	   2.5989856e+01	   2.4129187e+01	   2.1783882e+01	   1.8854568e+01	   1.5531227e+01	             NaN	             NaN	             NaN	             NaN	             NaN	             NaN	             NaN	             NaN	             NaN	             NaN	
   3.7232377e+01	   3.9772601e+01	   3.7724037e+01	   3.5877238e+01	   3.3692423e+01	   3.1164931e+01	   2.9167970e+01	   2.7612869e+01	   2.7325099e+01	   2.7206906e+01	   2.7543044e+01	   2.7818671e+01	   2.8004220e+01	   2.9086434e+01	   2.9565338e+01	   2.9390988e+01	   2.9049673e+01	   2.7778251e+01	   2.6775544e+01	   2.4995013e+01	   2.2872170e+01	   2.0088399e+01	   1.6638672e+01	   1.3996740e+01	             NaN	             NaN	             NaN	             NaN	             NaN	             NaN	             NaN	             NaN	             NaN	
   4.0508180e+01	   4.0089636e+01	   3.9156196e+01	   3.7625766e+01	   3.4903226e+01	   3.1607207e+01	   2.9874367e+01	   2.8423186e+01	   2.7736214e+01	   2.7732135e+01	   2.8036970e+01	   2.7954676e+01	   2.8752415e+01	   2.9400055e+01	   3.0079423e+01	   3.0029155e+01	   2.9563193e+01	   2.8566052e+01	   2.7283898e+01	   2.5657460e+01	   2.3588189e+01	   2.1071386e+01	   1.7778784e+01	   1.4968645e+01	             NaN	             NaN	             NaN	             NaN	             NaN	             NaN	             NaN	             NaN	             NaN	
   4.0963935e+01	   4.1545892e+01	   4.0615251e+01	   3.8343317e+01	   3.5624207e+01	   3.2733085e+01	   3.0229945e+01	   2.8807412e+01	   2.8149293e+01	   2.7907691e+01	   2.8469692e+01	   2.8330680e+01	   2.9234733e+01	   3.0026027e+01	   3.0509414e+01	   3.0560890e+01	   3.0125088e+01	   2.9393639e+01	   2.8008466e+01	   2.6458407e+01	   2.4503232e+01	   2.2018333e+01	   1.8928495e+01	   1.5724198e+01	   1.3403082e+01	             NaN	             NaN	             NaN	             NaN	             NaN	             NaN	             NaN	             NaN	
   4.0682055e+01	   4.1456308e+01	   4.1935715e+01	   4.0367369e+01	   3.6392236e+01	   3.3452145e+01	   3.0860542e+01	   2.9436699e+01	   2.8647975e+01	   2.8537181e+01	   2.8692753e+01	   2.8738433e+01	   2.9506093e+01	   3.0308420e+01	   3.0869341e+01	   3.0967190e+01	   3.0535791e+01	   2.9768680e+01	   2.8602329e+01	   2.7182296e+01	   2.5058844e+01	   2.2576804e+01	   1.9951174e+01	   1.6659076e+01	   1.4186426e+01	             NaN	             NaN	             NaN	             NaN	             NaN	             NaN	             NaN	             NaN	
   4.1811147e+01	   4.2582092e+01	   4.1702326e+01	   4.0431002e+01	   3.7485607e+01	   3.3943146e+01	   3.1425446e+01	   2.9526651e+01	   2.8595151e+01	   2.8905370e+01	   2.9023469e+01	   2.9186532e+01	   2.9760118e+01	   3.0702367e+01	   3.1252736e+01	   3.1228794e+01	   3.0999589e+01	   3.0561149e+01	   2.9138880e+01	   2.7952658e+01	   2.5804340e+01	   2.3387305e+01	   2.0752191e+01	   1.7598596e+01	   1.4985071e+01	             NaN	             NaN	             NaN	             NaN	             NaN	             NaN	             NaN	             NaN	
   4.2192441e+01	   4.3523282e+01	   4.3392875e+01	   4.1581058e+01	   3.7997459e+01	   3.4656348e+01	   3.1377696e+01	   3.0188336e+01	   2.9181622e+01	   2.9063827e+01	   2.9187711e+01	   2.9383897e+01	   2.9836614e+01	   3.0990755e+01	   3.1654478e+01	   3.1829279e+01	   3.1433846e+01	   3.0676814e+01	   2.9570035e+01	   2.8483091e+01	   2.6596954e+01	   2.4056346e+01	   2.1604031e+01	   1.8597428e+01	   1.5646510e+01	   1.3113343e+01	             NaN	             NaN	             NaN	             NaN	             NaN	             NaN	             NaN	
   4.5669227e+01	   4.4220229e+01	   4.5146796e+01	   4.2600131e+01	   3.8862555e+01	   3.5511184e+01	   3.2412734e+01	   3.0309888e+01	   2.9416865e+01	   2.9372095e+01	   2.9652822e+01	   2.9339547e+01	   3.0369000e+01	   3.1249101e+01	   3.1964268e+01	   3.2106427e+01	   3.1645773e+01	   3.1276757e+01	   3.0250025e+01	   2.9185887e+01	   2.7141959e+01	   2.4730346e+01	   2.2253858e+01	   1.9542254e+01	   1.6514200e+01	   1.3761139e+01	             NaN	             NaN	             NaN	             NaN	             NaN	             NaN	             NaN	
   4.4604791e+01	   4.4968186e+01	   4.5036486e+01	   4.2547367e+01	   4.0152002e+01	   3.5866591e+01	   3.3165764e+01	   3.0906022e+01	   2.9825548e+01	   2.9604842e+01	   2.9774384e+01	   2.9646583e+01	   3.0381988e+01	   3.1440922e+01	   3.2006130e+01	   3.2274668e+01	   3.2123867e+01	   3.1584871e+01	   3.0525811e+01	   2.9455092e+01	   2.7838354e+01	   2.5458757e+01	   2.3062333e+01	   2.0319192e+01	   1.7045107e+01	   1.4376901e+01	   1.1663287e+01	             NaN	             NaN	             NaN	             NaN	             NaN	             NaN	
   4.6431132e+01	   4.6900048e+01	   4.6843451e+01	   4.3913372e+01	   4.0138624e+01	   3.6525319e+01	   3.3694034e+01	   3.1342082e+01	   3.0016343e+01	   2.9728490e+01	   2.9842340e+01	   3.0064546e+01	   3.0460376e+01	   3.1538526e+01	   3.2410360e+01	   3.2487906e+01	   3.2137751e+01	   3.1872642e+01	   3.0948822e+01	   2.9742860e+01	   2.8365830e+01	   2.6046177e+01	   2.3538882e+01	   2.0953740e+01	   1.8064532e+01	   1.4994570e+01	   1.2372078e+01	             NaN	             NaN	             NaN	             NaN	             NaN	             NaN	
   4.5415158e+01	   4.9040539e+01	   4.5958605e+01	   4.3750980e+01	   4.1015064e+01	   3.7387264e+01	   3.3548048e+01	   3.1643939e+01	   3.0317177e+01	   2.9899539e+01	   3.0050747e+01	   2.9955904e+01	   3.0589983e+01	   3.1538231e+01	   3.2335363e+01	   3.2359717e+01	   3.2404777e+01	   3.2012748e+01	   3.1004345e+01	   3.0219384e+01	   2.8801725e+01	   2.6451106e+01	   2.4159119e+01	   2.1593153e+01	   1.8839883e+01	   1.5720659e+01	   1.3069068e+01	             NaN	             NaN	             NaN	             NaN	             NaN	             NaN	
   4.5395478e+01	   4.8356514e+01	   4.7584200e+01	   4.5215574e+01	   4.1287616e+01	   3.7279903e+01	   3.4409265e+01	   3.2061010e+01	   3.0474945e+01	   3.0087700e+01	   2.9974127e+01	   3.0076614e+01	   3.0501486e+01	   3.1630725e+01	   3.2450941e+01	   3.2733536e+01	   3.2460015e+01	   3.2144196e+01	   3.1445469e+01	   3.0578753e+01	   2.9021651e+01	   2.7076277e+01	   2.4620458e+01	   2.2093957e+01	   1.9522319e+01	   1.6400582e+01	   1.3419793e+01	   1.1078643e+01	             NaN	             NaN	             NaN	             NaN	             NaN	
   4.5611677e+01	   4.7291994e+01	   4.8019519e+01	   4.5156436e+01	   4.2129140e+01	   3.8196701e+01	   3.4126051e+01	   3.1948566e+01	   3.0766900e+01	   3.0304677e+01	   3.0126440e+01	   3.0180755e+01	   3.0536738e+01	   3.1544263e+01	   3.2348993e+01	   3.2395755e+01	   3.2536751e+01	   3.2143950e+01	   3.1634757e+01	   3.0508911e+01	   2.9266347e+01	   2.7269766e+01	   2.4948447e+01	   2.2371180e+01	   1.9982425e+01	   1.6923675e+01	   1.3874648e+01	   1.1349174e+01	             NaN	             NaN	             NaN	             NaN	             NaN	
   4.6654094e+01	   4.9489789e+01	   4.8715281e+01	   4.5981937e+01	   4.2673906e+01	   3.8582229e+01	   3.4944697e+01	   3.2255255e+01	   3.0622280e+01	   3.0252531e+01	   3.0124014e+01	   2.9904106e+01	   3.0352821e+01	   3.1382637e+01	   3.2226023e+01	   3.2403314e+01	   3.2635111e+01	   3.2123631e+01	   3.1550034e+01	   3.0764428e+01	   2.9386407e+01	   2.7449670e+01	   2.5072701e+01	   2.2795861e+01	   2.0416911e+01	   1.7624537e+01	   1.4373788e+01	   1.1906759e+01	   9.4276066e+00	             NaN	             NaN	             NaN	             NaN	
   4.9360552e+01	   4.7890047e+01	   4.9651423e+01	   4.6567487e+01	   4.2409413e+01	   3.8983689e+01	   3.5474074e+01	   3.2607544e+01	   3.0839266e+01	   3.0176018e+01	   3.0202714e+01	   3.0149138e+01	   3.0478879e+01	   3.1337516e+01	   3.2041117e+01	   3.2292506e+01	   3.2359447e+01	   3.2241352e+01	   3.1487595e+01	   3.0816279e+01	   2.9582493e+01	   2.7750203e+01	   2.5701353e+01	   2.3383705e+01	   2.0856574e+01	   1.8251558e+01	   1.4864880e+01	   1.2328393e+01	   9.9697161e+00	             NaN	             NaN	             NaN	             NaN	
   4.6220865e+01	   5.0240069e+01	   4.8156181e+01	   4.6411915e+01	   4.3770915e+01	   3.9237263e+01	   3.5823204e+01	   3.2954519e+01	   3.1093147e+01	   3.0259355e+01	   2.9940288e+01	   3.0087959e+01	   3.0221718e+01	   3.1236691e+01	   3.2203646e+01	   3.2256260e+01	   3.2155291e+01	   3.2039599e+01	   3.1527576e+01	   3.0955813e+01	   2.9626902e+01	   2.8031958e+01	   2.5782834e+01	   2.3334725e+01	   2.1097553e+01	   1.8624750e+01	   1.5569491e+01	   1.2640780e+01	   1.0330422e+01	             NaN	             NaN	             NaN	             NaN	
   4.7357824e+01	   4.8622787e+01	   4.8967703e+01	   4.7075806e+01	   4.3811103e+01	   3.9602398e+01	   3.6343503e+01	   3.2549271e+01	   3.1187049e+01	   3.0345273e+01	   2.9914651e+01	   2.9888771e+01	   2.9969632e+01	   3.1034486e+01	   3.1750682e+01	   3.2039136e+01	   3.2229340e+01	   3.2063628e+01	   3.1573107e+01	   3.0946296e+01	   2.9776139e+01	   2.7894766e+01	   2.5956884e+01	   2.3920494e+01	   2.1609986e+01	   1.9036881e+01	   1.6072567e+01	   1.3024878e+01	   1.0696199e+01	   8.5452255e+00	             NaN	             NaN	             NaN	
   4.7518850e+01	   5.0227191e+01	   4.8458292e+01	   4.7178723e+01	   4.3937430e+01	   3.9783667e+01	   3.5894878e+01	   3.3223069e+01	   3.1111424e+01	   3.0239337e+01	   2.9718212e+01	   2.9616503e+01	   2.9704688e+01	   3.0502843e+01	   3.1627223e+01	   3.1919561e+01	   3.1953448e+01	   3.1774269e+01	   3.1360731e+01	   3.1057887e+01	   2.9654185e+01	   2.8139156e+01	   2.6079793e+01	   2.3948006e+01	   2.1804737e+01	   1.9283797e+01	   1.6452468e+01	   1.3510257e+01	   1.1068206e+01	   8.8525626e+00	             NaN	             NaN	             NaN	
   4.8276913e+01	   5.0132184e+01	   4.8844091e+01	   4.7658724e+01	   4.3575577e+01	   3.9738258e+01	   3.5848263e+01	   3.3421656e+01	   3.1246438e+01	   3.0005094e+01	   2.9567680e+01	   2.9239183e+01	   2.9638049e+01	   3.0608049e+01	   3.1147857e+01	   3.1511634e+01	   3.1795951e+01	   3.1459023e+01	   3.1158589e+01	   3.0651827e+01	   2.9666016e+01	   2.8001597e+01	   2.6265088e+01	   2.4100924e+01	   2.1967681e+01	   1.9639635e+01	   1.6806914e+01	   1.3904236e+01	   1.1387905e+01	   9.2540335e+00	   7.3371300e+00	             NaN	             NaN	
   4.5713917e+01	   4.9600488e+01	   4.8783344e+01	   4.7606401e+01	   4.4230845e+01	   3.9920004e+01	   3.5854564e+01	   3.3137078e+01	   3.1083292e+01	   2.9754032e+01	   2.9644626e+01	   2.9356557e+01	   2.9511760e+01	   3.0133584e+01	   3.0809741e+01	   3.1066713e+01	   3.1311687e+01	   3.1251879e+01	   3.1072108e+01	   3.0374645e+01	   2.9401501e+01	   2.8150157e+01	   2.6243415e+01	   2.4260915e+01	   2.2136333e+01	   1.9648805e+01	   1.7096059e+01	   1.4338928e+01	   1.1768767e+01	   9.6777236e+00	   7.6961676e+00	             NaN	             NaN	
   4.8021535e+01	   4.9308621e+01	   4.9756635e+01	   4.6820387e+01	   4.4530186e+01	   4.0310007e+01	   3.6487577e+01	   3.2804357e+01	   3.0756273e+01	   2.9768794e+01	   2.9197998e+01	   2.8763080e+01	   2.8930497e+01	   2.9785875e+01	   3.0472438e+01	   3.0751390e+01	   3.1006786e+01	   3.0697686e+01	   3.0796549e+01	   3.0105193e+01	   2.9503891e+01	   2.7871850e+01	   2.6141801e+01	   2.4290470e+01	   2.2293148e+01	   1.9983298e+01	   1.7322722e+01	   1.4754905e+01	   1.2124192e+01	   9.9626513e+00	   7.9975170e+00	             NaN	             NaN	
   4.6623604e+01	   4.9356484e+01	   4.8853223e+01	   4.7378184e+01	   4.4050717e+01	   4.0313163e+01	   3.6373966e+01	   3.3087177e+01	   3.0836662e+01	   2.9725061e+01	   2.8733416e+01	   2.8651363e+01	   2.8923137e+01	   2.9427513e+01	   3.0034209e+01	   3.0426014e+01	   3.0625711e+01	   3.0693350e+01	   3.0362138e+01	   3.0136815e+01	   2.9084528e+01	   2.7712137e+01	   2.6080861e+01	   2.4296182e+01	   2.2331115e+01	   2.0166860e+01	   1.7595843e+01	   1.5117634e+01	   1.2425405e+01	   1.0218010e+01	   8.3194190e+00	   6.6788458e+00	             NaN	
   4.6002592e+01	   4.9905893e+01	   4.9464558e+01	   4.7450049e+01	   4.4184612e+01	   4.0164052e+01	   3.6100416e+01	   3.3226044e+01	   3.0550428e+01	   2.9539502e+01	   2.8817775e+01	   2.8283757e+01	   2.8396143e+01	   2.9206751e+01	   2.9620473e+01	   3.0176600e+01	   3.0347095e+01	   3.0337561e+01	   3.0070511e+01	   2.9785049e+01	   2.8852007e+01	   2.7539518e+01	   2.6079172e+01	   2.4471560e+01	   2.2394210e+01	   2.0254822e+01	   1.7773337e+01	   1.5367904e+01	   1.2725128e+01	   1.0517728e+01	   8.6597061e+00	   6.9792225e+00	             NaN	
   4.5886765e+01	   4.8446263e+01	   4.8687542e+01	   4.6641851e+01	   4.4083362e+01	   4.0488399e+01	   3.5961640e+01	   3.3141899e+01	   3.0585994e+01	   2.9465508e+01	   2.8310359e+01	   2.7932475e+01	   2.8005178e+01	   2.8603143e+01	   2.9204044e+01	   2.9540200e+01	   2.9873537e+01	   2.9803668e+01	   2.9646419e+01	   2.9345786e+01	   2.8659306e+01	   2.7258977e+01	   2.5874425e+01	   2.4181894e+01	   2.2350876e+01	   2.0283541e+01	   1.7838270e+01	   1.5514335e+01	   1.3205859e+01	   1.0800735e+01	   8.8780018e+00	   7.2892538e+00	   5.9047343e+00	
   4.5047792e+01	   4.8223825e+01	   4.8628926e+01	   4.7136032e+01	   4.4282997e+01	   4.0681379e+01	   3.6495847e+01	   3.2955993e+01	   3.0514565e+01	   2.9034401e+01	   2.8044093e+01	   2.7671201e+01	   2.7587789e+01	   2.8281852e+01	   2.8876864e+01	   2.9083640e+01	   2.9366488e+01	   2.9307003e+01	   2.9574382e+01	   2.8928655e+01	   2.8267523e+01	   2.7263284e+01	   2.5615131e+01	   2.4017284e+01	   2.2477649e+01	   2.0350532e+01	   1.7926665e+01	   1.5810900e+01	   1.3429535e+01	   1.1007463e+01	   9.2318756e+00	   7.6082910e+00	   6.1744416e+00	
   4.5830470e+01	   4.8548245e+01	   4.8404684e+01	   4.6629229e+01	   4.3690395e+01	   4.0185597e+01	   3.6000806e+01	   3.3079847e+01	   3.0380075e+01	   2.8807054e+01	   2.7957724e+01	   2.7488148e+01	   2.7209865e+01	   2.8198616e+01	   2.8379727e+01	   2.8836700e+01	   2.9012738e+01	   2.8944577e+01	   2.8998592e+01	   2.8698810e+01	   2.7964161e+01	   2.7020563e+01	   2.5575236e+01	   2.4031011e+01	   2.2442038e+01	   2.0335977e+01	   1.8174121e+01	   1.5922871e+01	   1.3741253e+01	   1.1346396e+01	   9.4116959e+00	   7.9022733e+00	   6.4511126e+00	
   4.5751174e+01	   4.7022671e+01	   4.8431491e+01	   4.6901836e+01	   4.3797642e+01	   4.0042978e+01	   3.6196909e+01	   3.3071337e+01	   3.0164135e+01	   2.9055263e+01	   2.7594260e+01	   2.7066673e+01	   2.7150835e+01	   2.7588979e+01	   2.8075643e+01	   2.8322308e+01	   2.8415879e+01	   2.8609662e+01	   2.8469816e+01	   2.8385951e+01	   2.7803091e+01	   2.6647728e+01	   2.5336730e+01	   2.3795905e+01	   2.2204932e+01	   2.0414795e+01	   1.8330064e+01	   1.6025517e+01	   1.3898295e+01	   1.1770742e+01	   9.6848056e+00	   8.1316864e+00	   6.7391163e+00	
   4.6236501e+01	   4.7831621e+01	   4.8284296e+01	   4.5723144e+01	   4.3493479e+01	   3.9989363e+01	   3.6234986e+01	   3.2807770e+01	   3.0167987e+01	   2.8264847e+01	   2.7583615e+01	   2.6783484e+01	   2.6668738e+01	   2.6803963e+01	   2.7623018e+01	   2.7841735e+01	   2.8070994e+01	   2.8096138e+01	   2.8162801e+01	   2.7962159e+01	   2.7385364e+01	   2.6266888e+01	   2.5078769e+01	   2.3645936e+01	   2.1970323e+01	   2.0415414e+01	   1.8269779e+01	   1.6200695e+01	   1.4028631e+01	   1.2075014e+01	   9.9160802e+00	   8.3708351e+00	   6.9684877e+00	
   4.2857122e+01	   4.6610307e+01	   4.7698391e+01	   4.6937779e+01	   4.3633542e+01	   3.9756922e+01	   3.5921852e+01	   3.2539834e+01	   2.9968643e+01	   2.8137118e+01	   2.7016507e+01	   2.6512579e+01	   2.6523325e+01	   2.6612060e+01	   2.7017977e+01	   2.7401366e+01	   2.7678198e+01	   2.7566335e+01	   2.7761706e+01	   2.7642010e+01	   2.6911512e+01	   2.6047888e+01	   2.4815841e+01	   2.3522327e+01	   2.1984109e+01	   2.0423428e+01	   1.8354952e+01	   1.6255922e+01	   1.4198602e+01	   1.2267521e+01	   1.0182241e+01	   8.5552524e+00	   7.2778139e+00	
             NaN	   4.7523476e+01	   4.8302356e+01	   4.5447108e+01	   4.3217704e+01	   3.9574814e+01	   3.6006283e+01	   3.2095304e+01	   3.0117122e+01	   2.8011233e+01	   2.6784120e+01	   2.5996651e+01	   2.5760902e+01	   2.6252676e+01	   2.6681899e+01	   2.7009895e+01	   2.7131315e+01	   2.7044407e+01	   2.7137926e+01	   2.7191820e+01	   2.6544817e+01	   2.5664858e+01	   2.4456964e+01	   2.3181750e+01	   2.2045920e+01	   2.0279672e+01	   1.8300691e+01	   1.6319210e+01	   1.4425845e+01	   1.2314382e+01	   1.0477184e+01	   8.7561025e+00	   7.3866008e+00	
             NaN	   4.5421167e+01	   4.6749691e+01	   4.5196714e+01	   4.2716273e+01	   3.9302776e+01	   3.5507701e+01	   3.2273615e+01	   2.9306412e+01	   2.7823545e+01	   2.6531684e+01	   2.5794552e+01	   2.5445883e+01	   2.5973105e+01	   2.6113856e+01	   2.6251024e+01	   2.6525089e+01	   2.6771637e+01	   2.6803369e+01	   2.6541729e+01	   2.6119071e+01	   2.5450286e+01	   2.4051747e+01	   2.2969502e+01	   2.1638092e+01	   2.0215477e+01	   1.8305473e+01	   1.6396850e+01	   1.4503388e+01	   1.2509675e+01	   1.0718104e+01	   8.9491706e+00	   7.6431612e+00	
             NaN	   4.6403755e+01	   4.6206830e+01	   4.4813294e+01	   4.2002313e+01	   3.8629609e+01	   3.5284975e+01	   3.2066726e+01	   2.9295677e+01	   2.7662068e+01	   2.6282392e+01	   2.5574405e+01	   2.5051319e+01	   2.5429844e+01	   2.5791454e+01	   2.6038665e+01	   2.5924465e+01	   2.6275747e+01	   2.6201850e+01	   2.6387867e+01	   2.5710420e+01	   2.4982008e+01	   2.3761562e+01	   2.2723244e+01	   2.1494404e+01	   1.9976498e+01	   1.8238907e+01	   1.6502484e+01	   1.4565729e+01	   1.2633621e+01	   1.0946994e+01	   9.1389873e+00	   7.8242981e+00	
             NaN	   4.5600996e+01	   4.5726401e+01	   4.4555864e+01	   4.2197369e+01	   3.8819569e+01	   3.5039038e+01	   3.2097021e+01	   2.9055811e+01	   2.7367110e+01	   2.5702741e+01	   2.5081489e+01	   2.4741289e+01	   2.5094379e+01	   2.5249786e+01	   2.5466722e+01	   2.5735269e+01	   2.5660369e+01	   2.5910229e+01	   2.5666144e+01	   2.5264846e+01	   2.4521404e+01	   2.3530430e+01	   2.2482755e+01	   2.1394067e+01	   1.9996192e+01	   1.8237730e+01	   1.6434119e+01	   1.4642133e+01	   1.2870760e+01	   1.1004060e+01	   9.4751580e+00	   8.0095387e+00	
             NaN	   4.4287048e+01	   4.5835150e+01	   4.4208506e+01	   4.1707721e+01	   3.8335631e+01	   3.4651477e+01	   3.1790452e+01	   2.8960622e+01	   2.7260136e+01	   2.5825785e+01	   2.4722031e+01	   2.4495012e+01	   2.4395493e+01	   2.4838556e+01	   2.4921155e+01	   2.5140541e+01	   2.5328799e+01	   2.5302470e+01	   2.5229132e+01	   2.4843953e+01	   2.4174014e+01	   2.3181320e+01	   2.2130648e+01	   2.1057211e+01	   1.9809920e+01	   1.8212706e+01	   1.6492405e+01	   1.4672640e+01	   1.2982597e+01	   1.1110218e+01	   9.7578198e+00	   8.1801694e+00	
             NaN	   4.5266901e+01	   4.4713727e+01	   4.3927379e+01	   4.1755999e+01	   3.8320918e+01	   3.4918514e+01	   3.2086466e+01	   2.8809003e+01	   2.6775435e+01	   2.5618050e+01	   2.4458511e+01	   2.4244305e+01	   2.4375622e+01	   2.4464850e+01	   2.4296179e+01	   2.4557830e+01	   2.4751279e+01	   2.4929055e+01	   2.4792454e+01	   2.4312365e+01	   2.3723077e+01	   2.2672416e+01	   2.1932094e+01	   2.0924732e+01	   1.9707079e+01	   1.7902712e+01	   1.6344626e+01	   1.4680743e+01	   1.2929534e+01	   1.1252926e+01	   9.8473119e+00	   8.3587097e+00	
             NaN	             NaN	   4.4558185e+01	   4.3236710e+01	   4.0752416e+01	   3.7878103e+01	   3.4435319e+01	   3.1637228e+01	   2.8137651e+01	   2.6398151e+01	   2.4908187e+01	   2.3906778e+01	   2.3648671e+01	   2.3781796e+01	   2.4047880e+01	   2.4125821e+01	   2.4126074e+01	   2.4241362e+01	   2.4256039e+01	   2.4410408e+01	   2.4049590e+01	   2.3372802e+01	   2.2530212e+01	   2.1519783e+01	   2.0575005e+01	   1.9502167e+01	   1.7930410e+01	   1.6326788e+01	   1.4676890e+01	   1.3014259e+01	   1.1443215e+01	   9.9666444e+00	   8.6349389e+00	
             NaN	             NaN	   4.3898447e+01	   4.3300270e+01	   3.9969344e+01	   3.7304413e+01	   3.4244685e+01	   3.0959004e+01	   2.8275835e+01	   2.6533342e+01	   2.4924898e+01	   2.3652334e+01	   2.3336032e+01	   2.3357896e+01	   2.3385118e+01	   2.3781685e+01	   2.3634982e+01	   2.3792056e+01	   2.3723215e+01	   2.3877613e+01	   2.3598392e+01	   2.2955080e+01	   2.2177998e+01	   2.1323112e+01	   2.0441263e+01	   1.9195699e+01	   1.7689004e+01	   1.6386163e+01	   1.4661767e+01	   1.3055862e+01	   1.1485192e+01	   1.0078287e+01	   8.7125673e+00	
             NaN	             NaN	   4.2655321e+01	   4.1883978e+01	   4.0622550e+01	   3.7583661e+01	   3.3747829e+01	   3.0433902e+01	   2.7564869e+01	   2.6005165e+01	   2.4455940e+01	   2.3197395e+01	   2.3005946e+01	   2.2784152e+01	   2.2988661e+01	   2.3041035e+01	   2.3075020e+01	   2.2947983e+01	   2.3363365e+01	   2.3220267e+01	   2.2892373e+01	   2.2504938e+01	   2.1702110e+01	   2.0902504e+01	   2.0058529e+01	   1.8925237e+01	   1.7544938e+01	   1.6157576e+01	   1.4619050e+01	   1.3003350e+01	   1.1521854e+01	   1.0246710e+01	   8.9659753e+00	
             NaN	             NaN	   4.1623609e+01	   4.1415432e+01	   3.9856701e+01	   3.6777143e+01	   3.3243991e+01	   3.0506483e+01	   2.7492857e+01	   2.5379172e+01	   2.3756104e+01	   2.2788340e+01	   2.2346544e+01	   2.2234798e+01	   2.2438144e+01	   2.2511757e+01	   2.2650098e+01	   2.2637095e+01	   2.2700156e+01	   2.2786467e+01	   2.2397440e+01	   2.1935667e+01	   2.1269166e+01	   2.0419359e+01	   1.9637479e+01	   1.8715834e+01	   1.7392058e+01	   1.6062895e+01	   1.4468484e+01	   1.3004013e+01	   1.1483386e+01	   1.0203445e+01	   9.0595916e+00	
             NaN	             NaN	   4.1284369e+01	   4.0486331e+01	   3.9473494e+01	   3.5955276e+01	   3.3092794e+01	   3.0266223e+01	   2.7349668e+01	   2.5183487e+01	   2.3739175e+01	   2.2495775e+01	   2.1983283e+01	   2.2120525e+01	   2.1951439e+01	   2.2101449e+01	   2.2187557e+01	   2.2132578e+01	   2.2318857e+01	   2.2181537e+01	   2.1898119e+01	   2.1520518e+01	   2.0866667e+01	   2.0077670e+01	   1.9514146e+01	   1.8540043e+01	   1.7224314e+01	   1.6093417e+01	   1.4477069e+01	   1.3065603e+01	   1.1553352e+01	   1.0300563e+01	   9.1689723e+00	
             NaN	             NaN	             NaN	   4.0074387e+01	   3.8008578e+01	   3.5455124e+01	   3.2469812e+01	   2.9850348e+01	   2.7069868e+01	   2.4911259e+01	   2.3486914e+01	   2.2106152e+01	   2.1774899e+01	   2.1541341e+01	   2.1606988e+01	   2.1577637e+01	   2.1558272e+01	   2.1707704e+01	   2.1899625e+01	   2.1686665e+01	   2.1627178e+01	   2.1226734e+01	   2.0486453e+01	   1.9757040e+01	   1.9181576e+01	   1.8354992e+01	   1.7094819e+01	   1.5730143e+01	   1.4377191e+01	   1.2834096e+01	   1.1552200e+01	   1.0342474e+01	   9.1512646e+00	
             NaN	             NaN	             NaN	   3.9343578e+01	   3.7905341e+01	   3.5493003e+01	   3.2225217e+01	   2.9529112e+01	   2.6631715e+01	   2.4653951e+01	   2.2855130e+01	   2.1688535e+01	   2.1187606e+01	   2.1214207e+01	   2.1159078e+01	   2.1083634e+01	   2.1078237e+01	   2.1156048e+01	   2.1384223e+01	   2.1228441e+01	   2.1038904e+01	   2.0711793e+01	   2.0040384e+01	   1.9464354e+01	   1.8768084e+01	   1.8017105e+01	   1.6736414e+01	   1.5567156e+01	   1.4156923e+01	   1.2919034e+01	   1.1472150e+01	   1.0243039e+01	   9.1505366e+00	
             NaN	             NaN	             NaN	   3.9188407e+01	   3.7336649e+01	   3.5172022e+01	   3.2357530e+01	   2.8780905e+01	   2.6559574e+01	   2.4103888e+01	   2.2499299e+01	   2.1408710e+01	   2.0866979e+01	   2.0650637e+01	   2.0786864e+01	   2.0796572e+01	   2.0572718e+01	   2.0626799e+01	   2.0786899e+01	   2.0762315e+01	   2.0630965e+01	   2.0142860e+01	   1.9580572e+01	   1.9103574e+01	   1.8390763e+01	   1.7695824e+01	   1.6593011e+01	   1.5391915e+01	   1.4056544e+01	   1.2807886e+01	   1.1566503e+01	   1.0288890e+01	   9.1609995e+00	
             NaN	             NaN	             NaN	   3.8791972e+01	   3.7053076e+01	   3.3497393e+01	   3.1824084e+01	   2.8653276e+01	   2.6208742e+01	   2.3842504e+01	   2.2632233e+01	   2.1234843e+01	   2.0431225e+01	   2.0217404e+01	   2.0470427e+01	   2.0189620e+01	   2.0232354e+01	   2.0269602e+01	   2.0216115e+01	   2.0354629e+01	   2.0134448e+01	   1.9802497e+01	   1.9343533e+01	   1.8645348e+01	   1.8019891e+01	   1.7310255e+01	   1.6200477e+01	   1.5137443e+01	   1.3866093e+01	   1.2664432e+01	   1.1342965e+01	   1.0272473e+01	   9.2801765e+00	
             NaN	             NaN	             NaN	   3.7939554e+01	   3.6136049e+01	   3.3905467e+01	   3.1239298e+01	   2.8068681e+01	   2.5861799e+01	   2.3602634e+01	   2.2042163e+01	   2.0944722e+01	   2.0269391e+01	   2.0003206e+01	   1.9942787e+01	   1.9863599e+01	   1.9850450e+01	   1.9638792e+01	   1.9823376e+01	   1.9785546e+01	   1.9661007e+01	   1.9148170e+01	   1.8791179e+01	   1.8245691e+01	   1.7737530e+01	   1.7088318e+01	   1.6157690e+01	   1.4929479e+01	   1.3792271e+01	   1.2608266e+01	   1.1325825e+01	   1.0187273e+01	   9.2311262e+00	
             NaN	             NaN	             NaN	             NaN	   3.5466176e+01	   3.3360451e+01	   3.1011291e+01	   2.7807867e+01	   2.5073723e+01	   2.3257300e+01	   2.1557180e+01	   2.0286595e+01	   1.9722367e+01	   1.9407199e+01	   1.9366758e+01	   1.9262787e+01	   1.9349340e+01	   1.9231039e+01	   1.9372032e+01	   1.9189997e+01	   1.9221308e+01	   1.8908929e+01	   1.8424738e+01	   1.7852489e+01	   1.7435874e+01	   1.6686959e+01	   1.5745497e+01	   1.4785780e+01	   1.3678841e+01	   1.2417117e+01	   1.1238289e+01	   1.0259503e+01	   9.2332922e+00	
             NaN	             NaN	             NaN	             NaN	   3.4880484e+01	   3.2045129e+01	   2.9959215e+01	   2.7286852e+01	   2.4810498e+01	   2.3076276e+01	   2.1274207e+01	   2.0096741e+01	   1.9349586e+01	   1.9212395e+01	   1.9051383e+01	   1.8722272e+01	   1.8760214e+01	   1.8694085e+01	   1.8922706e+01	   1.8870128e+01	   1.8748874e+01	   1.8491550e+01	   1.7998897e+01	   1.7517683e+01	   1.7130681e+01	   1.6444139e+01	   1.5561872e+01	   1.4519377e+01	   1.3411777e+01	   1.2296772e+01	   1.1130051e+01	   1.0122787e+01	   9.0768644e+00	
             NaN	             NaN	             NaN	             NaN	   3.4120788e+01	   3.2205717e+01	   2.9219996e+01	   2.7124427e+01	   2.4213823e+01	   2.2314714e+01	   2.0900389e+01	   1.9815026e+01	   1.8978848e+01	   1.8771065e+01	   1.8496805e+01	   1.8366005e+01	   1.8131432e+01	   1.8211673e+01	   1.8458522e+01	   1.8411786e+01	   1.8258973e+01	   1.7956734e+01	   1.7560379e+01	   1.6958005e+01	   1.6594175e+01	   1.5957888e+01	   1.5139975e+01	   1.4368553e+01	   1.3136491e+01	   1.2045449e+01	   1.0963168e+01	   9.9839497e+00	   9.0614766e+00	
             NaN	             NaN	             NaN	             NaN	   3.3386930e+01	   3.1624168e+01	   2.9209724e+01	   2.6335049e+01	   2.3841898e+01	   2.2073762e+01	   2.0457862e+01	   1.9213103e+01	   1.8579530e+01	   1.8291838e+01	   1.7948484e+01	   1.8023380e+01	   1.7889735e+01	   1.7763482e+01	   1.7762673e+01	   1.7752679e+01	   1.7741724e+01	   1.7467051e+01	   1.6880993e+01	   1.6527414e+01	   1.6075704e+01	   1.5643943e+01	   1.4822102e+01	   1.3975640e+01	   1.2877172e+01	   1.1901479e+01	   1.0846681e+01	   9.8573288e+00	   9.0042953e+00	
             NaN	             NaN	             NaN	             NaN	   3.3152790e+01	   3.0359091e+01	   2.8525829e+01	   2.5952364e+01	   2.3371632e+01	   2.1834513e+01	   1.9908854e+01	   1.8994129e+01	   1.8020843e+01	   1.7836167e+01	   1.7611664e+01	   1.7495183e+01	   1.7312336e+01	   1.7546344e+01	   1.7431841e+01	   1.7451485e+01	   1.7275802e+01	   1.6980182e+01	   1.6567392e+01	   1.6202848e+01	   1.5682817e+01	   1.5275818e+01	   1.4388924e+01	   1.3658078e+01	   1.2751765e+01	   1.1768728e+01	   1.0716005e+01	   9.8171074e+00	   8.8963788e+00	
             NaN	             NaN	             NaN	             NaN	             NaN	   2.9765437e+01	   2.7721564e+01	   2.5673019e+01	   2.3085462e+01	   2.1105679e+01	   1.9665631e+01	   1.8421911e+01	   1.7921032e+01	   1.7674350e+01	   1.7155642e+01	   1.7090665e+01	   1.6895135e+01	   1.6840981e+01	   1.6866218e+01	   1.6899377e+01	   1.6837440e+01	   1.6540190e+01	   1.6025281e+01	   1.5766422e+01	   1.5306488e+01	   1.4973323e+01	   1.4294314e+01	   1.3459783e+01	   1.2585214e+01	   1.1587772e+01	   1.0623203e+01	   9.6855006e+00	   8.8742487e+00	
             NaN	             NaN	             NaN	             NaN	             NaN	   2.9477799e+01	   2.7735533e+01	   2.5024338e+01	   2.2613586e+01	   2.0790764e+01	   1.9200963e+01	   1.8235397e+01	   1.7497398e+01	   1.6923630e+01	   1.6885165e+01	   1.6627489e+01	   1.6320821e+01	   1.6356920e+01	   1.6428071e+01	   1.6553431e+01	   1.6215095e+01	   1.6128966e+01	   1.5682124e+01	   1.5449322e+01	   1.5223455e+01	   1.4735664e+01	   1.3890796e+01	   1.3188239e+01	   1.2308973e+01	   1.1323948e+01	   1.0565132e+01	   9.6362517e+00	   8.7749755e+00	
             NaN	             NaN	             NaN	             NaN	             NaN	   2.8735279e+01	   2.7031127e+01	   2.4551223e+01	   2.2247908e+01	   2.0043041e+01	   1.8777945e+01	   1.7718020e+01	   1.7183811e+01	   1.6603081e+01	   1.6405351e+01	   1.6318956e+01	   1.6009385e+01	   1.5933834e+01	   1.5942414e+01	   1.5894553e+01	   1.5934474e+01	   1.5650978e+01	   1.5367892e+01	   1.4908628e+01	   1.4679954e+01	   1.4237702e+01	   1.3677898e+01	   1.2884118e+01	   1.2095591e+01	   1.1145398e+01	   1.0208623e+01	   9.4683638e+00	   8.6134658e+00	
             NaN	             NaN	             NaN	             NaN	             NaN	   2.7916486e+01	   2.6510263e+01	   2.4003985e+01	   2.1845869e+01	   1.9939536e+01	   1.8472938e+01	   1.7553832e+01	   1.6611817e+01	   1.6314814e+01	   1.5970790e+01	   1.5692793e+01	   1.5664800e+01	   1.5533250e+01	   1.5540433e+01	   1.5520667e+01	   1.5431901e+01	   1.5172478e+01	   1.4932064e+01	   1.4541416e+01	   1.4308350e+01	   1.3924260e+01	   1.3316894e+01	   1.2668636e+01	   1.1864609e+01	   1.0948571e+01	   1.0127470e+01	   9.3474935e+00	   8.5518234e+00	
             NaN	             NaN	             NaN	             NaN	             NaN	   2.7734702e+01	   2.5945725e+01	   2.3438417e+01	   2.1699311e+01	   1.9528605e+01	   1.8242167e+01	   1.7063441e+01	   1.6161686e+01	   1.5906195e+01	   1.5704848e+01	   1.5394152e+01	   1.5377473e+01	   1.5177156e+01	   1.5236261e+01	   1.5129109e+01	   1.5180702e+01	   1.4935890e+01	   1.4548701e+01	   1.4308905e+01	   1.3941755e+01	   1.3574065e+01	   1.3173229e+01	   1.2314225e+01	   1.1597915e+01	   1.0790574e+01	   9.8892487e+00	   9.1671887e+00	   8.4708898e+00	
             NaN	             NaN	             NaN	             NaN	             NaN	             NaN	   2.5415072e+01	   2.3253769e+01	   2.0764363e+01	   1.9081832e+01	   1.7731439e+01	   1.6857253e+01	   1.6085481e+01	   1.5614494e+01	   1.5232858e+01	   1.5048410e+01	   1.4903524e+01	   1.4856328e+01	   1.4745795e+01	   1.4745412e+01	   1.4489264e+01	   1.4330835e+01	   1.4151938e+01	   1.3809842e+01	   1.3665816e+01	   1.3335782e+01	   1.2678833e+01	   1.2112102e+01	   1.1288404e+01	   1.0596055e+01	   9.7919100e+00	   9.0741935e+00	   8.4128054e+00	
             NaN	             NaN	             NaN	             NaN	             NaN	             NaN	   2.4668324e+01	   2.2696559e+01	   2.0722727e+01	   1.8892093e+01	   1.7354747e+01	   1.6401111e+01	   1.5553869e+01	   1.5107845e+01	   1.4823668e+01	   1.4510809e+01	   1.4522864e+01	   1.4604864e+01	   1.4374879e+01	   1.4345322e+01	   1.4188925e+01	   1.4093054e+01	   1.3750116e+01	   1.3545495e+01	   1.3213871e+01	   1.2916111e+01	   1.2427190e+01	   1.1732025e+01	   1.1109754e+01	   1.0393594e+01	   9.6045985e+00	   8.8800172e+00	   8.2532335e+00	
   0.0000000e+00	             NaN	             NaN	             NaN	             NaN	             NaN	   2.4216632e+01	   2.1915751e+01	   2.0219571e+01	   1.8621865e+01	   1.7288283e+01	   1.5816313e+01	   1.5287117e+01	   1.4897809e+01	   1.4430158e+01	   1.4091987e+01	   1.3939406e+01	   1.3979888e+01	   1.3872961e+01	   1.3868417e+01	   1.3752109e+01	   1.3618636e+01	   1.3255793e+01	   1.3114124e+01	   1.2967587e+01	   1.2648037e+01	   1.2126085e+01	   1.1579415e+01	   1.0844294e+01	   1.0085401e+01	   9.4824841e+00	   8.7352253e+00	   8.1686077e+00	
   0.0000000e+00	             NaN	             NaN	             NaN	             NaN	             NaN	   2.3766478e+01	   2.1770744e+01	   1.9645598e+01	   1.8050384e+01	   1.7055188e+01	   1.5511725e+01	   1.5054790e+01	   1.4563124e+01	   1.4346840e+01	   1.3812009e+01	   1.3695689e+01	   1.3617005e+01	   1.3418907e+01	   1.3411278e+01	   1.3422104e+01	   1.3252550e+01	   1.3062258e+01	   1.2864063e+01	   1.2504857e+01	   1.2268608e+01	   1.1819621e+01	   1.1257071e+01	   1.0624503e+01	   9.9105281e+00	   9.2252715e+00	   8.6067303e+00	   7.9528098e+00	
   0.0000000e+00	             NaN	             NaN	             NaN	             NaN	             NaN	   2.3393148e+01	   2.1071093e+01	   1.9516080e+01	   1.7761375e+01	   1.6505463e+01	   1.5307361e+01	   1.4644198e+01	   1.4204892e+01	   1.3785976e+01	   1.3456821e+01	   1.3347301e+01	   1.3258595e+01	   1.3037392e+01	   1.3184687e+01	   1.3138535e+01	   1.2935225e+01	   1.2588923e+01	   1.2295033e+01	   1.2267908e+01	   1.2013723e+01	   1.1588088e+01	   1.0985731e+01	   1.0421289e+01	   9.7679936e+00	   9.1372878e+00	   8.5009089e+00	   7.8237867e+00	
   0.0000000e+00	             NaN	             NaN	             NaN	             NaN	             NaN	             NaN	   2.0825010e+01	   1.9054760e+01	   1.7230592e+01	   1.5873582e+01	   1.5042129e+01	   1.4185123e+01	   1.3793669e+01	   1.3470625e+01	   1.3316930e+01	   1.3002630e+01	   1.2940301e+01	   1.2762189e+01	   1.2717831e+01	   1.2728892e+01	   1.2507507e+01	   1.2326093e+01	   1.2068542e+01	   1.1912578e+01	   1.1676092e+01	   1.1207822e+01	   1.0769134e+01	   1.0100830e+01	   9.5070559e+00	   8.8156509e+00	   8.3017727e+00	   7.6650642e+00	
   0.0000000e+00	             NaN	             NaN	             NaN	             NaN	             NaN	             NaN	   2.0494903e+01	   1.8319009e+01	   1.7060844e+01	   1.5550214e+01	   1.4547079e+01	   1.3811970e+01	   1.3528131e+01	   1.3012375e+01	   1.2807975e+01	   1.2530162e+01	   1.2591884e+01	   1.2427161e+01	   1.2485838e+01	   1.2369370e+01	   1.2040929e+01	   1.1959854e+01	   1.1684269e+01	   1.1561919e+01	   1.1460513e+01	   1.0941990e+01	   1.0321618e+01	   9.8904406e+00	   9.3049892e+00	   8.6654209e+00	   8.1175039e+00	   7.5846626e+00	
   0.0000000e+00	   0.0000000e+00	             NaN	             NaN	             NaN	             NaN	             NaN	   1.9889453e+01	   1.7934661e+01	   1.6571991e+01	   1.5479965e+01	   1.4391794e+01	   1.3455958e+01	   1.3131905e+01	   1.2715771e+01	   1.2369084e+01	   1.2279598e+01	   1.1934115e+01	   1.2058231e+01	   1.2074924e+01	   1.1792524e+01	   1.1840963e+01	   1.1547134e+01	   1.1435225e+01	   1.1274336e+01	   1.1018972e+01	   1.0628565e+01	   1.0158803e+01	   9.7194657e+00	   8.8994332e+00	   8.3452294e+00	   7.8245988e+00	   7.4445469e+00	
   0.0000000e+00	   0.0000000e+00	             NaN	             NaN	             NaN	             NaN	             NaN	   1.9229555e+01	   1.7520193e+01	   1.6427317e+01	   1.5032459e+01	   1.3760984e+01	   1.3250202e+01	   1.2805462e+01	   1.2482967e+01	   1.2055559e+01	   1.1990318e+01	   1.1889924e+01	   1.1726472e+01	   1.1673772e+01	   1.1602381e+01	   1.1439518e+01	   1.1278665e+01	   1.1181300e+01	   1.0926889e+01	   1.0783460e+01	   1.0389583e+01	   9.9631611e+00	   9.2600961e+00	   8.7564758e+00	   8.2933351e+00	   7.6498098e+00	   7.2029825e+00	
   0.0000000e+00	   0.0000000e+00	             NaN	             NaN	             NaN	             NaN	             NaN	   1.8746933e+01	   1.6979765e+01	   1.5611442e+01	   1.4585728e+01	   1.3475267e+01	   1.2642382e+01	   1.2374408e+01	   1.2066600e+01	   1.1784920e+01	   1.1612254e+01	   1.1431513e+01	   1.1313652e+01	   1.1247859e+01	   1.1154048e+01	   1.1069850e+01	   1.0860677e+01	   1.0707643e+01	   1.0563241e+01	   1.0267820e+01	   1.0092863e+01	   9.5189764e+00	   9.0699074e+00	   8.5756222e+00	   8.0056256e+00	   7.5238578e+00	   7.0991397e+00	
   0.0000000e+00	   0.0000000e+00	             NaN	             NaN	             NaN	             NaN	             NaN	             NaN	   1.6856994e+01	   1.5434516e+01	   1.4193802e+01	   1.3184053e+01	   1.2525548e+01	   1.2043315e+01	   1.1778692e+01	   1.1481195e+01	   1.1213677e+01	   1.1177121e+01	   1.1065800e+01	   1.0931746e+01	   1.0862420e+01	   1.0798098e+01	   1.0551203e+01	   1.0338475e+01	   1.0144720e+01	   1.0053642e+01	   9.8038236e+00	   9.3008574e+00	   8.8861574e+00	   8.3586389e+00	   7.8740308e+00	   7.3819092e+00	   6.8844280e+00	
   0.0000000e+00	   0.0000000e+00	             NaN	             NaN	             NaN	             NaN	             NaN	             NaN	   1.6467286e+01	   1.4951738e+01	   1.3760163e+01	   1.2868944e+01	   1.2201639e+01	   1.1745150e+01	   1.1533708e+01	   1.1138963e+01	   1.0776518e+01	   1.0816324e+01	   1.0728775e+01	   1.0552262e+01	   1.0486916e+01	   1.0341619e+01	   1.0077391e+01	   1.0049177e+01	   9.9234909e+00	   9.7613867e+00	   9.5489391e+00	   9.0109867e+00	   8.7117128e+00	   8.0680610e+00	   7.6503891e+00	   7.1354848e+00	   6.7970181e+00	
   0.0000000e+00	   0.0000000e+00	   0.0000000e+00	             NaN	             NaN	             NaN	             NaN	             NaN	   1.6175999e+01	   1.4861917e+01	   1.3654188e+01	   1.2453162e+01	   1.1856142e+01	   1.1450601e+01	   1.1176634e+01	   1.0880868e+01	   1.0682015e+01	   1.0656964e+01	   1.0419978e+01	   1.0393201e+01	   1.0349187e+01	   1.0122403e+01	   1.0059325e+01	   9.7486362e+00	   9.8050907e+00	   9.4481470e+00	   9.2356571e+00	   8.8827560e+00	   8.3362356e+00	   7.9840110e+00	   7.5279738e+00	   7.0581261e+00	   6.6170309e+00	
   0.0000000e+00	   0.0000000e+00	   0.0000000e+00	             NaN	             NaN	             NaN	             NaN	             NaN	   1.5779970e+01	   1.4261790e+01	   1.3208108e+01	   1.2284049e+01	   1.1586779e+01	   1.1104551e+01	   1.0814078e+01	   1.0421745e+01	   1.0356868e+01	   1.0261169e+01	   9.9816581e+00	   9.9971720e+00	   1.0027618e+01	   9.7699329e+00	   9.6948875e+00	   9.5078340e+00	   9.4170669e+00	   9.2502202e+00	   8.8822878e+00	   8.5541509e+00	   8.2427529e+00	   7.7028383e+00	   7.2684767e+00	   6.8433106e+00	   6.4792576e+00	
   0.0000000e+00	   0.0000000e+00	   0.0000000e+00	             NaN	             NaN	             NaN	             NaN	             NaN	   1.5296426e+01	   1.3923826e+01	   1.2883566e+01	   1.1990815e+01	   1.1416153e+01	   1.0798013e+01	   1.0470948e+01	   1.0192357e+01	   1.0053191e+01	   9.8375173e+00	   9.7250025e+00	   9.8269249e+00	   9.6100201e+00	   9.4809898e+00	   9.3580243e+00	   9.2189830e+00	   9.2176366e+00	   9.0172090e+00	   8.7635541e+00	   8.3468214e+00	   7.9210791e+00	   7.5708200e+00	   7.1566465e+00	   6.7176768e+00	   6.2863223e+00	
   0.0000000e+00	   0.0000000e+00	   0.0000000e+00	             NaN	             NaN	             NaN	             NaN	             NaN	   1.5144866e+01	   1.3559718e+01	   1.2561178e+01	   1.1560978e+01	   1.1180115e+01	   1.0680734e+01	   1.0167888e+01	   9.9308047e+00	   9.7223841e+00	   9.6571559e+00	   9.5207972e+00	   9.3965697e+00	   9.3145373e+00	   9.1317741e+00	   9.0698467e+00	   9.0960491e+00	   8.8496746e+00	   8.7020344e+00	   8.4377925e+00	   8.1500232e+00	   7.6593643e+00	   7.2729416e+00	   6.9159206e+00	   6.4945175e+00	   6.1378082e+00	
   0.0000000e+00	   0.0000000e+00	   0.0000000e+00	             NaN	             NaN	             NaN	             NaN	             NaN	             NaN	   1.3281823e+01	   1.2094085e+01	   1.1336335e+01	   1.0790593e+01	   1.0456134e+01	   1.0114100e+01	   9.7109130e+00	   9.4194025e+00	   9.3688414e+00	   9.1100641e+00	   9.2108497e+00	   8.9742595e+00	   8.9231572e+00	   8.7821491e+00	   8.7493189e+00	   8.4192205e+00	   8.4095718e+00	   8.1901382e+00	   7.9360453e+00	   7.4473564e+00	   7.0984105e+00	   6.6867645e+00	   6.3359113e+00	   5.9693807e+00	
   0.0000000e+00	   0.0000000e+00	   0.0000000e+00	   0.0000000e+00	             NaN	             NaN	             NaN	             NaN	             NaN	   1.2795341e+01	   1.2004436e+01	   1.1181953e+01	   1.0459367e+01	   9.9711907e+00	   9.6861513e+00	   9.4342088e+00	   8.9774391e+00	   8.9479993e+00	   8.8466144e+00	   8.8950444e+00	   8.7421738e+00	   8.7753365e+00	   8.4658332e+00	   8.2954548e+00	   8.3087231e+00	   8.2700259e+00	   7.9535595e+00	   7.6477160e+00	   7.3251441e+00	   6.8511361e+00	   6.4905378e+00	   6.1237373e+00	   5.8776222e+00	
   0.0000000e+00	   0.0000000e+00	   0.0000000e+00	   0.0000000e+00	             NaN	             NaN	             NaN	             NaN	             NaN	   1.2616207e+01	   1.1540732e+01	   1.0932790e+01	   1.0157910e+01	   9.7585784e+00	   9.4986040e+00	   9.1352430e+00	   8.9990207e+00	   8.7871903e+00	   8.6511759e+00	   8.5034702e+00	   8.4334363e+00	   8.3538328e+00	   8.2725739e+00	   8.2280165e+00	   8.0143647e+00	   7.9743489e+00	   7.6887906e+00	   7.3563432e+00	   7.1081838e+00	   6.7461634e+00	   6.2971656e+00	   6.0478505e+00	   5.6384813e+00	
   0.0000000e+00	   0.0000000e+00	   0.0000000e+00	   0.0000000e+00	             NaN	             NaN	             NaN	             NaN	             NaN	   1.2271624e+01	   1.1251055e+01	   1.0413191e+01	   9.8879921e+00	   9.6330137e+00	   9.1937756e+00	   8.9241322e+00	   8.8048375e+00	   8.5760713e+00	   8.4552797e+00	   8.2668726e+00	   8.3550602e+00	   8.1202718e+00	   7.9006424e+00	   7.8609844e+00	   7.8237460e+00	   7.7320968e+00	   7.5528094e+00	   7.2103548e+00	   6.8332924e+00	   6.4495364e+00	   6.0862510e+00	   5.7370522e+00	   5.4811244e+00	
   0.0000000e+00	   0.0000000e+00	   0.0000000e+00	   0.0000000e+00	             NaN	             NaN	             NaN	             NaN	             NaN	   1.1999162e+01	   1.0929732e+01	   1.0193651e+01	   9.6920560e+00	   9.3369218e+00	   8.8371496e+00	   8.5997979e+00	   8.4643683e+00	   8.2610247e+00	   8.1488783e+00	   7.9924062e+00	   7.9605372e+00	   7.7397717e+00	   7.6897378e+00	   7.6020474e+00	   7.5328652e+00	   7.4522975e+00	   7.2589029e+00	   7.0116571e+00	   6.6174603e+00	   6.3727905e+00	   6.0340652e+00	   5.6284343e+00	   5.3250821e+00	
   0.0000000e+00	   0.0000000e+00	   0.0000000e+00	   0.0000000e+00	             NaN	             NaN	             NaN	             NaN	             NaN	             NaN	   1.0659932e+01	   9.9514416e+00	   9.3120058e+00	   9.1228003e+00	   8.6568424e+00	   8.3179652e+00	   8.1862900e+00	   8.0737086e+00	   7.8589728e+00	   7.8099925e+00	   7.5672069e+00	   7.5953693e+00	   7.4381407e+00	   7.3161156e+00	   7.3190862e+00	   7.2078295e+00	   6.9564181e+00	   6.7819073e+00	   6.5433457e+00	   6.1242578e+00	   5.8244112e+00	   5.4827632e+00	   5.1752096e+00	
   0.0000000e+00	   0.0000000e+00	   0.0000000e+00	   0.0000000e+00	             NaN	             NaN	             NaN	             NaN	             NaN	             NaN	   1.0203508e+01	   9.5092341e+00	   9.2301104e+00	   8.7851409e+00	   8.3971200e+00	   8.0901542e+00	   7.8282372e+00	   7.6698982e+00	   7.6296199e+00	   7.5524931e+00	   7.4913262e+00	   7.3156548e+00	   7.2298458e+00	   7.2278843e+00	   7.0532804e+00	   7.0062079e+00	   6.7236969e+00	   6.4233115e+00	   6.2525494e+00	   6.0083238e+00	   5.6379889e+00	   5.2763820e+00	   5.0219132e+00	
   0.0000000e+00	   0.0000000e+00	   0.0000000e+00	   0.0000000e+00	   0.0000000e+00	             NaN	             NaN	             NaN	             NaN	             NaN	   1.0055812e+01	   9.3175497e+00	   8.7118453e+00	   8.5517927e+00	   8.1593682e+00	   7.8039279e+00	   7.7736923e+00	   7.4788735e+00	   7.3627799e+00	   7.2488363e+00	   7.2862542e+00	   7.1535188e+00	   7.0483042e+00	   6.9018783e+00	   6.7815791e+00	   6.8365732e+00	   6.4918013e+00	   6.3143508e+00	   5.9748166e+00	   5.7309430e+00	   5.4516157e+00	   5.0936673e+00	   4.8222009e+00	
   0.0000000e+00	   0.0000000e+00	   0.0000000e+00	   0.0000000e+00	   0.0000000e+00	             NaN	             NaN	             NaN	             NaN	             NaN	   9.9882890e+00	   9.1471510e+00	   8.4312794e+00	   8.1620807e+00	   7.8924976e+00	   7.7077032e+00	   7.2562292e+00	   7.1391951e+00	   7.1586296e+00	   6.9895515e+00	   6.9507741e+00	   6.8970499e+00	   6.7620386e+00	   6.6312341e+00	   6.6148513e+00	   6.5041061e+00	   6.3777226e+00	   6.1214239e+00	   5.8470931e+00	   5.4857466e+00	   5.2310979e+00	   5.0205111e+00	   4.7711177e+00	
   0.0000000e+00	   0.0000000e+00	   0.0000000e+00	   0.0000000e+00	   0.0000000e+00	             NaN	             NaN	             NaN	             NaN	             NaN	   9.5665081e+00	   8.7932478e+00	   8.1937811e+00	   8.0067631e+00	   7.6231015e+00	   7.4571258e+00	   7.1897603e+00	   7.0485509e+00	   6.8852112e+00	   6.7880425e+00	   6.6814389e+00	   6.5556367e+00	   6.5521261e+00	   6.4027586e+00	   6.2941013e+00	   6.2929306e+00	   6.1443422e+00	   5.8670132e+00	   5.6313086e+00	   5.4090791e+00	   5.1203479e+00	   4.8592827e+00	   4.5440752e+00	
   0.0000000e+00	   0.0000000e+00	   0.0000000e+00	   0.0000000e+00	   0.0000000e+00	             NaN	             NaN	             NaN	             NaN	             NaN	             NaN	   8.6162492e+00	   8.1057604e+00	   7.7696517e+00	   7.3953933e+00	   7.1373695e+00	   6.9778451e+00	   6.7561727e+00	   6.7269613e+00	   6.5552741e+00	   6.5292747e+00	   6.4233337e+00	   6.3875701e+00	   6.2236092e+00	   6.0922286e+00	   6.0601379e+00	   5.9049121e+00	   5.7309998e+00	   5.4164026e+00	   5.2243896e+00	   4.9733559e+00	   4.7426152e+00	   4.5437710e+00	
   0.0000000e+00	   0.0000000e+00	   0.0000000e+00	   0.0000000e+00	   0.0000000e+00	             NaN	             NaN	             NaN	             NaN	             NaN	             NaN	   8.5091766e+00	   7.9396172e+00	   7.4960449e+00	   7.1370273e+00	   6.8825546e+00	   6.5987057e+00	   6.5802098e+00	   6.3804943e+00	   6.4645348e+00	   6.3008062e+00	   6.1916618e+00	   6.1176847e+00	   6.0059068e+00	   5.9914727e+00	   5.9314552e+00	   5.6639285e+00	   5.5726038e+00	   5.2748558e+00	   5.0500124e+00	   4.8061358e+00	   4.5802978e+00	   4.3619800e+00	
   0.0000000e+00	   0.0000000e+00	   0.0000000e+00	   0.0000000e+00	   0.0000000e+00	   0.0000000e+00	             NaN	             NaN	             NaN	             NaN	             NaN	   8.2930389e+00	   7.6569929e+00	   7.2988960e+00	   7.0569250e+00	   6.5889274e+00	   6.5643230e+00	   6.4471053e+00	   6.2499475e+00	   6.2578752e+00	   6.1213341e+00	   6.1206391e+00	   5.8237568e+00	   5.8249378e+00	   5.7916737e+00	   5.7179204e+00	   5.5305679e+00	   5.3982355e+00	   5.1818758e+00	   4.8978117e+00	   4.7132709e+00	   4.4328734e+00	   4.1458106e+00	
   0.0000000e+00	   0.0000000e+00	   0.0000000e+00	   0.0000000e+00	   0.0000000e+00	   0.0000000e+00	             NaN	             NaN	             NaN	             NaN	             NaN	   7.8429475e+00	   7.4233080e+00	   7.1798231e+00	   6.7678568e+00	   6.6250159e+00	   6.3305063e+00	   6.2450344e+00	   6.1574148e+00	   6.0332645e+00	   5.9377378e+00	   5.8598372e+00	   5.7020861e+00	   5.6765514e+00	   5.5914109e+00	   5.4928366e+00	   5.3332979e+00	   5.2305119e+00	   4.9388904e+00	   4.7157550e+00	   4.4756577e+00	   4.2469848e+00	   4.0539471e+00	
   0.0000000e+00	   0.0000000e+00	   0.0000000e+00	   0.0000000e+00	   0.0000000e+00	   0.0000000e+00	             NaN	             NaN	             NaN	             NaN	             NaN	   7.5431388e+00	   7.3205980e+00	   6.9486365e+00	   6.6418295e+00	   6.4080330e+00	   6.2275985e+00	   6.0456908e+00	   5.8971677e+00	   5.8171384e+00	   5.7783563e+00	   5.6452619e+00	   5.4919205e+00	   5.4619577e+00	   5.4042169e+00	   5.3015883e+00	   5.1129538e+00	   4.9831020e+00	   4.7642309e+00	   4.6050315e+00	   4.3924446e+00	   4.1014767e+00	   4.0373063e+00	
   0.0000000e+00	   0.0000000e+00	   0.0000000e+00	   0.0000000e+00	   0.0000000e+00	   0.0000000e+00	             NaN	             NaN	             NaN	             NaN	             NaN	             NaN	   6.9430058e+00	   6.5781765e+00	   6.2865305e+00	   6.1648852e+00	   5.8307947e+00	   5.8381275e+00	   5.6872528e+00	   5.5232226e+00	   5.5733395e+00	   5.4802451e+00	   5.3253047e+00	   5.2400253e+00	   5.2111005e+00	   5.0920802e+00	   4.9960662e+00	   4.8331561e+00	   4.5860912e+00	   4.3905586e+00	   4.1753259e+00	   4.1304903e+00	   3.8036745e+00	
   0.0000000e+00	   0.0000000e+00	   0.0000000e+00	   0.0000000e+00	   0.0000000e+00	   0.0000000e+00	             NaN	             NaN	             NaN	             NaN	             NaN	             NaN	   6.8432485e+00	   6.4777252e+00	   6.3074683e+00	   5.8685094e+00	   5.7167963e+00	   5.4325031e+00	   5.5381010e+00	   5.3481003e+00	   5.3217617e+00	   5.1370612e+00	   5.1708094e+00	   5.0602568e+00	   5.0864420e+00	   4.9994303e+00	   4.8358318e+00	   4.7340478e+00	   4.4926832e+00	   4.2588440e+00	   4.0861265e+00	   3.7734144e+00	   3.6723999e+00	
   0.0000000e+00	   0.0000000e+00	   0.0000000e+00	   0.0000000e+00	   0.0000000e+00	   0.0000000e+00	   0.0000000e+00	             NaN	             NaN	             NaN	             NaN	             NaN	   6.6144610e+00	   6.3803920e+00	   5.8953654e+00	   5.6880348e+00	   5.5182379e+00	   5.4465019e+00	   5.2948912e+00	   5.1279865e+00	   5.1623381e+00	   5.1407411e+00	   5.1204721e+00	   4.9021204e+00	   4.9221477e+00	   4.7945206e+00	   4.6621814e+00	   4.4242750e+00	   4.2420233e+00	   4.1231590e+00	   3.8721029e+00	   3.7074090e+00	   3.5855998e+00	
   0.0000000e+00	   0.0000000e+00	   0.0000000e+00	   0.0000000e+00	   0.0000000e+00	   0.0000000e+00	   0.0000000e+00	             NaN	             NaN	             NaN	             NaN	             NaN	   6.5479155e+00	   6.0956872e+00	   5.8181154e+00	   5.5762503e+00	   5.3653346e+00	   5.2565193e+00	   5.1904330e+00	   5.1077370e+00	   5.0193321e+00	   4.8457593e+00	   4.7514918e+00	   4.6310938e+00	   4.7137321e+00	   4.6352954e+00	   4.5032365e+00	   4.4285343e+00	   4.1989429e+00	   4.0467307e+00	   3.7806890e+00	   3.5708824e+00	   3.4088738e+00	
   0.0000000e+00	   0.0000000e+00	   0.0000000e+00	   0.0000000e+00	   0.0000000e+00	   0.0000000e+00	   0.0000000e+00	             NaN	             NaN	             NaN	             NaN	             NaN	   6.3224628e+00	   5.8747447e+00	   5.6325359e+00	   5.5091468e+00	   5.1637357e+00	   5.1074360e+00	   4.9401182e+00	   4.9161729e+00	   4.7425037e+00	   4.7140959e+00	   4.6789919e+00	   4.6064199e+00	   4.5351349e+00	   4.4906077e+00	   4.3731248e+00	   4.1969020e+00	   4.1095968e+00	   3.9054603e+00	   3.6519409e+00	   3.5340472e+00	   3.3036384e+00	
   0.0000000e+00	   0.0000000e+00	   0.0000000e+00	   0.0000000e+00	   0.0000000e+00	   0.0000000e+00	   0.0000000e+00	             NaN	             NaN	             NaN	             NaN	             NaN	             NaN	   5.6800294e+00	   5.4264479e+00	   5.3531035e+00	   5.0242793e+00	   4.8752230e+00	   4.8586419e+00	   4.7288554e+00	   4.5918599e+00	   4.5942770e+00	   4.5371525e+00	   4.4938612e+00	   4.2927044e+00	   4.3532309e+00	   4.1349086e+00	   4.0017939e+00	   3.9106839e+00	   3.7367615e+00	   3.5242220e+00	   3.3632355e+00	   3.2396753e+00	
   0.0000000e+00	   0.0000000e+00	   0.0000000e+00	   0.0000000e+00	   0.0000000e+00	   0.0000000e+00	   0.0000000e+00	             NaN	             NaN	             NaN	             NaN	             NaN	             NaN	   5.5839339e+00	   5.3411414e+00	   4.9613945e+00	   4.9383403e+00	   4.7646387e+00	   4.7191944e+00	   4.5359029e+00	   4.5222830e+00	   4.3907932e+00	   4.2663183e+00	   4.2936910e+00	   4.2059487e+00	   4.2195474e+00	   4.0603559e+00	   3.8753558e+00	   3.7348117e+00	   3.5305735e+00	   3.4395232e+00	   3.2383045e+00	   3.1047159e+00	
   0.0000000e+00	   0.0000000e+00	   0.0000000e+00	   0.0000000e+00	   0.0000000e+00	   0.0000000e+00	   0.0000000e+00	   0.0000000e+00	             NaN	             NaN	             NaN	             NaN	             NaN	   5.5153517e+00	   5.1171230e+00	   4.8767969e+00	   4.7457557e+00	   4.6067955e+00	   4.4795131e+00	   4.4017918e+00	   4.3440139e+00	   4.2147772e+00	   4.1702475e+00	   4.0774975e+00	   3.9645295e+00	   4.0213884e+00	   3.8310984e+00	   3.7898932e+00	   3.6128427e+00	   3.4377197e+00	   3.2548362e+00	   3.1755187e+00	   2.9997567e+00	
   0.0000000e+00	   0.0000000e+00	   0.0000000e+00	   0.0000000e+00	   0.0000000e+00	   0.0000000e+00	   0.0000000e+00	   0.0000000e+00	             NaN	             NaN	             NaN	             NaN	             NaN	   5.2301268e+00	   5.0697167e+00	   4.6965104e+00	   4.5530678e+00	   4.5420700e+00	   4.3713554e+00	   4.2786740e+00	   4.2469346e+00	   4.0815326e+00	   4.0587849e+00	   4.0623656e+00	   3.8727817e+00	   3.8603863e+00	   3.8049973e+00	   3.6277472e+00	   3.5825908e+00	   3.3971399e+00	   3.2200665e+00	   3.0766586e+00	   2.8401714e+00	
   0.0000000e+00	   0.0000000e+00	   0.0000000e+00	   0.0000000e+00	   0.0000000e+00	   0.0000000e+00	   0.0000000e+00	   0.0000000e+00	             NaN	             NaN	             NaN	             NaN	             NaN	   5.1602949e+00	   4.8775777e+00	   4.6071939e+00	   4.4510919e+00	   4.2364434e+00	   4.2646147e+00	   4.1289427e+00	   4.0216462e+00	   3.9520702e+00	   3.9668133e+00	   3.8616801e+00	   3.7678704e+00	   3.7565880e+00	   3.6436925e+00	   3.4802996e+00	   3.3432430e+00	   3.2644214e+00	   3.0856241e+00	   2.8819506e+00	   2.8476848e+00	
   0.0000000e+00	   0.0000000e+00	   0.0000000e+00	   0.0000000e+00	   0.0000000e+00	   0.0000000e+00	   0.0000000e+00	   0.0000000e+00	             NaN	             NaN	             NaN	             NaN	             NaN	             NaN	   4.7081653e+00	   4.4916147e+00	   4.3078541e+00	   4.2865048e+00	   4.0277194e+00	   3.9434762e+00	   3.8654967e+00	   3.8504234e+00	   3.7208345e+00	   3.6711146e+00	   3.6954942e+00	   3.5904750e+00	   3.5452665e+00	   3.3768214e+00	   3.2828097e+00	   3.0988396e+00	   3.0023178e+00	   2.8109280e+00	   2.7572463e+00	
   0.0000000e+00	   0.0000000e+00	   0.0000000e+00	   0.0000000e+00	   0.0000000e+00	   0.0000000e+00	   0.0000000e+00	   0.0000000e+00	             NaN	             NaN	             NaN	             NaN	             NaN	             NaN	   4.5264852e+00	   4.3161439e+00	   4.2241450e+00	   4.1181090e+00	   4.0195255e+00	   3.8532533e+00	   3.7518135e+00	   3.6462087e+00	   3.6868452e+00	   3.4762667e+00	   3.4112136e+00	   3.3957564e+00	   3.3996207e+00	   3.2654343e+00	   3.0610286e+00	   2.9509833e+00	   2.9016083e+00	   2.7683293e+00	   2.7161557e+00	
   0.0000000e+00	   0.0000000e+00	   0.0000000e+00	   0.0000000e+00	   0.0000000e+00	   0.0000000e+00	   0.0000000e+00	   0.0000000e+00	   0.0000000e+00	             NaN	             NaN	             NaN	             NaN	             NaN	   4.4122044e+00	   4.1530671e+00	   3.9545737e+00	   3.8824818e+00	   3.8135776e+00	   3.7665070e+00	   3.6820283e+00	   3.5909594e+00	   3.5185331e+00	   3.4031506e+00	   3.3624040e+00	   3.3098381e+00	   3.2186483e+00	   3.1433083e+00	   3.0381503e+00	   2.8553496e+00	   2.8844336e+00	   2.6758955e+00	   2.5929954e+00	
   0.0000000e+00	   0.0000000e+00	   0.0000000e+00	   0.0000000e+00	   0.0000000e+00	   0.0000000e+00	   0.0000000e+00	   0.0000000e+00	   0.0000000e+00	             NaN	             NaN	             NaN	             NaN	             NaN	   4.4405958e+00	   4.2457901e+00	   3.8848276e+00	   3.7816534e+00	   3.7594017e+00	   3.5398474e+00	   3.4129998e+00	   3.5057049e+00	   3.4293407e+00	   3.3848713e+00	   3.2678507e+00	   3.1823146e+00	   3.1510865e+00	   3.1562704e+00	   2.9967458e+00	   2.8709289e+00	   2.6494713e+00	   2.5521128e+00	   2.4822349e+00	
   0.0000000e+00	   0.0000000e+00	   0.0000000e+00	   0.0000000e+00	   0.0000000e+00	   0.0000000e+00	   0.0000000e+00	   0.0000000e+00	   0.0000000e+00	             NaN	             NaN	             NaN	             NaN	             NaN	   4.1823584e+00	   3.8875261e+00	   3.6859505e+00	   3.7116260e+00	   3.5614459e+00	   3.4419748e+00	   3.4563883e+00	   3.3628360e+00	   3.3116366e+00	   3.2361511e+00	   3.1701675e+00	   3.1097403e+00	   3.0113596e+00	   2.9465201e+00	   2.7778466e+00	   2.7513093e+00	   2.5099174e+00	   2.4907532e+00	   2.3827598e+00	
   0.0000000e+00	   0.0000000e+00	   0.0000000e+00	   0.0000000e+00	   0.0000000e+00	   0.0000000e+00	   0.0000000e+00	   0.0000000e+00	   0.0000000e+00	             NaN	             NaN	             NaN	             NaN	             NaN	             NaN	   3.9281537e+00	   3.7871574e+00	   3.5472160e+00	   3.3725442e+00	   3.2689348e+00	   3.2995009e+00	   3.2223417e+00	   3.1211310e+00	   3.1561939e+00	   3.0173398e+00	   2.9599622e+00	   2.9348943e+00	   2.8774477e+00	   2.7134634e+00	   2.5554338e+00	   2.5005995e+00	   2.3858623e+00	   2.3465424e+00	
   0.0000000e+00	   0.0000000e+00	   0.0000000e+00	   0.0000000e+00	   0.0000000e+00	   0.0000000e+00	   0.0000000e+00	   0.0000000e+00	   0.0000000e+00	             NaN	             NaN	             NaN	             NaN	             NaN	             NaN	   3.7849161e+00	   3.7351247e+00	   3.4818242e+00	   3.3437176e+00	   3.2843761e+00	   3.2356231e+00	   3.0331948e+00	   3.0013743e+00	   2.9349058e+00	   2.9659328e+00	   2.9076633e+00	   2.7919307e+00	   2.7408176e+00	   2.5818558e+00	   2.5512199e+00	   2.3919196e+00	   2.3272993e+00	   2.1785002e+00	
   0.0000000e+00	   0.0000000e+00	   0.0000000e+00	   0.0000000e+00	   0.0000000e+00	   0.0000000e+00	   0.0000000e+00	   0.0000000e+00	   0.0000000e+00	   0.0000000e+00	             NaN	             NaN	             NaN	             NaN	             NaN	   3.6833859e+00	   3.5933089e+00	   3.2478611e+00	   3.2256115e+00	   3.1991136e+00	   3.1060123e+00	   3.0479280e+00	   2.9400215e+00	   2.9712428e+00	   2.8074357e+00	   2.8167816e+00	   2.6492308e+00	   2.6708472e+00	   2.5255506e+00	   2.4337683e+00	   2.3496440e+00	   2.2870289e+00	   2.1693664e+00	
