   3.8497722e+00	  -9.4665780e-01	   1.3639954e-01	             NaN	             NaN	             NaN	             NaN	             NaN	             NaN	             NaN	             NaN	             NaN	             NaN	             NaN	   0.0000000e+00	   0.0000000e+00	   0.0000000e+00	   0.0000000e+00	   0.0000000e+00	   0.0000000e+00	   0.0000000e+00	   0.0000000e+00	   0.0000000e+00	   0.0000000e+00	   0.0000000e+00	   0.0000000e+00	   0.0000000e+00	   0.0000000e+00	   0.0000000e+00	   0.0000000e+00	   0.0000000e+00	   0.0000000e+00	   0.0000000e+00	
   1.5992939e+00	   1.4789867e+00	   2.5789570e-01	             NaN	             NaN	             NaN	             NaN	             NaN	             NaN	             NaN	             NaN	             NaN	             NaN	             NaN	   0.0000000e+00	   0.0000000e+00	   0.0000000e+00	   0.0000000e+00	   0.0000000e+00	   0.0000000e+00	   0.0000000e+00	   0.0000000e+00	   0.0000000e+00	   0.0000000e+00	   0.0000000e+00	   0.0000000e+00	   0.0000000e+00	   0.0000000e+00	   0.0000000e+00	   0.0000000e+00	   0.0000000e+00	   0.0000000e+00	   0.0000000e+00	
   2.5771022e+00	   1.7381183e+00	   1.1765271e+00	             NaN	             NaN	             NaN	             NaN	             NaN	             NaN	             NaN	             NaN	             NaN	             NaN	             NaN	   0.0000000e+00	   0.0000000e+00	   0.0000000e+00	   0.0000000e+00	   0.0000000e+00	   0.0000000e+00	   0.0000000e+00	   0.0000000e+00	   0.0000000e+00	   0.0000000e+00	   0.0000000e+00	   0.0000000e+00	   0.0000000e+00	   0.0000000e+00	   0.0000000e+00	   0.0000000e+00	   0.0000000e+00	   0.0000000e+00	   0.0000000e+00	
   5.8610338e+00	   2.0450754e+00	   2.9693389e+00	   5.6219405e+00	             NaN	             NaN	             NaN	             NaN	             NaN	             NaN	             NaN	             NaN	             NaN	             NaN	             NaN	   0.0000000e+00	   0.0000000e+00	   0.0000000e+00	   0.0000000e+00	   0.0000000e+00	   0.0000000e+00	   0.0000000e+00	   0.0000000e+00	   0.0000000e+00	   0.0000000e+00	   0.0000000e+00	   0.0000000e+00	   0.0000000e+00	   0.0000000e+00	   0.0000000e+00	   0.0000000e+00	   0.0000000e+00	   0.0000000e+00	
   5.6953857e+00	   2.3807278e+00	   5.5937994e+00	   7.8216872e+00	             NaN	             NaN	             NaN	             NaN	             NaN	             NaN	             NaN	             NaN	             NaN	             NaN	             NaN	   0.0000000e+00	   0.0000000e+00	   0.0000000e+00	   0.0000000e+00	   0.0000000e+00	   0.0000000e+00	   0.0000000e+00	   0.0000000e+00	   0.0000000e+00	   0.0000000e+00	   0.0000000e+00	   0.0000000e+00	   0.0000000e+00	   0.0000000e+00	   0.0000000e+00	   0.0000000e+00	   0.0000000e+00	   0.0000000e+00	
   6.6453383e+00	   4.2444394e+00	   6.1759656e+00	   7.2591364e+00	   1.0875603e+01	             NaN	             NaN	             NaN	             NaN	             NaN	             NaN	             NaN	             NaN	             NaN	             NaN	             NaN	   0.0000000e+00	   0.0000000e+00	   0.0000000e+00	   0.0000000e+00	   0.0000000e+00	   0.0000000e+00	   0.0000000e+00	   0.0000000e+00	   0.0000000e+00	   0.0000000e+00	   0.0000000e+00	   0.0000000e+00	   0.0000000e+00	   0.0000000e+00	   0.0000000e+00	   0.0000000e+00	   0.0000000e+00	
   7.0989194e+00	   5.3870706e+00	   7.9942991e+00	   9.1505673e+00	   1.1829037e+01	             NaN	             NaN	             NaN	             NaN	             NaN	             NaN	             NaN	             NaN	             NaN	             NaN	             NaN	   0.0000000e+00	   0.0000000e+00	   0.0000000e+00	   0.0000000e+00	   0.0000000e+00	   0.0000000e+00	   0.0000000e+00	   0.0000000e+00	   0.0000000e+00	   0.0000000e+00	   0.0000000e+00	   0.0000000e+00	   0.0000000e+00	   0.0000000e+00	   0.0000000e+00	   0.0000000e+00	   0.0000000e+00	
   7.7792219e+00	   7.9202291e+00	   8.4298718e+00	   1.0827415e+01	   1.2774039e+01	             NaN	             NaN	             NaN	             NaN	             NaN	             NaN	             NaN	             NaN	             NaN	             NaN	             NaN	   0.0000000e+00	   0.0000000e+00	   0.0000000e+00	   0.0000000e+00	   0.0000000e+00	   0.0000000e+00	   0.0000000e+00	   0.0000000e+00	   0.0000000e+00	   0.0000000e+00	   0.0000000e+00	   0.0000000e+00	   0.0000000e+00	   0.0000000e+00	   0.0000000e+00	   0.0000000e+00	   0.0000000e+00	
   8.8069953e+00	   8.0853402e+00	   8.4313220e+00	   1.1104437e+01	   1.2415211e+01	   1.6065101e+01	             NaN	             NaN	             NaN	             NaN	             NaN	             NaN	             NaN	             NaN	             NaN	             NaN	             NaN	   0.0000000e+00	   0.0000000e+00	   0.0000000e+00	   0.0000000e+00	   0.0000000e+00	   0.0000000e+00	   0.0000000e+00	   0.0000000e+00	   0.0000000e+00	   0.0000000e+00	   0.0000000e+00	   0.0000000e+00	   0.0000000e+00	   0.0000000e+00	   0.0000000e+00	   0.0000000e+00	
   9.2807167e+00	   8.6323875e+00	   9.1158590e+00	   1.1234368e+01	   1.4722275e+01	   1.7069333e+01	             NaN	             NaN	             NaN	             NaN	             NaN	             NaN	             NaN	             NaN	             NaN	             NaN	             NaN	   0.0000000e+00	   0.0000000e+00	   0.0000000e+00	   0.0000000e+00	   0.0000000e+00	   0.0000000e+00	   0.0000000e+00	   0.0000000e+00	   0.0000000e+00	   0.0000000e+00	   0.0000000e+00	   0.0000000e+00	   0.0000000e+00	   0.0000000e+00	   0.0000000e+00	   0.0000000e+00	
   8.6955110e+00	   8.4983011e+00	   1.0107596e+01	   1.2092446e+01	   1.5534914e+01	   1.7928052e+01	   2.1074304e+01	             NaN	             NaN	             NaN	             NaN	             NaN	             NaN	             NaN	             NaN	             NaN	             NaN	             NaN	   0.0000000e+00	   0.0000000e+00	   0.0000000e+00	   0.0000000e+00	   0.0000000e+00	   0.0000000e+00	   0.0000000e+00	   0.0000000e+00	   0.0000000e+00	   0.0000000e+00	   0.0000000e+00	   0.0000000e+00	   0.0000000e+00	   0.0000000e+00	   0.0000000e+00	
   1.0456532e+01	   1.0164089e+01	   1.0556069e+01	   1.3299821e+01	   1.5896704e+01	   1.9288994e+01	   2.2132217e+01	             NaN	             NaN	             NaN	             NaN	             NaN	             NaN	             NaN	             NaN	             NaN	             NaN	             NaN	   0.0000000e+00	   0.0000000e+00	   0.0000000e+00	   0.0000000e+00	   0.0000000e+00	   0.0000000e+00	   0.0000000e+00	   0.0000000e+00	   0.0000000e+00	   0.0000000e+00	   0.0000000e+00	   0.0000000e+00	   0.0000000e+00	   0.0000000e+00	   0.0000000e+00	
   1.0428311e+01	   1.1364679e+01	   1.2032426e+01	   1.3868186e+01	   1.6447588e+01	   1.9515307e+01	   2.2990867e+01	             NaN	             NaN	             NaN	             NaN	             NaN	             NaN	             NaN	             NaN	             NaN	             NaN	             NaN	   0.0000000e+00	   0.0000000e+00	   0.0000000e+00	   0.0000000e+00	   0.0000000e+00	   0.0000000e+00	   0.0000000e+00	   0.0000000e+00	   0.0000000e+00	   0.0000000e+00	   0.0000000e+00	   0.0000000e+00	   0.0000000e+00	   0.0000000e+00	   0.0000000e+00	
   1.2001611e+01	   1.1178468e+01	   1.2705875e+01	   1.4420151e+01	   1.7066889e+01	   2.0587180e+01	   2.3267663e+01	   2.5391858e+01	             NaN	             NaN	             NaN	             NaN	             NaN	             NaN	             NaN	             NaN	             NaN	             NaN	             NaN	   0.0000000e+00	   0.0000000e+00	   0.0000000e+00	   0.0000000e+00	   0.0000000e+00	   0.0000000e+00	   0.0000000e+00	   0.0000000e+00	   0.0000000e+00	   0.0000000e+00	   0.0000000e+00	   0.0000000e+00	   0.0000000e+00	   0.0000000e+00	
   1.2244775e+01	   1.0836623e+01	   1.2927969e+01	   1.5191534e+01	   1.7481381e+01	   2.0967171e+01	   2.4030170e+01	   2.5791061e+01	             NaN	             NaN	             NaN	             NaN	             NaN	             NaN	             NaN	             NaN	             NaN	             NaN	             NaN	   0.0000000e+00	   0.0000000e+00	   0.0000000e+00	   0.0000000e+00	   0.0000000e+00	   0.0000000e+00	   0.0000000e+00	   0.0000000e+00	   0.0000000e+00	   0.0000000e+00	   0.0000000e+00	   0.0000000e+00	   0.0000000e+00	   0.0000000e+00	
   1.2169868e+01	   1.2131402e+01	   1.3254270e+01	   1.5556238e+01	   1.8293463e+01	   2.0902727e+01	   2.3901152e+01	   2.6717665e+01	   2.6498954e+01	             NaN	             NaN	             NaN	             NaN	             NaN	             NaN	             NaN	             NaN	             NaN	             NaN	             NaN	   0.0000000e+00	   0.0000000e+00	   0.0000000e+00	   0.0000000e+00	   0.0000000e+00	   0.0000000e+00	   0.0000000e+00	   0.0000000e+00	   0.0000000e+00	   0.0000000e+00	   0.0000000e+00	   0.0000000e+00	   0.0000000e+00	
   1.2977778e+01	   1.1736306e+01	   1.3795114e+01	   1.5513537e+01	   1.8293760e+01	   2.1607145e+01	   2.4421040e+01	   2.6940917e+01	   2.6792245e+01	             NaN	             NaN	             NaN	             NaN	             NaN	             NaN	             NaN	             NaN	             NaN	             NaN	             NaN	   0.0000000e+00	   0.0000000e+00	   0.0000000e+00	   0.0000000e+00	   0.0000000e+00	   0.0000000e+00	   0.0000000e+00	   0.0000000e+00	   0.0000000e+00	   0.0000000e+00	   0.0000000e+00	   0.0000000e+00	   0.0000000e+00	
   1.3331270e+01	   1.2746176e+01	   1.4205184e+01	   1.5434272e+01	   1.8628585e+01	   2.1411202e+01	   2.5388213e+01	   2.7055057e+01	   2.7048633e+01	             NaN	             NaN	             NaN	             NaN	             NaN	             NaN	             NaN	             NaN	             NaN	             NaN	             NaN	   0.0000000e+00	   0.0000000e+00	   0.0000000e+00	   0.0000000e+00	   0.0000000e+00	   0.0000000e+00	   0.0000000e+00	   0.0000000e+00	   0.0000000e+00	   0.0000000e+00	   0.0000000e+00	   0.0000000e+00	   0.0000000e+00	
   1.3655374e+01	   1.2250059e+01	   1.3673384e+01	   1.6311907e+01	   1.8818752e+01	   2.1991336e+01	   2.5109431e+01	   2.7141562e+01	   2.7289581e+01	   2.4407725e+01	             NaN	             NaN	             NaN	             NaN	             NaN	             NaN	             NaN	             NaN	             NaN	             NaN	             NaN	   0.0000000e+00	   0.0000000e+00	   0.0000000e+00	   0.0000000e+00	   0.0000000e+00	   0.0000000e+00	   0.0000000e+00	   0.0000000e+00	   0.0000000e+00	   0.0000000e+00	   0.0000000e+00	   0.0000000e+00	
   1.4482751e+01	   1.3198825e+01	   1.4033412e+01	   1.6136138e+01	   1.8905150e+01	   2.2481948e+01	   2.5053231e+01	   2.7177697e+01	   2.7437607e+01	   2.4263070e+01	             NaN	             NaN	             NaN	             NaN	             NaN	             NaN	             NaN	             NaN	             NaN	             NaN	             NaN	   0.0000000e+00	   0.0000000e+00	   0.0000000e+00	   0.0000000e+00	   0.0000000e+00	   0.0000000e+00	   0.0000000e+00	   0.0000000e+00	   0.0000000e+00	   0.0000000e+00	   0.0000000e+00	   0.0000000e+00	
   1.4665284e+01	   1.2494707e+01	   1.3400868e+01	   1.6465733e+01	   1.8867910e+01	   2.2204099e+01	   2.5151630e+01	   2.6739917e+01	   2.7278049e+01	   2.4066760e+01	   1.9703761e+01	             NaN	             NaN	             NaN	             NaN	             NaN	             NaN	             NaN	             NaN	             NaN	             NaN	             NaN	   0.0000000e+00	   0.0000000e+00	   0.0000000e+00	   0.0000000e+00	   0.0000000e+00	   0.0000000e+00	   0.0000000e+00	   0.0000000e+00	   0.0000000e+00	   0.0000000e+00	   0.0000000e+00	
   1.4099129e+01	   1.3550365e+01	   1.4609046e+01	   1.6316501e+01	   1.8564827e+01	   2.1967288e+01	   2.4758086e+01	   2.6826675e+01	   2.7091761e+01	   2.4343720e+01	   1.9760152e+01	             NaN	             NaN	             NaN	             NaN	             NaN	             NaN	             NaN	             NaN	             NaN	             NaN	             NaN	   0.0000000e+00	   0.0000000e+00	   0.0000000e+00	   0.0000000e+00	   0.0000000e+00	   0.0000000e+00	   0.0000000e+00	   0.0000000e+00	   0.0000000e+00	   0.0000000e+00	   0.0000000e+00	
   1.5810818e+01	   1.2756468e+01	   1.3989641e+01	   1.5908700e+01	   1.9075444e+01	   2.1489783e+01	   2.4695182e+01	   2.5960614e+01	   2.7228133e+01	   2.4324948e+01	   1.9865362e+01	             NaN	             NaN	             NaN	             NaN	             NaN	             NaN	             NaN	             NaN	             NaN	             NaN	             NaN	   0.0000000e+00	   0.0000000e+00	   0.0000000e+00	   0.0000000e+00	   0.0000000e+00	   0.0000000e+00	   0.0000000e+00	   0.0000000e+00	   0.0000000e+00	   0.0000000e+00	   0.0000000e+00	
   1.5915785e+01	   1.3712505e+01	   1.4406853e+01	   1.6213928e+01	   1.8587767e+01	   2.1475814e+01	   2.3917512e+01	   2.6278745e+01	   2.6194571e+01	   2.4046595e+01	   1.9815015e+01	   1.3898412e+01	             NaN	             NaN	             NaN	             NaN	             NaN	             NaN	             NaN	             NaN	             NaN	             NaN	             NaN	   0.0000000e+00	   0.0000000e+00	   0.0000000e+00	   0.0000000e+00	   0.0000000e+00	   0.0000000e+00	   0.0000000e+00	   0.0000000e+00	   0.0000000e+00	   0.0000000e+00	
   1.5878953e+01	   1.4243665e+01	   1.5154147e+01	   1.5853459e+01	   1.8657831e+01	   2.1135102e+01	   2.3866508e+01	   2.5590910e+01	   2.6516265e+01	   2.4004125e+01	   1.9787742e+01	   1.4355327e+01	             NaN	             NaN	             NaN	             NaN	             NaN	             NaN	             NaN	             NaN	             NaN	             NaN	             NaN	   0.0000000e+00	   0.0000000e+00	   0.0000000e+00	   0.0000000e+00	   0.0000000e+00	   0.0000000e+00	   0.0000000e+00	   0.0000000e+00	   0.0000000e+00	   0.0000000e+00	
   1.5134627e+01	   1.4007619e+01	   1.4817130e+01	   1.6204231e+01	   1.8633509e+01	   2.1151340e+01	   2.3536316e+01	   2.5805484e+01	   2.5720311e+01	   2.3990510e+01	   2.0128000e+01	   1.4302560e+01	   1.0528277e+01	             NaN	             NaN	             NaN	             NaN	             NaN	             NaN	             NaN	             NaN	             NaN	             NaN	             NaN	   0.0000000e+00	   0.0000000e+00	   0.0000000e+00	   0.0000000e+00	   0.0000000e+00	   0.0000000e+00	   0.0000000e+00	   0.0000000e+00	   0.0000000e+00	
   1.6239012e+01	   1.5661151e+01	   1.4990009e+01	   1.6597408e+01	   1.8026090e+01	   2.0476416e+01	   2.3027043e+01	   2.4978959e+01	   2.5283049e+01	   2.3380708e+01	   1.9845250e+01	   1.4872791e+01	   1.1259451e+01	             NaN	             NaN	             NaN	             NaN	             NaN	             NaN	             NaN	             NaN	             NaN	             NaN	             NaN	   0.0000000e+00	   0.0000000e+00	   0.0000000e+00	   0.0000000e+00	   0.0000000e+00	   0.0000000e+00	   0.0000000e+00	   0.0000000e+00	   0.0000000e+00	
   1.7541399e+01	   1.5938072e+01	   1.4377648e+01	   1.6447253e+01	   1.8374671e+01	   2.0512148e+01	   2.2870094e+01	   2.3990757e+01	   2.4559508e+01	   2.3090517e+01	   1.9759307e+01	   1.5267914e+01	   1.1734488e+01	             NaN	             NaN	             NaN	             NaN	             NaN	             NaN	             NaN	             NaN	             NaN	             NaN	             NaN	   0.0000000e+00	   0.0000000e+00	   0.0000000e+00	   0.0000000e+00	   0.0000000e+00	   0.0000000e+00	   0.0000000e+00	   0.0000000e+00	   0.0000000e+00	
   1.6924731e+01	   1.5634648e+01	   1.5400578e+01	   1.6948981e+01	   1.8244760e+01	   1.9658395e+01	   2.1971455e+01	   2.3756567e+01	   2.4062141e+01	   2.2823346e+01	   2.0165109e+01	   1.5828321e+01	   1.2155713e+01	   1.0203478e+01	             NaN	             NaN	             NaN	             NaN	             NaN	             NaN	             NaN	             NaN	             NaN	             NaN	             NaN	   0.0000000e+00	   0.0000000e+00	   0.0000000e+00	   0.0000000e+00	   0.0000000e+00	   0.0000000e+00	   0.0000000e+00	   0.0000000e+00	
   1.8598783e+01	   1.6700967e+01	   1.5887557e+01	   1.6056011e+01	   1.7567261e+01	   1.9414676e+01	   2.1764509e+01	   2.2957150e+01	   2.3308540e+01	   2.2062381e+01	   1.9812567e+01	   1.5883696e+01	   1.2756266e+01	   1.1001715e+01	             NaN	             NaN	             NaN	             NaN	             NaN	             NaN	             NaN	             NaN	             NaN	             NaN	             NaN	   0.0000000e+00	   0.0000000e+00	   0.0000000e+00	   0.0000000e+00	   0.0000000e+00	   0.0000000e+00	   0.0000000e+00	   0.0000000e+00	
   1.7736456e+01	   1.7295536e+01	   1.6688862e+01	   1.6215456e+01	   1.7400978e+01	   1.8746735e+01	   2.1099944e+01	   2.2342530e+01	   2.3117877e+01	   2.2067611e+01	   1.9650918e+01	   1.6027657e+01	   1.3247425e+01	   1.1691138e+01	   1.0108178e+01	             NaN	             NaN	             NaN	             NaN	             NaN	             NaN	             NaN	             NaN	             NaN	             NaN	             NaN	   0.0000000e+00	   0.0000000e+00	   0.0000000e+00	   0.0000000e+00	   0.0000000e+00	   0.0000000e+00	   0.0000000e+00	
   1.9002283e+01	   1.8002682e+01	   1.7492168e+01	   1.6838628e+01	   1.8150655e+01	   1.9247907e+01	   2.1093228e+01	   2.2479424e+01	   2.3067792e+01	   2.2181534e+01	   1.9878897e+01	   1.6819471e+01	   1.4123903e+01	   1.2427959e+01	   1.1644311e+01	             NaN	             NaN	             NaN	             NaN	             NaN	             NaN	             NaN	             NaN	             NaN	             NaN	             NaN	   0.0000000e+00	   0.0000000e+00	   0.0000000e+00	   0.0000000e+00	   0.0000000e+00	   0.0000000e+00	   0.0000000e+00	
   1.9697551e+01	   1.8651649e+01	   1.7496620e+01	   1.8019936e+01	   1.8066292e+01	   1.9632334e+01	   2.1106550e+01	   2.2123636e+01	   2.2761884e+01	   2.2028868e+01	   2.0305202e+01	   1.7220470e+01	   1.4932985e+01	   1.3690943e+01	   1.2729964e+01	             NaN	             NaN	             NaN	             NaN	             NaN	             NaN	             NaN	             NaN	             NaN	             NaN	             NaN	   0.0000000e+00	   0.0000000e+00	   0.0000000e+00	   0.0000000e+00	   0.0000000e+00	   0.0000000e+00	   0.0000000e+00	
   2.0086924e+01	   1.9396027e+01	   1.8015029e+01	   1.7823666e+01	   1.9170069e+01	   1.9665560e+01	   2.0969781e+01	   2.2060062e+01	   2.2593541e+01	   2.2339016e+01	   2.0525432e+01	   1.7877264e+01	   1.5930838e+01	   1.4726806e+01	   1.3928977e+01	   1.2886372e+01	             NaN	             NaN	             NaN	             NaN	             NaN	             NaN	             NaN	             NaN	             NaN	             NaN	             NaN	   0.0000000e+00	   0.0000000e+00	   0.0000000e+00	   0.0000000e+00	   0.0000000e+00	   0.0000000e+00	
   2.2491772e+01	   2.1421814e+01	   1.8829601e+01	   1.8517780e+01	   1.8921212e+01	   2.0268056e+01	   2.0951496e+01	   2.2139570e+01	   2.2862608e+01	   2.2047857e+01	   2.0638477e+01	   1.8254735e+01	   1.6609484e+01	   1.5817957e+01	   1.5087205e+01	   1.4006027e+01	             NaN	             NaN	             NaN	             NaN	             NaN	             NaN	             NaN	             NaN	             NaN	             NaN	             NaN	   0.0000000e+00	   0.0000000e+00	   0.0000000e+00	   0.0000000e+00	   0.0000000e+00	   0.0000000e+00	
   2.1649418e+01	   2.0667241e+01	   2.0391297e+01	   1.8935213e+01	   1.9543700e+01	   2.0059770e+01	   2.1063990e+01	   2.1922218e+01	   2.2054937e+01	   2.1948838e+01	   2.0860231e+01	   1.8822768e+01	   1.7457168e+01	   1.6825006e+01	   1.6209498e+01	   1.5246426e+01	   1.3835046e+01	             NaN	             NaN	             NaN	             NaN	             NaN	             NaN	             NaN	             NaN	             NaN	             NaN	             NaN	   0.0000000e+00	   0.0000000e+00	   0.0000000e+00	   0.0000000e+00	   0.0000000e+00	
   2.2173189e+01	   2.0000972e+01	   2.0238931e+01	   1.9933462e+01	   1.9631520e+01	   2.0434834e+01	   2.0902736e+01	   2.1924815e+01	   2.2420200e+01	   2.1980107e+01	   2.0845772e+01	   1.9219772e+01	   1.7959587e+01	   1.7190972e+01	   1.6898694e+01	   1.6007042e+01	   1.4873133e+01	             NaN	             NaN	             NaN	             NaN	             NaN	             NaN	             NaN	             NaN	             NaN	             NaN	             NaN	   0.0000000e+00	   0.0000000e+00	   0.0000000e+00	   0.0000000e+00	   0.0000000e+00	
   2.2293534e+01	   2.1960715e+01	   2.1452260e+01	   2.0700015e+01	   2.0004515e+01	   2.0016945e+01	   2.1108948e+01	   2.1637168e+01	   2.2303733e+01	   2.1995184e+01	   2.1288383e+01	   1.9795999e+01	   1.8708618e+01	   1.8145194e+01	   1.7851894e+01	   1.7226477e+01	   1.6049211e+01	             NaN	             NaN	             NaN	             NaN	             NaN	             NaN	             NaN	             NaN	             NaN	             NaN	             NaN	   0.0000000e+00	   0.0000000e+00	   0.0000000e+00	   0.0000000e+00	   0.0000000e+00	
   2.3967904e+01	   2.3556572e+01	   2.2016006e+01	   2.2243010e+01	   2.0863875e+01	   2.0534425e+01	   2.1268714e+01	   2.2026561e+01	   2.2158979e+01	   2.2067233e+01	   2.1399838e+01	   2.0199355e+01	   1.9298318e+01	   1.9147957e+01	   1.8771072e+01	   1.8276605e+01	   1.7070210e+01	   1.5027827e+01	             NaN	             NaN	             NaN	             NaN	             NaN	             NaN	             NaN	             NaN	             NaN	             NaN	             NaN	   0.0000000e+00	   0.0000000e+00	   0.0000000e+00	   0.0000000e+00	
   2.3437258e+01	   2.3429059e+01	   2.3063704e+01	   2.2249204e+01	   2.1328019e+01	   2.1444970e+01	   2.1385192e+01	   2.2476188e+01	   2.1953237e+01	   2.1901634e+01	   2.1605981e+01	   2.0626873e+01	   2.0028595e+01	   1.9954542e+01	   1.9718161e+01	   1.8997123e+01	   1.8264643e+01	   1.6297302e+01	             NaN	             NaN	             NaN	             NaN	             NaN	             NaN	             NaN	             NaN	             NaN	             NaN	             NaN	   0.0000000e+00	   0.0000000e+00	   0.0000000e+00	   0.0000000e+00	
   2.6250497e+01	   2.4840956e+01	   2.3725457e+01	   2.2605153e+01	   2.1825963e+01	   2.1513045e+01	   2.1927810e+01	   2.1810229e+01	   2.2231038e+01	   2.2462311e+01	   2.1906806e+01	   2.0930129e+01	   2.0545536e+01	   2.0702575e+01	   2.0747612e+01	   2.0095925e+01	   1.9038108e+01	   1.7648615e+01	   1.4553789e+01	             NaN	             NaN	             NaN	             NaN	             NaN	             NaN	             NaN	             NaN	             NaN	             NaN	             NaN	   0.0000000e+00	   0.0000000e+00	   0.0000000e+00	
   2.5980580e+01	   2.5338275e+01	   2.3688365e+01	   2.3630126e+01	   2.2591413e+01	   2.1957410e+01	   2.1690036e+01	   2.1947497e+01	   2.2718178e+01	   2.2329785e+01	   2.2094724e+01	   2.1560575e+01	   2.1458550e+01	   2.1639962e+01	   2.1559977e+01	   2.1070490e+01	   2.0197444e+01	   1.8707125e+01	   1.5927615e+01	             NaN	             NaN	             NaN	             NaN	             NaN	             NaN	             NaN	             NaN	             NaN	             NaN	             NaN	   0.0000000e+00	   0.0000000e+00	   0.0000000e+00	
   2.8165845e+01	   2.6814749e+01	   2.4856423e+01	   2.4224476e+01	   2.3097635e+01	   2.2448822e+01	   2.2247621e+01	   2.2288060e+01	   2.2641016e+01	   2.3107599e+01	   2.2736506e+01	   2.2225296e+01	   2.2025900e+01	   2.2294792e+01	   2.2423016e+01	   2.2127505e+01	   2.1072365e+01	   1.9644518e+01	   1.7036602e+01	             NaN	             NaN	             NaN	             NaN	             NaN	             NaN	             NaN	             NaN	             NaN	             NaN	             NaN	   0.0000000e+00	   0.0000000e+00	   0.0000000e+00	
   2.7164808e+01	   2.7752979e+01	   2.6272433e+01	   2.5539251e+01	   2.4082918e+01	   2.2594416e+01	   2.2622736e+01	   2.2779406e+01	   2.2952120e+01	   2.2802461e+01	   2.3063943e+01	   2.2588485e+01	   2.2753228e+01	   2.3250232e+01	   2.3321415e+01	   2.3000067e+01	   2.2092889e+01	   2.0642377e+01	   1.8554513e+01	   1.5333891e+01	             NaN	             NaN	             NaN	             NaN	             NaN	             NaN	             NaN	             NaN	             NaN	             NaN	             NaN	   0.0000000e+00	   0.0000000e+00	
   2.9463156e+01	   2.7892725e+01	   2.8377741e+01	   2.6603993e+01	   2.4152929e+01	   2.3647680e+01	   2.3268465e+01	   2.2818027e+01	   2.3157354e+01	   2.3376377e+01	   2.3258401e+01	   2.3069257e+01	   2.3284159e+01	   2.3903977e+01	   2.4049010e+01	   2.3747219e+01	   2.2888333e+01	   2.1532786e+01	   1.9391435e+01	   1.6487660e+01	             NaN	             NaN	             NaN	             NaN	             NaN	             NaN	             NaN	             NaN	             NaN	             NaN	             NaN	   0.0000000e+00	   0.0000000e+00	
   3.0112093e+01	   3.0059524e+01	   2.9036374e+01	   2.7579961e+01	   2.4815852e+01	   2.3617043e+01	   2.3417137e+01	   2.3268498e+01	   2.3640694e+01	   2.3716148e+01	   2.3778635e+01	   2.3842656e+01	   2.3835263e+01	   2.4752420e+01	   2.5023445e+01	   2.4822815e+01	   2.3758911e+01	   2.2598757e+01	   2.0501358e+01	   1.7811465e+01	   1.4822572e+01	             NaN	             NaN	             NaN	             NaN	             NaN	             NaN	             NaN	             NaN	             NaN	             NaN	             NaN	   0.0000000e+00	
   3.1245674e+01	   3.2433516e+01	   3.0417293e+01	   2.8158259e+01	   2.5921424e+01	   2.5173922e+01	   2.4135447e+01	   2.3971518e+01	   2.3910303e+01	   2.4208021e+01	   2.4548570e+01	   2.4608054e+01	   2.4994119e+01	   2.5516679e+01	   2.5903316e+01	   2.5837245e+01	   2.4890057e+01	   2.3434971e+01	   2.1624855e+01	   1.9127164e+01	   1.5674010e+01	             NaN	             NaN	             NaN	             NaN	             NaN	             NaN	             NaN	             NaN	             NaN	             NaN	             NaN	   0.0000000e+00	
   3.1060139e+01	   3.1511321e+01	   2.9970765e+01	   2.9177401e+01	   2.7693234e+01	   2.5437783e+01	   2.4751057e+01	   2.4402349e+01	   2.4387423e+01	   2.4933225e+01	   2.4948516e+01	   2.5050139e+01	   2.5589299e+01	   2.6524593e+01	   2.6557794e+01	   2.6551466e+01	   2.6061928e+01	   2.4602070e+01	   2.2671509e+01	   2.0465201e+01	   1.7009813e+01	             NaN	             NaN	             NaN	             NaN	             NaN	             NaN	             NaN	             NaN	             NaN	             NaN	             NaN	   0.0000000e+00	
   3.1157996e+01	   3.3439380e+01	   3.2297873e+01	   3.0057007e+01	   2.8177758e+01	   2.6144061e+01	   2.5427440e+01	   2.4688486e+01	   2.4529628e+01	   2.5502185e+01	   2.5547499e+01	   2.5692794e+01	   2.6049296e+01	   2.6892336e+01	   2.7522348e+01	   2.7272705e+01	   2.6865201e+01	   2.5437778e+01	   2.3711720e+01	   2.1521867e+01	   1.8565602e+01	   1.5285371e+01	             NaN	             NaN	             NaN	             NaN	             NaN	             NaN	             NaN	             NaN	             NaN	             NaN	             NaN	
   3.5945488e+01	   3.4763413e+01	   3.2307301e+01	   3.0755771e+01	   2.9303231e+01	   2.6912488e+01	   2.5686026e+01	   2.5701004e+01	   2.5316983e+01	   2.5703307e+01	   2.6203218e+01	   2.6346708e+01	   2.6798519e+01	   2.7534807e+01	   2.8464777e+01	   2.8325541e+01	   2.7671943e+01	   2.6350530e+01	   2.4788976e+01	   2.2675562e+01	   1.9773300e+01	   1.6549979e+01	             NaN	             NaN	             NaN	             NaN	             NaN	             NaN	             NaN	             NaN	             NaN	             NaN	             NaN	
   3.6784182e+01	   3.6451585e+01	   3.4562051e+01	   3.2177166e+01	   3.0209620e+01	   2.7664101e+01	   2.6766445e+01	   2.6126411e+01	   2.6153344e+01	   2.6211808e+01	   2.6809106e+01	   2.6893236e+01	   2.7626387e+01	   2.8377963e+01	   2.9186720e+01	   2.9032004e+01	   2.8525925e+01	   2.7289237e+01	   2.5821091e+01	   2.3751720e+01	   2.1106001e+01	   1.7736088e+01	   1.5030663e+01	             NaN	             NaN	             NaN	             NaN	             NaN	             NaN	             NaN	             NaN	             NaN	             NaN	
   3.7493687e+01	   3.6511560e+01	   3.5663694e+01	   3.4211497e+01	   3.0984022e+01	   2.8999606e+01	   2.7533899e+01	   2.6530103e+01	   2.6519189e+01	   2.6668816e+01	   2.7372423e+01	   2.7491554e+01	   2.8373985e+01	   2.8985851e+01	   2.9947889e+01	   2.9812159e+01	   2.9405007e+01	   2.8282632e+01	   2.6778431e+01	   2.4736254e+01	   2.2435320e+01	   1.9236783e+01	   1.6167356e+01	             NaN	             NaN	             NaN	             NaN	             NaN	             NaN	             NaN	             NaN	             NaN	             NaN	
   3.8145337e+01	   3.8851747e+01	   3.7456173e+01	   3.5085219e+01	   3.2229505e+01	   3.0118418e+01	   2.8167335e+01	   2.7433271e+01	   2.7592334e+01	   2.7538534e+01	   2.8200967e+01	   2.8184422e+01	   2.8928889e+01	   2.9815626e+01	   3.0721565e+01	   3.0600395e+01	   3.0073060e+01	   2.9215347e+01	   2.7847007e+01	   2.5945798e+01	   2.3684073e+01	   2.0589187e+01	   1.7236258e+01	             NaN	             NaN	             NaN	             NaN	             NaN	             NaN	             NaN	             NaN	             NaN	             NaN	
   3.6880494e+01	   3.9837961e+01	   3.8443430e+01	   3.6487087e+01	   3.3708755e+01	   3.0493118e+01	   2.8635727e+01	   2.8224904e+01	   2.7702695e+01	   2.8416098e+01	   2.8579367e+01	   2.8781298e+01	   2.9523363e+01	   3.0335954e+01	   3.1234234e+01	   3.1475780e+01	   3.0858973e+01	   3.0176761e+01	   2.8760484e+01	   2.6993109e+01	   2.4800333e+01	   2.1994940e+01	   1.8542347e+01	   1.5802932e+01	             NaN	             NaN	             NaN	             NaN	             NaN	             NaN	             NaN	             NaN	             NaN	
   4.1722097e+01	   4.1841611e+01	   3.9577424e+01	   3.7185616e+01	   3.4471765e+01	   3.1855882e+01	   2.9805745e+01	   2.8529021e+01	   2.8172718e+01	   2.8900662e+01	   2.9263609e+01	   2.9371788e+01	   3.0105994e+01	   3.0910434e+01	   3.1898485e+01	   3.1994035e+01	   3.1610936e+01	   3.0907614e+01	   2.9587819e+01	   2.7888561e+01	   2.5880310e+01	   2.3205337e+01	   1.9875496e+01	   1.6810560e+01	             NaN	             NaN	             NaN	             NaN	             NaN	             NaN	             NaN	             NaN	             NaN	
   3.9370554e+01	   4.0773340e+01	   4.0361240e+01	   3.7760323e+01	   3.5013677e+01	   3.2379404e+01	   3.0016439e+01	   2.9215958e+01	   2.8748315e+01	   2.9387720e+01	   2.9918284e+01	   2.9980634e+01	   3.0575671e+01	   3.1451005e+01	   3.2468299e+01	   3.2542297e+01	   3.2289687e+01	   3.1634003e+01	   3.0548654e+01	   2.9003289e+01	   2.7094034e+01	   2.4274181e+01	   2.1385883e+01	   1.7927983e+01	   1.5459877e+01	             NaN	             NaN	             NaN	             NaN	             NaN	             NaN	             NaN	             NaN	
   4.1002441e+01	   4.2549123e+01	   4.1542032e+01	   3.9053434e+01	   3.6029393e+01	   3.3282252e+01	   3.0837806e+01	   2.9731665e+01	   3.0056820e+01	   3.0004714e+01	   3.0478545e+01	   3.0549275e+01	   3.0853431e+01	   3.1894978e+01	   3.2928896e+01	   3.3213775e+01	   3.2946268e+01	   3.2269117e+01	   3.1251467e+01	   2.9875955e+01	   2.7911626e+01	   2.5375874e+01	   2.2423937e+01	   1.8978337e+01	   1.6467451e+01	             NaN	             NaN	             NaN	             NaN	             NaN	             NaN	             NaN	             NaN	
   4.2459396e+01	   4.5403535e+01	   4.2820477e+01	   4.0404886e+01	   3.7413674e+01	   3.3702172e+01	   3.1377644e+01	   3.0393178e+01	   2.9961124e+01	   3.0289275e+01	   3.1075026e+01	   3.1171268e+01	   3.1168929e+01	   3.2310020e+01	   3.3113417e+01	   3.3586644e+01	   3.3377942e+01	   3.3002987e+01	   3.1967964e+01	   3.0566828e+01	   2.8676073e+01	   2.6265780e+01	   2.3695789e+01	   2.0189720e+01	   1.7430735e+01	             NaN	             NaN	             NaN	             NaN	             NaN	             NaN	             NaN	             NaN	
   4.4058088e+01	   4.3649049e+01	   4.3477874e+01	   4.2215638e+01	   3.8132997e+01	   3.4661455e+01	   3.1723422e+01	   3.0794011e+01	   3.0443165e+01	   3.1030565e+01	   3.1729945e+01	   3.1272000e+01	   3.1612767e+01	   3.2835455e+01	   3.3596452e+01	   3.3895179e+01	   3.3772761e+01	   3.3348113e+01	   3.2691534e+01	   3.1383951e+01	   2.9696958e+01	   2.7064828e+01	   2.4577221e+01	   2.1447625e+01	   1.8076553e+01	   1.5087048e+01	             NaN	             NaN	             NaN	             NaN	             NaN	             NaN	             NaN	
   4.2869293e+01	   4.6743893e+01	   4.4930866e+01	   4.2607632e+01	   3.9531570e+01	   3.5415927e+01	   3.2634693e+01	   3.1172476e+01	   3.0728493e+01	   3.1302105e+01	   3.1649739e+01	   3.1695489e+01	   3.1836332e+01	   3.3055761e+01	   3.4005294e+01	   3.4220554e+01	   3.4269784e+01	   3.3981292e+01	   3.3008266e+01	   3.2057033e+01	   3.0518061e+01	   2.8054450e+01	   2.5456561e+01	   2.2600803e+01	   1.8956129e+01	   1.5928195e+01	             NaN	             NaN	             NaN	             NaN	             NaN	             NaN	             NaN	
   4.5576639e+01	   4.6131689e+01	   4.5276015e+01	   4.3228853e+01	   3.9739439e+01	   3.6000424e+01	   3.3469810e+01	   3.1791789e+01	   3.1238004e+01	   3.1808964e+01	   3.2224785e+01	   3.1913409e+01	   3.2185726e+01	   3.3230893e+01	   3.4137006e+01	   3.4394671e+01	   3.4777899e+01	   3.4258519e+01	   3.3461762e+01	   3.2518521e+01	   3.1081705e+01	   2.8604101e+01	   2.6231264e+01	   2.3250710e+01	   1.9982852e+01	   1.6790259e+01	   1.3399824e+01	             NaN	             NaN	             NaN	             NaN	             NaN	             NaN	
   4.5075283e+01	   4.8291008e+01	   4.6169709e+01	   4.4064613e+01	   4.0739144e+01	   3.6781423e+01	   3.4275020e+01	   3.2588481e+01	   3.1834432e+01	   3.2188070e+01	   3.2327416e+01	   3.2201056e+01	   3.2380284e+01	   3.3337168e+01	   3.4374839e+01	   3.4885634e+01	   3.4885065e+01	   3.4536082e+01	   3.4035508e+01	   3.3048659e+01	   3.1821378e+01	   2.9635340e+01	   2.7074291e+01	   2.4200929e+01	   2.1149191e+01	   1.7487805e+01	   1.4182845e+01	             NaN	             NaN	             NaN	             NaN	             NaN	             NaN	
   4.5051032e+01	   4.8238944e+01	   4.6733422e+01	   4.3621827e+01	   4.1274573e+01	   3.7546576e+01	   3.4512210e+01	   3.2803937e+01	   3.2124400e+01	   3.2569507e+01	   3.2930572e+01	   3.2306736e+01	   3.2343156e+01	   3.3431623e+01	   3.4268302e+01	   3.4912726e+01	   3.5084992e+01	   3.4628358e+01	   3.4325420e+01	   3.3761593e+01	   3.2182216e+01	   3.0218737e+01	   2.7616995e+01	   2.5045730e+01	   2.2022355e+01	   1.8195924e+01	   1.4864739e+01	             NaN	             NaN	             NaN	             NaN	             NaN	             NaN	
   4.7056906e+01	   4.8496607e+01	   4.9083791e+01	   4.5185740e+01	   4.2494950e+01	   3.8312527e+01	   3.4832113e+01	   3.2976058e+01	   3.2453198e+01	   3.2442440e+01	   3.2824454e+01	   3.2576894e+01	   3.2592391e+01	   3.3425189e+01	   3.4144587e+01	   3.4679925e+01	   3.5186553e+01	   3.5106542e+01	   3.4599222e+01	   3.3876487e+01	   3.2659579e+01	   3.0821586e+01	   2.8094209e+01	   2.5558982e+01	   2.2718412e+01	   1.8933164e+01	   1.5375025e+01	   1.2226111e+01	             NaN	             NaN	             NaN	             NaN	             NaN	
   4.6905158e+01	   4.8893284e+01	   4.7927639e+01	   4.6292758e+01	   4.2626585e+01	   3.8672528e+01	   3.5157792e+01	   3.2914601e+01	   3.2308170e+01	   3.2274375e+01	   3.2793891e+01	   3.2183885e+01	   3.2378545e+01	   3.3188339e+01	   3.4422240e+01	   3.4921487e+01	   3.5064723e+01	   3.5061448e+01	   3.4673341e+01	   3.3980268e+01	   3.2906049e+01	   3.0988841e+01	   2.8554838e+01	   2.6013010e+01	   2.3197786e+01	   1.9549406e+01	   1.5861641e+01	   1.2622909e+01	             NaN	             NaN	             NaN	             NaN	             NaN	
   4.6093350e+01	   4.7643849e+01	   4.8368182e+01	   4.6243825e+01	   4.3060931e+01	   3.8598538e+01	   3.5521357e+01	   3.3362706e+01	   3.2562721e+01	   3.2485680e+01	   3.2561086e+01	   3.2397771e+01	   3.2101820e+01	   3.3310651e+01	   3.4065974e+01	   3.4692461e+01	   3.5226522e+01	   3.5185490e+01	   3.4839990e+01	   3.4350687e+01	   3.3219278e+01	   3.1318613e+01	   2.9049635e+01	   2.6411773e+01	   2.3716821e+01	   2.0237099e+01	   1.6300985e+01	   1.3098570e+01	   1.0327722e+01	             NaN	             NaN	             NaN	             NaN	
   4.7991465e+01	   4.8878426e+01	   4.8879105e+01	   4.6751877e+01	   4.4292677e+01	   3.9372286e+01	   3.5892107e+01	   3.3586260e+01	   3.2703329e+01	   3.2837668e+01	   3.2598085e+01	   3.2064294e+01	   3.2418421e+01	   3.3274311e+01	   3.4051921e+01	   3.4542962e+01	   3.4862079e+01	   3.5129561e+01	   3.4919006e+01	   3.4546950e+01	   3.3141281e+01	   3.1509293e+01	   2.9180763e+01	   2.6721294e+01	   2.4097587e+01	   2.0848817e+01	   1.7043133e+01	   1.3623591e+01	   1.0919226e+01	             NaN	             NaN	             NaN	             NaN	
   4.7533856e+01	   4.8847189e+01	   4.9471966e+01	   4.8083164e+01	   4.3997340e+01	   3.9930263e+01	   3.5980179e+01	   3.3769418e+01	   3.2838811e+01	   3.2810590e+01	   3.2543647e+01	   3.2302345e+01	   3.1974045e+01	   3.2809000e+01	   3.4046845e+01	   3.4434243e+01	   3.4856515e+01	   3.4831401e+01	   3.4572956e+01	   3.4249250e+01	   3.3307081e+01	   3.1837414e+01	   2.9596415e+01	   2.7027702e+01	   2.4329637e+01	   2.1047325e+01	   1.7316694e+01	   1.4109575e+01	   1.1310634e+01	             NaN	             NaN	             NaN	             NaN	
   4.6347996e+01	   4.9423989e+01	   5.0050577e+01	   4.7496670e+01	   4.4057702e+01	   3.9773044e+01	   3.6700373e+01	   3.4087280e+01	   3.3037729e+01	   3.2474188e+01	   3.2555910e+01	   3.2039242e+01	   3.1878008e+01	   3.2640701e+01	   3.3456536e+01	   3.4305249e+01	   3.4896414e+01	   3.4957429e+01	   3.4574677e+01	   3.4344728e+01	   3.3428462e+01	   3.1601352e+01	   2.9885646e+01	   2.7284665e+01	   2.4671152e+01	   2.1626963e+01	   1.7908224e+01	   1.4440116e+01	   1.1654303e+01	   9.1246561e+00	             NaN	             NaN	             NaN	
   4.6622298e+01	   5.0953433e+01	   4.8966419e+01	   4.8405474e+01	   4.4998201e+01	   4.0318903e+01	   3.6870776e+01	   3.4080949e+01	   3.2698034e+01	   3.2516218e+01	   3.2208430e+01	   3.1689099e+01	   3.1573561e+01	   3.2386632e+01	   3.3412673e+01	   3.3899380e+01	   3.4317688e+01	   3.4553081e+01	   3.4406430e+01	   3.4146641e+01	   3.3379269e+01	   3.1790020e+01	   2.9628700e+01	   2.7543255e+01	   2.4985171e+01	   2.1882270e+01	   1.8251978e+01	   1.4901680e+01	   1.1957813e+01	   9.5266846e+00	             NaN	             NaN	             NaN	
   4.5987576e+01	   4.9212950e+01	   5.0481974e+01	   4.7996048e+01	   4.4356561e+01	   4.0556229e+01	   3.6796615e+01	   3.4348259e+01	   3.2898527e+01	   3.2281876e+01	   3.2254239e+01	   3.1403530e+01	   3.1225276e+01	   3.2141021e+01	   3.3057645e+01	   3.3573167e+01	   3.3927700e+01	   3.4085375e+01	   3.4208737e+01	   3.3759942e+01	   3.3276911e+01	   3.1560333e+01	   2.9794888e+01	   2.7474708e+01	   2.5031606e+01	   2.2139929e+01	   1.8678858e+01	   1.5356427e+01	   1.2351365e+01	   9.8679349e+00	   7.6939518e+00	             NaN	             NaN	
   4.8019702e+01	   4.9426778e+01	   5.0437760e+01	   4.7747899e+01	   4.4438816e+01	   3.9778186e+01	   3.6423236e+01	   3.4242867e+01	   3.2467863e+01	   3.1976835e+01	   3.1855407e+01	   3.1216413e+01	   3.0803428e+01	   3.1659831e+01	   3.2582230e+01	   3.3142887e+01	   3.3586147e+01	   3.3661444e+01	   3.3920919e+01	   3.3500729e+01	   3.2785293e+01	   3.1472917e+01	   2.9695898e+01	   2.7487359e+01	   2.5271339e+01	   2.2239420e+01	   1.9018053e+01	   1.5683598e+01	   1.2711648e+01	   1.0268263e+01	   8.0165395e+00	             NaN	             NaN	
   4.9187712e+01	   4.9642789e+01	   4.9344819e+01	   4.7919872e+01	   4.4209865e+01	   4.0346232e+01	   3.7152585e+01	   3.3945072e+01	   3.2594073e+01	   3.1970942e+01	   3.1681809e+01	   3.0680026e+01	   3.0714435e+01	   3.1284940e+01	   3.2246224e+01	   3.2826349e+01	   3.3262835e+01	   3.3406405e+01	   3.3302687e+01	   3.3181641e+01	   3.2650722e+01	   3.1254797e+01	   2.9479704e+01	   2.7633524e+01	   2.5144679e+01	   2.2338867e+01	   1.9184196e+01	   1.6124882e+01	   1.3066351e+01	   1.0476758e+01	   8.3774516e+00	             NaN	             NaN	
   4.8298742e+01	   4.9660758e+01	   4.9870152e+01	   4.7842871e+01	   4.4594305e+01	   4.0330527e+01	   3.6644592e+01	   3.3945549e+01	   3.2476350e+01	   3.1568827e+01	   3.0857512e+01	   3.0524542e+01	   3.0227484e+01	   3.1045031e+01	   3.1663516e+01	   3.2284468e+01	   3.2702386e+01	   3.3018251e+01	   3.3157988e+01	   3.2974257e+01	   3.2290141e+01	   3.1087871e+01	   2.9190335e+01	   2.7414167e+01	   2.5265236e+01	   2.2466743e+01	   1.9341193e+01	   1.6448171e+01	   1.3439504e+01	   1.0823292e+01	   8.7411847e+00	   6.8964821e+00	             NaN	
   4.8409162e+01	   4.8578406e+01	   4.8916420e+01	   4.7755987e+01	   4.4658531e+01	   4.0298458e+01	   3.7245557e+01	   3.4288140e+01	   3.2498211e+01	   3.1546285e+01	   3.0953157e+01	   3.0407082e+01	   2.9724963e+01	   3.0341645e+01	   3.1111533e+01	   3.1876098e+01	   3.2238568e+01	   3.2690848e+01	   3.2612475e+01	   3.2494056e+01	   3.1826554e+01	   3.0713018e+01	   2.9208008e+01	   2.7387764e+01	   2.5309017e+01	   2.2447305e+01	   1.9554613e+01	   1.6723701e+01	   1.3813626e+01	   1.1104780e+01	   8.9647304e+00	   7.2247329e+00	             NaN	
   4.6133144e+01	   4.9060029e+01	   4.9606221e+01	   4.7766730e+01	   4.4163940e+01	   4.0421897e+01	   3.6687495e+01	   3.3733341e+01	   3.1837482e+01	   3.0914019e+01	   3.0372022e+01	   2.9644496e+01	   2.9258987e+01	   2.9899040e+01	   3.0713604e+01	   3.1242712e+01	   3.1725803e+01	   3.2016936e+01	   3.2198371e+01	   3.1994227e+01	   3.1543586e+01	   3.0297851e+01	   2.8801814e+01	   2.6833003e+01	   2.5174582e+01	   2.2660252e+01	   1.9710998e+01	   1.6787962e+01	   1.4171485e+01	   1.1413150e+01	   9.2894587e+00	   7.5378166e+00	   6.0205632e+00	
   4.6014542e+01	   4.8316127e+01	   4.9433283e+01	   4.7630389e+01	   4.4294959e+01	   4.0295560e+01	   3.6620894e+01	   3.3971005e+01	   3.1715556e+01	   3.0845495e+01	   3.0304765e+01	   2.9168894e+01	   2.8745416e+01	   2.9621409e+01	   3.0091683e+01	   3.0741571e+01	   3.1233297e+01	   3.1286062e+01	   3.1591050e+01	   3.1613310e+01	   3.1254318e+01	   3.0098630e+01	   2.8578635e+01	   2.6924697e+01	   2.5014234e+01	   2.2384900e+01	   1.9763152e+01	   1.6994714e+01	   1.4323212e+01	   1.1660164e+01	   9.5885963e+00	   7.7738073e+00	   6.3579006e+00	
   4.6185956e+01	   4.8689176e+01	   4.9385946e+01	   4.7464482e+01	   4.4154462e+01	   4.0477960e+01	   3.6337157e+01	   3.3498720e+01	   3.1508037e+01	   3.0489217e+01	   3.0111366e+01	   2.8802141e+01	   2.8378490e+01	   2.8948652e+01	   2.9944297e+01	   3.0228328e+01	   3.0798981e+01	   3.0752839e+01	   3.1059427e+01	   3.1192346e+01	   3.0901286e+01	   2.9711147e+01	   2.8233224e+01	   2.6718534e+01	   2.4859610e+01	   2.2594354e+01	   1.9778651e+01	   1.7134784e+01	   1.4608593e+01	   1.2085998e+01	   9.8228093e+00	   8.1239618e+00	   6.5750152e+00	
   4.5521558e+01	   4.8148092e+01	   4.7811761e+01	   4.6873982e+01	   4.3738021e+01	   3.9796439e+01	   3.5628518e+01	   3.3365630e+01	   3.1103337e+01	   3.0357404e+01	   2.9316994e+01	   2.8537228e+01	   2.8201328e+01	   2.8547380e+01	   2.9094092e+01	   2.9579632e+01	   3.0191285e+01	   3.0355362e+01	   3.0698221e+01	   3.0700638e+01	   3.0388643e+01	   2.9288848e+01	   2.7977639e+01	   2.6377220e+01	   2.4732100e+01	   2.2500445e+01	   1.9885247e+01	   1.7195467e+01	   1.4757653e+01	   1.2395046e+01	   1.0031388e+01	   8.3222021e+00	   6.9001508e+00	
   4.4666582e+01	   4.7815493e+01	   4.8775319e+01	   4.6078667e+01	   4.3077398e+01	   3.9343834e+01	   3.6145655e+01	   3.2965962e+01	   3.1038706e+01	   2.9665214e+01	   2.9002314e+01	   2.8021619e+01	   2.7648022e+01	   2.8077924e+01	   2.8670186e+01	   2.9082388e+01	   2.9539222e+01	   2.9816686e+01	   3.0230565e+01	   3.0092484e+01	   2.9680278e+01	   2.8726849e+01	   2.7518629e+01	   2.6066961e+01	   2.4458986e+01	   2.2303043e+01	   1.9821682e+01	   1.7355110e+01	   1.4950249e+01	   1.2495252e+01	   1.0298740e+01	   8.5829288e+00	   7.1959879e+00	
   4.3383475e+01	   4.6518639e+01	   4.7244575e+01	   4.6584735e+01	   4.3141620e+01	   3.9939412e+01	   3.6070794e+01	   3.2738050e+01	   3.0713855e+01	   2.9492874e+01	   2.8281646e+01	   2.7410973e+01	   2.7282162e+01	   2.7681752e+01	   2.8143964e+01	   2.8493746e+01	   2.8894765e+01	   2.9261504e+01	   2.9664007e+01	   2.9529719e+01	   2.9175385e+01	   2.8330904e+01	   2.7281062e+01	   2.5778522e+01	   2.4329412e+01	   2.2265578e+01	   1.9912844e+01	   1.7271136e+01	   1.5109215e+01	   1.2796472e+01	   1.0626578e+01	   8.7401527e+00	   7.3846936e+00	
             NaN	   4.6934884e+01	   4.7037123e+01	   4.5593271e+01	   4.3234743e+01	   3.9353433e+01	   3.5880744e+01	   3.2205531e+01	   3.0201455e+01	   2.9106075e+01	   2.8071816e+01	   2.7104351e+01	   2.6701451e+01	   2.7234504e+01	   2.7667833e+01	   2.8043138e+01	   2.8309988e+01	   2.8720244e+01	   2.8963031e+01	   2.9026779e+01	   2.8532408e+01	   2.7748331e+01	   2.6663648e+01	   2.5392829e+01	   2.3954774e+01	   2.2100411e+01	   1.9800157e+01	   1.7322530e+01	   1.5177184e+01	   1.2903678e+01	   1.0963105e+01	   8.8786743e+00	   7.6747552e+00	
             NaN	   4.5095856e+01	   4.6784540e+01	   4.5374214e+01	   4.2945028e+01	   3.9029290e+01	   3.5499034e+01	   3.2572626e+01	   2.9930529e+01	   2.8946119e+01	   2.7779365e+01	   2.6671757e+01	   2.6254825e+01	   2.6544158e+01	   2.7044761e+01	   2.7450641e+01	   2.7740094e+01	   2.8153315e+01	   2.8194594e+01	   2.8399278e+01	   2.8109421e+01	   2.7451213e+01	   2.6159314e+01	   2.5057300e+01	   2.3609807e+01	   2.1710296e+01	   1.9604014e+01	   1.7356654e+01	   1.5227718e+01	   1.3077670e+01	   1.1117452e+01	   9.1932422e+00	   7.8570853e+00	
             NaN	   4.6148182e+01	   4.4957857e+01	   4.4939146e+01	   4.1892251e+01	   3.9118046e+01	   3.5467431e+01	   3.2374655e+01	   2.9712882e+01	   2.8309699e+01	   2.7297449e+01	   2.6184734e+01	   2.5648597e+01	   2.6055720e+01	   2.6624342e+01	   2.6943158e+01	   2.7017174e+01	   2.7546948e+01	   2.7779672e+01	   2.7834644e+01	   2.7761017e+01	   2.6977742e+01	   2.5785793e+01	   2.4842913e+01	   2.3321635e+01	   2.1626964e+01	   1.9456048e+01	   1.7332432e+01	   1.5265665e+01	   1.3215566e+01	   1.1283241e+01	   9.3896001e+00	   7.8823076e+00	
             NaN	   4.4424467e+01	   4.6400457e+01	   4.4082153e+01	   4.1742760e+01	   3.8496977e+01	   3.5797070e+01	   3.1811162e+01	   2.9592756e+01	   2.7956719e+01	   2.7014358e+01	   2.5776590e+01	   2.5291433e+01	   2.5655658e+01	   2.5861345e+01	   2.6398972e+01	   2.6697644e+01	   2.6958167e+01	   2.7378936e+01	   2.7260593e+01	   2.6945403e+01	   2.6339415e+01	   2.5369510e+01	   2.4362610e+01	   2.3039126e+01	   2.1512789e+01	   1.9443228e+01	   1.7246032e+01	   1.5360595e+01	   1.3210817e+01	   1.1387526e+01	   9.7328102e+00	   8.1793205e+00	
             NaN	   4.2880662e+01	   4.5283935e+01	   4.3110681e+01	   4.1940643e+01	   3.8205484e+01	   3.4923073e+01	   3.1596002e+01	   2.9016718e+01	   2.7588391e+01	   2.6464949e+01	   2.5270282e+01	   2.4681022e+01	   2.5050935e+01	   2.5454912e+01	   2.5754817e+01	   2.6040283e+01	   2.6287737e+01	   2.6640337e+01	   2.6648767e+01	   2.6623709e+01	   2.5879518e+01	   2.4991700e+01	   2.3804308e+01	   2.2716766e+01	   2.1069857e+01	   1.9263113e+01	   1.7178767e+01	   1.5307683e+01	   1.3414821e+01	   1.1651778e+01	   9.9179882e+00	   8.3928624e+00	
             NaN	   4.4071712e+01	   4.4446073e+01	   4.4394383e+01	   4.1277471e+01	   3.7997792e+01	   3.4447050e+01	   3.1633113e+01	   2.8822261e+01	   2.7270204e+01	   2.6035869e+01	   2.5065718e+01	   2.4330960e+01	   2.4682827e+01	   2.5005926e+01	   2.5219056e+01	   2.5591388e+01	   2.5757559e+01	   2.5989111e+01	   2.6145343e+01	   2.5828820e+01	   2.5266105e+01	   2.4416893e+01	   2.3368772e+01	   2.2478352e+01	   2.0914014e+01	   1.9197736e+01	   1.7059838e+01	   1.5250136e+01	   1.3345627e+01	   1.1680417e+01	   1.0068430e+01	   8.5924037e+00	
             NaN	             NaN	   4.3632648e+01	   4.3006217e+01	   4.0799141e+01	   3.7709195e+01	   3.4088601e+01	   3.1248688e+01	   2.8531495e+01	   2.7031553e+01	   2.5661239e+01	   2.4635408e+01	   2.3883112e+01	   2.4170268e+01	   2.4442678e+01	   2.4698565e+01	   2.4951011e+01	   2.5228517e+01	   2.5371360e+01	   2.5464495e+01	   2.5281654e+01	   2.4826184e+01	   2.4039778e+01	   2.3166256e+01	   2.2117004e+01	   2.0630416e+01	   1.8880481e+01	   1.7026045e+01	   1.5287696e+01	   1.3425122e+01	   1.1784955e+01	   1.0191661e+01	   8.7941371e+00	
             NaN	             NaN	   4.3511203e+01	   4.1585551e+01	   4.0072354e+01	   3.6780343e+01	   3.4032630e+01	   3.0880233e+01	   2.8332179e+01	   2.6470417e+01	   2.5368558e+01	   2.4271079e+01	   2.3445313e+01	   2.3685405e+01	   2.4007167e+01	   2.4109415e+01	   2.4305817e+01	   2.4673869e+01	   2.4764042e+01	   2.5009035e+01	   2.4782224e+01	   2.4303457e+01	   2.3509031e+01	   2.2689653e+01	   2.1584514e+01	   2.0345696e+01	   1.8687190e+01	   1.6976262e+01	   1.5234224e+01	   1.3494648e+01	   1.1740077e+01	   1.0244663e+01	   8.9018128e+00	
             NaN	             NaN	   4.2223549e+01	   4.1443137e+01	   3.8944020e+01	   3.6401754e+01	   3.3111307e+01	   3.0652903e+01	   2.7893906e+01	   2.6245386e+01	   2.4788672e+01	   2.3780789e+01	   2.3014806e+01	   2.3300706e+01	   2.3376215e+01	   2.3589097e+01	   2.3773098e+01	   2.3904828e+01	   2.3985987e+01	   2.4176323e+01	   2.4023093e+01	   2.3671621e+01	   2.2970856e+01	   2.2143244e+01	   2.1274188e+01	   1.9995801e+01	   1.8460088e+01	   1.6736712e+01	   1.5013324e+01	   1.3443935e+01	   1.1877399e+01	   1.0392305e+01	   9.1115411e+00	
             NaN	             NaN	   4.1686515e+01	   4.1187936e+01	   3.8842960e+01	   3.6301854e+01	   3.3103689e+01	   3.0059582e+01	   2.7595534e+01	   2.5788900e+01	   2.4372258e+01	   2.3254686e+01	   2.2605072e+01	   2.2630631e+01	   2.2543998e+01	   2.2909614e+01	   2.3126839e+01	   2.3245146e+01	   2.3375874e+01	   2.3663198e+01	   2.3519078e+01	   2.3055351e+01	   2.2488857e+01	   2.1556239e+01	   2.0738845e+01	   1.9564876e+01	   1.8144646e+01	   1.6702029e+01	   1.5058739e+01	   1.3360434e+01	   1.1840412e+01	   1.0394788e+01	   9.1985869e+00	
             NaN	             NaN	   4.0788172e+01	   3.9966430e+01	   3.8361625e+01	   3.5773497e+01	   3.2408987e+01	   2.9555276e+01	   2.6969646e+01	   2.5476195e+01	   2.4068795e+01	   2.2983100e+01	   2.2035780e+01	   2.2027693e+01	   2.2226100e+01	   2.2288531e+01	   2.2561078e+01	   2.2677282e+01	   2.2857734e+01	   2.2904451e+01	   2.3038342e+01	   2.2540305e+01	   2.2038383e+01	   2.1146749e+01	   2.0351138e+01	   1.9286373e+01	   1.7971946e+01	   1.6418178e+01	   1.4816108e+01	   1.3320743e+01	   1.1830116e+01	   1.0482404e+01	   9.2205988e+00	
             NaN	             NaN	             NaN	   3.9657822e+01	   3.7921496e+01	   3.4779470e+01	   3.2092381e+01	   2.9319281e+01	   2.6852670e+01	   2.4965850e+01	   2.3684652e+01	   2.2562954e+01	   2.1983843e+01	   2.1761979e+01	   2.1925229e+01	   2.2061501e+01	   2.2136092e+01	   2.2111124e+01	   2.2346294e+01	   2.2479954e+01	   2.2438393e+01	   2.2119573e+01	   2.1488543e+01	   2.0813767e+01	   2.0163614e+01	   1.8974000e+01	   1.7625456e+01	   1.6277442e+01	   1.4731067e+01	   1.3198747e+01	   1.1762556e+01	   1.0418744e+01	   9.3406960e+00	
             NaN	             NaN	             NaN	   3.8323958e+01	   3.7167185e+01	   3.4745079e+01	   3.1493423e+01	   2.8795412e+01	   2.6300895e+01	   2.4650879e+01	   2.3052221e+01	   2.1917730e+01	   2.1548430e+01	   2.1191533e+01	   2.1361505e+01	   2.1389655e+01	   2.1506689e+01	   2.1627365e+01	   2.1802499e+01	   2.1959681e+01	   2.1781600e+01	   2.1426323e+01	   2.0901927e+01	   2.0316702e+01	   1.9665753e+01	   1.8694527e+01	   1.7460007e+01	   1.5990927e+01	   1.4645218e+01	   1.3169576e+01	   1.1773156e+01	   1.0436461e+01	   9.2739159e+00	
             NaN	             NaN	             NaN	   3.7719644e+01	   3.6698182e+01	   3.4203196e+01	   3.0880050e+01	   2.8339184e+01	   2.5748624e+01	   2.4197118e+01	   2.2686133e+01	   2.1598644e+01	   2.0793914e+01	   2.0773882e+01	   2.0876740e+01	   2.0959907e+01	   2.1054365e+01	   2.1178816e+01	   2.1108683e+01	   2.1410967e+01	   2.1253339e+01	   2.0871779e+01	   2.0540348e+01	   1.9928969e+01	   1.9110905e+01	   1.8268019e+01	   1.7059740e+01	   1.5800463e+01	   1.4373136e+01	   1.3001153e+01	   1.1736324e+01	   1.0418506e+01	   9.3414918e+00	
             NaN	             NaN	             NaN	   3.8205907e+01	   3.5497132e+01	   3.3471216e+01	   3.1154481e+01	   2.7828134e+01	   2.5529616e+01	   2.3963172e+01	   2.2248517e+01	   2.1133259e+01	   2.0531229e+01	   2.0389605e+01	   2.0317343e+01	   2.0273822e+01	   2.0419402e+01	   2.0473038e+01	   2.0620095e+01	   2.0837049e+01	   2.0727170e+01	   2.0425021e+01	   1.9680561e+01	   1.9305165e+01	   1.8750281e+01	   1.7963340e+01	   1.6804030e+01	   1.5516445e+01	   1.4268297e+01	   1.2915824e+01	   1.1549713e+01	   1.0375700e+01	   9.2674336e+00	
             NaN	             NaN	             NaN	   3.6528237e+01	   3.5419829e+01	   3.2853617e+01	   3.0399453e+01	   2.7761622e+01	   2.5196917e+01	   2.3325059e+01	   2.1961205e+01	   2.0844645e+01	   2.0146370e+01	   1.9992156e+01	   1.9783227e+01	   1.9863386e+01	   1.9812472e+01	   1.9916451e+01	   2.0117932e+01	   2.0241469e+01	   2.0042406e+01	   1.9934904e+01	   1.9415605e+01	   1.8745674e+01	   1.8377523e+01	   1.7555731e+01	   1.6506997e+01	   1.5346794e+01	   1.4172421e+01	   1.2728195e+01	   1.1480663e+01	   1.0304031e+01	   9.2597802e+00	
             NaN	             NaN	             NaN	             NaN	   3.3974772e+01	   3.2341728e+01	   3.0238089e+01	   2.7239275e+01	   2.4761754e+01	   2.3240540e+01	   2.1646422e+01	   2.0376864e+01	   1.9540217e+01	   1.9487346e+01	   1.9424163e+01	   1.9361981e+01	   1.9283617e+01	   1.9384646e+01	   1.9466355e+01	   1.9705424e+01	   1.9632624e+01	   1.9439231e+01	   1.8865194e+01	   1.8421518e+01	   1.8021111e+01	   1.7080715e+01	   1.6164716e+01	   1.4982506e+01	   1.3911209e+01	   1.2706933e+01	   1.1354939e+01	   1.0286726e+01	   9.1986335e+00	
             NaN	             NaN	             NaN	             NaN	   3.4051259e+01	   3.1442546e+01	   2.9307142e+01	   2.6602994e+01	   2.4093059e+01	   2.2534433e+01	   2.1137431e+01	   2.0073167e+01	   1.9164280e+01	   1.9060980e+01	   1.8875328e+01	   1.8835575e+01	   1.8819381e+01	   1.8966090e+01	   1.8902203e+01	   1.9039696e+01	   1.9165087e+01	   1.8627512e+01	   1.8382041e+01	   1.8025476e+01	   1.7497144e+01	   1.6699495e+01	   1.5949489e+01	   1.4763774e+01	   1.3687918e+01	   1.2504762e+01	   1.1217420e+01	   1.0216928e+01	   9.2386060e+00	
             NaN	             NaN	             NaN	             NaN	   3.3701556e+01	   3.1216552e+01	   2.8891834e+01	   2.6506067e+01	   2.4145616e+01	   2.2076811e+01	   2.0656229e+01	   1.9746467e+01	   1.8723932e+01	   1.8503286e+01	   1.8341481e+01	   1.8166473e+01	   1.8316226e+01	   1.8219764e+01	   1.8513756e+01	   1.8524135e+01	   1.8421277e+01	   1.8196022e+01	   1.7856777e+01	   1.7382336e+01	   1.6911906e+01	   1.6430947e+01	   1.5413603e+01	   1.4595114e+01	   1.3442855e+01	   1.2160173e+01	   1.1079444e+01	   1.0075568e+01	   9.1258104e+00	
             NaN	             NaN	             NaN	             NaN	   3.2537675e+01	   3.0472466e+01	   2.8118529e+01	   2.5766338e+01	   2.3513120e+01	   2.1477381e+01	   2.0077846e+01	   1.8936835e+01	   1.8078203e+01	   1.7812835e+01	   1.7894284e+01	   1.7871745e+01	   1.7816724e+01	   1.7866796e+01	   1.7913248e+01	   1.7970209e+01	   1.7973979e+01	   1.7695320e+01	   1.7506533e+01	   1.6841297e+01	   1.6527855e+01	   1.5879647e+01	   1.5055114e+01	   1.4138255e+01	   1.3210319e+01	   1.2028216e+01	   1.0911150e+01	   9.9871130e+00	   9.0220612e+00	
             NaN	             NaN	             NaN	             NaN	   3.2260073e+01	   3.0043983e+01	   2.7213344e+01	   2.5180866e+01	   2.3230631e+01	   2.1178511e+01	   1.9604171e+01	   1.8380345e+01	   1.7758349e+01	   1.7592590e+01	   1.7416649e+01	   1.7119337e+01	   1.7364244e+01	   1.7342963e+01	   1.7367771e+01	   1.7570826e+01	   1.7497820e+01	   1.7258774e+01	   1.6884935e+01	   1.6371502e+01	   1.5889780e+01	   1.5588112e+01	   1.4784099e+01	   1.3935299e+01	   1.2994517e+01	   1.1835741e+01	   1.0795467e+01	   9.8200932e+00	   9.0328810e+00	
             NaN	             NaN	             NaN	             NaN	             NaN	   2.9537858e+01	   2.7132041e+01	   2.4502279e+01	   2.2378482e+01	   2.0576298e+01	   1.9136842e+01	   1.7991237e+01	   1.7263130e+01	   1.7123191e+01	   1.6811766e+01	   1.6869664e+01	   1.6733535e+01	   1.6838370e+01	   1.6827144e+01	   1.7009010e+01	   1.6943699e+01	   1.6657253e+01	   1.6388246e+01	   1.5990176e+01	   1.5730087e+01	   1.5181491e+01	   1.4369823e+01	   1.3620288e+01	   1.2592177e+01	   1.1599323e+01	   1.0655022e+01	   9.6699314e+00	   8.9369491e+00	
             NaN	             NaN	             NaN	             NaN	             NaN	   2.8729208e+01	   2.6210322e+01	   2.4328248e+01	   2.1645103e+01	   2.0377529e+01	   1.8876019e+01	   1.7768194e+01	   1.7080499e+01	   1.6638812e+01	   1.6609244e+01	   1.6519778e+01	   1.6386302e+01	   1.6271437e+01	   1.6310073e+01	   1.6532960e+01	   1.6420518e+01	   1.6227581e+01	   1.5954837e+01	   1.5634209e+01	   1.5270577e+01	   1.4879243e+01	   1.4068282e+01	   1.3094156e+01	   1.2421939e+01	   1.1460273e+01	   1.0513189e+01	   9.5121754e+00	   8.7919414e+00	
             NaN	             NaN	             NaN	             NaN	             NaN	   2.7566365e+01	   2.5767847e+01	   2.3604155e+01	   2.1694695e+01	   1.9778839e+01	   1.8316895e+01	   1.7386474e+01	   1.6670853e+01	   1.6376014e+01	   1.5978795e+01	   1.6050950e+01	   1.5817294e+01	   1.5734951e+01	   1.5841151e+01	   1.5949370e+01	   1.5835956e+01	   1.5603201e+01	   1.5507005e+01	   1.5238288e+01	   1.4823848e+01	   1.4361178e+01	   1.3769089e+01	   1.3064213e+01	   1.2086183e+01	   1.1258336e+01	   1.0321928e+01	   9.4427937e+00	   8.7084518e+00	
             NaN	             NaN	             NaN	             NaN	             NaN	   2.7507900e+01	   2.5217820e+01	   2.3055595e+01	   2.1255779e+01	   1.9292591e+01	   1.8186218e+01	   1.6867095e+01	   1.6251059e+01	   1.5749005e+01	   1.5637992e+01	   1.5518079e+01	   1.5300087e+01	   1.5290126e+01	   1.5309868e+01	   1.5408767e+01	   1.5530893e+01	   1.5206302e+01	   1.4983368e+01	   1.4704622e+01	   1.4434650e+01	   1.4013694e+01	   1.3385307e+01	   1.2556190e+01	   1.1846510e+01	   1.0849739e+01	   1.0105173e+01	   9.3038216e+00	   8.5381513e+00	
             NaN	             NaN	             NaN	             NaN	             NaN	   2.7232554e+01	   2.4844199e+01	   2.2736617e+01	   2.0778644e+01	   1.8977836e+01	   1.7773119e+01	   1.6583494e+01	   1.5926473e+01	   1.5544340e+01	   1.5377076e+01	   1.5035832e+01	   1.5120465e+01	   1.5094011e+01	   1.5083316e+01	   1.5119587e+01	   1.5048057e+01	   1.4752982e+01	   1.4511128e+01	   1.4323554e+01	   1.4087130e+01	   1.3606513e+01	   1.3115811e+01	   1.2373008e+01	   1.1541412e+01	   1.0761056e+01	   9.8456715e+00	   9.0842388e+00	   8.4091156e+00	
             NaN	             NaN	             NaN	             NaN	             NaN	             NaN	   2.4687257e+01	   2.2350623e+01	   2.0102244e+01	   1.8676843e+01	   1.7382219e+01	   1.6227712e+01	   1.5509156e+01	   1.5145252e+01	   1.4896406e+01	   1.4718733e+01	   1.4514176e+01	   1.4548609e+01	   1.4499818e+01	   1.4595129e+01	   1.4720334e+01	   1.4452786e+01	   1.4316747e+01	   1.3988095e+01	   1.3728620e+01	   1.3162422e+01	   1.2777092e+01	   1.2108292e+01	   1.1343385e+01	   1.0505403e+01	   9.6675289e+00	   8.9976997e+00	   8.3387042e+00	
             NaN	             NaN	             NaN	             NaN	             NaN	             NaN	   2.4263651e+01	   2.1948587e+01	   1.9678553e+01	   1.8170832e+01	   1.6874410e+01	   1.5951901e+01	   1.5243909e+01	   1.4834346e+01	   1.4711516e+01	   1.4245197e+01	   1.4220380e+01	   1.4118618e+01	   1.3908277e+01	   1.4135997e+01	   1.4042723e+01	   1.3952357e+01	   1.3807952e+01	   1.3524190e+01	   1.3335163e+01	   1.2928359e+01	   1.2387192e+01	   1.1836866e+01	   1.1063413e+01	   1.0300466e+01	   9.4977836e+00	   8.8114363e+00	   8.1415979e+00	
   0.0000000e+00	             NaN	             NaN	             NaN	             NaN	             NaN	   2.3512952e+01	   2.1085000e+01	   1.9448614e+01	   1.7721770e+01	   1.6472653e+01	   1.5487969e+01	   1.4712517e+01	   1.4315670e+01	   1.4096734e+01	   1.3835302e+01	   1.3674116e+01	   1.3766844e+01	   1.3783602e+01	   1.3740225e+01	   1.3769613e+01	   1.3401658e+01	   1.3373773e+01	   1.3105514e+01	   1.3004106e+01	   1.2627109e+01	   1.2167126e+01	   1.1501788e+01	   1.0818635e+01	   1.0163659e+01	   9.3911035e+00	   8.6915955e+00	   8.0499342e+00	
   0.0000000e+00	             NaN	             NaN	             NaN	             NaN	             NaN	   2.2852177e+01	   2.1144699e+01	   1.8899457e+01	   1.7525374e+01	   1.6114516e+01	   1.5041861e+01	   1.4309083e+01	   1.3931805e+01	   1.3626843e+01	   1.3625957e+01	   1.3438474e+01	   1.3299538e+01	   1.3235734e+01	   1.3385988e+01	   1.3333057e+01	   1.3185511e+01	   1.2956111e+01	   1.2748263e+01	   1.2545227e+01	   1.2271585e+01	   1.1901716e+01	   1.1347749e+01	   1.0525430e+01	   9.8074711e+00	   9.1872799e+00	   8.4414150e+00	   7.9008520e+00	
   0.0000000e+00	             NaN	             NaN	             NaN	             NaN	             NaN	   2.2071460e+01	   2.0240424e+01	   1.8677465e+01	   1.7198067e+01	   1.5863327e+01	   1.4667323e+01	   1.4086194e+01	   1.3754994e+01	   1.3542233e+01	   1.3147959e+01	   1.3093632e+01	   1.2873893e+01	   1.2847259e+01	   1.2889452e+01	   1.2947987e+01	   1.2732769e+01	   1.2494675e+01	   1.2393304e+01	   1.2153697e+01	   1.1903871e+01	   1.1435735e+01	   1.0871784e+01	   1.0335156e+01	   9.6316356e+00	   8.9371085e+00	   8.3291992e+00	   7.7204606e+00	
   0.0000000e+00	             NaN	             NaN	             NaN	             NaN	             NaN	             NaN	   2.0097920e+01	   1.8186862e+01	   1.6605474e+01	   1.5292671e+01	   1.4366302e+01	   1.3782963e+01	   1.3184179e+01	   1.2972887e+01	   1.2870146e+01	   1.2588787e+01	   1.2586944e+01	   1.2407620e+01	   1.2558422e+01	   1.2524315e+01	   1.2393227e+01	   1.2166150e+01	   1.1915396e+01	   1.1876372e+01	   1.1498731e+01	   1.1156071e+01	   1.0627980e+01	   9.9454018e+00	   9.3977518e+00	   8.8125659e+00	   8.1579787e+00	   7.6463241e+00	
   0.0000000e+00	             NaN	             NaN	             NaN	             NaN	             NaN	             NaN	   1.9492792e+01	   1.7428004e+01	   1.6702250e+01	   1.5058964e+01	   1.4082515e+01	   1.3448753e+01	   1.3161412e+01	   1.2640246e+01	   1.2371411e+01	   1.2149565e+01	   1.2027647e+01	   1.2203553e+01	   1.2132111e+01	   1.2033055e+01	   1.2032397e+01	   1.1848183e+01	   1.1639635e+01	   1.1415965e+01	   1.1226795e+01	   1.0871471e+01	   1.0366478e+01	   9.7939550e+00	   9.0557671e+00	   8.5547095e+00	   7.9887413e+00	   7.3795461e+00	
   0.0000000e+00	   0.0000000e+00	             NaN	             NaN	             NaN	             NaN	             NaN	   1.9019895e+01	   1.7320418e+01	   1.5779490e+01	   1.4612475e+01	   1.3860196e+01	   1.2878135e+01	   1.2565846e+01	   1.2373904e+01	   1.2112194e+01	   1.2018559e+01	   1.1853552e+01	   1.1913348e+01	   1.1790053e+01	   1.1825335e+01	   1.1546398e+01	   1.1383620e+01	   1.1202182e+01	   1.1189077e+01	   1.0883088e+01	   1.0523318e+01	   1.0029181e+01	   9.5208949e+00	   8.9721104e+00	   8.3860006e+00	   7.7480836e+00	   7.3105246e+00	
   0.0000000e+00	   0.0000000e+00	             NaN	             NaN	             NaN	             NaN	             NaN	   1.8666233e+01	   1.6975064e+01	   1.5424328e+01	   1.4229249e+01	   1.3467479e+01	   1.2749659e+01	   1.2498632e+01	   1.1980420e+01	   1.1763872e+01	   1.1567022e+01	   1.1455105e+01	   1.1419713e+01	   1.1450096e+01	   1.1446923e+01	   1.1208419e+01	   1.1116291e+01	   1.0939656e+01	   1.0795664e+01	   1.0554526e+01	   1.0194313e+01	   9.8341960e+00	   9.2169135e+00	   8.6774093e+00	   8.1792438e+00	   7.6469180e+00	   7.1653840e+00	
   0.0000000e+00	   0.0000000e+00	             NaN	             NaN	             NaN	             NaN	             NaN	   1.8273353e+01	   1.6355537e+01	   1.5079867e+01	   1.3933971e+01	   1.2843077e+01	   1.2359324e+01	   1.1925041e+01	   1.1663054e+01	   1.1481269e+01	   1.1212667e+01	   1.0999739e+01	   1.0972003e+01	   1.0925454e+01	   1.0916167e+01	   1.0920103e+01	   1.0628018e+01	   1.0506667e+01	   1.0405388e+01	   1.0295516e+01	   9.8050699e+00	   9.5119539e+00	   9.0158587e+00	   8.4687855e+00	   7.9104435e+00	   7.4163003e+00	   6.9602771e+00	
   0.0000000e+00	   0.0000000e+00	             NaN	             NaN	             NaN	             NaN	             NaN	             NaN	   1.5957896e+01	   1.4747922e+01	   1.3783274e+01	   1.2513300e+01	   1.1976309e+01	   1.1545324e+01	   1.1201933e+01	   1.0805203e+01	   1.0957497e+01	   1.0681581e+01	   1.0672134e+01	   1.0538058e+01	   1.0613795e+01	   1.0411016e+01	   1.0345323e+01	   1.0228372e+01	   1.0075872e+01	   9.8851364e+00	   9.5289943e+00	   9.1292464e+00	   8.7975033e+00	   8.2684256e+00	   7.6924901e+00	   7.2390059e+00	   6.7619953e+00	
   0.0000000e+00	   0.0000000e+00	             NaN	             NaN	             NaN	             NaN	             NaN	             NaN	   1.5381302e+01	   1.4530087e+01	   1.3333260e+01	   1.2285601e+01	   1.1745533e+01	   1.1303942e+01	   1.0838859e+01	   1.0703868e+01	   1.0496350e+01	   1.0256510e+01	   1.0328362e+01	   1.0304071e+01	   1.0104481e+01	   1.0042089e+01	   9.9671181e+00	   9.8828581e+00	   9.6717920e+00	   9.5746402e+00	   9.2202247e+00	   8.8774126e+00	   8.4384220e+00	   7.9356511e+00	   7.4291770e+00	   7.0206191e+00	   6.5311862e+00	
   0.0000000e+00	   0.0000000e+00	   0.0000000e+00	             NaN	             NaN	             NaN	             NaN	             NaN	   1.5436641e+01	   1.4109291e+01	   1.2955634e+01	   1.2034465e+01	   1.1370686e+01	   1.1045365e+01	   1.0637231e+01	   1.0516077e+01	   1.0254152e+01	   1.0067384e+01	   1.0053763e+01	   1.0084503e+01	   9.9858600e+00	   9.8720489e+00	   9.6442941e+00	   9.5207314e+00	   9.4457904e+00	   9.3873740e+00	   9.0117607e+00	   8.6345008e+00	   8.2628670e+00	   7.8321568e+00	   7.3819985e+00	   6.8509973e+00	   6.4747250e+00	
   0.0000000e+00	   0.0000000e+00	   0.0000000e+00	             NaN	             NaN	             NaN	             NaN	             NaN	   1.5062423e+01	   1.3465657e+01	   1.2491811e+01	   1.1497414e+01	   1.1123480e+01	   1.0563821e+01	   1.0449616e+01	   1.0166879e+01	   9.9966113e+00	   9.7460881e+00	   9.7239386e+00	   9.6624798e+00	   9.6647285e+00	   9.5583744e+00	   9.4024239e+00	   9.4128034e+00	   9.1950530e+00	   9.0936987e+00	   8.7440996e+00	   8.3693031e+00	   7.9826647e+00	   7.5368710e+00	   7.0590936e+00	   6.7148537e+00	   6.3113345e+00	
   0.0000000e+00	   0.0000000e+00	   0.0000000e+00	             NaN	             NaN	             NaN	             NaN	             NaN	   1.4496024e+01	   1.3226465e+01	   1.2336369e+01	   1.1336133e+01	   1.0766166e+01	   1.0488094e+01	   1.0102235e+01	   9.8926944e+00	   9.7713465e+00	   9.4721871e+00	   9.3615522e+00	   9.3573103e+00	   9.3711080e+00	   9.3088962e+00	   9.0684696e+00	   9.0901487e+00	   8.9264183e+00	   8.6880962e+00	   8.5092016e+00	   8.1539492e+00	   7.8301441e+00	   7.3474234e+00	   6.9750429e+00	   6.5356768e+00	   6.1156413e+00	
   0.0000000e+00	   0.0000000e+00	   0.0000000e+00	             NaN	             NaN	             NaN	             NaN	             NaN	   1.4126977e+01	   1.2783218e+01	   1.1960874e+01	   1.1074714e+01	   1.0543979e+01	   1.0194846e+01	   9.9967275e+00	   9.4628081e+00	   9.4567113e+00	   9.2876838e+00	   9.1857428e+00	   9.1497814e+00	   9.0135040e+00	   8.9578388e+00	   8.6937823e+00	   8.6275645e+00	   8.5634845e+00	   8.5242351e+00	   8.2649841e+00	   7.9002443e+00	   7.5052561e+00	   7.1173145e+00	   6.7983741e+00	   6.3839699e+00	   5.9795921e+00	
   0.0000000e+00	   0.0000000e+00	   0.0000000e+00	             NaN	             NaN	             NaN	             NaN	             NaN	             NaN	   1.2636742e+01	   1.1485624e+01	   1.0780802e+01	   1.0346141e+01	   9.9151320e+00	   9.6624480e+00	   9.3795979e+00	   9.1512970e+00	   8.9491879e+00	   8.8490436e+00	   8.7271841e+00	   8.7661380e+00	   8.6534615e+00	   8.4823849e+00	   8.4584388e+00	   8.4023213e+00	   8.2346521e+00	   7.8793609e+00	   7.6750085e+00	   7.3477107e+00	   6.8579680e+00	   6.6299559e+00	   6.2131454e+00	   5.8868382e+00	
   0.0000000e+00	   0.0000000e+00	   0.0000000e+00	   0.0000000e+00	             NaN	             NaN	             NaN	             NaN	             NaN	   1.2438148e+01	   1.1388991e+01	   1.0546619e+01	   1.0036492e+01	   9.6593802e+00	   9.2577173e+00	   8.9648559e+00	   8.8134019e+00	   8.7343740e+00	   8.5142882e+00	   8.3976683e+00	   8.3984066e+00	   8.3702843e+00	   8.2322889e+00	   8.1618331e+00	   8.0450460e+00	   7.9906227e+00	   7.7345505e+00	   7.3416714e+00	   7.1726544e+00	   6.7855668e+00	   6.3615314e+00	   6.0575596e+00	   5.6109249e+00	
   0.0000000e+00	   0.0000000e+00	   0.0000000e+00	   0.0000000e+00	             NaN	             NaN	             NaN	             NaN	             NaN	   1.1881130e+01	   1.1208114e+01	   9.9535614e+00	   9.5078524e+00	   9.1245234e+00	   8.8786391e+00	   8.5929989e+00	   8.4928019e+00	   8.4125925e+00	   8.2798074e+00	   8.2479778e+00	   8.1215646e+00	   8.0547949e+00	   7.9531759e+00	   7.7701713e+00	   7.7826037e+00	   7.6835210e+00	   7.4699716e+00	   7.2329252e+00	   6.8997374e+00	   6.5343600e+00	   6.2755123e+00	   5.7933089e+00	   5.4476200e+00	
   0.0000000e+00	   0.0000000e+00	   0.0000000e+00	   0.0000000e+00	             NaN	             NaN	             NaN	             NaN	             NaN	   1.1523155e+01	   1.0533646e+01	   1.0041003e+01	   9.3508255e+00	   8.9732011e+00	   8.7027447e+00	   8.3492475e+00	   8.1686540e+00	   8.0663558e+00	   7.9320369e+00	   7.9318338e+00	   7.8612723e+00	   7.8813675e+00	   7.6576850e+00	   7.6094105e+00	   7.5134804e+00	   7.3895301e+00	   7.2911741e+00	   6.9564757e+00	   6.6990214e+00	   6.3614976e+00	   5.9224863e+00	   5.6442130e+00	   5.3467595e+00	
   0.0000000e+00	   0.0000000e+00	   0.0000000e+00	   0.0000000e+00	             NaN	             NaN	             NaN	             NaN	             NaN	   1.1288272e+01	   1.0587805e+01	   9.5494933e+00	   9.0300716e+00	   8.8270265e+00	   8.5083429e+00	   8.2303814e+00	   8.0420784e+00	   7.9198637e+00	   7.7232792e+00	   7.6581757e+00	   7.5801570e+00	   7.6511419e+00	   7.4747108e+00	   7.3332750e+00	   7.3564124e+00	   7.2390991e+00	   6.9756205e+00	   6.7390494e+00	   6.4394518e+00	   6.1892568e+00	   5.8457742e+00	   5.4573451e+00	   5.2385209e+00	
   0.0000000e+00	   0.0000000e+00	   0.0000000e+00	   0.0000000e+00	             NaN	             NaN	             NaN	             NaN	             NaN	             NaN	   9.9581651e+00	   9.3515654e+00	   8.7292101e+00	   8.4907294e+00	   8.2125860e+00	   8.0266634e+00	   7.5864323e+00	   7.5843213e+00	   7.5693222e+00	   7.5347264e+00	   7.3352231e+00	   7.2694899e+00	   7.1819410e+00	   7.0862262e+00	   6.9668744e+00	   6.9801626e+00	   6.7803747e+00	   6.5209477e+00	   6.2005094e+00	   5.9438229e+00	   5.5501089e+00	   5.2770484e+00	   5.0892616e+00	
   0.0000000e+00	   0.0000000e+00	   0.0000000e+00	   0.0000000e+00	             NaN	             NaN	             NaN	             NaN	             NaN	             NaN	   9.7741322e+00	   9.1811251e+00	   8.7212067e+00	   8.1443635e+00	   8.1412478e+00	   7.5886847e+00	   7.4178756e+00	   7.4163619e+00	   7.2271724e+00	   7.1446762e+00	   7.1645756e+00	   7.0626755e+00	   6.8907924e+00	   6.8576261e+00	   6.8550259e+00	   6.6880537e+00	   6.5477515e+00	   6.3460125e+00	   6.0714526e+00	   5.7741316e+00	   5.4427960e+00	   5.1769652e+00	   4.8722482e+00	
   0.0000000e+00	   0.0000000e+00	   0.0000000e+00	   0.0000000e+00	   0.0000000e+00	             NaN	             NaN	             NaN	             NaN	             NaN	   9.6493273e+00	   8.9462434e+00	   8.3097047e+00	   8.1147109e+00	   7.7413853e+00	   7.4600856e+00	   7.2477885e+00	   7.1228213e+00	   7.0260409e+00	   7.0405635e+00	   7.0069783e+00	   6.8244490e+00	   6.7070862e+00	   6.4719974e+00	   6.6179731e+00	   6.4790938e+00	   6.3399713e+00	   6.1358205e+00	   5.8543998e+00	   5.5598850e+00	   5.2982098e+00	   4.9757051e+00	   4.7424872e+00	
   0.0000000e+00	   0.0000000e+00	   0.0000000e+00	   0.0000000e+00	   0.0000000e+00	             NaN	             NaN	             NaN	             NaN	             NaN	   9.2587361e+00	   8.5631057e+00	   8.0699191e+00	   7.6968303e+00	   7.4917784e+00	   7.2389788e+00	   6.9878170e+00	   6.8396398e+00	   6.8967022e+00	   6.7470747e+00	   6.7062526e+00	   6.6089600e+00	   6.5233607e+00	   6.4026452e+00	   6.3376018e+00	   6.2108264e+00	   6.1126935e+00	   5.9028258e+00	   5.6500197e+00	   5.4424051e+00	   5.0278216e+00	   4.8058553e+00	   4.5995252e+00	
   0.0000000e+00	   0.0000000e+00	   0.0000000e+00	   0.0000000e+00	   0.0000000e+00	             NaN	             NaN	             NaN	             NaN	             NaN	   9.0401466e+00	   8.1039711e+00	   7.8371130e+00	   7.4069746e+00	   7.2492340e+00	   7.1430164e+00	   6.7991866e+00	   6.7967719e+00	   6.5058934e+00	   6.5154682e+00	   6.4773373e+00	   6.3505311e+00	   6.2629245e+00	   6.2220125e+00	   6.0724206e+00	   6.0198114e+00	   5.8673176e+00	   5.7117991e+00	   5.4749957e+00	   5.1644634e+00	   5.0119424e+00	   4.7235319e+00	   4.3810155e+00	
   0.0000000e+00	   0.0000000e+00	   0.0000000e+00	   0.0000000e+00	   0.0000000e+00	             NaN	             NaN	             NaN	             NaN	             NaN	             NaN	   8.1485316e+00	   7.5944817e+00	   7.2842783e+00	   7.0959853e+00	   6.8316156e+00	   6.6476598e+00	   6.5054165e+00	   6.4218681e+00	   6.2585042e+00	   6.3408199e+00	   6.2036235e+00	   6.0805472e+00	   6.0710909e+00	   5.9764144e+00	   5.8744268e+00	   5.7401777e+00	   5.6107654e+00	   5.3111550e+00	   5.0012033e+00	   4.7759897e+00	   4.6116903e+00	   4.2681946e+00	
   0.0000000e+00	   0.0000000e+00	   0.0000000e+00	   0.0000000e+00	   0.0000000e+00	             NaN	             NaN	             NaN	             NaN	             NaN	             NaN	   7.6715336e+00	   7.2949259e+00	   7.1215114e+00	   6.9056533e+00	   6.5906050e+00	   6.2937157e+00	   6.0945020e+00	   6.2343756e+00	   6.0449998e+00	   6.0649088e+00	   6.0219946e+00	   5.8193717e+00	   5.7795575e+00	   5.7142595e+00	   5.7316083e+00	   5.5215687e+00	   5.3535345e+00	   5.1133411e+00	   4.8912294e+00	   4.5807291e+00	   4.4290578e+00	   4.1666567e+00	
   0.0000000e+00	   0.0000000e+00	   0.0000000e+00	   0.0000000e+00	   0.0000000e+00	   0.0000000e+00	             NaN	             NaN	             NaN	             NaN	             NaN	   7.4968309e+00	   7.1438389e+00	   6.7545800e+00	   6.5309650e+00	   6.3474133e+00	   6.1329555e+00	   6.0311326e+00	   5.8405224e+00	   5.9268721e+00	   5.8948358e+00	   5.7433571e+00	   5.5985371e+00	   5.5861495e+00	   5.5887398e+00	   5.4000221e+00	   5.3780613e+00	   5.1323331e+00	   4.8770729e+00	   4.6757745e+00	   4.4697543e+00	   4.2388959e+00	   4.0005327e+00	
   0.0000000e+00	   0.0000000e+00	   0.0000000e+00	   0.0000000e+00	   0.0000000e+00	   0.0000000e+00	             NaN	             NaN	             NaN	             NaN	             NaN	   7.3900580e+00	   7.0116791e+00	   6.6952646e+00	   6.3627943e+00	   6.1685397e+00	   5.9168683e+00	   5.8768649e+00	   5.7829861e+00	   5.7748458e+00	   5.7019735e+00	   5.5849612e+00	   5.4645513e+00	   5.3653687e+00	   5.2594593e+00	   5.2841099e+00	   5.0813170e+00	   4.9953325e+00	   4.7886677e+00	   4.5780824e+00	   4.3166463e+00	   4.0972446e+00	   3.9311331e+00	
   0.0000000e+00	   0.0000000e+00	   0.0000000e+00	   0.0000000e+00	   0.0000000e+00	   0.0000000e+00	             NaN	             NaN	             NaN	             NaN	             NaN	   7.2535001e+00	   7.0236829e+00	   6.4475088e+00	   6.2835084e+00	   5.9038179e+00	   5.6928606e+00	   5.8393597e+00	   5.6885101e+00	   5.5193515e+00	   5.4822126e+00	   5.4434776e+00	   5.2627573e+00	   5.0723605e+00	   5.1770625e+00	   5.0455703e+00	   4.9245440e+00	   4.8451647e+00	   4.5785049e+00	   4.4499411e+00	   4.1230374e+00	   4.0328193e+00	   3.8693782e+00	
   0.0000000e+00	   0.0000000e+00	   0.0000000e+00	   0.0000000e+00	   0.0000000e+00	   0.0000000e+00	             NaN	             NaN	             NaN	             NaN	             NaN	             NaN	   6.5662095e+00	   6.2124468e+00	   6.0313814e+00	   5.8768154e+00	   5.7030127e+00	   5.4741830e+00	   5.3720644e+00	   5.3092489e+00	   5.2394874e+00	   5.1661395e+00	   5.0735501e+00	   5.0451103e+00	   5.0420854e+00	   4.8819331e+00	   4.7290409e+00	   4.6264928e+00	   4.4913288e+00	   4.1815487e+00	   4.0527103e+00	   3.8684804e+00	   3.7480224e+00	
   0.0000000e+00	   0.0000000e+00	   0.0000000e+00	   0.0000000e+00	   0.0000000e+00	   0.0000000e+00	             NaN	             NaN	             NaN	             NaN	             NaN	             NaN	   6.4270334e+00	   6.1637115e+00	   5.7636261e+00	   5.6069380e+00	   5.4096335e+00	   5.3893038e+00	   5.2024217e+00	   5.2175373e+00	   5.0711903e+00	   5.0008490e+00	   4.8659671e+00	   4.7706320e+00	   4.8011066e+00	   4.7875069e+00	   4.5861847e+00	   4.5015669e+00	   4.2530417e+00	   4.1219912e+00	   3.8277079e+00	   3.7509041e+00	   3.6140501e+00	
   0.0000000e+00	   0.0000000e+00	   0.0000000e+00	   0.0000000e+00	   0.0000000e+00	   0.0000000e+00	   0.0000000e+00	             NaN	             NaN	             NaN	             NaN	             NaN	   6.3167434e+00	   5.7962585e+00	   5.7653160e+00	   5.4220920e+00	   5.3291748e+00	   5.1338829e+00	   5.1212215e+00	   4.9729741e+00	   4.9686300e+00	   4.7995813e+00	   4.7503526e+00	   4.6895808e+00	   4.6134154e+00	   4.5908140e+00	   4.4764272e+00	   4.3482934e+00	   4.1380730e+00	   3.9765021e+00	   3.7183227e+00	   3.5910811e+00	   3.3982445e+00	
   0.0000000e+00	   0.0000000e+00	   0.0000000e+00	   0.0000000e+00	   0.0000000e+00	   0.0000000e+00	   0.0000000e+00	             NaN	             NaN	             NaN	             NaN	             NaN	   5.9927275e+00	   5.7593517e+00	   5.3098450e+00	   5.3913453e+00	   5.1387276e+00	   4.9207599e+00	   4.8146837e+00	   4.8508648e+00	   4.7599015e+00	   4.7219331e+00	   4.5169215e+00	   4.4997717e+00	   4.4198630e+00	   4.4114705e+00	   4.3146504e+00	   4.2643111e+00	   3.9963755e+00	   3.8528945e+00	   3.6876163e+00	   3.4790039e+00	   3.3314698e+00	
   0.0000000e+00	   0.0000000e+00	   0.0000000e+00	   0.0000000e+00	   0.0000000e+00	   0.0000000e+00	   0.0000000e+00	             NaN	             NaN	             NaN	             NaN	             NaN	   5.9240384e+00	   5.5568024e+00	   5.2347513e+00	   5.1011483e+00	   4.9555863e+00	   4.7600733e+00	   4.7189785e+00	   4.6214994e+00	   4.6424279e+00	   4.4675335e+00	   4.4664805e+00	   4.3299655e+00	   4.3883695e+00	   4.3229136e+00	   4.2240026e+00	   4.0911452e+00	   3.8214624e+00	   3.7208007e+00	   3.4779638e+00	   3.4083280e+00	   3.2232153e+00	
   0.0000000e+00	   0.0000000e+00	   0.0000000e+00	   0.0000000e+00	   0.0000000e+00	   0.0000000e+00	   0.0000000e+00	             NaN	             NaN	             NaN	             NaN	             NaN	             NaN	   5.4440229e+00	   5.0802236e+00	   4.9272060e+00	   4.7889026e+00	   4.6135813e+00	   4.4950114e+00	   4.4419882e+00	   4.2810930e+00	   4.3728831e+00	   4.3067353e+00	   4.1823367e+00	   4.1999588e+00	   4.1058139e+00	   3.9856706e+00	   3.8899220e+00	   3.7967934e+00	   3.5483605e+00	   3.3875295e+00	   3.2473385e+00	   3.0959170e+00	
   0.0000000e+00	   0.0000000e+00	   0.0000000e+00	   0.0000000e+00	   0.0000000e+00	   0.0000000e+00	   0.0000000e+00	             NaN	             NaN	             NaN	             NaN	             NaN	             NaN	   5.3021951e+00	   4.8999066e+00	   4.6826000e+00	   4.4974723e+00	   4.4455926e+00	   4.4107132e+00	   4.3325377e+00	   4.2723618e+00	   4.1710684e+00	   4.0421997e+00	   4.0449809e+00	   4.0211806e+00	   3.9509614e+00	   3.8705800e+00	   3.7890749e+00	   3.5739962e+00	   3.4387977e+00	   3.3009544e+00	   3.1264568e+00	   3.0144014e+00	
   0.0000000e+00	   0.0000000e+00	   0.0000000e+00	   0.0000000e+00	   0.0000000e+00	   0.0000000e+00	   0.0000000e+00	   0.0000000e+00	             NaN	             NaN	             NaN	             NaN	             NaN	   5.1095102e+00	   4.8200255e+00	   4.5534501e+00	   4.3817231e+00	   4.3454280e+00	   4.2472007e+00	   4.2121440e+00	   3.9645682e+00	   4.1181815e+00	   3.8857030e+00	   3.9343110e+00	   3.7987065e+00	   3.7256469e+00	   3.6502610e+00	   3.6463444e+00	   3.5013384e+00	   3.3003442e+00	   3.1215296e+00	   3.0272118e+00	   2.9077831e+00	
   0.0000000e+00	   0.0000000e+00	   0.0000000e+00	   0.0000000e+00	   0.0000000e+00	   0.0000000e+00	   0.0000000e+00	   0.0000000e+00	             NaN	             NaN	             NaN	             NaN	             NaN	   4.8111145e+00	   4.6713430e+00	   4.5005420e+00	   4.4072739e+00	   4.2098756e+00	   4.1189920e+00	   3.9585202e+00	   3.9473950e+00	   3.9796251e+00	   3.8497757e+00	   3.8535497e+00	   3.7951102e+00	   3.6736676e+00	   3.6596425e+00	   3.5159916e+00	   3.3126543e+00	   3.1162345e+00	   3.0819788e+00	   2.9255499e+00	   2.8374439e+00	
   0.0000000e+00	   0.0000000e+00	   0.0000000e+00	   0.0000000e+00	   0.0000000e+00	   0.0000000e+00	   0.0000000e+00	   0.0000000e+00	             NaN	             NaN	             NaN	             NaN	             NaN	   4.8642721e+00	   4.4729444e+00	   4.4895920e+00	   4.1887128e+00	   4.1100430e+00	   3.9457801e+00	   3.8438682e+00	   3.9360845e+00	   3.6982472e+00	   3.7251269e+00	   3.7193246e+00	   3.5604407e+00	   3.5310328e+00	   3.3697625e+00	   3.3431305e+00	   3.3198138e+00	   3.1277034e+00	   2.9344060e+00	   2.8952338e+00	   2.7785323e+00	
   0.0000000e+00	   0.0000000e+00	   0.0000000e+00	   0.0000000e+00	   0.0000000e+00	   0.0000000e+00	   0.0000000e+00	   0.0000000e+00	             NaN	             NaN	             NaN	             NaN	             NaN	             NaN	   4.3163269e+00	   4.1903487e+00	   4.1708203e+00	   3.8682124e+00	   3.8241249e+00	   3.7686221e+00	   3.7421860e+00	   3.6614484e+00	   3.5357216e+00	   3.5351031e+00	   3.5355976e+00	   3.4304310e+00	   3.3130858e+00	   3.2711738e+00	   3.1497927e+00	   2.9558969e+00	   2.8587444e+00	   2.7328597e+00	   2.6014270e+00	
   0.0000000e+00	   0.0000000e+00	   0.0000000e+00	   0.0000000e+00	   0.0000000e+00	   0.0000000e+00	   0.0000000e+00	   0.0000000e+00	             NaN	             NaN	             NaN	             NaN	             NaN	             NaN	   4.2884064e+00	   4.0259617e+00	   3.8469831e+00	   3.8130078e+00	   3.7337831e+00	   3.6844944e+00	   3.5649145e+00	   3.4895752e+00	   3.4136884e+00	   3.4063603e+00	   3.3742300e+00	   3.3730711e+00	   3.1685137e+00	   3.0479871e+00	   3.0080654e+00	   2.9033957e+00	   2.7737562e+00	   2.6289845e+00	   2.4954659e+00	
   0.0000000e+00	   0.0000000e+00	   0.0000000e+00	   0.0000000e+00	   0.0000000e+00	   0.0000000e+00	   0.0000000e+00	   0.0000000e+00	   0.0000000e+00	             NaN	             NaN	             NaN	             NaN	             NaN	   4.2815065e+00	   3.8766107e+00	   3.8082556e+00	   3.7334135e+00	   3.5967229e+00	   3.6352234e+00	   3.4046225e+00	   3.4511620e+00	   3.3250569e+00	   3.2063470e+00	   3.2086760e+00	   3.1780122e+00	   3.0411364e+00	   2.9249149e+00	   2.9051940e+00	   2.8156787e+00	   2.6663419e+00	   2.5287796e+00	   2.4267792e+00	
   0.0000000e+00	   0.0000000e+00	   0.0000000e+00	   0.0000000e+00	   0.0000000e+00	   0.0000000e+00	   0.0000000e+00	   0.0000000e+00	   0.0000000e+00	             NaN	             NaN	             NaN	             NaN	             NaN	   4.0863865e+00	   3.8586321e+00	   3.6403939e+00	   3.6467633e+00	   3.5517601e+00	   3.4099990e+00	   3.4277787e+00	   3.2580433e+00	   3.1229773e+00	   3.1334507e+00	   3.0848030e+00	   3.0520575e+00	   3.0147293e+00	   2.9186742e+00	   2.8256567e+00	   2.6332646e+00	   2.5714860e+00	   2.4203307e+00	   2.3536064e+00	
   0.0000000e+00	   0.0000000e+00	   0.0000000e+00	   0.0000000e+00	   0.0000000e+00	   0.0000000e+00	   0.0000000e+00	   0.0000000e+00	   0.0000000e+00	             NaN	             NaN	             NaN	             NaN	             NaN	   4.0314268e+00	   3.7846652e+00	   3.5929253e+00	   3.4502525e+00	   3.3016057e+00	   3.2166183e+00	   3.2046347e+00	   3.0601197e+00	   3.1054279e+00	   2.9719397e+00	   3.0984161e+00	   2.9982592e+00	   2.9559454e+00	   2.8608935e+00	   2.5801366e+00	   2.5482809e+00	   2.4029616e+00	   2.3440247e+00	   2.2801190e+00	
   0.0000000e+00	   0.0000000e+00	   0.0000000e+00	   0.0000000e+00	   0.0000000e+00	   0.0000000e+00	   0.0000000e+00	   0.0000000e+00	   0.0000000e+00	             NaN	             NaN	             NaN	             NaN	             NaN	             NaN	   3.5556619e+00	   3.4634325e+00	   3.3238296e+00	   3.2120610e+00	   3.2482254e+00	   3.0817782e+00	   3.1184022e+00	   3.0242770e+00	   2.8585657e+00	   2.9624914e+00	   2.8538159e+00	   2.7539090e+00	   2.6403011e+00	   2.6048161e+00	   2.4470306e+00	   2.3480952e+00	   2.2997612e+00	   2.1910175e+00	
   0.0000000e+00	   0.0000000e+00	   0.0000000e+00	   0.0000000e+00	   0.0000000e+00	   0.0000000e+00	   0.0000000e+00	   0.0000000e+00	   0.0000000e+00	             NaN	             NaN	             NaN	             NaN	             NaN	             NaN	   3.4845518e+00	   3.3799977e+00	   3.2512393e+00	   3.2305077e+00	   3.0500149e+00	   3.0252154e+00	   3.0285700e+00	   2.8798810e+00	   2.8632855e+00	   2.7857529e+00	   2.7598193e+00	   2.7236682e+00	   2.5765256e+00	   2.5703372e+00	   2.3823079e+00	   2.2667965e+00	   2.2404572e+00	   2.1294862e+00	
   0.0000000e+00	   0.0000000e+00	   0.0000000e+00	   0.0000000e+00	   0.0000000e+00	   0.0000000e+00	   0.0000000e+00	   0.0000000e+00	   0.0000000e+00	   0.0000000e+00	             NaN	             NaN	             NaN	             NaN	             NaN	   3.4838875e+00	   3.2111355e+00	   3.1672409e+00	   3.0001397e+00	   2.9540529e+00	   2.8985699e+00	   2.8750481e+00	   2.6862089e+00	   2.7580239e+00	   2.6534925e+00	   2.6784053e+00	   2.6646490e+00	   2.5953252e+00	   2.3868150e+00	   2.3049321e+00	   2.2376863e+00	   2.1442548e+00	   1.9751886e+00	
