  -3.2318399e+00	  -9.0869610e+00	  -7.8037051e+00	             NaN	             NaN	             NaN	             NaN	             NaN	             NaN	             NaN	             NaN	             NaN	             NaN	             NaN	   0.0000000e+00	   0.0000000e+00	   0.0000000e+00	   0.0000000e+00	   0.0000000e+00	   0.0000000e+00	   0.0000000e+00	   0.0000000e+00	   0.0000000e+00	   0.0000000e+00	   0.0000000e+00	   0.0000000e+00	   0.0000000e+00	   0.0000000e+00	   0.0000000e+00	   0.0000000e+00	   0.0000000e+00	   0.0000000e+00	   0.0000000e+00	
  -7.2323718e+00	  -6.1367915e+00	  -5.7696922e+00	             NaN	             NaN	             NaN	             NaN	             NaN	             NaN	             NaN	             NaN	             NaN	             NaN	             NaN	   0.0000000e+00	   0.0000000e+00	   0.0000000e+00	   0.0000000e+00	   0.0000000e+00	   0.0000000e+00	   0.0000000e+00	   0.0000000e+00	   0.0000000e+00	   0.0000000e+00	   0.0000000e+00	   0.0000000e+00	   0.0000000e+00	   0.0000000e+00	   0.0000000e+00	   0.0000000e+00	   0.0000000e+00	   0.0000000e+00	   0.0000000e+00	
  -3.2432889e+00	  -4.0856575e+00	  -5.7307694e+00	             NaN	             NaN	             NaN	             NaN	             NaN	             NaN	             NaN	             NaN	             NaN	             NaN	             NaN	   0.0000000e+00	   0.0000000e+00	   0.0000000e+00	   0.0000000e+00	   0.0000000e+00	   0.0000000e+00	   0.0000000e+00	   0.0000000e+00	   0.0000000e+00	   0.0000000e+00	   0.0000000e+00	   0.0000000e+00	   0.0000000e+00	   0.0000000e+00	   0.0000000e+00	   0.0000000e+00	   0.0000000e+00	   0.0000000e+00	   0.0000000e+00	
  -1.7690862e+00	  -4.4761763e+00	  -3.9772410e+00	  -1.1828377e+00	             NaN	             NaN	             NaN	             NaN	             NaN	             NaN	             NaN	             NaN	             NaN	             NaN	             NaN	   0.0000000e+00	   0.0000000e+00	   0.0000000e+00	   0.0000000e+00	   0.0000000e+00	   0.0000000e+00	   0.0000000e+00	   0.0000000e+00	   0.0000000e+00	   0.0000000e+00	   0.0000000e+00	   0.0000000e+00	   0.0000000e+00	   0.0000000e+00	   0.0000000e+00	   0.0000000e+00	   0.0000000e+00	   0.0000000e+00	
  -1.3039941e+00	  -4.0296752e+00	  -2.1308788e+00	   3.9264357e-01	             NaN	             NaN	             NaN	             NaN	             NaN	             NaN	             NaN	             NaN	             NaN	             NaN	             NaN	   0.0000000e+00	   0.0000000e+00	   0.0000000e+00	   0.0000000e+00	   0.0000000e+00	   0.0000000e+00	   0.0000000e+00	   0.0000000e+00	   0.0000000e+00	   0.0000000e+00	   0.0000000e+00	   0.0000000e+00	   0.0000000e+00	   0.0000000e+00	   0.0000000e+00	   0.0000000e+00	   0.0000000e+00	   0.0000000e+00	
   1.3037458e+00	  -1.5419815e+00	  -5.4734578e-01	   2.3606438e-01	   2.0910043e+00	             NaN	             NaN	             NaN	             NaN	             NaN	             NaN	             NaN	             NaN	             NaN	             NaN	             NaN	   0.0000000e+00	   0.0000000e+00	   0.0000000e+00	   0.0000000e+00	   0.0000000e+00	   0.0000000e+00	   0.0000000e+00	   0.0000000e+00	   0.0000000e+00	   0.0000000e+00	   0.0000000e+00	   0.0000000e+00	   0.0000000e+00	   0.0000000e+00	   0.0000000e+00	   0.0000000e+00	   0.0000000e+00	
  -5.3301668e-01	  -1.9591392e+00	   3.3636358e-01	   1.0219011e+00	   2.0775104e+00	             NaN	             NaN	             NaN	             NaN	             NaN	             NaN	             NaN	             NaN	             NaN	             NaN	             NaN	   0.0000000e+00	   0.0000000e+00	   0.0000000e+00	   0.0000000e+00	   0.0000000e+00	   0.0000000e+00	   0.0000000e+00	   0.0000000e+00	   0.0000000e+00	   0.0000000e+00	   0.0000000e+00	   0.0000000e+00	   0.0000000e+00	   0.0000000e+00	   0.0000000e+00	   0.0000000e+00	   0.0000000e+00	
   2.5160692e-02	   3.1924734e-01	   2.6549424e-01	   1.3939810e+00	   2.4072020e+00	             NaN	             NaN	             NaN	             NaN	             NaN	             NaN	             NaN	             NaN	             NaN	             NaN	             NaN	   0.0000000e+00	   0.0000000e+00	   0.0000000e+00	   0.0000000e+00	   0.0000000e+00	   0.0000000e+00	   0.0000000e+00	   0.0000000e+00	   0.0000000e+00	   0.0000000e+00	   0.0000000e+00	   0.0000000e+00	   0.0000000e+00	   0.0000000e+00	   0.0000000e+00	   0.0000000e+00	   0.0000000e+00	
   1.7547341e+00	   1.3157983e+00	   1.0358348e+00	   1.3647282e+00	   2.5309673e+00	   3.1936555e+00	             NaN	             NaN	             NaN	             NaN	             NaN	             NaN	             NaN	             NaN	             NaN	             NaN	             NaN	   0.0000000e+00	   0.0000000e+00	   0.0000000e+00	   0.0000000e+00	   0.0000000e+00	   0.0000000e+00	   0.0000000e+00	   0.0000000e+00	   0.0000000e+00	   0.0000000e+00	   0.0000000e+00	   0.0000000e+00	   0.0000000e+00	   0.0000000e+00	   0.0000000e+00	   0.0000000e+00	
   5.3751306e-01	   9.2088289e-01	   1.0160952e+00	   1.9533611e+00	   2.2626152e+00	   3.2464430e+00	             NaN	             NaN	             NaN	             NaN	             NaN	             NaN	             NaN	             NaN	             NaN	             NaN	             NaN	   0.0000000e+00	   0.0000000e+00	   0.0000000e+00	   0.0000000e+00	   0.0000000e+00	   0.0000000e+00	   0.0000000e+00	   0.0000000e+00	   0.0000000e+00	   0.0000000e+00	   0.0000000e+00	   0.0000000e+00	   0.0000000e+00	   0.0000000e+00	   0.0000000e+00	   0.0000000e+00	
   7.0189088e-01	   1.4834221e+00	   1.4365605e+00	   2.1006116e+00	   2.5069601e+00	   3.3415651e+00	   3.9371616e+00	             NaN	             NaN	             NaN	             NaN	             NaN	             NaN	             NaN	             NaN	             NaN	             NaN	             NaN	   0.0000000e+00	   0.0000000e+00	   0.0000000e+00	   0.0000000e+00	   0.0000000e+00	   0.0000000e+00	   0.0000000e+00	   0.0000000e+00	   0.0000000e+00	   0.0000000e+00	   0.0000000e+00	   0.0000000e+00	   0.0000000e+00	   0.0000000e+00	   0.0000000e+00	
   7.9214216e-01	   1.5516922e+00	   2.0922325e+00	   2.5867293e+00	   3.1344431e+00	   3.5625757e+00	   3.9449399e+00	             NaN	             NaN	             NaN	             NaN	             NaN	             NaN	             NaN	             NaN	             NaN	             NaN	             NaN	   0.0000000e+00	   0.0000000e+00	   0.0000000e+00	   0.0000000e+00	   0.0000000e+00	   0.0000000e+00	   0.0000000e+00	   0.0000000e+00	   0.0000000e+00	   0.0000000e+00	   0.0000000e+00	   0.0000000e+00	   0.0000000e+00	   0.0000000e+00	   0.0000000e+00	
   2.0889613e+00	   1.1247381e+00	   2.3282859e+00	   2.8278597e+00	   3.0143422e+00	   3.3783946e+00	   4.1479038e+00	             NaN	             NaN	             NaN	             NaN	             NaN	             NaN	             NaN	             NaN	             NaN	             NaN	             NaN	   0.0000000e+00	   0.0000000e+00	   0.0000000e+00	   0.0000000e+00	   0.0000000e+00	   0.0000000e+00	   0.0000000e+00	   0.0000000e+00	   0.0000000e+00	   0.0000000e+00	   0.0000000e+00	   0.0000000e+00	   0.0000000e+00	   0.0000000e+00	   0.0000000e+00	
   2.8588908e+00	   1.9155002e+00	   2.5394013e+00	   2.8715289e+00	   3.0963727e+00	   3.4167292e+00	   3.9949509e+00	   3.9756152e+00	             NaN	             NaN	             NaN	             NaN	             NaN	             NaN	             NaN	             NaN	             NaN	             NaN	             NaN	   0.0000000e+00	   0.0000000e+00	   0.0000000e+00	   0.0000000e+00	   0.0000000e+00	   0.0000000e+00	   0.0000000e+00	   0.0000000e+00	   0.0000000e+00	   0.0000000e+00	   0.0000000e+00	   0.0000000e+00	   0.0000000e+00	   0.0000000e+00	
   2.1078650e+00	   1.9800375e+00	   2.3994125e+00	   3.1152659e+00	   3.1719952e+00	   3.4594812e+00	   3.8556156e+00	   3.9913564e+00	             NaN	             NaN	             NaN	             NaN	             NaN	             NaN	             NaN	             NaN	             NaN	             NaN	             NaN	   0.0000000e+00	   0.0000000e+00	   0.0000000e+00	   0.0000000e+00	   0.0000000e+00	   0.0000000e+00	   0.0000000e+00	   0.0000000e+00	   0.0000000e+00	   0.0000000e+00	   0.0000000e+00	   0.0000000e+00	   0.0000000e+00	   0.0000000e+00	
   2.6345186e+00	   2.7668349e+00	   2.6592747e+00	   2.9199920e+00	   3.4266222e+00	   3.6100828e+00	   3.7044507e+00	   3.9644180e+00	   4.0308518e+00	             NaN	             NaN	             NaN	             NaN	             NaN	             NaN	             NaN	             NaN	             NaN	             NaN	             NaN	   0.0000000e+00	   0.0000000e+00	   0.0000000e+00	   0.0000000e+00	   0.0000000e+00	   0.0000000e+00	   0.0000000e+00	   0.0000000e+00	   0.0000000e+00	   0.0000000e+00	   0.0000000e+00	   0.0000000e+00	   0.0000000e+00	
   2.8950042e+00	   2.4472623e+00	   3.2002121e+00	   3.2235217e+00	   3.2402633e+00	   3.6296142e+00	   3.8704425e+00	   3.9100040e+00	   3.6340561e+00	             NaN	             NaN	             NaN	             NaN	             NaN	             NaN	             NaN	             NaN	             NaN	             NaN	             NaN	   0.0000000e+00	   0.0000000e+00	   0.0000000e+00	   0.0000000e+00	   0.0000000e+00	   0.0000000e+00	   0.0000000e+00	   0.0000000e+00	   0.0000000e+00	   0.0000000e+00	   0.0000000e+00	   0.0000000e+00	   0.0000000e+00	
   3.4082422e+00	   2.8746012e+00	   2.9108979e+00	   2.8874891e+00	   3.3587152e+00	   3.5497841e+00	   3.7462950e+00	   3.9307978e+00	   3.6491413e+00	             NaN	             NaN	             NaN	             NaN	             NaN	             NaN	             NaN	             NaN	             NaN	             NaN	             NaN	   0.0000000e+00	   0.0000000e+00	   0.0000000e+00	   0.0000000e+00	   0.0000000e+00	   0.0000000e+00	   0.0000000e+00	   0.0000000e+00	   0.0000000e+00	   0.0000000e+00	   0.0000000e+00	   0.0000000e+00	   0.0000000e+00	
   3.2978391e+00	   2.3397506e+00	   2.7028302e+00	   3.1158636e+00	   3.2542834e+00	   3.5635587e+00	   3.6821925e+00	   3.6970852e+00	   3.6098907e+00	   3.2467111e+00	             NaN	             NaN	             NaN	             NaN	             NaN	             NaN	             NaN	             NaN	             NaN	             NaN	             NaN	   0.0000000e+00	   0.0000000e+00	   0.0000000e+00	   0.0000000e+00	   0.0000000e+00	   0.0000000e+00	   0.0000000e+00	   0.0000000e+00	   0.0000000e+00	   0.0000000e+00	   0.0000000e+00	   0.0000000e+00	
   2.8666500e+00	   3.1311227e+00	   2.9449980e+00	   3.1700392e+00	   3.1981807e+00	   3.4745069e+00	   3.7170557e+00	   3.7442031e+00	   3.7100337e+00	   3.2596082e+00	             NaN	             NaN	             NaN	             NaN	             NaN	             NaN	             NaN	             NaN	             NaN	             NaN	             NaN	   0.0000000e+00	   0.0000000e+00	   0.0000000e+00	   0.0000000e+00	   0.0000000e+00	   0.0000000e+00	   0.0000000e+00	   0.0000000e+00	   0.0000000e+00	   0.0000000e+00	   0.0000000e+00	   0.0000000e+00	
   3.0576394e+00	   2.9348246e+00	   2.6730995e+00	   3.0439746e+00	   3.3716976e+00	   3.2667492e+00	   3.6888000e+00	   3.7335275e+00	   3.5487707e+00	   3.1174931e+00	   3.0592293e+00	             NaN	             NaN	             NaN	             NaN	             NaN	             NaN	             NaN	             NaN	             NaN	             NaN	             NaN	   0.0000000e+00	   0.0000000e+00	   0.0000000e+00	   0.0000000e+00	   0.0000000e+00	   0.0000000e+00	   0.0000000e+00	   0.0000000e+00	   0.0000000e+00	   0.0000000e+00	   0.0000000e+00	
   3.0130456e+00	   2.9901719e+00	   3.0051214e+00	   2.9813382e+00	   3.1194553e+00	   3.3083510e+00	   3.7212541e+00	   3.5524583e+00	   3.4361884e+00	   3.0356260e+00	   2.8303404e+00	             NaN	             NaN	             NaN	             NaN	             NaN	             NaN	             NaN	             NaN	             NaN	             NaN	             NaN	   0.0000000e+00	   0.0000000e+00	   0.0000000e+00	   0.0000000e+00	   0.0000000e+00	   0.0000000e+00	   0.0000000e+00	   0.0000000e+00	   0.0000000e+00	   0.0000000e+00	   0.0000000e+00	
   2.8848752e+00	   2.8937131e+00	   2.8155827e+00	   3.1260318e+00	   3.1900204e+00	   3.3587540e+00	   3.2706950e+00	   3.6272672e+00	   3.4699892e+00	   3.1153705e+00	   2.6648744e+00	             NaN	             NaN	             NaN	             NaN	             NaN	             NaN	             NaN	             NaN	             NaN	             NaN	             NaN	   0.0000000e+00	   0.0000000e+00	   0.0000000e+00	   0.0000000e+00	   0.0000000e+00	   0.0000000e+00	   0.0000000e+00	   0.0000000e+00	   0.0000000e+00	   0.0000000e+00	   0.0000000e+00	
   2.8803802e+00	   2.8170254e+00	   2.7294020e+00	   2.9074934e+00	   3.3723190e+00	   3.3667224e+00	   3.2914838e+00	   3.5125271e+00	   3.2949808e+00	   3.0382079e+00	   2.5773684e+00	   2.2940414e+00	             NaN	             NaN	             NaN	             NaN	             NaN	             NaN	             NaN	             NaN	             NaN	             NaN	             NaN	   0.0000000e+00	   0.0000000e+00	   0.0000000e+00	   0.0000000e+00	   0.0000000e+00	   0.0000000e+00	   0.0000000e+00	   0.0000000e+00	   0.0000000e+00	   0.0000000e+00	
   2.9186842e+00	   3.1144901e+00	   2.9016209e+00	   3.1022428e+00	   2.9666648e+00	   3.0101766e+00	   3.2987790e+00	   3.3121469e+00	   3.2695982e+00	   3.1328774e+00	   2.6030891e+00	   2.1265131e+00	             NaN	             NaN	             NaN	             NaN	             NaN	             NaN	             NaN	             NaN	             NaN	             NaN	             NaN	   0.0000000e+00	   0.0000000e+00	   0.0000000e+00	   0.0000000e+00	   0.0000000e+00	   0.0000000e+00	   0.0000000e+00	   0.0000000e+00	   0.0000000e+00	   0.0000000e+00	
   3.5645264e+00	   2.8141420e+00	   2.8479418e+00	   3.2478431e+00	   2.8046577e+00	   3.1126131e+00	   3.1222734e+00	   3.2294745e+00	   3.3310477e+00	   3.0719143e+00	   2.5617627e+00	   1.8846795e+00	   2.3333994e+00	             NaN	             NaN	             NaN	             NaN	             NaN	             NaN	             NaN	             NaN	             NaN	             NaN	             NaN	   0.0000000e+00	   0.0000000e+00	   0.0000000e+00	   0.0000000e+00	   0.0000000e+00	   0.0000000e+00	   0.0000000e+00	   0.0000000e+00	   0.0000000e+00	
   3.2085782e+00	   2.7524302e+00	   2.9387930e+00	   2.6781685e+00	   2.9560309e+00	   3.0690516e+00	   2.9642970e+00	   3.0889609e+00	   3.2139530e+00	   2.9145124e+00	   2.5178739e+00	   1.9718779e+00	   1.9187027e+00	             NaN	             NaN	             NaN	             NaN	             NaN	             NaN	             NaN	             NaN	             NaN	             NaN	             NaN	   0.0000000e+00	   0.0000000e+00	   0.0000000e+00	   0.0000000e+00	   0.0000000e+00	   0.0000000e+00	   0.0000000e+00	   0.0000000e+00	   0.0000000e+00	
   2.7406394e+00	   2.3529310e+00	   2.4444127e+00	   2.6689905e+00	   2.6110274e+00	   2.9625132e+00	   3.0774413e+00	   3.0844368e+00	   3.0352782e+00	   2.9560916e+00	   2.4923185e+00	   2.0065285e+00	   1.7107493e+00	             NaN	             NaN	             NaN	             NaN	             NaN	             NaN	             NaN	             NaN	             NaN	             NaN	             NaN	   0.0000000e+00	   0.0000000e+00	   0.0000000e+00	   0.0000000e+00	   0.0000000e+00	   0.0000000e+00	   0.0000000e+00	   0.0000000e+00	   0.0000000e+00	
   2.2566473e+00	   2.5049973e+00	   2.7797167e+00	   2.9053819e+00	   2.7097449e+00	   2.7909035e+00	   2.9279291e+00	   3.0246634e+00	   2.9533027e+00	   2.8116793e+00	   2.5441379e+00	   1.9675096e+00	   1.5736546e+00	   1.4705686e+00	             NaN	             NaN	             NaN	             NaN	             NaN	             NaN	             NaN	             NaN	             NaN	             NaN	             NaN	   0.0000000e+00	   0.0000000e+00	   0.0000000e+00	   0.0000000e+00	   0.0000000e+00	   0.0000000e+00	   0.0000000e+00	   0.0000000e+00	
   1.7413794e+00	   2.1278418e+00	   2.4343682e+00	   2.6898546e+00	   2.6195784e+00	   2.6868734e+00	   2.8260204e+00	   2.9425428e+00	   2.8906936e+00	   2.7433410e+00	   2.4495733e+00	   1.9882179e+00	   1.6244979e+00	   1.5700678e+00	             NaN	             NaN	             NaN	             NaN	             NaN	             NaN	             NaN	             NaN	             NaN	             NaN	             NaN	   0.0000000e+00	   0.0000000e+00	   0.0000000e+00	   0.0000000e+00	   0.0000000e+00	   0.0000000e+00	   0.0000000e+00	   0.0000000e+00	
   2.1564179e+00	   1.9997304e+00	   2.2881122e+00	   2.4491206e+00	   2.4956418e+00	   2.5793153e+00	   2.7160383e+00	   2.8887375e+00	   2.6682074e+00	   2.6470434e+00	   2.3822094e+00	   2.0410899e+00	   1.5687841e+00	   1.3874620e+00	   1.3398088e+00	             NaN	             NaN	             NaN	             NaN	             NaN	             NaN	             NaN	             NaN	             NaN	             NaN	             NaN	   0.0000000e+00	   0.0000000e+00	   0.0000000e+00	   0.0000000e+00	   0.0000000e+00	   0.0000000e+00	   0.0000000e+00	
   2.0228700e+00	   1.8551196e+00	   2.2385537e+00	   2.5547830e+00	   2.4763489e+00	   2.5907125e+00	   2.8260472e+00	   2.7719855e+00	   2.7897455e+00	   2.6778290e+00	   2.5015892e+00	   1.9875731e+00	   1.6846136e+00	   1.3654564e+00	   1.3008080e+00	             NaN	             NaN	             NaN	             NaN	             NaN	             NaN	             NaN	             NaN	             NaN	             NaN	             NaN	   0.0000000e+00	   0.0000000e+00	   0.0000000e+00	   0.0000000e+00	   0.0000000e+00	   0.0000000e+00	   0.0000000e+00	
   1.3612633e+00	   1.9359017e+00	   2.2037896e+00	   2.2705443e+00	   2.5975035e+00	   2.6363925e+00	   2.7226927e+00	   2.6443019e+00	   2.7469042e+00	   2.6805443e+00	   2.4433681e+00	   2.0555611e+00	   1.6513742e+00	   1.4113082e+00	   1.4496623e+00	             NaN	             NaN	             NaN	             NaN	             NaN	             NaN	             NaN	             NaN	             NaN	             NaN	             NaN	   0.0000000e+00	   0.0000000e+00	   0.0000000e+00	   0.0000000e+00	   0.0000000e+00	   0.0000000e+00	   0.0000000e+00	
   5.7315416e-01	   3.9289533e-01	   1.9960481e+00	   2.3474000e+00	   2.4886387e+00	   2.5757883e+00	   2.7128324e+00	   2.7061426e+00	   2.7818501e+00	   2.7590595e+00	   2.4712071e+00	   2.0669745e+00	   1.7532430e+00	   1.4515136e+00	   1.2653552e+00	   1.4165983e+00	             NaN	             NaN	             NaN	             NaN	             NaN	             NaN	             NaN	             NaN	             NaN	             NaN	             NaN	   0.0000000e+00	   0.0000000e+00	   0.0000000e+00	   0.0000000e+00	   0.0000000e+00	   0.0000000e+00	
   9.6145551e-01	   8.4677005e-01	   1.8564413e+00	   2.1978937e+00	   2.4024710e+00	   2.5294791e+00	   2.5891634e+00	   2.6222408e+00	   2.6514081e+00	   2.5838294e+00	   2.4336507e+00	   2.0787166e+00	   1.8175498e+00	   1.5511965e+00	   1.2927194e+00	   1.4584927e+00	             NaN	             NaN	             NaN	             NaN	             NaN	             NaN	             NaN	             NaN	             NaN	             NaN	             NaN	   0.0000000e+00	   0.0000000e+00	   0.0000000e+00	   0.0000000e+00	   0.0000000e+00	   0.0000000e+00	
  -3.1791433e-01	  -6.6175387e-02	   1.6184256e+00	   2.1670881e+00	   2.5788081e+00	   2.5323979e+00	   2.5153206e+00	   2.5571057e+00	   2.6571945e+00	   2.5587116e+00	   2.3611195e+00	   2.0021956e+00	   1.8391038e+00	   1.5974724e+00	   1.3657705e+00	   1.4660603e+00	   1.0166672e+00	             NaN	             NaN	             NaN	             NaN	             NaN	             NaN	             NaN	             NaN	             NaN	             NaN	             NaN	   0.0000000e+00	   0.0000000e+00	   0.0000000e+00	   0.0000000e+00	   0.0000000e+00	
  -4.2727169e-01	  -6.3406645e-01	   9.0589633e-01	   2.4280349e+00	   2.3583579e+00	   2.4980824e+00	   2.5411809e+00	   2.7068216e+00	   2.5833331e+00	   2.6619172e+00	   2.3289643e+00	   2.0683712e+00	   1.8418068e+00	   1.5866251e+00	   1.4711981e+00	   1.2566822e+00	   1.3040053e+00	             NaN	             NaN	             NaN	             NaN	             NaN	             NaN	             NaN	             NaN	             NaN	             NaN	             NaN	   0.0000000e+00	   0.0000000e+00	   0.0000000e+00	   0.0000000e+00	   0.0000000e+00	
  -1.1740671e+00	  -1.1014398e+00	   9.4035235e-01	   1.8646305e+00	   2.3700852e+00	   2.4458082e+00	   2.6623988e+00	   2.5275830e+00	   2.5739927e+00	   2.4727008e+00	   2.3040649e+00	   2.1052930e+00	   1.8452092e+00	   1.6130064e+00	   1.4523611e+00	   1.2931213e+00	   1.4103094e+00	             NaN	             NaN	             NaN	             NaN	             NaN	             NaN	             NaN	             NaN	             NaN	             NaN	             NaN	   0.0000000e+00	   0.0000000e+00	   0.0000000e+00	   0.0000000e+00	   0.0000000e+00	
  -1.7192987e+00	  -1.0946542e+00	   2.1263920e-02	   1.7540978e+00	   2.2573740e+00	   2.4858149e+00	   2.4640269e+00	   2.5451051e+00	   2.5553719e+00	   2.4991347e+00	   2.3799250e+00	   2.1399686e+00	   1.8776641e+00	   1.6598603e+00	   1.5259659e+00	   1.3660008e+00	   1.3821498e+00	   7.8845441e-01	             NaN	             NaN	             NaN	             NaN	             NaN	             NaN	             NaN	             NaN	             NaN	             NaN	             NaN	   0.0000000e+00	   0.0000000e+00	   0.0000000e+00	   0.0000000e+00	
  -2.8537525e+00	  -1.6129332e+00	  -1.6234350e-01	   1.5686828e+00	   2.0709703e+00	   2.3720219e+00	   2.4010913e+00	   2.4804289e+00	   2.3976472e+00	   2.3931938e+00	   2.2450443e+00	   2.1804281e+00	   1.9122539e+00	   1.7764544e+00	   1.5336427e+00	   1.3714950e+00	   1.3478209e+00	   1.1181198e+00	             NaN	             NaN	             NaN	             NaN	             NaN	             NaN	             NaN	             NaN	             NaN	             NaN	             NaN	   0.0000000e+00	   0.0000000e+00	   0.0000000e+00	   0.0000000e+00	
  -2.1868485e+00	  -3.6091725e+00	  -2.1379812e-01	   1.2554449e+00	   2.0826915e+00	   2.3108277e+00	   2.4278698e+00	   2.3891348e+00	   2.3600385e+00	   2.3908328e+00	   2.2949471e+00	   2.1481747e+00	   1.9164178e+00	   1.7260710e+00	   1.5895520e+00	   1.4501000e+00	   1.2842097e+00	   1.3477742e+00	   4.8924310e-01	             NaN	             NaN	             NaN	             NaN	             NaN	             NaN	             NaN	             NaN	             NaN	             NaN	             NaN	   0.0000000e+00	   0.0000000e+00	   0.0000000e+00	
  -2.7565413e+00	  -3.5277209e+00	  -1.1429925e+00	   1.0390310e+00	   2.0735250e+00	   2.2851545e+00	   2.3671581e+00	   2.4179382e+00	   2.4321977e+00	   2.3757720e+00	   2.3604891e+00	   2.1107647e+00	   1.9245352e+00	   1.7778267e+00	   1.6368277e+00	   1.4644276e+00	   1.3304786e+00	   1.3563029e+00	   8.4419583e-01	             NaN	             NaN	             NaN	             NaN	             NaN	             NaN	             NaN	             NaN	             NaN	             NaN	             NaN	   0.0000000e+00	   0.0000000e+00	   0.0000000e+00	
  -2.9764209e+00	  -2.7698172e+00	  -1.5085986e+00	   1.1378994e+00	   1.8899262e+00	   2.3295164e+00	   2.2994657e+00	   2.3886831e+00	   2.3734808e+00	   2.3347663e+00	   2.2556845e+00	   2.1218148e+00	   1.9930975e+00	   1.8543845e+00	   1.7041723e+00	   1.5265605e+00	   1.3415756e+00	   1.2994855e+00	   1.0186797e+00	             NaN	             NaN	             NaN	             NaN	             NaN	             NaN	             NaN	             NaN	             NaN	             NaN	             NaN	   0.0000000e+00	   0.0000000e+00	   0.0000000e+00	
  -5.7044388e+00	  -3.6713646e+00	  -1.2725082e+00	   6.6163133e-01	   1.9697072e+00	   2.2469612e+00	   2.3431058e+00	   2.2795928e+00	   2.3021892e+00	   2.4181298e+00	   2.2992097e+00	   2.0878654e+00	   1.9829396e+00	   1.8477912e+00	   1.6709039e+00	   1.5285238e+00	   1.3998989e+00	   1.2696886e+00	   1.1180758e+00	   5.5812944e-01	             NaN	             NaN	             NaN	             NaN	             NaN	             NaN	             NaN	             NaN	             NaN	             NaN	             NaN	   0.0000000e+00	   0.0000000e+00	
  -4.1173256e+00	  -5.0204644e+00	  -1.6589227e+00	   5.9455828e-01	   1.8788136e+00	   2.2831212e+00	   2.2875413e+00	   2.3266959e+00	   2.3924701e+00	   2.3351966e+00	   2.2141906e+00	   2.1137614e+00	   1.9307645e+00	   1.9031774e+00	   1.8166449e+00	   1.6174638e+00	   1.4300099e+00	   1.3089278e+00	   1.3493829e+00	   8.1609308e-01	             NaN	             NaN	             NaN	             NaN	             NaN	             NaN	             NaN	             NaN	             NaN	             NaN	             NaN	   0.0000000e+00	   0.0000000e+00	
  -4.1410369e+00	  -4.0251597e+00	  -1.7516352e+00	   5.3705468e-01	   2.0017879e+00	   2.1872395e+00	   2.3617498e+00	   2.3235072e+00	   2.3649334e+00	   2.2832959e+00	   2.3032245e+00	   2.1427498e+00	   1.9810646e+00	   1.8841163e+00	   1.7705109e+00	   1.6206186e+00	   1.4798554e+00	   1.3184886e+00	   1.2810854e+00	   1.1151522e+00	   4.0845523e-01	             NaN	             NaN	             NaN	             NaN	             NaN	             NaN	             NaN	             NaN	             NaN	             NaN	             NaN	   0.0000000e+00	
  -5.4262576e+00	  -4.1552362e+00	  -2.4406838e+00	   6.3639484e-01	   1.9869422e+00	   2.3181716e+00	   2.2368959e+00	   2.3292027e+00	   2.2269513e+00	   2.2695125e+00	   2.3026312e+00	   2.1668467e+00	   2.0701845e+00	   1.9551993e+00	   1.8772218e+00	   1.6778396e+00	   1.4931202e+00	   1.3584461e+00	   1.1999626e+00	   1.2187654e+00	   3.6991159e-01	             NaN	             NaN	             NaN	             NaN	             NaN	             NaN	             NaN	             NaN	             NaN	             NaN	             NaN	   0.0000000e+00	
  -5.6527307e+00	  -4.1259624e+00	  -2.1602462e+00	   2.8934125e-01	   1.8876680e+00	   2.3086290e+00	   2.2195468e+00	   2.3350189e+00	   2.3180488e+00	   2.3256905e+00	   2.1725211e+00	   2.1760762e+00	   2.0551741e+00	   1.9266651e+00	   1.8556840e+00	   1.6883987e+00	   1.6013388e+00	   1.3956491e+00	   1.2786704e+00	   1.3214656e+00	   6.5241630e-01	             NaN	             NaN	             NaN	             NaN	             NaN	             NaN	             NaN	             NaN	             NaN	             NaN	             NaN	   0.0000000e+00	
  -5.6305869e+00	  -5.0073438e+00	  -2.0316473e+00	   2.2504165e-01	   1.7608960e+00	   2.1126442e+00	   2.2620357e+00	   2.2855102e+00	   2.2977348e+00	   2.3257091e+00	   2.2482017e+00	   2.0749872e+00	   2.0757658e+00	   1.9921375e+00	   1.8982849e+00	   1.7089727e+00	   1.5589689e+00	   1.4128812e+00	   1.2562710e+00	   1.2880122e+00	   9.5105421e-01	   3.0992076e-01	             NaN	             NaN	             NaN	             NaN	             NaN	             NaN	             NaN	             NaN	             NaN	             NaN	             NaN	
  -5.2172065e+00	  -5.3286323e+00	  -2.5362364e+00	  -3.0556319e-01	   1.8273831e+00	   2.1660445e+00	   2.2705070e+00	   2.2627399e+00	   2.2598556e+00	   2.3293469e+00	   2.2259006e+00	   2.0989799e+00	   2.0920568e+00	   2.0118642e+00	   1.9345943e+00	   1.7776898e+00	   1.6505151e+00	   1.4858466e+00	   1.2621372e+00	   1.1619546e+00	   1.1115114e+00	   3.7677509e-01	             NaN	             NaN	             NaN	             NaN	             NaN	             NaN	             NaN	             NaN	             NaN	             NaN	             NaN	
  -4.2585253e+00	  -5.2690825e+00	  -2.9574547e+00	   1.7133807e-01	   1.7210586e+00	   2.2313719e+00	   2.3003470e+00	   2.3070857e+00	   2.2191350e+00	   2.2052436e+00	   2.2032196e+00	   2.0930765e+00	   2.1351659e+00	   2.0164944e+00	   1.9303193e+00	   1.7781623e+00	   1.6689984e+00	   1.5025619e+00	   1.3135857e+00	   1.2204895e+00	   1.2610538e+00	   6.3479391e-01	   3.2326019e-01	             NaN	             NaN	             NaN	             NaN	             NaN	             NaN	             NaN	             NaN	             NaN	             NaN	
  -5.5945358e+00	  -5.8820147e+00	  -2.6819179e+00	   3.4125993e-03	   1.5386995e+00	   2.3283853e+00	   2.3377288e+00	   2.2544679e+00	   2.3230792e+00	   2.2919406e+00	   2.1486407e+00	   2.1669801e+00	   2.1155771e+00	   2.0371816e+00	   1.9238372e+00	   1.8084447e+00	   1.6612877e+00	   1.5167516e+00	   1.3666146e+00	   1.1918103e+00	   1.2140626e+00	   8.4917277e-01	   3.6117439e-01	             NaN	             NaN	             NaN	             NaN	             NaN	             NaN	             NaN	             NaN	             NaN	             NaN	
  -4.2634530e+00	  -4.9214697e+00	  -3.3357062e+00	   5.9682956e-02	   1.3251789e+00	   2.2007400e+00	   2.3827864e+00	   2.3625061e+00	   2.2246447e+00	   2.2452660e+00	   2.1721673e+00	   2.1002866e+00	   2.1055016e+00	   2.0333445e+00	   1.9722176e+00	   1.8453701e+00	   1.7284234e+00	   1.5555264e+00	   1.4302729e+00	   1.2347982e+00	   1.1680810e+00	   1.1665059e+00	   2.9489228e-01	             NaN	             NaN	             NaN	             NaN	             NaN	             NaN	             NaN	             NaN	             NaN	             NaN	
  -4.9329838e+00	  -4.8394853e+00	  -2.3445835e+00	   2.7614640e-01	   1.7630071e+00	   2.2926960e+00	   2.3361535e+00	   2.3213558e+00	   2.2188888e+00	   2.1565478e+00	   2.2165436e+00	   2.1518632e+00	   2.1152793e+00	   2.1289326e+00	   1.9330338e+00	   1.8785677e+00	   1.7569922e+00	   1.5886247e+00	   1.4517463e+00	   1.3155308e+00	   1.1658113e+00	   1.2051145e+00	   5.8849757e-01	   4.2747358e-01	             NaN	             NaN	             NaN	             NaN	             NaN	             NaN	             NaN	             NaN	             NaN	
  -4.9330646e+00	  -4.6526943e+00	  -1.9102501e+00	   2.2208117e-01	   1.7757087e+00	   2.3422434e+00	   2.2809024e+00	   2.3770628e+00	   2.2762686e+00	   2.2808865e+00	   2.2251630e+00	   2.1855185e+00	   2.1761194e+00	   2.1014158e+00	   1.9655354e+00	   1.9261972e+00	   1.7792783e+00	   1.6255383e+00	   1.4736433e+00	   1.3305950e+00	   1.1906829e+00	   1.1872702e+00	   7.2565860e-01	   3.3478008e-01	             NaN	             NaN	             NaN	             NaN	             NaN	             NaN	             NaN	             NaN	             NaN	
  -4.8038922e+00	  -4.6325346e+00	  -2.0457995e+00	   3.5730899e-01	   1.8135291e+00	   2.3595196e+00	   2.3649111e+00	   2.2802211e+00	   2.3076111e+00	   2.2038155e+00	   2.2828160e+00	   2.1386854e+00	   2.1690558e+00	   2.0675558e+00	   1.9620903e+00	   1.9183979e+00	   1.7943184e+00	   1.6581378e+00	   1.4986090e+00	   1.3397033e+00	   1.1852607e+00	   1.1012532e+00	   9.9472556e-01	   3.5372735e-01	   4.5422991e-01	             NaN	             NaN	             NaN	             NaN	             NaN	             NaN	             NaN	             NaN	
  -3.8409454e+00	  -4.2959645e+00	  -2.5171261e+00	   5.5028863e-01	   2.0348623e+00	   2.4254357e+00	   2.4390793e+00	   2.3612020e+00	   2.3184797e+00	   2.3206977e+00	   2.3071751e+00	   2.1954406e+00	   2.1621595e+00	   2.1730988e+00	   2.0584253e+00	   1.9248055e+00	   1.7959170e+00	   1.6641403e+00	   1.4966574e+00	   1.4191924e+00	   1.2477600e+00	   1.0981931e+00	   1.1261539e+00	   5.1594719e-01	   4.4263994e-01	             NaN	             NaN	             NaN	             NaN	             NaN	             NaN	             NaN	             NaN	
  -3.0849837e+00	  -3.6768656e+00	  -1.1379758e+00	   6.4873722e-01	   2.0270897e+00	   2.3701573e+00	   2.4030856e+00	   2.3704560e+00	   2.3010568e+00	   2.2323391e+00	   2.2014902e+00	   2.1679004e+00	   2.1462189e+00	   2.0991531e+00	   2.0542964e+00	   1.9370090e+00	   1.7737247e+00	   1.6876489e+00	   1.5546407e+00	   1.4271044e+00	   1.2680037e+00	   1.1052308e+00	   1.1121516e+00	   6.8984227e-01	   4.4873932e-01	             NaN	             NaN	             NaN	             NaN	             NaN	             NaN	             NaN	             NaN	
  -2.6939347e+00	  -3.7047770e+00	  -1.6256001e+00	   7.5632384e-01	   1.9337434e+00	   2.3627019e+00	   2.3611861e+00	   2.4069611e+00	   2.2764963e+00	   2.3055774e+00	   2.2283063e+00	   2.1396884e+00	   2.1705361e+00	   2.1389697e+00	   2.0520715e+00	   2.0323176e+00	   1.7676794e+00	   1.7205275e+00	   1.5856602e+00	   1.4321589e+00	   1.2942965e+00	   1.1455634e+00	   1.1654058e+00	   9.9760821e-01	   4.3960129e-01	   5.2278739e-01	             NaN	             NaN	             NaN	             NaN	             NaN	             NaN	             NaN	
  -2.4545941e+00	  -1.4407996e+00	  -9.9057041e-01	   6.5924765e-01	   1.7500461e+00	   2.3915579e+00	   2.4718082e+00	   2.3628651e+00	   2.2750608e+00	   2.1824634e+00	   2.2586229e+00	   2.1712392e+00	   2.1814012e+00	   2.1812042e+00	   2.0705082e+00	   2.0192133e+00	   1.8268439e+00	   1.7183897e+00	   1.5964519e+00	   1.4828260e+00	   1.2763613e+00	   1.1737592e+00	   1.0772888e+00	   1.0477756e+00	   5.5124771e-01	   4.9267442e-01	             NaN	             NaN	             NaN	             NaN	             NaN	             NaN	             NaN	
  -1.7043314e+00	  -2.5925352e+00	  -5.2187431e-01	   8.1651149e-01	   2.4462618e+00	   2.4505697e+00	   2.3837468e+00	   2.3439447e+00	   2.3134955e+00	   2.1978441e+00	   2.2801615e+00	   2.1633010e+00	   2.1262929e+00	   2.1508817e+00	   2.0675752e+00	   1.9668637e+00	   1.8103765e+00	   1.7541466e+00	   1.5973182e+00	   1.4445765e+00	   1.3411367e+00	   1.1816505e+00	   1.0455811e+00	   1.1266737e+00	   6.7681894e-01	   4.7847286e-01	   4.8428863e-01	             NaN	             NaN	             NaN	             NaN	             NaN	             NaN	
  -1.4315981e+00	  -1.3326908e+00	  -4.3933120e-01	   9.6637624e-01	   2.3166587e+00	   2.5194845e+00	   2.5377330e+00	   2.3667780e+00	   2.2353794e+00	   2.2071999e+00	   2.2603640e+00	   2.1829405e+00	   2.1668132e+00	   2.1492649e+00	   2.0811695e+00	   1.9563463e+00	   1.8738364e+00	   1.8022226e+00	   1.6029592e+00	   1.4675334e+00	   1.3499177e+00	   1.2300555e+00	   1.0605558e+00	   1.0873496e+00	   7.8067853e-01	   4.6595436e-01	   4.7702072e-01	             NaN	             NaN	             NaN	             NaN	             NaN	             NaN	
  -2.2204011e-01	  -1.3607205e+00	  -3.4703076e-01	   8.6891523e-01	   2.3996729e+00	   2.4318081e+00	   2.4193367e+00	   2.3908307e+00	   2.3463475e+00	   2.2265872e+00	   2.1906356e+00	   2.1517773e+00	   2.1654175e+00	   2.0650090e+00	   2.0628951e+00	   1.9982793e+00	   1.8542234e+00	   1.7644661e+00	   1.6574549e+00	   1.5292761e+00	   1.3829817e+00	   1.2392451e+00	   1.0764976e+00	   1.0074255e+00	   9.2831794e-01	   5.0743422e-01	   4.5523299e-01	             NaN	             NaN	             NaN	             NaN	             NaN	             NaN	
  -3.7889454e-01	  -9.8291551e-01	   2.4204668e-01	   1.4048961e+00	   2.3612740e+00	   2.3889255e+00	   2.5334202e+00	   2.5257399e+00	   2.2271802e+00	   2.2180340e+00	   2.2165832e+00	   2.1358915e+00	   2.1132209e+00	   2.0735681e+00	   2.1164020e+00	   2.0189662e+00	   1.8826835e+00	   1.7778644e+00	   1.6651215e+00	   1.5056213e+00	   1.3993976e+00	   1.2520290e+00	   1.1234842e+00	   1.0371724e+00	   1.0294101e+00	   5.9959027e-01	   3.9389425e-01	   4.7823357e-01	             NaN	             NaN	             NaN	             NaN	             NaN	
  -1.1453309e+00	  -6.2230086e-01	  -2.0857330e-01	   1.7628909e+00	   2.1882268e+00	   2.7302407e+00	   2.5002386e+00	   2.3614841e+00	   2.3038494e+00	   2.2450761e+00	   2.1523162e+00	   2.1292199e+00	   2.1329645e+00	   2.1034455e+00	   2.0497386e+00	   2.0155857e+00	   1.8491038e+00	   1.7374834e+00	   1.6438047e+00	   1.5282154e+00	   1.3923519e+00	   1.3060063e+00	   1.1553414e+00	   9.7906323e-01	   9.8875609e-01	   7.4634883e-01	   4.5283003e-01	   4.8505908e-01	             NaN	             NaN	             NaN	             NaN	             NaN	
  -2.7416997e-01	  -7.7521043e-01	   3.6841378e-01	   1.4921660e+00	   2.4366817e+00	   2.5495679e+00	   2.4393816e+00	   2.3077636e+00	   2.2781296e+00	   2.1179202e+00	   2.2038759e+00	   2.0964278e+00	   2.1114144e+00	   2.0784588e+00	   2.0774240e+00	   1.9913388e+00	   1.8514298e+00	   1.8004388e+00	   1.6625159e+00	   1.5241916e+00	   1.4302087e+00	   1.2980994e+00	   1.1508762e+00	   1.0353204e+00	   9.9840341e-01	   8.8388702e-01	   4.5612091e-01	   4.4352406e-01	   4.2499836e-01	             NaN	             NaN	             NaN	             NaN	
   4.3543857e-01	   8.5807875e-02	   7.7276126e-01	   1.6406735e+00	   2.3760950e+00	   2.5574201e+00	   2.4697046e+00	   2.5100186e+00	   2.3205248e+00	   2.2013195e+00	   2.1265506e+00	   2.1514429e+00	   2.0540086e+00	   2.0813136e+00	   2.0610529e+00	   1.9692087e+00	   1.8589303e+00	   1.7651248e+00	   1.6769190e+00	   1.5454464e+00	   1.4470808e+00	   1.3407605e+00	   1.1876849e+00	   1.0356873e+00	   9.5108900e-01	   9.0325873e-01	   5.4467283e-01	   4.4068247e-01	   4.5219048e-01	             NaN	             NaN	             NaN	             NaN	
   2.8901658e-01	   2.7402234e-01	   1.1967025e+00	   2.0474968e+00	   2.4608073e+00	   2.6653897e+00	   2.5266393e+00	   2.3595417e+00	   2.3062673e+00	   2.1527275e+00	   2.1470482e+00	   2.0971219e+00	   2.0949800e+00	   2.1013481e+00	   2.0243774e+00	   1.9468914e+00	   1.8515855e+00	   1.7705338e+00	   1.6844821e+00	   1.5908482e+00	   1.4422109e+00	   1.3328408e+00	   1.1612526e+00	   1.0534442e+00	   9.4481576e-01	   8.8080979e-01	   7.4947279e-01	   3.9708493e-01	   4.6931938e-01	             NaN	             NaN	             NaN	             NaN	
  -3.5637538e-01	   2.9454754e-01	   1.7470576e+00	   2.2799815e+00	   2.7001758e+00	   2.7322601e+00	   2.5838639e+00	   2.3130684e+00	   2.3384764e+00	   2.1667383e+00	   2.1399332e+00	   2.0908875e+00	   2.0981534e+00	   2.0898705e+00	   2.0190599e+00	   1.9691440e+00	   1.8294500e+00	   1.7694213e+00	   1.6988857e+00	   1.5842653e+00	   1.4623146e+00	   1.3513539e+00	   1.2261971e+00	   1.1292448e+00	   9.5851246e-01	   9.1761358e-01	   7.4101599e-01	   4.1062803e-01	   4.5816014e-01	   4.1499015e-01	             NaN	             NaN	             NaN	
   4.5757248e-01	   9.3522057e-01	   1.8567211e+00	   2.2872246e+00	   2.6342381e+00	   2.8227661e+00	   2.5736516e+00	   2.3906372e+00	   2.2451589e+00	   2.1841400e+00	   2.0493596e+00	   2.0336875e+00	   2.0497750e+00	   2.0453717e+00	   1.9831983e+00	   1.9264505e+00	   1.8220129e+00	   1.7575000e+00	   1.6773569e+00	   1.5859303e+00	   1.4677894e+00	   1.3520991e+00	   1.2468921e+00	   1.1104339e+00	   1.0077261e+00	   9.0790396e-01	   8.8091882e-01	   4.5090345e-01	   3.9831543e-01	   4.1208322e-01	             NaN	             NaN	             NaN	
   7.7757832e-01	   1.3822418e+00	   1.7367200e+00	   2.3137108e+00	   2.9028076e+00	   2.7810357e+00	   2.6411676e+00	   2.4376638e+00	   2.2722747e+00	   2.1500641e+00	   2.1422907e+00	   2.0720776e+00	   1.9880312e+00	   2.0702357e+00	   2.0425736e+00	   1.9271798e+00	   1.7998891e+00	   1.7523692e+00	   1.7111016e+00	   1.5705541e+00	   1.4851194e+00	   1.3849458e+00	   1.2395653e+00	   1.1254845e+00	   1.0060793e+00	   9.2388365e-01	   8.6993535e-01	   6.2123137e-01	   3.8368416e-01	   4.5089837e-01	   3.4789251e-01	             NaN	             NaN	
   2.2471952e+00	   1.5671651e+00	   1.6719824e+00	   2.4186437e+00	   2.5535084e+00	   2.6906760e+00	   2.6055939e+00	   2.3850625e+00	   2.3151980e+00	   2.1288453e+00	   2.0296251e+00	   2.0421238e+00	   1.9953650e+00	   1.9845928e+00	   1.9856410e+00	   1.9315697e+00	   1.8047771e+00	   1.7617413e+00	   1.6522248e+00	   1.5746699e+00	   1.4643217e+00	   1.3307173e+00	   1.2359558e+00	   1.1159514e+00	   1.0469324e+00	   9.3837721e-01	   8.7544149e-01	   7.0483592e-01	   4.0988198e-01	   4.1962824e-01	   3.8087146e-01	             NaN	             NaN	
   1.7460005e+00	   1.2509377e+00	   1.6273728e+00	   2.9241215e+00	   3.0101727e+00	   2.8646966e+00	   2.6525022e+00	   2.4995875e+00	   2.2613701e+00	   2.2048223e+00	   2.0394222e+00	   1.9731608e+00	   2.0139042e+00	   1.9829815e+00	   2.0157980e+00	   1.8944266e+00	   1.8520244e+00	   1.7580386e+00	   1.7201696e+00	   1.5554625e+00	   1.4899379e+00	   1.3526035e+00	   1.2818520e+00	   1.1390940e+00	   1.0326465e+00	   9.5474129e-01	   8.6475824e-01	   7.9720018e-01	   4.3477844e-01	   4.0833520e-01	   3.9716971e-01	             NaN	             NaN	
   1.9015125e+00	   1.9101655e+00	   1.8861347e+00	   2.8007077e+00	   2.8758444e+00	   2.7473852e+00	   2.4396687e+00	   2.3748181e+00	   2.0775772e+00	   2.1259285e+00	   2.0846012e+00	   1.9921834e+00	   1.9616995e+00	   1.9481474e+00	   1.9368020e+00	   1.8959662e+00	   1.8201591e+00	   1.7247011e+00	   1.6774159e+00	   1.5876991e+00	   1.4909805e+00	   1.3995363e+00	   1.2659767e+00	   1.1558227e+00	   1.0658975e+00	   9.6999687e-01	   8.5679514e-01	   8.2282488e-01	   5.7999399e-01	   3.7625656e-01	   4.1334318e-01	   3.5405760e-01	             NaN	
   1.7268467e+00	   1.7318223e+00	   2.7423875e+00	   2.8388032e+00	   2.9885285e+00	   2.9047140e+00	   2.6129701e+00	   2.4592884e+00	   2.2641081e+00	   2.0786820e+00	   2.0115619e+00	   1.9606731e+00	   1.9846390e+00	   1.9356377e+00	   1.8937682e+00	   1.8546508e+00	   1.7965628e+00	   1.7764765e+00	   1.6869325e+00	   1.5830029e+00	   1.4890673e+00	   1.3679120e+00	   1.2967466e+00	   1.1823680e+00	   1.0611877e+00	   9.4166853e-01	   8.4185704e-01	   7.8511072e-01	   5.9683788e-01	   4.6813057e-01	   3.8307447e-01	   3.6832128e-01	             NaN	
   2.0737132e+00	   2.3753294e+00	   2.4219269e+00	   2.8047436e+00	   3.0353548e+00	   2.8793443e+00	   2.7162335e+00	   2.3339031e+00	   2.2245953e+00	   2.1618930e+00	   1.9534610e+00	   1.9434300e+00	   1.9098975e+00	   1.8980241e+00	   1.8444682e+00	   1.8586964e+00	   1.7799118e+00	   1.7024302e+00	   1.6587380e+00	   1.5855842e+00	   1.4922471e+00	   1.3892291e+00	   1.2916509e+00	   1.1551371e+00	   1.0833786e+00	   9.8083454e-01	   8.7451038e-01	   8.2069010e-01	   6.9954698e-01	   4.4931424e-01	   4.1044901e-01	   3.8976702e-01	   3.2112349e-01	
   1.7027498e+00	   2.1603139e+00	   2.5658515e+00	   2.9017737e+00	   2.8688019e+00	   2.7571178e+00	   2.7482461e+00	   2.4933478e+00	   2.1958170e+00	   2.1038723e+00	   1.8876006e+00	   1.9750782e+00	   1.8989243e+00	   1.8147516e+00	   1.8285445e+00	   1.8809877e+00	   1.7608205e+00	   1.7039212e+00	   1.6211069e+00	   1.5468035e+00	   1.4969506e+00	   1.4234392e+00	   1.2969248e+00	   1.1675409e+00	   1.0916891e+00	   9.7745087e-01	   8.8867011e-01	   7.8981972e-01	   7.2314740e-01	   4.6890042e-01	   4.0587111e-01	   3.8695932e-01	   3.2243129e-01	
   2.4529458e+00	   1.9707791e+00	   2.5791543e+00	   3.0712531e+00	   2.9667957e+00	   2.8546959e+00	   2.5336515e+00	   2.3328808e+00	   2.1319940e+00	   2.0797779e+00	   1.9893030e+00	   1.9068877e+00	   1.8596996e+00	   1.8630263e+00	   1.8514187e+00	   1.8121243e+00	   1.7792844e+00	   1.6842083e+00	   1.6317938e+00	   1.5444976e+00	   1.5054907e+00	   1.3473346e+00	   1.2540822e+00	   1.1926018e+00	   1.1050375e+00	   9.6976572e-01	   8.9424507e-01	   8.2911764e-01	   7.6139967e-01	   5.4689354e-01	   3.7900155e-01	   3.7337990e-01	   3.4704226e-01	
   2.0031939e+00	   2.5863032e+00	   2.6226323e+00	   3.0692223e+00	   2.8024074e+00	   2.7935690e+00	   2.6340612e+00	   2.4058675e+00	   2.1874315e+00	   2.0052136e+00	   1.9709486e+00	   1.8236908e+00	   1.8591113e+00	   1.8716877e+00	   1.8591429e+00	   1.7865962e+00	   1.7635849e+00	   1.6215376e+00	   1.6101886e+00	   1.5610574e+00	   1.4793810e+00	   1.3784645e+00	   1.2500226e+00	   1.1939344e+00	   1.0963198e+00	   9.8948314e-01	   8.8502237e-01	   8.1623520e-01	   7.7577412e-01	   6.5698395e-01	   3.6350920e-01	   3.8757877e-01	   3.6003385e-01	
   2.8299167e+00	   2.7659786e+00	   3.0018660e+00	   3.0812106e+00	   3.0393362e+00	   2.9016265e+00	   2.7325911e+00	   2.3659144e+00	   2.1390560e+00	   2.0189937e+00	   1.9528520e+00	   1.8512091e+00	   1.8151512e+00	   1.8365498e+00	   1.7686647e+00	   1.7398196e+00	   1.6824859e+00	   1.6258863e+00	   1.6247856e+00	   1.5784271e+00	   1.4642964e+00	   1.3727911e+00	   1.2657134e+00	   1.2138554e+00	   1.1301598e+00	   1.0091839e+00	   9.2817684e-01	   8.2055437e-01	   7.4745010e-01	   6.9351309e-01	   4.4378077e-01	   3.5849498e-01	   3.9499454e-01	
   2.6655920e+00	   2.4786656e+00	   2.7692028e+00	   3.3504640e+00	   3.0850795e+00	   2.8468922e+00	   2.6151105e+00	   2.2740014e+00	   2.2307537e+00	   1.9946002e+00	   1.9356906e+00	   1.8286168e+00	   1.8138934e+00	   1.8067353e+00	   1.8026234e+00	   1.7895995e+00	   1.7006902e+00	   1.6323192e+00	   1.6302215e+00	   1.5131423e+00	   1.4564771e+00	   1.3435875e+00	   1.2407803e+00	   1.1839178e+00	   1.0994972e+00	   1.0415799e+00	   9.4791058e-01	   8.0738055e-01	   7.6188840e-01	   6.6659409e-01	   5.8965739e-01	   3.9908884e-01	   3.8395872e-01	
             NaN	   2.4697882e+00	   2.8553897e+00	   2.8979721e+00	   3.0869705e+00	   2.8955649e+00	   2.6140064e+00	   2.3841019e+00	   2.2085169e+00	   1.9648203e+00	   1.8983510e+00	   1.8491843e+00	   1.8599327e+00	   1.7750932e+00	   1.7217212e+00	   1.7181228e+00	   1.7009523e+00	   1.5909119e+00	   1.5840811e+00	   1.4943998e+00	   1.4380845e+00	   1.3580371e+00	   1.3029868e+00	   1.1932581e+00	   1.1101609e+00	   1.0100253e+00	   9.5468135e-01	   8.2016831e-01	   7.5642724e-01	   6.9434157e-01	   6.0705901e-01	   3.6854274e-01	   4.1161839e-01	
             NaN	   2.7818922e+00	   2.9686012e+00	   2.9409408e+00	   3.0793149e+00	   3.0191939e+00	   2.6574792e+00	   2.2976532e+00	   2.0692512e+00	   2.0573805e+00	   1.9108969e+00	   1.8198884e+00	   1.7694593e+00	   1.7653731e+00	   1.7453056e+00	   1.6732125e+00	   1.6023724e+00	   1.6402492e+00	   1.5647123e+00	   1.5099832e+00	   1.4196964e+00	   1.3728177e+00	   1.2590817e+00	   1.2089580e+00	   1.1253719e+00	   1.0612466e+00	   9.4100632e-01	   8.5040713e-01	   7.6603830e-01	   7.0830164e-01	   6.6347305e-01	   4.4765815e-01	   3.6107556e-01	
             NaN	   2.9426918e+00	   2.9726185e+00	   3.1444070e+00	   3.0826983e+00	   2.7780126e+00	   2.5840727e+00	   2.3490605e+00	   2.1374018e+00	   1.9429898e+00	   1.8332092e+00	   1.7179170e+00	   1.6766448e+00	   1.7699309e+00	   1.7381005e+00	   1.7005865e+00	   1.6479083e+00	   1.5986774e+00	   1.5202363e+00	   1.5038357e+00	   1.4510093e+00	   1.3443632e+00	   1.2419015e+00	   1.1795413e+00	   1.1336063e+00	   1.0424508e+00	   9.4893101e-01	   8.6159099e-01	   7.5956740e-01	   7.3158292e-01	   6.2778874e-01	   4.0554902e-01	   3.3382424e-01	
             NaN	   2.4941875e+00	   2.9309890e+00	   3.0790929e+00	   2.9511844e+00	   2.7723189e+00	   2.7116172e+00	   2.3409492e+00	   2.1633123e+00	   1.8624369e+00	   1.8225365e+00	   1.7659452e+00	   1.7382043e+00	   1.7746640e+00	   1.6254723e+00	   1.6710133e+00	   1.6358341e+00	   1.5604451e+00	   1.5459281e+00	   1.4385727e+00	   1.4287190e+00	   1.3560058e+00	   1.2530587e+00	   1.1678042e+00	   1.0805286e+00	   1.0211576e+00	   9.6879820e-01	   8.8899671e-01	   7.5771369e-01	   6.9054748e-01	   7.0016466e-01	   5.5310058e-01	   3.5038064e-01	
             NaN	   2.4897940e+00	   2.9938804e+00	   2.9713530e+00	   3.0355264e+00	   2.7298664e+00	   2.6479476e+00	   2.4160757e+00	   2.1625580e+00	   1.9839169e+00	   1.8493890e+00	   1.7207593e+00	   1.7008227e+00	   1.6976515e+00	   1.6442788e+00	   1.6258047e+00	   1.5453697e+00	   1.5486951e+00	   1.4934127e+00	   1.4603549e+00	   1.3605073e+00	   1.3044134e+00	   1.2408971e+00	   1.1426494e+00	   1.1274597e+00	   1.0469660e+00	   9.6111650e-01	   8.6944344e-01	   7.8434777e-01	   7.0418610e-01	   6.5161865e-01	   6.6113697e-01	   4.0347511e-01	
             NaN	   2.4261901e+00	   3.0350951e+00	   3.0230879e+00	   2.9282473e+00	   2.9114352e+00	   2.5899610e+00	   2.2660704e+00	   2.0800101e+00	   1.9013535e+00	   1.7837774e+00	   1.7323986e+00	   1.6570941e+00	   1.6826595e+00	   1.6315364e+00	   1.5937300e+00	   1.5970757e+00	   1.5885893e+00	   1.4828885e+00	   1.4422549e+00	   1.3449783e+00	   1.3099019e+00	   1.2371897e+00	   1.1276053e+00	   1.0695861e+00	   1.0053339e+00	   9.4133483e-01	   8.5388977e-01	   7.9298777e-01	   7.1366094e-01	   6.5194447e-01	   6.6352855e-01	   4.0898425e-01	
             NaN	             NaN	   2.8710864e+00	   3.0264920e+00	   2.9668211e+00	   2.7237833e+00	   2.5894197e+00	   2.2344644e+00	   2.0807373e+00	   1.9126719e+00	   1.8193039e+00	   1.7106738e+00	   1.6522818e+00	   1.6504291e+00	   1.6179805e+00	   1.5432323e+00	   1.5391116e+00	   1.5254309e+00	   1.4630372e+00	   1.4494233e+00	   1.3761762e+00	   1.3092182e+00	   1.2194169e+00	   1.1375457e+00	   1.0829125e+00	   1.0403043e+00	   9.3571381e-01	   8.9452469e-01	   7.8888356e-01	   7.3314730e-01	   6.5953234e-01	   6.4595538e-01	   5.1094329e-01	
             NaN	             NaN	   3.1484634e+00	   2.9659175e+00	   3.0882800e+00	   2.6621479e+00	   2.6161090e+00	   2.3142206e+00	   2.0351264e+00	   1.8695901e+00	   1.7411132e+00	   1.7130604e+00	   1.6342766e+00	   1.6266230e+00	   1.6514405e+00	   1.5713814e+00	   1.5551278e+00	   1.4974881e+00	   1.4527565e+00	   1.4284060e+00	   1.3379153e+00	   1.2675980e+00	   1.1919931e+00	   1.1282863e+00	   1.0627756e+00	   1.0206467e+00	   9.7491858e-01	   8.4171956e-01	   7.8111240e-01	   7.1993598e-01	   6.7518204e-01	   6.3270837e-01	   5.7445554e-01	
             NaN	             NaN	   3.1314753e+00	   2.7398287e+00	   3.0252844e+00	   2.6741891e+00	   2.5533697e+00	   2.2654976e+00	   1.9886019e+00	   1.9980306e+00	   1.7837210e+00	   1.6469000e+00	   1.6006431e+00	   1.5830858e+00	   1.5719518e+00	   1.5268323e+00	   1.4837069e+00	   1.4737309e+00	   1.4434238e+00	   1.3770615e+00	   1.3072543e+00	   1.2354612e+00	   1.1795145e+00	   1.1588208e+00	   1.0778621e+00	   1.0214697e+00	   9.6057584e-01	   8.6768022e-01	   8.0212134e-01	   7.2513340e-01	   6.7293989e-01	   6.2275211e-01	   6.4380838e-01	
             NaN	             NaN	   3.1755766e+00	   2.7728682e+00	   2.8056633e+00	   2.7587196e+00	   2.6078858e+00	   2.2820630e+00	   2.0258817e+00	   1.8621589e+00	   1.7735511e+00	   1.6482467e+00	   1.5973707e+00	   1.5711053e+00	   1.5393421e+00	   1.5261022e+00	   1.4559957e+00	   1.4574080e+00	   1.4251534e+00	   1.3416638e+00	   1.3260420e+00	   1.2203306e+00	   1.1989244e+00	   1.1189097e+00	   1.0993070e+00	   9.9157333e-01	   9.3975392e-01	   8.8747203e-01	   8.1666899e-01	   7.4127336e-01	   6.5540728e-01	   6.2441859e-01	   5.8353729e-01	
             NaN	             NaN	   2.6579161e+00	   2.8576959e+00	   2.8534227e+00	   2.6968736e+00	   2.5586139e+00	   2.1866318e+00	   2.0272283e+00	   1.8274760e+00	   1.6960782e+00	   1.6486862e+00	   1.5497088e+00	   1.5704630e+00	   1.4395576e+00	   1.4823079e+00	   1.4477690e+00	   1.3971762e+00	   1.4078945e+00	   1.3417880e+00	   1.2904085e+00	   1.2305894e+00	   1.1695527e+00	   1.1203582e+00	   1.0393129e+00	   9.8914743e-01	   9.5097220e-01	   8.2193196e-01	   7.9920319e-01	   7.3851410e-01	   6.8791843e-01	   6.0707550e-01	   6.2479500e-01	
             NaN	             NaN	             NaN	   2.7310151e+00	   2.8068929e+00	   2.5655497e+00	   2.3999863e+00	   2.2553258e+00	   1.9495276e+00	   1.7611286e+00	   1.6723563e+00	   1.5996440e+00	   1.5744407e+00	   1.5055169e+00	   1.4693332e+00	   1.4463371e+00	   1.3778624e+00	   1.3975554e+00	   1.3316435e+00	   1.3201233e+00	   1.2742936e+00	   1.2191725e+00	   1.1389738e+00	   1.0913548e+00	   1.0349246e+00	   9.5566107e-01	   9.0073358e-01	   8.6887126e-01	   8.1430959e-01	   7.0864832e-01	   6.7283229e-01	   6.2437028e-01	   6.0456821e-01	
             NaN	             NaN	             NaN	   2.8203518e+00	   2.8001663e+00	   2.6854373e+00	   2.2001989e+00	   2.1490722e+00	   2.0342127e+00	   1.7990551e+00	   1.6823339e+00	   1.6177751e+00	   1.5180255e+00	   1.4904466e+00	   1.4513092e+00	   1.4332006e+00	   1.4322515e+00	   1.3979109e+00	   1.3507937e+00	   1.2882448e+00	   1.2377177e+00	   1.1851769e+00	   1.1384778e+00	   1.0529602e+00	   1.0369942e+00	   9.7141279e-01	   9.3438191e-01	   8.7543122e-01	   7.9357915e-01	   7.5043512e-01	   6.6224746e-01	   5.9251077e-01	   5.8450482e-01	
             NaN	             NaN	             NaN	   2.7322701e+00	   2.9292200e+00	   2.7195428e+00	   2.3674050e+00	   2.0654068e+00	   2.0150607e+00	   1.7917203e+00	   1.7630270e+00	   1.5652027e+00	   1.5006313e+00	   1.4845418e+00	   1.4220116e+00	   1.3954960e+00	   1.3727468e+00	   1.3313638e+00	   1.3068395e+00	   1.2808456e+00	   1.2266594e+00	   1.1610336e+00	   1.1259511e+00	   1.0614313e+00	   1.0417485e+00	   9.4686694e-01	   9.0922675e-01	   8.8015138e-01	   8.1842105e-01	   7.3150500e-01	   6.7276245e-01	   6.1602513e-01	   5.7041260e-01	
             NaN	             NaN	             NaN	   2.8017380e+00	   2.7190843e+00	   2.6065604e+00	   2.3310568e+00	   2.1936069e+00	   1.8773039e+00	   1.7017591e+00	   1.6044372e+00	   1.5361122e+00	   1.5315247e+00	   1.4899088e+00	   1.4105814e+00	   1.3905110e+00	   1.3691082e+00	   1.3177956e+00	   1.2487255e+00	   1.2542161e+00	   1.2194039e+00	   1.1642806e+00	   1.0981007e+00	   1.0361293e+00	   1.0231875e+00	   9.4400305e-01	   9.3428642e-01	   8.5778072e-01	   8.1395045e-01	   7.3087992e-01	   6.5187776e-01	   6.4062132e-01	   5.7571007e-01	
             NaN	             NaN	             NaN	   3.0049327e+00	   2.5683637e+00	   2.6063087e+00	   2.4493183e+00	   1.9972976e+00	   1.8704320e+00	   1.7719263e+00	   1.5998423e+00	   1.5321849e+00	   1.4249517e+00	   1.4495660e+00	   1.3853479e+00	   1.3493681e+00	   1.3217058e+00	   1.2830354e+00	   1.2723967e+00	   1.2671359e+00	   1.1769413e+00	   1.1459663e+00	   1.1025259e+00	   1.0025491e+00	   9.9196049e-01	   9.3843233e-01	   8.9346375e-01	   8.3938817e-01	   7.7381520e-01	   7.3797542e-01	   6.7849534e-01	   6.2637512e-01	   5.8026427e-01	
             NaN	             NaN	             NaN	             NaN	   2.5556234e+00	   2.5164730e+00	   2.2702736e+00	   2.1257227e+00	   1.7787842e+00	   1.7417271e+00	   1.5983565e+00	   1.5308744e+00	   1.4398575e+00	   1.3994055e+00	   1.3658685e+00	   1.2842837e+00	   1.2675126e+00	   1.2630373e+00	   1.2496219e+00	   1.2336995e+00	   1.1909047e+00	   1.0696776e+00	   1.0515470e+00	   1.0251886e+00	   9.5212019e-01	   9.3075335e-01	   8.7810137e-01	   8.3230037e-01	   7.7852350e-01	   7.3783216e-01	   6.8903487e-01	   6.4137146e-01	   5.9525898e-01	
             NaN	             NaN	             NaN	             NaN	   2.6320255e+00	   2.6005483e+00	   2.2904019e+00	   2.0053013e+00	   1.7864381e+00	   1.7350749e+00	   1.4709364e+00	   1.5015945e+00	   1.4262424e+00	   1.3639045e+00	   1.3095386e+00	   1.2907986e+00	   1.2989235e+00	   1.2259366e+00	   1.2148023e+00	   1.1993750e+00	   1.1275011e+00	   1.0855625e+00	   1.0491208e+00	   9.9519085e-01	   9.3358280e-01	   9.1882950e-01	   8.4939582e-01	   8.4792879e-01	   7.7196147e-01	   7.2998842e-01	   6.8941382e-01	   6.3112451e-01	   5.8822966e-01	
             NaN	             NaN	             NaN	             NaN	   2.6102585e+00	   2.4988276e+00	   2.2919789e+00	   2.0713946e+00	   1.8598350e+00	   1.6580591e+00	   1.5258839e+00	   1.4530020e+00	   1.4462677e+00	   1.3117784e+00	   1.2893631e+00	   1.2659693e+00	   1.2518024e+00	   1.2221103e+00	   1.1614526e+00	   1.1500413e+00	   1.1193800e+00	   1.0343830e+00	   1.0432654e+00	   9.5248538e-01	   9.6701359e-01	   9.2217107e-01	   8.6981529e-01	   8.3282331e-01	   7.5553711e-01	   7.1222768e-01	   6.5991154e-01	   6.2488461e-01	   5.6344060e-01	
             NaN	             NaN	             NaN	             NaN	   2.4526061e+00	   2.4226272e+00	   2.1748631e+00	   1.9821741e+00	   1.7814693e+00	   1.6191661e+00	   1.4981870e+00	   1.4253586e+00	   1.3915796e+00	   1.3242533e+00	   1.3326543e+00	   1.2650593e+00	   1.2172119e+00	   1.2075227e+00	   1.1643049e+00	   1.1506270e+00	   1.0613892e+00	   1.0252623e+00	   1.0143570e+00	   9.6097102e-01	   9.0495197e-01	   9.1761369e-01	   8.4657660e-01	   8.1975833e-01	   7.6071670e-01	   7.1744364e-01	   6.4546863e-01	   6.3753346e-01	   5.5465689e-01	
             NaN	             NaN	             NaN	             NaN	   2.5475825e+00	   2.4138532e+00	   2.1707358e+00	   1.9672544e+00	   1.6915262e+00	   1.5878819e+00	   1.4912336e+00	   1.4270025e+00	   1.3345316e+00	   1.3608034e+00	   1.2474718e+00	   1.2054474e+00	   1.2038179e+00	   1.1657947e+00	   1.1916371e+00	   1.1166367e+00	   1.0657958e+00	   9.9600645e-01	   9.8271918e-01	   9.2561804e-01	   8.8944335e-01	   8.5471395e-01	   8.4452980e-01	   7.8594984e-01	   7.2218349e-01	   7.0136514e-01	   6.5128442e-01	   6.0967878e-01	   5.7056308e-01	
             NaN	             NaN	             NaN	             NaN	             NaN	   2.3762814e+00	   2.2092641e+00	   1.9111992e+00	   1.7635481e+00	   1.6388578e+00	   1.4699756e+00	   1.3861340e+00	   1.2665664e+00	   1.2944670e+00	   1.1750993e+00	   1.2111009e+00	   1.1524582e+00	   1.1118420e+00	   1.1099067e+00	   1.0903938e+00	   1.0141086e+00	   1.0109297e+00	   9.4825736e-01	   9.1451835e-01	   8.9860563e-01	   8.5928169e-01	   7.9725355e-01	   7.8666871e-01	   7.6469826e-01	   7.0198239e-01	   6.5326807e-01	   6.0237443e-01	   5.6684657e-01	
             NaN	             NaN	             NaN	             NaN	             NaN	   2.2535338e+00	   2.0009046e+00	   1.9469272e+00	   1.7862512e+00	   1.5863229e+00	   1.4698632e+00	   1.3682178e+00	   1.3348844e+00	   1.2333380e+00	   1.1816180e+00	   1.1582450e+00	   1.1406189e+00	   1.1142304e+00	   1.0832936e+00	   1.0605362e+00	   1.0344168e+00	   9.7365452e-01	   9.3561332e-01	   8.7678033e-01	   8.7830556e-01	   8.3792193e-01	   8.0637900e-01	   7.7683169e-01	   7.1641644e-01	   6.7921491e-01	   6.4945425e-01	   6.2696949e-01	   5.5346394e-01	
             NaN	             NaN	             NaN	             NaN	             NaN	   2.1800437e+00	   2.1044873e+00	   1.8975787e+00	   1.7604913e+00	   1.5034792e+00	   1.4982881e+00	   1.2832079e+00	   1.3102450e+00	   1.1944462e+00	   1.1596979e+00	   1.1472040e+00	   1.1467673e+00	   1.0901175e+00	   1.0387312e+00	   1.0142054e+00	   1.0173664e+00	   9.5251755e-01	   9.4066496e-01	   8.6512255e-01	   8.4358814e-01	   8.4087065e-01	   7.9772005e-01	   7.5838610e-01	   7.0747675e-01	   6.9049328e-01	   6.5991935e-01	   6.0120614e-01	   5.6560527e-01	
             NaN	             NaN	             NaN	             NaN	             NaN	   2.0528348e+00	   2.0881897e+00	   1.8491235e+00	   1.7081704e+00	   1.4874456e+00	   1.4188584e+00	   1.3324033e+00	   1.2586448e+00	   1.1436946e+00	   1.1563495e+00	   1.0872483e+00	   1.1203115e+00	   1.0616341e+00	   9.9884391e-01	   1.0056947e+00	   9.7071477e-01	   9.3153618e-01	   8.9614747e-01	   8.4936882e-01	   8.4461971e-01	   8.0012836e-01	   7.8173982e-01	   7.3020907e-01	   7.2071508e-01	   6.4458574e-01	   6.1513316e-01	   6.0749301e-01	   5.5982216e-01	
             NaN	             NaN	             NaN	             NaN	             NaN	   2.3092046e+00	   2.1424131e+00	   1.8376575e+00	   1.7379386e+00	   1.4031120e+00	   1.4061437e+00	   1.2974585e+00	   1.2504671e+00	   1.1521249e+00	   1.1690966e+00	   1.1222037e+00	   1.0818305e+00	   1.0323696e+00	   1.0160377e+00	   9.6326121e-01	   9.4956218e-01	   9.1071515e-01	   9.0348866e-01	   8.5617693e-01	   8.1784643e-01	   8.1249641e-01	   7.7719633e-01	   7.2609805e-01	   7.2099543e-01	   6.6813017e-01	   6.4125713e-01	   5.9193961e-01	   5.3992341e-01	
             NaN	             NaN	             NaN	             NaN	             NaN	             NaN	   1.9658991e+00	   1.8115620e+00	   1.5919521e+00	   1.4255208e+00	   1.3295807e+00	   1.2530909e+00	   1.1868304e+00	   1.1227016e+00	   1.1362408e+00	   1.1286591e+00	   1.0393267e+00	   9.9778981e-01	   1.0199377e+00	   1.0108435e+00	   9.2851211e-01	   9.0561674e-01	   8.3554849e-01	   8.1721887e-01	   7.8111076e-01	   7.9827994e-01	   7.6199117e-01	   7.4274539e-01	   6.8143323e-01	   6.5612606e-01	   6.2559683e-01	   5.6612189e-01	   5.5318256e-01	
             NaN	             NaN	             NaN	             NaN	             NaN	             NaN	   1.8663152e+00	   1.7821436e+00	   1.5776762e+00	   1.4429865e+00	   1.3155302e+00	   1.2144815e+00	   1.1520068e+00	   1.0903334e+00	   1.1134581e+00	   1.0675220e+00	   1.0538070e+00	   9.9233093e-01	   1.0003217e+00	   9.2094793e-01	   8.9455052e-01	   8.8466762e-01	   8.3587714e-01	   8.2112857e-01	   7.9084492e-01	   7.7285782e-01	   7.6110369e-01	   7.0321071e-01	   6.8712236e-01	   6.4719802e-01	   6.1463726e-01	   5.6080786e-01	   5.3691382e-01	
   0.0000000e+00	             NaN	             NaN	             NaN	             NaN	             NaN	   1.9493182e+00	   1.7516173e+00	   1.5646812e+00	   1.4294624e+00	   1.3387363e+00	   1.2272039e+00	   1.1582350e+00	   1.1514394e+00	   1.0653006e+00	   9.8074084e-01	   1.0094920e+00	   9.7193574e-01	   8.9392352e-01	   9.1006069e-01	   9.2955675e-01	   8.4549973e-01	   8.3058082e-01	   8.0399905e-01	   7.8935112e-01	   7.4914240e-01	   7.0704388e-01	   6.7827089e-01	   6.8986861e-01	   6.3527250e-01	   5.5793237e-01	   5.7002866e-01	   5.3722961e-01	
   0.0000000e+00	             NaN	             NaN	             NaN	             NaN	             NaN	   1.9229123e+00	   1.7430891e+00	   1.5305768e+00	   1.4461686e+00	   1.2445494e+00	   1.2444519e+00	   1.1844688e+00	   1.1015189e+00	   1.0359336e+00	   1.0036691e+00	   9.8166989e-01	   9.6992263e-01	   9.2449213e-01	   8.5672662e-01	   8.3607360e-01	   8.3056677e-01	   8.4446928e-01	   7.8172021e-01	   7.7453704e-01	   7.3318118e-01	   6.9684505e-01	   6.8672339e-01	   6.6457456e-01	   6.2318814e-01	   5.7362631e-01	   5.3024806e-01	   5.2606086e-01	
   0.0000000e+00	             NaN	             NaN	             NaN	             NaN	             NaN	   1.9009793e+00	   1.7336698e+00	   1.4826899e+00	   1.4046007e+00	   1.2766164e+00	   1.1293330e+00	   1.1292498e+00	   1.0645724e+00	   1.0621765e+00	   1.0104763e+00	   9.4468878e-01	   9.2778911e-01	   9.1264243e-01	   9.0009288e-01	   8.1517671e-01	   8.4306401e-01	   7.8052138e-01	   7.8252047e-01	   7.3694684e-01	   7.3621615e-01	   6.9598808e-01	   6.8266610e-01	   6.1456154e-01	   6.0040039e-01	   5.8479928e-01	   5.6396357e-01	   5.0187381e-01	
   0.0000000e+00	             NaN	             NaN	             NaN	             NaN	             NaN	             NaN	   1.6869455e+00	   1.5853256e+00	   1.3734692e+00	   1.2040461e+00	   1.1550735e+00	   1.0819741e+00	   1.0509244e+00	   1.0246631e+00	   9.6011686e-01	   9.1882873e-01	   8.9016965e-01	   8.6433443e-01	   8.5475451e-01	   8.0271401e-01	   8.1358159e-01	   7.7388791e-01	   7.5748379e-01	   7.5061709e-01	   7.3470996e-01	   6.6413488e-01	   6.8390160e-01	   6.3772624e-01	   5.9733486e-01	   5.5327151e-01	   5.5985479e-01	   5.1262270e-01	
   0.0000000e+00	             NaN	             NaN	             NaN	             NaN	             NaN	             NaN	   1.5981239e+00	   1.4793690e+00	   1.3265461e+00	   1.1779171e+00	   1.1822289e+00	   1.1008094e+00	   1.0333175e+00	   9.3669366e-01	   9.5261593e-01	   9.1436216e-01	   9.3241821e-01	   9.0515427e-01	   8.6751576e-01	   8.3557598e-01	   8.0127560e-01	   7.4508905e-01	   7.5429879e-01	   7.6101045e-01	   6.8894422e-01	   6.6194556e-01	   6.6095598e-01	   5.9890961e-01	   5.7368537e-01	   5.5612312e-01	   5.5183915e-01	   5.4128917e-01	
   0.0000000e+00	   0.0000000e+00	             NaN	             NaN	             NaN	             NaN	             NaN	   1.6441707e+00	   1.4612965e+00	   1.3594314e+00	   1.1773792e+00	   1.0852481e+00	   9.7421749e-01	   1.0297123e+00	   9.6956371e-01	   9.1576162e-01	   9.0043561e-01	   8.2621466e-01	   8.5080309e-01	   8.1950881e-01	   7.6177195e-01	   7.5674477e-01	   7.4999895e-01	   6.8420228e-01	   7.0955774e-01	   7.0385887e-01	   6.7263292e-01	   6.1822707e-01	   6.1750648e-01	   5.6953372e-01	   5.4015554e-01	   5.0657737e-01	   4.9195293e-01	
   0.0000000e+00	   0.0000000e+00	             NaN	             NaN	             NaN	             NaN	             NaN	   1.5700066e+00	   1.4077195e+00	   1.3073572e+00	   1.1880111e+00	   1.0778348e+00	   1.0270035e+00	   9.9752463e-01	   8.9799009e-01	   8.9783775e-01	   8.6856007e-01	   8.3073651e-01	   8.0345830e-01	   7.7535602e-01	   7.6157794e-01	   7.4447935e-01	   7.2663475e-01	   7.1210318e-01	   6.8016439e-01	   6.7018593e-01	   6.3160757e-01	   6.1188304e-01	   6.2506014e-01	   5.6233883e-01	   5.4890519e-01	   5.1867799e-01	   4.8975522e-01	
   0.0000000e+00	   0.0000000e+00	             NaN	             NaN	             NaN	             NaN	             NaN	   1.4928385e+00	   1.3875483e+00	   1.2538283e+00	   1.1253825e+00	   1.0328247e+00	   1.0358835e+00	   9.4689640e-01	   8.6728717e-01	   8.8548142e-01	   8.8061003e-01	   8.1135053e-01	   7.8614863e-01	   7.9457239e-01	   7.5100202e-01	   7.2272870e-01	   7.2155241e-01	   6.8493089e-01	   6.2955858e-01	   6.5230397e-01	   6.3533020e-01	   6.0103957e-01	   5.8757559e-01	   5.5575058e-01	   5.3139337e-01	   5.0794071e-01	   4.9335875e-01	
   0.0000000e+00	   0.0000000e+00	             NaN	             NaN	             NaN	             NaN	             NaN	             NaN	   1.3646171e+00	   1.1462817e+00	   1.0599200e+00	   1.0218253e+00	   9.2842301e-01	   9.4031217e-01	   9.0606384e-01	   8.2348925e-01	   8.2885202e-01	   7.6780491e-01	   7.9956209e-01	   7.2983741e-01	   7.5588403e-01	   7.1186469e-01	   6.9165643e-01	   6.4346651e-01	   6.5872389e-01	   6.1985217e-01	   5.8861164e-01	   5.9264811e-01	   5.7507203e-01	   5.2652584e-01	   5.2807667e-01	   4.9746119e-01	   5.0385919e-01	
   0.0000000e+00	   0.0000000e+00	             NaN	             NaN	             NaN	             NaN	             NaN	             NaN	   1.3544488e+00	   1.2482966e+00	   1.0807297e+00	   1.0043978e+00	   9.6320811e-01	   8.9492988e-01	   8.5891430e-01	   8.4138923e-01	   8.0844151e-01	   7.9650436e-01	   7.6439481e-01	   7.3118821e-01	   6.9361317e-01	   6.8823343e-01	   6.4569262e-01	   6.2983236e-01	   6.2611232e-01	   6.2092872e-01	   5.7970452e-01	   5.7812114e-01	   5.2833697e-01	   5.1391418e-01	   5.0432226e-01	   4.6148836e-01	   4.7250062e-01	
   0.0000000e+00	   0.0000000e+00	   0.0000000e+00	             NaN	             NaN	             NaN	             NaN	             NaN	   1.3354308e+00	   1.2681073e+00	   1.1103416e+00	   9.6802242e-01	   9.0001074e-01	   8.9032328e-01	   8.7501588e-01	   8.1055145e-01	   7.6176673e-01	   7.7903230e-01	   7.5167578e-01	   6.6376280e-01	   6.8827677e-01	   6.8379028e-01	   6.3986133e-01	   6.2404981e-01	   6.1616878e-01	   5.8989999e-01	   5.8369074e-01	   5.5470100e-01	   5.5582054e-01	   5.2409814e-01	   5.0259661e-01	   4.7977969e-01	   4.5634497e-01	
   0.0000000e+00	   0.0000000e+00	   0.0000000e+00	             NaN	             NaN	             NaN	             NaN	             NaN	   1.2390112e+00	   1.1899843e+00	   1.0422061e+00	   1.0136647e+00	   9.3997553e-01	   8.6316827e-01	   7.9638461e-01	   7.8711305e-01	   7.6558708e-01	   7.2469333e-01	   7.3692524e-01	   6.9133063e-01	   7.0067543e-01	   6.4992842e-01	   6.1705666e-01	   5.7327616e-01	   5.9456974e-01	   6.0931389e-01	   5.8309224e-01	   5.6876173e-01	   5.2507908e-01	   5.0896653e-01	   4.7278030e-01	   4.7524591e-01	   4.5325144e-01	
   0.0000000e+00	   0.0000000e+00	   0.0000000e+00	             NaN	             NaN	             NaN	             NaN	             NaN	   1.2044724e+00	   1.1118780e+00	   1.0327487e+00	   9.9111158e-01	   8.8360970e-01	   8.3338676e-01	   8.0117804e-01	   7.4529252e-01	   7.7992517e-01	   7.2780651e-01	   6.8140616e-01	   6.8492360e-01	   6.3735277e-01	   6.5133980e-01	   6.0076573e-01	   5.9630585e-01	   5.7392709e-01	   5.4834031e-01	   5.3167695e-01	   5.4578770e-01	   5.0966792e-01	   5.0260678e-01	   4.8417470e-01	   4.5804756e-01	   4.5732738e-01	
   0.0000000e+00	   0.0000000e+00	   0.0000000e+00	             NaN	             NaN	             NaN	             NaN	             NaN	   1.2056212e+00	   1.1131846e+00	   9.8329770e-01	   9.4413764e-01	   8.8078804e-01	   8.1114679e-01	   7.9122569e-01	   7.4288651e-01	   7.0980808e-01	   7.4278920e-01	   7.1372720e-01	   6.8345723e-01	   6.7502912e-01	   6.0584540e-01	   6.3592714e-01	   5.9128790e-01	   5.9792551e-01	   5.8259775e-01	   5.3151293e-01	   5.2488869e-01	   5.1853655e-01	   4.9125449e-01	   4.6566476e-01	   4.2456651e-01	   4.1384630e-01	
   0.0000000e+00	   0.0000000e+00	   0.0000000e+00	             NaN	             NaN	             NaN	             NaN	             NaN	             NaN	   1.0200662e+00	   1.0080234e+00	   8.9421880e-01	   8.8621551e-01	   7.9138552e-01	   7.7576178e-01	   6.9019528e-01	   6.9704164e-01	   6.8925196e-01	   6.8461846e-01	   6.4930289e-01	   6.1844695e-01	   5.9918140e-01	   5.9501952e-01	   5.6237947e-01	   5.3410511e-01	   5.6610989e-01	   5.2622053e-01	   4.9897689e-01	   4.8027634e-01	   4.7051173e-01	   4.6404707e-01	   4.2696629e-01	   4.3099237e-01	
   0.0000000e+00	   0.0000000e+00	   0.0000000e+00	   0.0000000e+00	             NaN	             NaN	             NaN	             NaN	             NaN	   1.0472597e+00	   9.6667605e-01	   8.9265484e-01	   7.9447237e-01	   7.8007513e-01	   7.3493808e-01	   7.5834879e-01	   6.8585592e-01	   6.3989492e-01	   6.3240985e-01	   6.2672649e-01	   5.8266406e-01	   5.7900669e-01	   5.7982858e-01	   5.7233733e-01	   5.4089704e-01	   5.2598764e-01	   5.3632311e-01	   4.8848895e-01	   5.0648011e-01	   4.6423093e-01	   4.4838397e-01	   4.2196904e-01	   4.0118377e-01	
   0.0000000e+00	   0.0000000e+00	   0.0000000e+00	   0.0000000e+00	             NaN	             NaN	             NaN	             NaN	             NaN	   1.0603716e+00	   9.0889725e-01	   8.4199754e-01	   8.3769947e-01	   7.8838408e-01	   7.4238982e-01	   7.4735448e-01	   6.9791031e-01	   6.3530261e-01	   6.5380683e-01	   5.9154548e-01	   5.9447233e-01	   6.0338380e-01	   5.3713624e-01	   5.1389813e-01	   5.0405793e-01	   5.3468645e-01	   5.1558616e-01	   4.9311226e-01	   4.7219104e-01	   4.1156442e-01	   4.3647503e-01	   4.3472537e-01	   4.0764594e-01	
   0.0000000e+00	   0.0000000e+00	   0.0000000e+00	   0.0000000e+00	             NaN	             NaN	             NaN	             NaN	             NaN	   9.9843588e-01	   8.7933872e-01	   8.1195074e-01	   7.6537926e-01	   7.9390081e-01	   7.2273823e-01	   7.0308806e-01	   6.2627629e-01	   6.0751402e-01	   6.1545640e-01	   5.8307432e-01	   5.8861601e-01	   5.8483293e-01	   5.3737193e-01	   5.5715454e-01	   5.3451716e-01	   5.2354497e-01	   4.7977698e-01	   4.9169987e-01	   4.4330809e-01	   4.3168222e-01	   4.1090075e-01	   4.1277590e-01	   3.9374632e-01	
   0.0000000e+00	   0.0000000e+00	   0.0000000e+00	   0.0000000e+00	             NaN	             NaN	             NaN	             NaN	             NaN	   1.0253411e+00	   8.6896921e-01	   8.9009317e-01	   7.9292267e-01	   7.5300662e-01	   7.0172115e-01	   6.9652111e-01	   6.1796912e-01	   6.4283061e-01	   6.0674534e-01	   5.7623141e-01	   5.5763152e-01	   5.2837005e-01	   5.2221268e-01	   4.9917759e-01	   4.6930916e-01	   4.9373312e-01	   4.6660013e-01	   4.7919258e-01	   4.5083882e-01	   4.1968875e-01	   4.0185852e-01	   3.9717563e-01	   3.8278007e-01	
   0.0000000e+00	   0.0000000e+00	   0.0000000e+00	   0.0000000e+00	             NaN	             NaN	             NaN	             NaN	             NaN	             NaN	   7.9107179e-01	   8.3822368e-01	   7.6928674e-01	   7.6202014e-01	   6.3440528e-01	   7.1083098e-01	   6.2002750e-01	   5.7695875e-01	   5.8000976e-01	   5.5254170e-01	   5.2006376e-01	   5.0250976e-01	   4.9531033e-01	   4.9023637e-01	   4.8887560e-01	   4.6844856e-01	   4.7677858e-01	   4.5167687e-01	   4.2947151e-01	   4.3391488e-01	   3.8508235e-01	   3.7733142e-01	   3.7839789e-01	
   0.0000000e+00	   0.0000000e+00	   0.0000000e+00	   0.0000000e+00	             NaN	             NaN	             NaN	             NaN	             NaN	             NaN	   8.4888886e-01	   8.2971114e-01	   7.3089293e-01	   7.2524509e-01	   7.0454809e-01	   6.3763021e-01	   6.1080718e-01	   5.6939795e-01	   5.6359700e-01	   5.5704053e-01	   5.1620192e-01	   4.9563304e-01	   5.1458403e-01	   4.8965141e-01	   4.7053840e-01	   4.4554560e-01	   4.4942499e-01	   4.3410192e-01	   4.0862600e-01	   4.2490109e-01	   3.9893156e-01	   3.6238957e-01	   3.6272770e-01	
   0.0000000e+00	   0.0000000e+00	   0.0000000e+00	   0.0000000e+00	   0.0000000e+00	             NaN	             NaN	             NaN	             NaN	             NaN	   7.9788553e-01	   7.8062083e-01	   7.0683594e-01	   6.9696596e-01	   6.3627095e-01	   6.7454694e-01	   6.2842059e-01	   5.8391245e-01	   5.6485440e-01	   5.4133456e-01	   5.4150147e-01	   4.9377541e-01	   4.7513623e-01	   4.6457906e-01	   4.6509132e-01	   4.6659345e-01	   4.4829413e-01	   4.0946134e-01	   3.8609897e-01	   3.6876582e-01	   3.9436882e-01	   3.6080297e-01	   3.7319889e-01	
   0.0000000e+00	   0.0000000e+00	   0.0000000e+00	   0.0000000e+00	   0.0000000e+00	             NaN	             NaN	             NaN	             NaN	             NaN	   8.6819040e-01	   7.2959066e-01	   6.7176110e-01	   7.0429314e-01	   6.4049861e-01	   5.9210761e-01	   5.9806196e-01	   5.5414989e-01	   5.6010063e-01	   5.4662584e-01	   5.0849260e-01	   4.7333248e-01	   4.5692632e-01	   4.2669443e-01	   4.5004185e-01	   4.1851758e-01	   4.2332688e-01	   4.0217760e-01	   3.8074947e-01	   3.8318255e-01	   3.9314024e-01	   3.4666737e-01	   3.4039621e-01	
   0.0000000e+00	   0.0000000e+00	   0.0000000e+00	   0.0000000e+00	   0.0000000e+00	             NaN	             NaN	             NaN	             NaN	             NaN	   8.0906313e-01	   7.0213968e-01	   6.6650703e-01	   6.2041248e-01	   5.6959307e-01	   6.0027134e-01	   5.3334171e-01	   5.4025243e-01	   5.3555303e-01	   5.1155648e-01	   4.7327120e-01	   4.7972369e-01	   4.8294965e-01	   4.2447229e-01	   4.2763456e-01	   4.0975023e-01	   4.1459853e-01	   3.8982921e-01	   3.8879687e-01	   3.6567152e-01	   3.5382379e-01	   3.3406173e-01	   3.2799281e-01	
   0.0000000e+00	   0.0000000e+00	   0.0000000e+00	   0.0000000e+00	   0.0000000e+00	             NaN	             NaN	             NaN	             NaN	             NaN	             NaN	   7.5775618e-01	   6.7497045e-01	   6.0073984e-01	   5.2514757e-01	   5.5270843e-01	   5.2090773e-01	   4.9153854e-01	   5.3703458e-01	   4.8940868e-01	   4.6865021e-01	   4.6846215e-01	   4.7274201e-01	   4.7152423e-01	   3.8198666e-01	   4.0775719e-01	   4.2625874e-01	   3.8600148e-01	   3.8691098e-01	   3.4987662e-01	   3.4850672e-01	   3.4135875e-01	   3.2220700e-01	
   0.0000000e+00	   0.0000000e+00	   0.0000000e+00	   0.0000000e+00	   0.0000000e+00	             NaN	             NaN	             NaN	             NaN	             NaN	             NaN	   6.3913430e-01	   6.8541596e-01	   6.6160695e-01	   5.8164521e-01	   5.4486190e-01	   5.4410802e-01	   5.0648764e-01	   5.0350754e-01	   4.7095552e-01	   4.6178066e-01	   4.3411775e-01	   4.4873414e-01	   4.1185949e-01	   3.7667960e-01	   3.9296632e-01	   4.1807759e-01	   3.8011957e-01	   3.6958453e-01	   3.5525869e-01	   3.4322674e-01	   3.3861188e-01	   3.1690798e-01	
   0.0000000e+00	   0.0000000e+00	   0.0000000e+00	   0.0000000e+00	   0.0000000e+00	   0.0000000e+00	             NaN	             NaN	             NaN	             NaN	             NaN	   7.0063097e-01	   6.2074724e-01	   5.9152657e-01	   5.3435374e-01	   5.5009179e-01	   5.1904757e-01	   4.9861682e-01	   4.9608015e-01	   4.8166079e-01	   4.4045489e-01	   4.0964060e-01	   3.9974502e-01	   4.3544945e-01	   3.6007310e-01	   3.8488294e-01	   3.8382712e-01	   3.5395813e-01	   3.5396283e-01	   3.5564219e-01	   3.0648263e-01	   3.2057491e-01	   2.8876052e-01	
   0.0000000e+00	   0.0000000e+00	   0.0000000e+00	   0.0000000e+00	   0.0000000e+00	   0.0000000e+00	             NaN	             NaN	             NaN	             NaN	             NaN	   6.5517137e-01	   5.7018461e-01	   5.9669323e-01	   5.8382718e-01	   4.8265755e-01	   5.1764952e-01	   4.3288610e-01	   4.6209358e-01	   4.6195335e-01	   4.3355196e-01	   4.1766073e-01	   3.9377003e-01	   3.8303286e-01	   4.1118772e-01	   3.7263373e-01	   3.6801847e-01	   3.5120124e-01	   3.3524203e-01	   3.1768520e-01	   3.1081774e-01	   2.9342230e-01	   2.9470995e-01	
   0.0000000e+00	   0.0000000e+00	   0.0000000e+00	   0.0000000e+00	   0.0000000e+00	   0.0000000e+00	             NaN	             NaN	             NaN	             NaN	             NaN	   6.0710300e-01	   5.6559225e-01	   5.8645721e-01	   5.6175625e-01	   5.1561261e-01	   5.0267297e-01	   4.4196154e-01	   4.2268806e-01	   4.3297640e-01	   4.0543997e-01	   3.8528714e-01	   4.1358716e-01	   3.6613901e-01	   3.6926579e-01	   3.8044305e-01	   3.6188942e-01	   3.4926815e-01	   3.3775607e-01	   3.4744420e-01	   3.0732619e-01	   3.0350864e-01	   2.8522960e-01	
   0.0000000e+00	   0.0000000e+00	   0.0000000e+00	   0.0000000e+00	   0.0000000e+00	   0.0000000e+00	             NaN	             NaN	             NaN	             NaN	             NaN	             NaN	   5.5438953e-01	   5.6688794e-01	   5.0965708e-01	   5.0019805e-01	   4.6721675e-01	   4.5355953e-01	   4.1659594e-01	   4.1843080e-01	   4.3761906e-01	   3.9606632e-01	   3.6224277e-01	   3.8034638e-01	   3.7174221e-01	   3.7156804e-01	   3.7457562e-01	   3.3885346e-01	   3.1460492e-01	   2.9806518e-01	   2.7882355e-01	   2.9270905e-01	   2.8332752e-01	
   0.0000000e+00	   0.0000000e+00	   0.0000000e+00	   0.0000000e+00	   0.0000000e+00	   0.0000000e+00	             NaN	             NaN	             NaN	             NaN	             NaN	             NaN	   5.8817932e-01	   5.0133732e-01	   5.0024967e-01	   4.3989890e-01	   4.6243674e-01	   4.3079311e-01	   4.3335573e-01	   4.1804008e-01	   3.6849522e-01	   3.7639110e-01	   3.5558494e-01	   3.6924666e-01	   3.6191192e-01	   3.5048818e-01	   3.2399912e-01	   3.1483704e-01	   3.1787699e-01	   3.0155053e-01	   2.9703919e-01	   2.7565009e-01	   2.8094634e-01	
   0.0000000e+00	   0.0000000e+00	   0.0000000e+00	   0.0000000e+00	   0.0000000e+00	   0.0000000e+00	   0.0000000e+00	             NaN	             NaN	             NaN	             NaN	             NaN	   5.4658123e-01	   4.7512688e-01	   4.7711604e-01	   4.6396855e-01	   4.3596170e-01	   4.4929381e-01	   4.0749065e-01	   4.1473327e-01	   4.0230584e-01	   3.4245719e-01	   3.6565679e-01	   3.1974582e-01	   3.5953689e-01	   3.2568689e-01	   3.4004447e-01	   3.3627136e-01	   3.1461566e-01	   3.0168053e-01	   2.7818260e-01	   2.7682291e-01	   2.8142591e-01	
   0.0000000e+00	   0.0000000e+00	   0.0000000e+00	   0.0000000e+00	   0.0000000e+00	   0.0000000e+00	   0.0000000e+00	             NaN	             NaN	             NaN	             NaN	             NaN	   4.9307484e-01	   5.4295212e-01	   5.0349603e-01	   4.3177889e-01	   4.1873268e-01	   4.1870704e-01	   4.0363512e-01	   3.8114075e-01	   3.7695751e-01	   3.3085801e-01	   3.2479158e-01	   3.4855804e-01	   3.3065055e-01	   3.3315156e-01	   3.3495140e-01	   3.0759980e-01	   2.7594728e-01	   2.8387947e-01	   2.7616151e-01	   2.6457404e-01	   2.6556072e-01	
   0.0000000e+00	   0.0000000e+00	   0.0000000e+00	   0.0000000e+00	   0.0000000e+00	   0.0000000e+00	   0.0000000e+00	             NaN	             NaN	             NaN	             NaN	             NaN	   5.2221256e-01	   5.0288131e-01	   4.5944622e-01	   4.3846685e-01	   4.2747425e-01	   4.1924998e-01	   4.0424214e-01	   3.7645634e-01	   3.4199144e-01	   3.4895237e-01	   3.3462499e-01	   3.1454102e-01	   3.3181020e-01	   3.3204020e-01	   2.8524269e-01	   3.0185796e-01	   2.8081342e-01	   2.6202229e-01	   2.7338456e-01	   2.7180605e-01	   2.3910144e-01	
   0.0000000e+00	   0.0000000e+00	   0.0000000e+00	   0.0000000e+00	   0.0000000e+00	   0.0000000e+00	   0.0000000e+00	             NaN	             NaN	             NaN	             NaN	             NaN	             NaN	   5.0564013e-01	   4.4492693e-01	   4.4306809e-01	   4.4891201e-01	   3.7159965e-01	   3.6953982e-01	   3.7982515e-01	   3.3502033e-01	   3.1541245e-01	   3.2580044e-01	   3.2719802e-01	   3.2258135e-01	   3.1341984e-01	   2.9048308e-01	   2.8376261e-01	   2.7772403e-01	   2.8014021e-01	   2.3975346e-01	   2.5396143e-01	   2.4443298e-01	
   0.0000000e+00	   0.0000000e+00	   0.0000000e+00	   0.0000000e+00	   0.0000000e+00	   0.0000000e+00	   0.0000000e+00	             NaN	             NaN	             NaN	             NaN	             NaN	             NaN	   4.6417724e-01	   4.6759110e-01	   3.9280475e-01	   3.8854582e-01	   4.0037001e-01	   3.7330329e-01	   3.5421589e-01	   3.2748948e-01	   3.3463134e-01	   2.9621680e-01	   3.0018674e-01	   2.9405140e-01	   3.0688608e-01	   2.9450738e-01	   2.6692054e-01	   2.5813803e-01	   2.7174342e-01	   2.7651905e-01	   2.4646277e-01	   2.1941842e-01	
   0.0000000e+00	   0.0000000e+00	   0.0000000e+00	   0.0000000e+00	   0.0000000e+00	   0.0000000e+00	   0.0000000e+00	   0.0000000e+00	             NaN	             NaN	             NaN	             NaN	             NaN	   4.4745337e-01	   3.9736280e-01	   4.0738857e-01	   3.8718831e-01	   3.8394382e-01	   3.4196337e-01	   3.7766378e-01	   3.0888830e-01	   3.2696769e-01	   2.9593321e-01	   2.9359791e-01	   2.7596792e-01	   2.6774676e-01	   2.9057034e-01	   2.7125350e-01	   2.5297181e-01	   2.4869131e-01	   2.5105019e-01	   2.3367783e-01	   2.3737925e-01	
   0.0000000e+00	   0.0000000e+00	   0.0000000e+00	   0.0000000e+00	   0.0000000e+00	   0.0000000e+00	   0.0000000e+00	   0.0000000e+00	             NaN	             NaN	             NaN	             NaN	             NaN	   4.9330789e-01	   4.4669433e-01	   4.0923753e-01	   3.3213282e-01	   3.3895719e-01	   3.5006145e-01	   3.2582779e-01	   3.0875564e-01	   3.1620658e-01	   2.8370396e-01	   2.8084322e-01	   2.9554316e-01	   2.5596876e-01	   2.6528426e-01	   2.4567583e-01	   2.5162857e-01	   2.3750111e-01	   2.2479682e-01	   2.1026842e-01	   2.2549571e-01	
   0.0000000e+00	   0.0000000e+00	   0.0000000e+00	   0.0000000e+00	   0.0000000e+00	   0.0000000e+00	   0.0000000e+00	   0.0000000e+00	             NaN	             NaN	             NaN	             NaN	             NaN	   4.0892372e-01	   3.9679598e-01	   4.0160703e-01	   3.9968596e-01	   3.4306472e-01	   3.4085194e-01	   3.2632263e-01	   3.0470314e-01	   2.6167063e-01	   3.1025740e-01	   2.7494032e-01	   2.7692192e-01	   2.5674326e-01	   2.7032336e-01	   2.5851049e-01	   2.6443686e-01	   2.2597235e-01	   2.1929509e-01	   2.5473775e-01	   2.2418776e-01	
   0.0000000e+00	   0.0000000e+00	   0.0000000e+00	   0.0000000e+00	   0.0000000e+00	   0.0000000e+00	   0.0000000e+00	   0.0000000e+00	             NaN	             NaN	             NaN	             NaN	             NaN	             NaN	   4.1275311e-01	   3.6840663e-01	   3.7501704e-01	   3.5310487e-01	   3.3229088e-01	   2.6216685e-01	   2.9738093e-01	   3.1584233e-01	   2.9240179e-01	   2.6848470e-01	   2.4243465e-01	   2.7626443e-01	   2.5391409e-01	   2.6687836e-01	   2.3017495e-01	   2.4357493e-01	   2.2772391e-01	   2.1366120e-01	   1.9987892e-01	
   0.0000000e+00	   0.0000000e+00	   0.0000000e+00	   0.0000000e+00	   0.0000000e+00	   0.0000000e+00	   0.0000000e+00	   0.0000000e+00	             NaN	             NaN	             NaN	             NaN	             NaN	             NaN	   3.8949111e-01	   3.4614328e-01	   3.5183101e-01	   3.4385949e-01	   2.9188326e-01	   3.2414717e-01	   2.9805557e-01	   2.9603698e-01	   2.5857086e-01	   2.8655998e-01	   2.5017012e-01	   2.2215487e-01	   2.7093861e-01	   2.3822854e-01	   2.3557106e-01	   2.1633123e-01	   2.1998751e-01	   2.1753713e-01	   2.0511135e-01	
   0.0000000e+00	   0.0000000e+00	   0.0000000e+00	   0.0000000e+00	   0.0000000e+00	   0.0000000e+00	   0.0000000e+00	   0.0000000e+00	   0.0000000e+00	             NaN	             NaN	             NaN	             NaN	             NaN	   3.7101886e-01	   3.4649275e-01	   3.5180464e-01	   3.4304531e-01	   2.9708125e-01	   3.0821214e-01	   2.7377097e-01	   2.7783361e-01	   2.5088757e-01	   2.4834233e-01	   2.2840680e-01	   2.5353377e-01	   2.2649426e-01	   2.3204657e-01	   2.0906238e-01	   2.0773117e-01	   2.1231637e-01	   1.9376165e-01	   1.9386748e-01	
   0.0000000e+00	   0.0000000e+00	   0.0000000e+00	   0.0000000e+00	   0.0000000e+00	   0.0000000e+00	   0.0000000e+00	   0.0000000e+00	   0.0000000e+00	             NaN	             NaN	             NaN	             NaN	             NaN	   3.4090835e-01	   3.7713270e-01	   3.2943309e-01	   2.7184726e-01	   3.0940387e-01	   2.9408405e-01	   2.5555219e-01	   2.6387110e-01	   2.7052872e-01	   2.2652254e-01	   2.2735394e-01	   2.3038110e-01	   2.2724508e-01	   2.2000696e-01	   2.1401083e-01	   2.1647730e-01	   2.1914939e-01	   1.8694248e-01	   1.7689470e-01	
   0.0000000e+00	   0.0000000e+00	   0.0000000e+00	   0.0000000e+00	   0.0000000e+00	   0.0000000e+00	   0.0000000e+00	   0.0000000e+00	   0.0000000e+00	             NaN	             NaN	             NaN	             NaN	             NaN	   3.2614948e-01	   3.5309915e-01	   3.0718108e-01	   3.2951293e-01	   2.9192048e-01	   2.6408208e-01	   2.5714657e-01	   2.6095792e-01	   2.3056889e-01	   2.3364994e-01	   2.4913836e-01	   2.3487380e-01	   2.2450228e-01	   2.1738509e-01	   2.0445656e-01	   1.9692872e-01	   2.0993698e-01	   1.7703453e-01	   1.7860151e-01	
   0.0000000e+00	   0.0000000e+00	   0.0000000e+00	   0.0000000e+00	   0.0000000e+00	   0.0000000e+00	   0.0000000e+00	   0.0000000e+00	   0.0000000e+00	             NaN	             NaN	             NaN	             NaN	             NaN	             NaN	   3.2333992e-01	   3.6005769e-01	   3.2570919e-01	   2.7696272e-01	   2.7650958e-01	   2.0183281e-01	   2.5281802e-01	   2.4015285e-01	   2.3134543e-01	   2.2047827e-01	   1.9195045e-01	   2.1918115e-01	   1.9569227e-01	   1.9627371e-01	   1.8571701e-01	   1.7916967e-01	   1.7697614e-01	   1.8428039e-01	
   0.0000000e+00	   0.0000000e+00	   0.0000000e+00	   0.0000000e+00	   0.0000000e+00	   0.0000000e+00	   0.0000000e+00	   0.0000000e+00	   0.0000000e+00	             NaN	             NaN	             NaN	             NaN	             NaN	             NaN	   2.8262008e-01	   3.0241537e-01	   2.8897747e-01	   3.1272665e-01	   2.7170422e-01	   2.4743059e-01	   2.4458583e-01	   2.2210827e-01	   2.2033207e-01	   2.2862256e-01	   2.1112040e-01	   2.0274709e-01	   1.9925532e-01	   1.8306036e-01	   1.8596556e-01	   1.8697054e-01	   1.6113628e-01	   1.7851851e-01	
   0.0000000e+00	   0.0000000e+00	   0.0000000e+00	   0.0000000e+00	   0.0000000e+00	   0.0000000e+00	   0.0000000e+00	   0.0000000e+00	   0.0000000e+00	   0.0000000e+00	             NaN	             NaN	             NaN	             NaN	             NaN	   3.2984702e-01	   3.3277249e-01	   2.8604472e-01	   2.7528473e-01	   2.2645305e-01	   2.4027164e-01	   2.2017833e-01	   2.4084654e-01	   2.3195511e-01	   2.2151380e-01	   1.8156382e-01	   1.8676922e-01	   2.0110330e-01	   1.8703629e-01	   1.7342015e-01	   1.6100518e-01	   1.7108970e-01	   1.5191376e-01	
