  -8.0543436e-01	  -4.7695561e+00	  -2.3484884e+00	             NaN	             NaN	             NaN	             NaN	             NaN	             NaN	             NaN	             NaN	             NaN	             NaN	             NaN	   0.0000000e+00	   0.0000000e+00	   0.0000000e+00	   0.0000000e+00	   0.0000000e+00	   0.0000000e+00	   0.0000000e+00	   0.0000000e+00	   0.0000000e+00	   0.0000000e+00	   0.0000000e+00	   0.0000000e+00	   0.0000000e+00	   0.0000000e+00	   0.0000000e+00	   0.0000000e+00	   0.0000000e+00	   0.0000000e+00	   0.0000000e+00	
  -2.9094536e+00	  -6.8585958e-01	  -2.3738580e+00	             NaN	             NaN	             NaN	             NaN	             NaN	             NaN	             NaN	             NaN	             NaN	             NaN	             NaN	   0.0000000e+00	   0.0000000e+00	   0.0000000e+00	   0.0000000e+00	   0.0000000e+00	   0.0000000e+00	   0.0000000e+00	   0.0000000e+00	   0.0000000e+00	   0.0000000e+00	   0.0000000e+00	   0.0000000e+00	   0.0000000e+00	   0.0000000e+00	   0.0000000e+00	   0.0000000e+00	   0.0000000e+00	   0.0000000e+00	   0.0000000e+00	
   5.1891443e-01	  -7.8819284e-01	  -1.8893773e+00	             NaN	             NaN	             NaN	             NaN	             NaN	             NaN	             NaN	             NaN	             NaN	             NaN	             NaN	   0.0000000e+00	   0.0000000e+00	   0.0000000e+00	   0.0000000e+00	   0.0000000e+00	   0.0000000e+00	   0.0000000e+00	   0.0000000e+00	   0.0000000e+00	   0.0000000e+00	   0.0000000e+00	   0.0000000e+00	   0.0000000e+00	   0.0000000e+00	   0.0000000e+00	   0.0000000e+00	   0.0000000e+00	   0.0000000e+00	   0.0000000e+00	
   1.3830940e+00	  -1.4738399e+00	  -1.3845045e+00	   1.1367877e+00	             NaN	             NaN	             NaN	             NaN	             NaN	             NaN	             NaN	             NaN	             NaN	             NaN	             NaN	   0.0000000e+00	   0.0000000e+00	   0.0000000e+00	   0.0000000e+00	   0.0000000e+00	   0.0000000e+00	   0.0000000e+00	   0.0000000e+00	   0.0000000e+00	   0.0000000e+00	   0.0000000e+00	   0.0000000e+00	   0.0000000e+00	   0.0000000e+00	   0.0000000e+00	   0.0000000e+00	   0.0000000e+00	   0.0000000e+00	
   7.5903915e-01	  -6.9909537e-01	   1.3501310e+00	   1.8177543e+00	             NaN	             NaN	             NaN	             NaN	             NaN	             NaN	             NaN	             NaN	             NaN	             NaN	             NaN	   0.0000000e+00	   0.0000000e+00	   0.0000000e+00	   0.0000000e+00	   0.0000000e+00	   0.0000000e+00	   0.0000000e+00	   0.0000000e+00	   0.0000000e+00	   0.0000000e+00	   0.0000000e+00	   0.0000000e+00	   0.0000000e+00	   0.0000000e+00	   0.0000000e+00	   0.0000000e+00	   0.0000000e+00	   0.0000000e+00	
   2.4275042e+00	   1.2125189e+00	   1.2466762e+00	   2.2109981e+00	   3.1664412e+00	             NaN	             NaN	             NaN	             NaN	             NaN	             NaN	             NaN	             NaN	             NaN	             NaN	             NaN	   0.0000000e+00	   0.0000000e+00	   0.0000000e+00	   0.0000000e+00	   0.0000000e+00	   0.0000000e+00	   0.0000000e+00	   0.0000000e+00	   0.0000000e+00	   0.0000000e+00	   0.0000000e+00	   0.0000000e+00	   0.0000000e+00	   0.0000000e+00	   0.0000000e+00	   0.0000000e+00	   0.0000000e+00	
   1.0532815e+00	   1.0230389e+00	   2.1522995e+00	   2.6282657e+00	   3.1230926e+00	             NaN	             NaN	             NaN	             NaN	             NaN	             NaN	             NaN	             NaN	             NaN	             NaN	             NaN	   0.0000000e+00	   0.0000000e+00	   0.0000000e+00	   0.0000000e+00	   0.0000000e+00	   0.0000000e+00	   0.0000000e+00	   0.0000000e+00	   0.0000000e+00	   0.0000000e+00	   0.0000000e+00	   0.0000000e+00	   0.0000000e+00	   0.0000000e+00	   0.0000000e+00	   0.0000000e+00	   0.0000000e+00	
   2.1557016e+00	   1.8251345e+00	   1.5472353e+00	   3.3529101e+00	   3.4654437e+00	             NaN	             NaN	             NaN	             NaN	             NaN	             NaN	             NaN	             NaN	             NaN	             NaN	             NaN	   0.0000000e+00	   0.0000000e+00	   0.0000000e+00	   0.0000000e+00	   0.0000000e+00	   0.0000000e+00	   0.0000000e+00	   0.0000000e+00	   0.0000000e+00	   0.0000000e+00	   0.0000000e+00	   0.0000000e+00	   0.0000000e+00	   0.0000000e+00	   0.0000000e+00	   0.0000000e+00	   0.0000000e+00	
   2.5655563e+00	   2.9196249e+00	   3.1454924e+00	   2.9754242e+00	   3.7257609e+00	   4.3939087e+00	             NaN	             NaN	             NaN	             NaN	             NaN	             NaN	             NaN	             NaN	             NaN	             NaN	             NaN	   0.0000000e+00	   0.0000000e+00	   0.0000000e+00	   0.0000000e+00	   0.0000000e+00	   0.0000000e+00	   0.0000000e+00	   0.0000000e+00	   0.0000000e+00	   0.0000000e+00	   0.0000000e+00	   0.0000000e+00	   0.0000000e+00	   0.0000000e+00	   0.0000000e+00	   0.0000000e+00	
   2.6050313e+00	   2.4617706e+00	   2.9050934e+00	   3.3916487e+00	   3.8502230e+00	   3.9406374e+00	             NaN	             NaN	             NaN	             NaN	             NaN	             NaN	             NaN	             NaN	             NaN	             NaN	             NaN	   0.0000000e+00	   0.0000000e+00	   0.0000000e+00	   0.0000000e+00	   0.0000000e+00	   0.0000000e+00	   0.0000000e+00	   0.0000000e+00	   0.0000000e+00	   0.0000000e+00	   0.0000000e+00	   0.0000000e+00	   0.0000000e+00	   0.0000000e+00	   0.0000000e+00	   0.0000000e+00	
   1.3487956e+00	   2.8425424e+00	   2.3966506e+00	   3.6921577e+00	   4.1118785e+00	   4.2538036e+00	   4.7696324e+00	             NaN	             NaN	             NaN	             NaN	             NaN	             NaN	             NaN	             NaN	             NaN	             NaN	             NaN	   0.0000000e+00	   0.0000000e+00	   0.0000000e+00	   0.0000000e+00	   0.0000000e+00	   0.0000000e+00	   0.0000000e+00	   0.0000000e+00	   0.0000000e+00	   0.0000000e+00	   0.0000000e+00	   0.0000000e+00	   0.0000000e+00	   0.0000000e+00	   0.0000000e+00	
   3.0442428e+00	   3.5087197e+00	   2.9548300e+00	   3.5136120e+00	   3.9449782e+00	   4.5878446e+00	   4.9814405e+00	             NaN	             NaN	             NaN	             NaN	             NaN	             NaN	             NaN	             NaN	             NaN	             NaN	             NaN	   0.0000000e+00	   0.0000000e+00	   0.0000000e+00	   0.0000000e+00	   0.0000000e+00	   0.0000000e+00	   0.0000000e+00	   0.0000000e+00	   0.0000000e+00	   0.0000000e+00	   0.0000000e+00	   0.0000000e+00	   0.0000000e+00	   0.0000000e+00	   0.0000000e+00	
   3.0665781e+00	   3.2953931e+00	   3.1269202e+00	   4.4073291e+00	   4.4892075e+00	   4.4141431e+00	   5.0356226e+00	             NaN	             NaN	             NaN	             NaN	             NaN	             NaN	             NaN	             NaN	             NaN	             NaN	             NaN	   0.0000000e+00	   0.0000000e+00	   0.0000000e+00	   0.0000000e+00	   0.0000000e+00	   0.0000000e+00	   0.0000000e+00	   0.0000000e+00	   0.0000000e+00	   0.0000000e+00	   0.0000000e+00	   0.0000000e+00	   0.0000000e+00	   0.0000000e+00	   0.0000000e+00	
   3.0818246e+00	   3.3374370e+00	   3.8317613e+00	   4.1866532e+00	   4.1153622e+00	   4.6656998e+00	   5.1357696e+00	   5.2707348e+00	             NaN	             NaN	             NaN	             NaN	             NaN	             NaN	             NaN	             NaN	             NaN	             NaN	             NaN	   0.0000000e+00	   0.0000000e+00	   0.0000000e+00	   0.0000000e+00	   0.0000000e+00	   0.0000000e+00	   0.0000000e+00	   0.0000000e+00	   0.0000000e+00	   0.0000000e+00	   0.0000000e+00	   0.0000000e+00	   0.0000000e+00	   0.0000000e+00	
   2.6582457e+00	   2.9223120e+00	   3.4100821e+00	   3.9644872e+00	   4.2554329e+00	   4.5126905e+00	   5.0767753e+00	   5.4194648e+00	             NaN	             NaN	             NaN	             NaN	             NaN	             NaN	             NaN	             NaN	             NaN	             NaN	             NaN	   0.0000000e+00	   0.0000000e+00	   0.0000000e+00	   0.0000000e+00	   0.0000000e+00	   0.0000000e+00	   0.0000000e+00	   0.0000000e+00	   0.0000000e+00	   0.0000000e+00	   0.0000000e+00	   0.0000000e+00	   0.0000000e+00	   0.0000000e+00	
   3.3123140e+00	   3.4246218e+00	   3.8884796e+00	   4.3749415e+00	   4.2615587e+00	   4.8051960e+00	   5.0438212e+00	   5.0257073e+00	   4.6769672e+00	             NaN	             NaN	             NaN	             NaN	             NaN	             NaN	             NaN	             NaN	             NaN	             NaN	             NaN	   0.0000000e+00	   0.0000000e+00	   0.0000000e+00	   0.0000000e+00	   0.0000000e+00	   0.0000000e+00	   0.0000000e+00	   0.0000000e+00	   0.0000000e+00	   0.0000000e+00	   0.0000000e+00	   0.0000000e+00	   0.0000000e+00	
   3.1565964e+00	   3.8304640e+00	   3.7988054e+00	   4.0473920e+00	   4.3175700e+00	   4.7292907e+00	   5.0847533e+00	   5.1311741e+00	   4.9006527e+00	             NaN	             NaN	             NaN	             NaN	             NaN	             NaN	             NaN	             NaN	             NaN	             NaN	             NaN	   0.0000000e+00	   0.0000000e+00	   0.0000000e+00	   0.0000000e+00	   0.0000000e+00	   0.0000000e+00	   0.0000000e+00	   0.0000000e+00	   0.0000000e+00	   0.0000000e+00	   0.0000000e+00	   0.0000000e+00	   0.0000000e+00	
   3.2379618e+00	   3.2579337e+00	   4.2021865e+00	   4.2784783e+00	   4.1022131e+00	   4.4618531e+00	   4.6747418e+00	   4.9140160e+00	   4.7947595e+00	             NaN	             NaN	             NaN	             NaN	             NaN	             NaN	             NaN	             NaN	             NaN	             NaN	             NaN	   0.0000000e+00	   0.0000000e+00	   0.0000000e+00	   0.0000000e+00	   0.0000000e+00	   0.0000000e+00	   0.0000000e+00	   0.0000000e+00	   0.0000000e+00	   0.0000000e+00	   0.0000000e+00	   0.0000000e+00	   0.0000000e+00	
   2.9709092e+00	   3.9852356e+00	   3.5179011e+00	   4.2041702e+00	   4.4048565e+00	   4.3703881e+00	   4.9157591e+00	   4.9972334e+00	   4.7912307e+00	   4.1437716e+00	             NaN	             NaN	             NaN	             NaN	             NaN	             NaN	             NaN	             NaN	             NaN	             NaN	             NaN	   0.0000000e+00	   0.0000000e+00	   0.0000000e+00	   0.0000000e+00	   0.0000000e+00	   0.0000000e+00	   0.0000000e+00	   0.0000000e+00	   0.0000000e+00	   0.0000000e+00	   0.0000000e+00	   0.0000000e+00	
   2.4809650e+00	   3.1315747e+00	   3.8012988e+00	   3.8382009e+00	   4.3321317e+00	   4.5954904e+00	   4.7813521e+00	   4.8655600e+00	   4.6626957e+00	   4.0192538e+00	             NaN	             NaN	             NaN	             NaN	             NaN	             NaN	             NaN	             NaN	             NaN	             NaN	             NaN	   0.0000000e+00	   0.0000000e+00	   0.0000000e+00	   0.0000000e+00	   0.0000000e+00	   0.0000000e+00	   0.0000000e+00	   0.0000000e+00	   0.0000000e+00	   0.0000000e+00	   0.0000000e+00	   0.0000000e+00	
   2.4316703e+00	   3.6051279e+00	   3.1552548e+00	   3.8878337e+00	   4.2845308e+00	   4.1180630e+00	   4.6027351e+00	   4.7529209e+00	   4.4890301e+00	   3.7559430e+00	   3.2774769e+00	             NaN	             NaN	             NaN	             NaN	             NaN	             NaN	             NaN	             NaN	             NaN	             NaN	             NaN	   0.0000000e+00	   0.0000000e+00	   0.0000000e+00	   0.0000000e+00	   0.0000000e+00	   0.0000000e+00	   0.0000000e+00	   0.0000000e+00	   0.0000000e+00	   0.0000000e+00	   0.0000000e+00	
   2.7112554e+00	   3.9483861e+00	   3.8189480e+00	   3.9177673e+00	   3.9921150e+00	   4.3809491e+00	   4.5193174e+00	   4.5270425e+00	   4.4942308e+00	   3.8767772e+00	   3.0199485e+00	             NaN	             NaN	             NaN	             NaN	             NaN	             NaN	             NaN	             NaN	             NaN	             NaN	             NaN	   0.0000000e+00	   0.0000000e+00	   0.0000000e+00	   0.0000000e+00	   0.0000000e+00	   0.0000000e+00	   0.0000000e+00	   0.0000000e+00	   0.0000000e+00	   0.0000000e+00	   0.0000000e+00	
   3.2844446e+00	   3.4469642e+00	   3.5283309e+00	   3.7834270e+00	   3.7976561e+00	   4.2104371e+00	   4.2796608e+00	   4.5547374e+00	   4.2803192e+00	   3.7587907e+00	   3.0361172e+00	             NaN	             NaN	             NaN	             NaN	             NaN	             NaN	             NaN	             NaN	             NaN	             NaN	             NaN	   0.0000000e+00	   0.0000000e+00	   0.0000000e+00	   0.0000000e+00	   0.0000000e+00	   0.0000000e+00	   0.0000000e+00	   0.0000000e+00	   0.0000000e+00	   0.0000000e+00	   0.0000000e+00	
   3.8763030e+00	   3.2332568e+00	   3.2831523e+00	   3.8333008e+00	   3.4786492e+00	   4.0009032e+00	   4.2773429e+00	   4.3015419e+00	   4.2395724e+00	   3.8396285e+00	   3.0339009e+00	   2.5146593e+00	             NaN	             NaN	             NaN	             NaN	             NaN	             NaN	             NaN	             NaN	             NaN	             NaN	             NaN	   0.0000000e+00	   0.0000000e+00	   0.0000000e+00	   0.0000000e+00	   0.0000000e+00	   0.0000000e+00	   0.0000000e+00	   0.0000000e+00	   0.0000000e+00	   0.0000000e+00	
   3.5645099e+00	   3.5814204e+00	   3.2044313e+00	   3.6611798e+00	   3.6616661e+00	   3.8923178e+00	   4.0642481e+00	   4.1488239e+00	   3.9708495e+00	   3.6986626e+00	   3.1161637e+00	   2.2866331e+00	             NaN	             NaN	             NaN	             NaN	             NaN	             NaN	             NaN	             NaN	             NaN	             NaN	             NaN	   0.0000000e+00	   0.0000000e+00	   0.0000000e+00	   0.0000000e+00	   0.0000000e+00	   0.0000000e+00	   0.0000000e+00	   0.0000000e+00	   0.0000000e+00	   0.0000000e+00	
   3.8244398e+00	   3.3975578e+00	   3.5012006e+00	   3.6098669e+00	   3.6303264e+00	   3.8708530e+00	   3.8514665e+00	   4.2145295e+00	   4.0158802e+00	   3.6041398e+00	   3.0485959e+00	   2.3187209e+00	   2.0170650e+00	             NaN	             NaN	             NaN	             NaN	             NaN	             NaN	             NaN	             NaN	             NaN	             NaN	             NaN	   0.0000000e+00	   0.0000000e+00	   0.0000000e+00	   0.0000000e+00	   0.0000000e+00	   0.0000000e+00	   0.0000000e+00	   0.0000000e+00	   0.0000000e+00	
   3.8269970e+00	   2.7923135e+00	   3.1368161e+00	   3.0385956e+00	   3.4928503e+00	   3.6597297e+00	   3.7499502e+00	   3.8610580e+00	   3.8892092e+00	   3.4588272e+00	   3.0300266e+00	   2.3421589e+00	   1.8535345e+00	             NaN	             NaN	             NaN	             NaN	             NaN	             NaN	             NaN	             NaN	             NaN	             NaN	             NaN	   0.0000000e+00	   0.0000000e+00	   0.0000000e+00	   0.0000000e+00	   0.0000000e+00	   0.0000000e+00	   0.0000000e+00	   0.0000000e+00	   0.0000000e+00	
   3.4374966e+00	   3.1591204e+00	   3.1395322e+00	   3.2974309e+00	   3.2972005e+00	   3.6964929e+00	   3.6388547e+00	   3.7409726e+00	   3.6828074e+00	   3.4670663e+00	   3.0299056e+00	   2.2486121e+00	   1.7217152e+00	             NaN	             NaN	             NaN	             NaN	             NaN	             NaN	             NaN	             NaN	             NaN	             NaN	             NaN	   0.0000000e+00	   0.0000000e+00	   0.0000000e+00	   0.0000000e+00	   0.0000000e+00	   0.0000000e+00	   0.0000000e+00	   0.0000000e+00	   0.0000000e+00	
   3.5265051e+00	   2.9127046e+00	   2.6930203e+00	   3.0145526e+00	   3.2968063e+00	   3.4475459e+00	   3.5127662e+00	   3.6883049e+00	   3.6760749e+00	   3.3100588e+00	   2.9261308e+00	   2.2999339e+00	   1.7272288e+00	   1.2230345e+00	             NaN	             NaN	             NaN	             NaN	             NaN	             NaN	             NaN	             NaN	             NaN	             NaN	             NaN	   0.0000000e+00	   0.0000000e+00	   0.0000000e+00	   0.0000000e+00	   0.0000000e+00	   0.0000000e+00	   0.0000000e+00	   0.0000000e+00	
   3.3483467e+00	   2.7077677e+00	   3.0229124e+00	   3.0846222e+00	   3.2466065e+00	   3.2615672e+00	   3.3747485e+00	   3.5224520e+00	   3.3825753e+00	   3.3043390e+00	   2.8655320e+00	   2.3287371e+00	   1.7412420e+00	   1.3318868e+00	             NaN	             NaN	             NaN	             NaN	             NaN	             NaN	             NaN	             NaN	             NaN	             NaN	             NaN	   0.0000000e+00	   0.0000000e+00	   0.0000000e+00	   0.0000000e+00	   0.0000000e+00	   0.0000000e+00	   0.0000000e+00	   0.0000000e+00	
   2.0942355e+00	   2.6601750e+00	   2.7969562e+00	   2.8734991e+00	   3.0668198e+00	   3.1252199e+00	   3.2342522e+00	   3.3495224e+00	   3.3175857e+00	   3.0868447e+00	   2.8321368e+00	   2.2318819e+00	   1.7282874e+00	   1.4447628e+00	   1.0962281e+00	             NaN	             NaN	             NaN	             NaN	             NaN	             NaN	             NaN	             NaN	             NaN	             NaN	             NaN	   0.0000000e+00	   0.0000000e+00	   0.0000000e+00	   0.0000000e+00	   0.0000000e+00	   0.0000000e+00	   0.0000000e+00	
   3.1986496e+00	   2.7217241e+00	   2.5352955e+00	   2.9123608e+00	   2.9577615e+00	   2.9430459e+00	   3.3695867e+00	   3.3144164e+00	   3.2600358e+00	   3.1904173e+00	   2.6303768e+00	   2.2407726e+00	   1.7041517e+00	   1.4604933e+00	   1.1649483e+00	             NaN	             NaN	             NaN	             NaN	             NaN	             NaN	             NaN	             NaN	             NaN	             NaN	             NaN	   0.0000000e+00	   0.0000000e+00	   0.0000000e+00	   0.0000000e+00	   0.0000000e+00	   0.0000000e+00	   0.0000000e+00	
   3.1935788e+00	   2.7936170e+00	   2.4655695e+00	   2.9177373e+00	   2.8167711e+00	   2.8105191e+00	   3.2266061e+00	   3.2034068e+00	   3.1989414e+00	   3.0709641e+00	   2.7210063e+00	   2.2601381e+00	   1.8024229e+00	   1.4635986e+00	   1.3798238e+00	             NaN	             NaN	             NaN	             NaN	             NaN	             NaN	             NaN	             NaN	             NaN	             NaN	             NaN	   0.0000000e+00	   0.0000000e+00	   0.0000000e+00	   0.0000000e+00	   0.0000000e+00	   0.0000000e+00	   0.0000000e+00	
   2.1150395e+00	   2.2619223e+00	   3.2126941e+00	   2.6933338e+00	   2.8078260e+00	   3.1678188e+00	   2.9631368e+00	   3.0783864e+00	   3.2141647e+00	   2.9552033e+00	   2.6852234e+00	   2.3926172e+00	   1.8648698e+00	   1.5781936e+00	   1.2970407e+00	   1.1122339e+00	             NaN	             NaN	             NaN	             NaN	             NaN	             NaN	             NaN	             NaN	             NaN	             NaN	             NaN	   0.0000000e+00	   0.0000000e+00	   0.0000000e+00	   0.0000000e+00	   0.0000000e+00	   0.0000000e+00	
   2.8804462e+00	   2.7993768e+00	   2.8099184e+00	   2.6426610e+00	   2.7048826e+00	   2.7671353e+00	   2.9968204e+00	   3.0006252e+00	   3.1246773e+00	   2.9527529e+00	   2.6625731e+00	   2.2490602e+00	   1.9745400e+00	   1.6120767e+00	   1.3802538e+00	   1.3437834e+00	             NaN	             NaN	             NaN	             NaN	             NaN	             NaN	             NaN	             NaN	             NaN	             NaN	             NaN	   0.0000000e+00	   0.0000000e+00	   0.0000000e+00	   0.0000000e+00	   0.0000000e+00	   0.0000000e+00	
   2.8586239e+00	   2.1242727e+00	   2.5341754e+00	   2.5568817e+00	   2.7504709e+00	   2.8529718e+00	   2.6877930e+00	   2.8223291e+00	   2.9240848e+00	   2.9070773e+00	   2.5470843e+00	   2.1941946e+00	   1.9273712e+00	   1.6629325e+00	   1.4051922e+00	   1.2986050e+00	   1.0216749e+00	             NaN	             NaN	             NaN	             NaN	             NaN	             NaN	             NaN	             NaN	             NaN	             NaN	             NaN	   0.0000000e+00	   0.0000000e+00	   0.0000000e+00	   0.0000000e+00	   0.0000000e+00	
   1.4337057e+00	   1.5334008e+00	   2.1060470e+00	   2.8109924e+00	   2.7138395e+00	   2.7485165e+00	   2.8436723e+00	   2.7694422e+00	   2.8892128e+00	   2.7930415e+00	   2.5421725e+00	   2.2380921e+00	   1.9428254e+00	   1.6824442e+00	   1.4230391e+00	   1.2484306e+00	   9.5165544e-01	             NaN	             NaN	             NaN	             NaN	             NaN	             NaN	             NaN	             NaN	             NaN	             NaN	             NaN	   0.0000000e+00	   0.0000000e+00	   0.0000000e+00	   0.0000000e+00	   0.0000000e+00	
   2.1936468e+00	   2.3199426e+00	   2.4387816e+00	   2.5664212e+00	   2.6843472e+00	   2.7050733e+00	   2.7132450e+00	   2.9050016e+00	   2.8024526e+00	   2.8206520e+00	   2.5194418e+00	   2.1607877e+00	   1.9531635e+00	   1.7252492e+00	   1.4651196e+00	   1.3732073e+00	   1.1949934e+00	             NaN	             NaN	             NaN	             NaN	             NaN	             NaN	             NaN	             NaN	             NaN	             NaN	             NaN	   0.0000000e+00	   0.0000000e+00	   0.0000000e+00	   0.0000000e+00	   0.0000000e+00	
   1.3800316e+00	   1.6082836e+00	   1.8657501e+00	   2.4628196e+00	   2.6364329e+00	   2.6170209e+00	   2.7362897e+00	   2.7405344e+00	   2.7379355e+00	   2.6036477e+00	   2.5035282e+00	   2.3342979e+00	   1.9456440e+00	   1.7206821e+00	   1.5434478e+00	   1.3353448e+00	   1.1429611e+00	   7.1162107e-01	             NaN	             NaN	             NaN	             NaN	             NaN	             NaN	             NaN	             NaN	             NaN	             NaN	             NaN	   0.0000000e+00	   0.0000000e+00	   0.0000000e+00	   0.0000000e+00	
   2.9181020e+00	   2.1846339e+00	   2.4202444e+00	   2.2265530e+00	   2.4710613e+00	   2.4708212e+00	   2.4928547e+00	   2.6926091e+00	   2.6378403e+00	   2.5846892e+00	   2.5503687e+00	   2.2433504e+00	   1.9986790e+00	   1.8182379e+00	   1.5638498e+00	   1.3725567e+00	   1.2496524e+00	   8.4436024e-01	             NaN	             NaN	             NaN	             NaN	             NaN	             NaN	             NaN	             NaN	             NaN	             NaN	             NaN	   0.0000000e+00	   0.0000000e+00	   0.0000000e+00	   0.0000000e+00	
   2.2841294e+00	   1.1412366e+00	   2.2964278e+00	   2.5857246e+00	   2.4556285e+00	   2.5462399e+00	   2.5572128e+00	   2.6722405e+00	   2.6567434e+00	   2.5952013e+00	   2.4562530e+00	   2.2308813e+00	   1.9168956e+00	   1.8224319e+00	   1.6235573e+00	   1.3896951e+00	   1.2499328e+00	   1.2334566e+00	   6.0988115e-01	             NaN	             NaN	             NaN	             NaN	             NaN	             NaN	             NaN	             NaN	             NaN	             NaN	             NaN	   0.0000000e+00	   0.0000000e+00	   0.0000000e+00	
   8.5839727e-01	   3.9988846e-01	   1.5112355e+00	   2.6515895e+00	   2.6405261e+00	   2.4889219e+00	   2.5256968e+00	   2.6416404e+00	   2.6916452e+00	   2.6550208e+00	   2.4666033e+00	   2.2024956e+00	   2.0239643e+00	   1.8391360e+00	   1.6569665e+00	   1.5114180e+00	   1.3285125e+00	   1.2300947e+00	   7.9437537e-01	             NaN	             NaN	             NaN	             NaN	             NaN	             NaN	             NaN	             NaN	             NaN	             NaN	             NaN	   0.0000000e+00	   0.0000000e+00	   0.0000000e+00	
   1.6465527e+00	   9.1799267e-01	   1.8484200e+00	   2.6122686e+00	   2.4500270e+00	   2.5526861e+00	   2.6404186e+00	   2.5879007e+00	   2.5064090e+00	   2.5396965e+00	   2.3927942e+00	   2.2290204e+00	   2.0560366e+00	   1.8843455e+00	   1.6779641e+00	   1.4812574e+00	   1.3320859e+00	   1.2047195e+00	   1.0251798e+00	             NaN	             NaN	             NaN	             NaN	             NaN	             NaN	             NaN	             NaN	             NaN	             NaN	             NaN	   0.0000000e+00	   0.0000000e+00	   0.0000000e+00	
   1.2196755e+00	   1.6927878e+00	   8.8923128e-01	   2.5804211e+00	   2.4924520e+00	   2.3993831e+00	   2.5075039e+00	   2.5366559e+00	   2.5322641e+00	   2.4721853e+00	   2.3920439e+00	   2.2093745e+00	   2.0891441e+00	   1.8855002e+00	   1.7427643e+00	   1.5567392e+00	   1.4031153e+00	   1.2385545e+00	   1.1501064e+00	   7.4391820e-01	             NaN	             NaN	             NaN	             NaN	             NaN	             NaN	             NaN	             NaN	             NaN	             NaN	             NaN	   0.0000000e+00	   0.0000000e+00	
   2.1779630e-01	   1.3443670e-01	   2.0177810e+00	   2.3695991e+00	   2.6116413e+00	   2.5429873e+00	   2.3988614e+00	   2.5234741e+00	   2.3981679e+00	   2.4952065e+00	   2.3198107e+00	   2.1976858e+00	   2.1291152e+00	   1.9700086e+00	   1.7811316e+00	   1.6532782e+00	   1.4435689e+00	   1.2750982e+00	   1.1467969e+00	   7.2274063e-01	             NaN	             NaN	             NaN	             NaN	             NaN	             NaN	             NaN	             NaN	             NaN	             NaN	             NaN	   0.0000000e+00	   0.0000000e+00	
  -2.2634022e-02	   1.0004492e+00	   1.6970772e+00	   1.9253829e+00	   2.7231028e+00	   2.5293277e+00	   2.5396130e+00	   2.3262075e+00	   2.5396272e+00	   2.4595921e+00	   2.4214049e+00	   2.2298685e+00	   2.0659924e+00	   1.9557176e+00	   1.8068495e+00	   1.6360436e+00	   1.4743872e+00	   1.3333472e+00	   1.1429049e+00	   9.8940077e-01	   5.9582271e-01	             NaN	             NaN	             NaN	             NaN	             NaN	             NaN	             NaN	             NaN	             NaN	             NaN	             NaN	   0.0000000e+00	
   7.4664488e-01	   1.8550677e+00	   1.4674593e+00	   2.2373256e+00	   2.5107870e+00	   2.4526370e+00	   2.3913831e+00	   2.3867980e+00	   2.4274065e+00	   2.3802086e+00	   2.3372762e+00	   2.2217707e+00	   2.0991552e+00	   1.9414500e+00	   1.8580490e+00	   1.7057999e+00	   1.5162177e+00	   1.3835971e+00	   1.1528715e+00	   1.1890800e+00	   5.9159386e-01	             NaN	             NaN	             NaN	             NaN	             NaN	             NaN	             NaN	             NaN	             NaN	             NaN	             NaN	   0.0000000e+00	
   6.3680071e-01	   9.5019524e-01	   1.7434378e+00	   2.4364645e+00	   2.6873410e+00	   2.4949204e+00	   2.2909629e+00	   2.4015882e+00	   2.4456022e+00	   2.3661844e+00	   2.3966518e+00	   2.2134954e+00	   2.1414645e+00	   2.0247886e+00	   1.8953174e+00	   1.7623472e+00	   1.5835992e+00	   1.4139033e+00	   1.2787036e+00	   1.2077799e+00	   8.0039749e-01	             NaN	             NaN	             NaN	             NaN	             NaN	             NaN	             NaN	             NaN	             NaN	             NaN	             NaN	   0.0000000e+00	
   1.1517292e+00	   1.2310003e+00	   1.4704930e+00	   2.6587224e+00	   2.4155601e+00	   2.4454523e+00	   2.4368117e+00	   2.3701308e+00	   2.3485882e+00	   2.4112345e+00	   2.2980768e+00	   2.2637115e+00	   2.1059160e+00	   1.9896275e+00	   1.9723771e+00	   1.7430037e+00	   1.5521376e+00	   1.4735346e+00	   1.2629055e+00	   1.1838246e+00	   9.8353948e-01	   5.5787064e-01	             NaN	             NaN	             NaN	             NaN	             NaN	             NaN	             NaN	             NaN	             NaN	             NaN	             NaN	
  -3.1626935e-01	   6.8190536e-01	   1.4614949e+00	   1.7107380e+00	   2.4621091e+00	   2.4864522e+00	   2.4921792e+00	   2.3200799e+00	   2.4040099e+00	   2.3833879e+00	   2.3846062e+00	   2.2416178e+00	   2.1555466e+00	   2.0262668e+00	   1.9143761e+00	   1.7795160e+00	   1.6255736e+00	   1.4932397e+00	   1.3109249e+00	   1.1489561e+00	   1.0079936e+00	   6.2484871e-01	             NaN	             NaN	             NaN	             NaN	             NaN	             NaN	             NaN	             NaN	             NaN	             NaN	             NaN	
   4.9117185e-01	   1.1685097e+00	   1.8627308e+00	   1.6972577e+00	   2.6236732e+00	   2.5439499e+00	   2.4318966e+00	   2.3861389e+00	   2.3769922e+00	   2.3427936e+00	   2.3606093e+00	   2.2498852e+00	   2.2095328e+00	   2.0851494e+00	   1.9700632e+00	   1.8017936e+00	   1.6604439e+00	   1.5157700e+00	   1.3643787e+00	   1.2079244e+00	   1.1026633e+00	   7.4302985e-01	   5.2945586e-01	             NaN	             NaN	             NaN	             NaN	             NaN	             NaN	             NaN	             NaN	             NaN	             NaN	
   4.2571800e-01	   2.0022527e-01	   1.9097231e+00	   2.4767694e+00	   2.6080781e+00	   2.5294163e+00	   2.3282496e+00	   2.2437350e+00	   2.3438849e+00	   2.3526175e+00	   2.3006888e+00	   2.2661840e+00	   2.1626061e+00	   2.1524008e+00	   1.9924492e+00	   1.8475696e+00	   1.7669749e+00	   1.5875218e+00	   1.3921923e+00	   1.2495354e+00	   1.1178163e+00	   9.2641429e-01	   6.6388245e-01	             NaN	             NaN	             NaN	             NaN	             NaN	             NaN	             NaN	             NaN	             NaN	             NaN	
   1.0570125e+00	   9.9262867e-01	   2.1569335e+00	   2.3011916e+00	   2.4344884e+00	   2.6427028e+00	   2.4475412e+00	   2.2993536e+00	   2.3219121e+00	   2.3236641e+00	   2.2851503e+00	   2.2137954e+00	   2.2667814e+00	   2.0992786e+00	   2.0115979e+00	   1.8949968e+00	   1.7245115e+00	   1.6328252e+00	   1.4438152e+00	   1.2777668e+00	   1.1093958e+00	   1.0243052e+00	   5.9296667e-01	             NaN	             NaN	             NaN	             NaN	             NaN	             NaN	             NaN	             NaN	             NaN	             NaN	
   8.3978561e-01	   1.9391156e+00	   1.2135040e+00	   2.4789791e+00	   2.5703486e+00	   2.7321155e+00	   2.4710611e+00	   2.3997686e+00	   2.3866931e+00	   2.4114588e+00	   2.3583569e+00	   2.2557018e+00	   2.1935255e+00	   2.1530958e+00	   2.0801194e+00	   1.9356853e+00	   1.7806158e+00	   1.6275992e+00	   1.4386245e+00	   1.2981822e+00	   1.1330533e+00	   1.1220769e+00	   6.5522805e-01	   5.5711135e-01	             NaN	             NaN	             NaN	             NaN	             NaN	             NaN	             NaN	             NaN	             NaN	
   1.2737494e+00	   1.1017312e+00	   2.4786072e+00	   2.7118542e+00	   2.5391634e+00	   2.5959297e+00	   2.4485061e+00	   2.4310150e+00	   2.3713255e+00	   2.3550337e+00	   2.3639840e+00	   2.1928213e+00	   2.2257452e+00	   2.0840505e+00	   2.0751360e+00	   1.9351627e+00	   1.8353301e+00	   1.6684322e+00	   1.5432126e+00	   1.3388438e+00	   1.1888643e+00	   1.0709998e+00	   7.5788885e-01	   6.4420504e-01	             NaN	             NaN	             NaN	             NaN	             NaN	             NaN	             NaN	             NaN	             NaN	
   1.3189864e+00	   1.7606895e+00	   1.8432902e+00	   2.2385017e+00	   2.8628097e+00	   2.7741047e+00	   2.4500736e+00	   2.3804008e+00	   2.3407565e+00	   2.3523869e+00	   2.2968908e+00	   2.2260230e+00	   2.2522593e+00	   2.1620100e+00	   2.0924953e+00	   2.0297656e+00	   1.8079897e+00	   1.7051100e+00	   1.5597278e+00	   1.3974122e+00	   1.2394985e+00	   1.0822901e+00	   9.5697874e-01	   5.8543967e-01	   5.8493557e-01	             NaN	             NaN	             NaN	             NaN	             NaN	             NaN	             NaN	             NaN	
   2.1890795e+00	  -1.6920374e-01	   1.5093486e+00	   2.6465981e+00	   2.5375793e+00	   2.6286839e+00	   2.5419582e+00	   2.3564177e+00	   2.3121202e+00	   2.4075332e+00	   2.3109566e+00	   2.2381951e+00	   2.2108596e+00	   2.1124404e+00	   2.1095999e+00	   1.9985200e+00	   1.8561251e+00	   1.7045170e+00	   1.5987590e+00	   1.4100604e+00	   1.2710680e+00	   1.1326930e+00	   1.0162339e+00	   6.7508133e-01	   5.9870998e-01	             NaN	             NaN	             NaN	             NaN	             NaN	             NaN	             NaN	             NaN	
   4.5403673e-01	   1.2374320e+00	   2.0110459e+00	   2.3417831e+00	   2.8598047e+00	   2.8549844e+00	   2.5452127e+00	   2.3431581e+00	   2.4267650e+00	   2.3534139e+00	   2.3471736e+00	   2.1974583e+00	   2.2424765e+00	   2.1853357e+00	   2.0878266e+00	   2.0209095e+00	   1.8666244e+00	   1.7817676e+00	   1.5978344e+00	   1.4835363e+00	   1.2737806e+00	   1.1734556e+00	   1.0759354e+00	   7.8590801e-01	   6.2109969e-01	             NaN	             NaN	             NaN	             NaN	             NaN	             NaN	             NaN	             NaN	
   1.1685114e+00	   1.1602441e+00	   1.7847933e+00	   2.6057204e+00	   2.6572639e+00	   2.6497516e+00	   2.6068351e+00	   2.4663462e+00	   2.3855521e+00	   2.3280205e+00	   2.3556392e+00	   2.1801719e+00	   2.2261511e+00	   2.2275739e+00	   2.1405144e+00	   2.0507919e+00	   1.8962687e+00	   1.7854602e+00	   1.6119174e+00	   1.5059007e+00	   1.3358363e+00	   1.1595136e+00	   1.0912017e+00	   9.0176489e-01	   6.5293275e-01	   5.9788808e-01	             NaN	             NaN	             NaN	             NaN	             NaN	             NaN	             NaN	
   2.2896353e+00	   1.6501833e+00	   3.0212991e+00	   2.5559052e+00	   2.5791070e+00	   2.7039748e+00	   2.5490122e+00	   2.3876708e+00	   2.4187895e+00	   2.3803883e+00	   2.3242871e+00	   2.2087111e+00	   2.1886406e+00	   2.2346098e+00	   2.0960339e+00	   1.9726467e+00	   1.8901509e+00	   1.7911652e+00	   1.6700886e+00	   1.4964992e+00	   1.3194458e+00	   1.2140577e+00	   1.0489484e+00	   9.7503469e-01	   6.6042466e-01	   5.6629164e-01	             NaN	             NaN	             NaN	             NaN	             NaN	             NaN	             NaN	
   2.1805304e+00	   1.4507059e+00	   2.6321942e+00	   2.6717859e+00	   2.9187859e+00	   2.7785082e+00	   2.5770709e+00	   2.4430040e+00	   2.3551215e+00	   2.3586797e+00	   2.3667329e+00	   2.2590162e+00	   2.2843027e+00	   2.1734854e+00	   2.2013820e+00	   2.0850069e+00	   1.9678282e+00	   1.8209337e+00	   1.6571246e+00	   1.5304098e+00	   1.3998630e+00	   1.2251214e+00	   1.0790173e+00	   9.8241426e-01	   7.1316518e-01	   5.5491727e-01	   5.1272643e-01	             NaN	             NaN	             NaN	             NaN	             NaN	             NaN	
   2.6153129e+00	   2.7966554e+00	   3.2289087e+00	   2.8939237e+00	   3.1100032e+00	   3.0056021e+00	   2.5330219e+00	   2.4357095e+00	   2.3795129e+00	   2.3274506e+00	   2.2405733e+00	   2.2722382e+00	   2.2394341e+00	   2.1594269e+00	   2.1406354e+00	   2.0936327e+00	   1.9458524e+00	   1.8496288e+00	   1.6943189e+00	   1.5136707e+00	   1.3960372e+00	   1.3035050e+00	   1.1257078e+00	   9.8286723e-01	   8.2376512e-01	   5.9702530e-01	   5.2487052e-01	             NaN	             NaN	             NaN	             NaN	             NaN	             NaN	
   1.9418809e+00	   2.0770808e+00	   2.2997145e+00	   2.5722506e+00	   3.0965395e+00	   2.7468574e+00	   2.6330496e+00	   2.6211483e+00	   2.2868705e+00	   2.3300855e+00	   2.2988367e+00	   2.2340438e+00	   2.2021231e+00	   2.1637591e+00	   2.1324592e+00	   2.0510280e+00	   1.9157240e+00	   1.8157151e+00	   1.7104578e+00	   1.5353959e+00	   1.4450616e+00	   1.3239493e+00	   1.1190377e+00	   1.0115941e+00	   8.4829371e-01	   5.9018980e-01	   5.4168327e-01	             NaN	             NaN	             NaN	             NaN	             NaN	             NaN	
   1.3751723e+00	   2.7792207e+00	   2.6099008e+00	   3.3089671e+00	   3.1090494e+00	   2.9024160e+00	   2.6555855e+00	   2.4312056e+00	   2.3048978e+00	   2.2850254e+00	   2.2795854e+00	   2.2146076e+00	   2.1852868e+00	   2.1749571e+00	   2.1085237e+00	   2.0805358e+00	   1.9183472e+00	   1.8078445e+00	   1.6824377e+00	   1.5902920e+00	   1.4590954e+00	   1.3359745e+00	   1.1408552e+00	   1.0508692e+00	   9.7686656e-01	   6.6651666e-01	   5.2489860e-01	   4.9262733e-01	             NaN	             NaN	             NaN	             NaN	             NaN	
   1.8448023e+00	   2.3233098e+00	   2.7135135e+00	   2.9368690e+00	   2.9396407e+00	   2.9875886e+00	   2.6067915e+00	   2.4295644e+00	   2.2484879e+00	   2.2945117e+00	   2.1841352e+00	   2.2149765e+00	   2.1112055e+00	   2.1868172e+00	   2.1266450e+00	   2.0598001e+00	   1.8684646e+00	   1.8039286e+00	   1.7257161e+00	   1.5981814e+00	   1.4826483e+00	   1.3378752e+00	   1.2064680e+00	   1.0740477e+00	   9.5751103e-01	   7.9337743e-01	   5.3049083e-01	   5.0197849e-01	             NaN	             NaN	             NaN	             NaN	             NaN	
   2.3085297e+00	   2.7685650e+00	   2.8217189e+00	   2.6861581e+00	   3.0311854e+00	   2.9133524e+00	   2.6307500e+00	   2.6387767e+00	   2.3554021e+00	   2.3196277e+00	   2.2788626e+00	   2.2038432e+00	   2.2378304e+00	   2.1838121e+00	   2.1539326e+00	   2.0585989e+00	   1.9126289e+00	   1.8425940e+00	   1.7449074e+00	   1.6592786e+00	   1.4578995e+00	   1.3606361e+00	   1.2068731e+00	   1.0570501e+00	   9.5100743e-01	   8.9969808e-01	   5.9882560e-01	   5.1795360e-01	   4.2057864e-01	             NaN	             NaN	             NaN	             NaN	
   2.6422707e+00	   2.2088134e+00	   3.1581245e+00	   3.0580225e+00	   3.0243950e+00	   3.0103443e+00	   2.7280200e+00	   2.4964459e+00	   2.3625406e+00	   2.3228462e+00	   2.2297340e+00	   2.1846467e+00	   2.1801085e+00	   2.1867637e+00	   2.1490925e+00	   2.0366984e+00	   1.9057582e+00	   1.8189843e+00	   1.7277393e+00	   1.6320751e+00	   1.5155136e+00	   1.3566164e+00	   1.2388520e+00	   1.0900985e+00	   9.6682180e-01	   9.4116972e-01	   6.6992760e-01	   5.1484110e-01	   4.5866175e-01	             NaN	             NaN	             NaN	             NaN	
   1.6943914e+00	   2.5573814e+00	   2.8521293e+00	   2.9450243e+00	   3.1709800e+00	   3.0202534e+00	   2.8524934e+00	   2.5769910e+00	   2.3468960e+00	   2.2721386e+00	   2.2153414e+00	   2.2258751e+00	   2.1569835e+00	   2.1861207e+00	   2.1369384e+00	   2.0468565e+00	   1.9237143e+00	   1.8821809e+00	   1.7503270e+00	   1.6228016e+00	   1.5114620e+00	   1.3757872e+00	   1.2543837e+00	   1.1196128e+00	   9.8699263e-01	   8.9950773e-01	   7.6198310e-01	   5.6997965e-01	   4.8830219e-01	             NaN	             NaN	             NaN	             NaN	
   1.6684582e+00	   2.9496983e+00	   3.5482463e+00	   3.2519316e+00	   3.0329688e+00	   2.9217215e+00	   2.7142416e+00	   2.6204631e+00	   2.3506187e+00	   2.2743080e+00	   2.1596110e+00	   2.2115533e+00	   2.1542010e+00	   2.1594855e+00	   2.0812383e+00	   1.9937609e+00	   1.9707204e+00	   1.8925228e+00	   1.7605084e+00	   1.6398387e+00	   1.5150635e+00	   1.4210854e+00	   1.2634081e+00	   1.1356318e+00	   1.0153789e+00	   9.0205549e-01	   7.8571447e-01	   5.6626983e-01	   5.0174773e-01	   4.0351091e-01	             NaN	             NaN	             NaN	
   2.2674463e+00	   3.3412924e+00	   3.1046907e+00	   3.3702431e+00	   3.1311224e+00	   2.9690564e+00	   2.8237006e+00	   2.5260156e+00	   2.3813838e+00	   2.2443865e+00	   2.1889026e+00	   2.1336966e+00	   2.1062515e+00	   2.1250900e+00	   2.0936636e+00	   2.0356187e+00	   1.9043139e+00	   1.8338747e+00	   1.7658374e+00	   1.6657214e+00	   1.5284353e+00	   1.3725862e+00	   1.2889425e+00	   1.1535894e+00	   1.0429030e+00	   9.0455945e-01	   8.7381778e-01	   5.8237382e-01	   5.2773233e-01	   4.5635072e-01	             NaN	             NaN	             NaN	
   3.0779203e+00	   2.7596829e+00	   2.8519167e+00	   3.1418033e+00	   3.4249764e+00	   2.8880567e+00	   2.7240548e+00	   2.5856223e+00	   2.3461553e+00	   2.2115532e+00	   2.1434758e+00	   2.1366668e+00	   2.0791495e+00	   2.1136507e+00	   2.1303961e+00	   2.0035972e+00	   1.9426375e+00	   1.8231462e+00	   1.7583672e+00	   1.7335039e+00	   1.5524683e+00	   1.4520795e+00	   1.3135741e+00	   1.1853800e+00	   1.0572173e+00	   9.3314355e-01	   7.7223420e-01	   6.4617027e-01	   5.3498820e-01	   4.5436125e-01	   3.5384149e-01	             NaN	             NaN	
   3.0544755e+00	   3.5828042e+00	   3.1246928e+00	   3.3631794e+00	   3.0578936e+00	   3.0328323e+00	   2.6934790e+00	   2.4840925e+00	   2.3984727e+00	   2.2134793e+00	   2.1037836e+00	   2.1049425e+00	   2.0647695e+00	   2.0228716e+00	   2.0291814e+00	   2.0073094e+00	   1.8957279e+00	   1.8164448e+00	   1.7821536e+00	   1.6294503e+00	   1.5546634e+00	   1.4188781e+00	   1.3345947e+00	   1.2000338e+00	   1.0986092e+00	   9.6846602e-01	   8.5357710e-01	   6.7392044e-01	   5.1622866e-01	   4.8277661e-01	   3.5956913e-01	             NaN	             NaN	
   3.7478161e+00	   3.2304213e+00	   3.3005323e+00	   3.3919515e+00	   3.0828282e+00	   2.9139714e+00	   2.6730908e+00	   2.3667332e+00	   2.4093605e+00	   2.1952415e+00	   2.1142984e+00	   2.0767002e+00	   2.0650646e+00	   2.0379496e+00	   2.0064573e+00	   2.0084587e+00	   1.9163828e+00	   1.8661816e+00	   1.7581366e+00	   1.6674029e+00	   1.5167313e+00	   1.4004384e+00	   1.2922410e+00	   1.1716055e+00	   1.0666956e+00	   9.6743626e-01	   8.7037930e-01	   8.1294480e-01	   5.3871750e-01	   4.9245372e-01	   3.9367296e-01	             NaN	             NaN	
   2.4753385e+00	   3.0417149e+00	   3.2485289e+00	   3.2811065e+00	   3.2427192e+00	   3.0346037e+00	   2.7991430e+00	   2.5316421e+00	   2.2442549e+00	   2.2454218e+00	   2.1618142e+00	   2.0531394e+00	   2.0423777e+00	   2.0289035e+00	   1.9787783e+00	   1.9721671e+00	   1.8651984e+00	   1.8586963e+00	   1.7646673e+00	   1.6524340e+00	   1.5633709e+00	   1.4451329e+00	   1.3449159e+00	   1.2249806e+00	   1.1158783e+00	   1.0029660e+00	   8.6117424e-01	   7.9095750e-01	   5.3693551e-01	   5.0624989e-01	   4.2586246e-01	   3.8138343e-01	             NaN	
   2.9402077e+00	   2.8933801e+00	   3.3238217e+00	   3.2965222e+00	   3.1617716e+00	   3.0317989e+00	   2.8249808e+00	   2.4355932e+00	   2.3231319e+00	   2.2312325e+00	   2.1454244e+00	   2.0024335e+00	   2.0006126e+00	   2.0419530e+00	   2.0154011e+00	   1.9502727e+00	   1.8689816e+00	   1.8658861e+00	   1.6978190e+00	   1.7071482e+00	   1.5493932e+00	   1.4475097e+00	   1.3261317e+00	   1.2090724e+00	   1.0943977e+00	   1.0027900e+00	   8.7728292e-01	   7.5832568e-01	   6.5423752e-01	   4.9476073e-01	   4.5958398e-01	   3.7521161e-01	             NaN	
   3.3761851e+00	   3.2070113e+00	   3.5078178e+00	   3.0913330e+00	   3.1710449e+00	   2.9992087e+00	   2.8141628e+00	   2.5921632e+00	   2.3219460e+00	   2.1864388e+00	   2.0443636e+00	   1.9945540e+00	   1.9978071e+00	   2.0081618e+00	   1.9531282e+00	   1.9178693e+00	   1.8885487e+00	   1.7883436e+00	   1.7064754e+00	   1.6712941e+00	   1.5666785e+00	   1.4442637e+00	   1.3436518e+00	   1.2087462e+00	   1.0945146e+00	   1.0106543e+00	   8.9568874e-01	   8.1072004e-01	   6.3918600e-01	   5.2087038e-01	   4.8811714e-01	   4.0813214e-01	   3.1503265e-01	
   3.1668647e+00	   2.9334408e+00	   3.1209234e+00	   3.4725236e+00	   3.2622137e+00	   3.1672763e+00	   2.7195848e+00	   2.5148956e+00	   2.2190240e+00	   2.1718581e+00	   1.9750104e+00	   1.9565559e+00	   1.9679883e+00	   1.9679493e+00	   1.9345513e+00	   1.8436088e+00	   1.9161600e+00	   1.7265353e+00	   1.7134948e+00	   1.6685779e+00	   1.5550457e+00	   1.4419125e+00	   1.3408177e+00	   1.2260215e+00	   1.1417430e+00	   1.0178950e+00	   9.0869860e-01	   7.8993050e-01	   6.8367348e-01	   5.7115677e-01	   4.7190502e-01	   4.2816825e-01	   3.4643900e-01	
   3.3040740e+00	   3.0050681e+00	   3.5349240e+00	   3.4619845e+00	   3.1504196e+00	   3.1332982e+00	   2.6447104e+00	   2.4100731e+00	   2.3598639e+00	   2.1113943e+00	   2.0630397e+00	   1.9689739e+00	   1.9298510e+00	   1.9266227e+00	   1.9436075e+00	   1.8842273e+00	   1.8303968e+00	   1.7693511e+00	   1.6679505e+00	   1.6436195e+00	   1.5107112e+00	   1.4601128e+00	   1.3377130e+00	   1.2344927e+00	   1.1958199e+00	   1.0286330e+00	   9.2428155e-01	   8.3188978e-01	   7.5528184e-01	   6.0159425e-01	   4.5808006e-01	   4.0491078e-01	   3.7653194e-01	
   2.5250885e+00	   3.5704625e+00	   2.8936973e+00	   3.3979365e+00	   3.3214134e+00	   3.0467962e+00	   2.8057102e+00	   2.5158571e+00	   2.2206444e+00	   2.1483483e+00	   2.0010387e+00	   1.9193450e+00	   1.9256171e+00	   1.9473542e+00	   1.9052913e+00	   1.8801402e+00	   1.8117787e+00	   1.8039719e+00	   1.7171914e+00	   1.6323666e+00	   1.5519408e+00	   1.4696345e+00	   1.3623626e+00	   1.2135585e+00	   1.0947128e+00	   1.0433010e+00	   9.3881209e-01	   8.3758605e-01	   7.7394442e-01	   6.6293685e-01	   4.7659912e-01	   4.3403008e-01	   3.9064918e-01	
   3.4079248e+00	   3.4071535e+00	   3.6022685e+00	   3.3904407e+00	   3.2625891e+00	   2.7824634e+00	   2.6976055e+00	   2.5054578e+00	   2.1935982e+00	   2.1000548e+00	   1.9730053e+00	   1.9372336e+00	   1.9225550e+00	   1.8529043e+00	   1.9307045e+00	   1.8194429e+00	   1.8254167e+00	   1.7313870e+00	   1.7310493e+00	   1.5922571e+00	   1.5443230e+00	   1.4472555e+00	   1.3488177e+00	   1.2494404e+00	   1.1259857e+00	   1.0608163e+00	   9.5650061e-01	   8.4036265e-01	   7.4906385e-01	   6.6290685e-01	   4.9056560e-01	   4.5711362e-01	   4.0098521e-01	
   2.2823382e+00	   3.3693455e+00	   3.4352964e+00	   3.3794473e+00	   3.0322432e+00	   3.0840899e+00	   2.6296605e+00	   2.5105243e+00	   2.1461978e+00	   2.0390424e+00	   2.0020814e+00	   1.9473964e+00	   1.8866956e+00	   1.8650861e+00	   1.8547328e+00	   1.7675912e+00	   1.7921822e+00	   1.7020524e+00	   1.6981573e+00	   1.6312198e+00	   1.5421676e+00	   1.4271060e+00	   1.3387538e+00	   1.2235649e+00	   1.1262656e+00	   1.0759235e+00	   9.6583843e-01	   8.6207115e-01	   7.4114273e-01	   6.7468717e-01	   6.0681829e-01	   4.3457931e-01	   4.2651859e-01	
             NaN	   3.3503098e+00	   3.3062657e+00	   3.3361988e+00	   3.1730790e+00	   2.8718304e+00	   2.7301853e+00	   2.3782484e+00	   2.2168647e+00	   2.0887094e+00	   2.0141177e+00	   1.9101586e+00	   1.8254389e+00	   1.8348654e+00	   1.8424971e+00	   1.7444107e+00	   1.7405695e+00	   1.6849156e+00	   1.6357435e+00	   1.6061499e+00	   1.5461805e+00	   1.4536692e+00	   1.3436046e+00	   1.2214983e+00	   1.1692675e+00	   1.0589244e+00	   9.9273242e-01	   8.8312930e-01	   7.7800299e-01	   7.2085298e-01	   6.4022006e-01	   4.7680616e-01	   4.4110190e-01	
             NaN	   3.7420972e+00	   3.6162505e+00	   3.3557124e+00	   3.2253741e+00	   3.0936587e+00	   2.7470278e+00	   2.4595568e+00	   2.2084599e+00	   1.9680627e+00	   1.9446317e+00	   1.8736967e+00	   1.8560484e+00	   1.8821326e+00	   1.8154718e+00	   1.7964944e+00	   1.7415523e+00	   1.6362800e+00	   1.6102552e+00	   1.5734824e+00	   1.5353167e+00	   1.4094763e+00	   1.3164004e+00	   1.2477537e+00	   1.1490994e+00	   1.0888202e+00	   9.6190113e-01	   8.8540080e-01	   7.8319860e-01	   7.3957090e-01	   6.4242459e-01	   4.9187674e-01	   4.2253761e-01	
             NaN	   3.3371966e+00	   3.3121912e+00	   3.2658562e+00	   3.1169147e+00	   2.9697203e+00	   2.6501997e+00	   2.3729897e+00	   2.1885544e+00	   2.0481775e+00	   1.9192469e+00	   1.8715246e+00	   1.8368512e+00	   1.8903866e+00	   1.7972705e+00	   1.7487779e+00	   1.7042088e+00	   1.7050721e+00	   1.6408915e+00	   1.5366933e+00	   1.5350070e+00	   1.4045525e+00	   1.3232172e+00	   1.2255070e+00	   1.1584067e+00	   1.0825467e+00	   1.0069025e+00	   9.1996961e-01	   7.9407022e-01	   7.1654975e-01	   6.5177227e-01	   4.7987377e-01	   4.4986090e-01	
             NaN	   2.9232065e+00	   3.4357963e+00	   3.4132743e+00	   3.2209546e+00	   3.0279520e+00	   2.7159888e+00	   2.5157931e+00	   2.2752453e+00	   2.0039397e+00	   1.9587423e+00	   1.8083214e+00	   1.7873980e+00	   1.7732349e+00	   1.7440532e+00	   1.7424448e+00	   1.7046604e+00	   1.6787823e+00	   1.6011488e+00	   1.5704824e+00	   1.4874872e+00	   1.4024442e+00	   1.2896223e+00	   1.2402519e+00	   1.1717346e+00	   1.1046771e+00	   9.9006818e-01	   8.9500105e-01	   8.1050367e-01	   7.2054160e-01	   6.9440649e-01	   5.9263149e-01	   4.7150109e-01	
             NaN	   2.6730647e+00	   3.1109376e+00	   3.2950603e+00	   3.0709233e+00	   2.8611415e+00	   2.6974095e+00	   2.4449901e+00	   2.2693518e+00	   2.0139710e+00	   1.8602520e+00	   1.8401219e+00	   1.7733768e+00	   1.7339285e+00	   1.7466873e+00	   1.7729569e+00	   1.6684647e+00	   1.6230266e+00	   1.5770207e+00	   1.5580789e+00	   1.4587504e+00	   1.3405514e+00	   1.3042506e+00	   1.2112579e+00	   1.1372235e+00	   1.0786100e+00	   1.0095547e+00	   9.2015320e-01	   8.1358725e-01	   7.4903793e-01	   6.6575457e-01	   5.6983749e-01	   4.5947627e-01	
             NaN	   2.8250803e+00	   3.2005773e+00	   3.0602136e+00	   2.9359792e+00	   2.8497211e+00	   2.6643169e+00	   2.4658322e+00	   2.1877074e+00	   1.9164032e+00	   1.8665414e+00	   1.7935040e+00	   1.8139325e+00	   1.7728861e+00	   1.7105555e+00	   1.7336893e+00	   1.6654123e+00	   1.6422812e+00	   1.5659819e+00	   1.5262181e+00	   1.4846690e+00	   1.3816706e+00	   1.2747114e+00	   1.2020159e+00	   1.1309852e+00	   1.0841105e+00	   9.7786332e-01	   9.3491310e-01	   8.2138785e-01	   7.3919167e-01	   6.8361042e-01	   6.2957763e-01	   4.9826600e-01	
             NaN	             NaN	   3.5959690e+00	   3.2607039e+00	   3.0627104e+00	   2.8198557e+00	   2.5658640e+00	   2.4102774e+00	   2.1317732e+00	   2.0470696e+00	   1.8894502e+00	   1.7410860e+00	   1.6699334e+00	   1.7373630e+00	   1.6872505e+00	   1.6681517e+00	   1.6230691e+00	   1.6062888e+00	   1.5799028e+00	   1.4989635e+00	   1.4498866e+00	   1.3804384e+00	   1.2730653e+00	   1.2084359e+00	   1.1530051e+00	   1.0890473e+00	   9.7293261e-01	   9.1768970e-01	   8.5652920e-01	   7.6054452e-01	   6.6558117e-01	   6.1816504e-01	   5.2000323e-01	
             NaN	             NaN	   3.1207911e+00	   3.0234704e+00	   3.2272873e+00	   2.9807948e+00	   2.6405266e+00	   2.3232148e+00	   2.0808078e+00	   1.9972323e+00	   1.7935262e+00	   1.7345877e+00	   1.7224538e+00	   1.7120433e+00	   1.6867737e+00	   1.6389471e+00	   1.6172121e+00	   1.5676877e+00	   1.5586985e+00	   1.4751671e+00	   1.4463873e+00	   1.3920284e+00	   1.2665958e+00	   1.1986043e+00	   1.1516957e+00	   1.0380505e+00	   9.7968286e-01	   9.0153374e-01	   8.3348394e-01	   7.5087939e-01	   6.8548651e-01	   6.1261611e-01	   5.6910308e-01	
             NaN	             NaN	   3.3530608e+00	   3.3598357e+00	   2.9672174e+00	   2.6888300e+00	   2.7136004e+00	   2.3382614e+00	   2.1855396e+00	   1.9068474e+00	   1.8762883e+00	   1.7546817e+00	   1.6741840e+00	   1.6571326e+00	   1.6435631e+00	   1.5908939e+00	   1.5654314e+00	   1.5824117e+00	   1.4891789e+00	   1.4570346e+00	   1.4223784e+00	   1.3403123e+00	   1.2443659e+00	   1.1826352e+00	   1.1283452e+00	   1.0356160e+00	   9.6942977e-01	   9.2300826e-01	   8.4322934e-01	   7.5560689e-01	   6.5879867e-01	   6.2007551e-01	   5.9483184e-01	
             NaN	             NaN	   3.3283860e+00	   3.0149802e+00	   3.1647580e+00	   2.6971142e+00	   2.5060419e+00	   2.3189508e+00	   2.0748799e+00	   1.9148119e+00	   1.7868924e+00	   1.7135538e+00	   1.6742564e+00	   1.6597278e+00	   1.6083544e+00	   1.5548727e+00	   1.5702719e+00	   1.5104464e+00	   1.4782401e+00	   1.4325321e+00	   1.4011125e+00	   1.3221812e+00	   1.2420565e+00	   1.1531052e+00	   1.1289447e+00	   1.0459278e+00	   9.8135437e-01	   9.2967970e-01	   8.4994007e-01	   7.7674718e-01	   7.2324000e-01	   6.2613523e-01	   5.6169170e-01	
             NaN	             NaN	   3.0406877e+00	   3.0437484e+00	   3.0033732e+00	   2.8188355e+00	   2.4611820e+00	   2.3402362e+00	   2.0243027e+00	   1.9030706e+00	   1.7343183e+00	   1.7061597e+00	   1.6574646e+00	   1.6617269e+00	   1.6221441e+00	   1.6065265e+00	   1.5715144e+00	   1.5459019e+00	   1.4660339e+00	   1.4216568e+00	   1.4076823e+00	   1.2757916e+00	   1.2587484e+00	   1.1293531e+00	   1.1280705e+00	   1.0773848e+00	   9.8699408e-01	   9.0078111e-01	   8.4592088e-01	   7.4477253e-01	   7.3507030e-01	   6.5489607e-01	   5.8985133e-01	
             NaN	             NaN	             NaN	   3.2623952e+00	   2.9432206e+00	   2.7516216e+00	   2.6242662e+00	   2.3878306e+00	   2.0429464e+00	   1.9607669e+00	   1.7335278e+00	   1.6644034e+00	   1.6688758e+00	   1.6265258e+00	   1.5708945e+00	   1.5870308e+00	   1.5072834e+00	   1.5420701e+00	   1.4694799e+00	   1.4073300e+00	   1.3771057e+00	   1.2910565e+00	   1.2244994e+00	   1.1565320e+00	   1.0701071e+00	   1.0137626e+00	   9.6947879e-01	   9.2624599e-01	   8.4339056e-01	   7.6395464e-01	   7.2116925e-01	   6.4505455e-01	   6.0409009e-01	
             NaN	             NaN	             NaN	   3.1118938e+00	   2.8491210e+00	   2.6537813e+00	   2.5317625e+00	   2.2515117e+00	   2.0578233e+00	   1.8747358e+00	   1.7689650e+00	   1.6816385e+00	   1.5938100e+00	   1.5613403e+00	   1.5935350e+00	   1.5106518e+00	   1.4884319e+00	   1.4497635e+00	   1.4192448e+00	   1.3934830e+00	   1.3407426e+00	   1.2631582e+00	   1.2202364e+00	   1.1381098e+00	   1.0881285e+00	   1.0090923e+00	   9.3643146e-01	   9.1074699e-01	   8.1853993e-01	   7.5095329e-01	   7.1161354e-01	   6.5232110e-01	   5.9864862e-01	
             NaN	             NaN	             NaN	   2.8480574e+00	   2.9417216e+00	   2.7736136e+00	   2.5493214e+00	   2.2775416e+00	   2.0524555e+00	   1.7876804e+00	   1.6955247e+00	   1.6451691e+00	   1.5889056e+00	   1.5572447e+00	   1.5492376e+00	   1.4849104e+00	   1.4777729e+00	   1.4170844e+00	   1.3992839e+00	   1.3801428e+00	   1.2926906e+00	   1.2301512e+00	   1.1898473e+00	   1.0855975e+00	   1.0600081e+00	   1.0262870e+00	   9.4194931e-01	   9.0756084e-01	   8.2317845e-01	   7.8362047e-01	   7.2541450e-01	   6.3822095e-01	   6.1487607e-01	
             NaN	             NaN	             NaN	   2.8844012e+00	   2.8000756e+00	   2.6128222e+00	   2.5264261e+00	   2.2772405e+00	   1.9633555e+00	   1.8075009e+00	   1.7377848e+00	   1.5641128e+00	   1.5617009e+00	   1.5050479e+00	   1.4321860e+00	   1.4665831e+00	   1.4395297e+00	   1.4053865e+00	   1.3660509e+00	   1.3306915e+00	   1.2929189e+00	   1.2432160e+00	   1.1904456e+00	   1.0709542e+00	   1.0665563e+00	   1.0429417e+00	   9.3471087e-01	   8.8350843e-01	   8.2777190e-01	   7.4875108e-01	   7.2442394e-01	   6.4197469e-01	   6.0515777e-01	
             NaN	             NaN	             NaN	   2.8031316e+00	   2.8159552e+00	   2.6613982e+00	   2.4825816e+00	   2.2144445e+00	   1.9092391e+00	   1.7511422e+00	   1.6408931e+00	   1.5801999e+00	   1.5469556e+00	   1.5017706e+00	   1.5247537e+00	   1.5212410e+00	   1.3966451e+00	   1.3746980e+00	   1.3455923e+00	   1.3220057e+00	   1.2641691e+00	   1.1859423e+00	   1.1354493e+00	   1.0609226e+00	   1.0151138e+00	   9.8621207e-01	   9.4158516e-01	   8.9419256e-01	   8.0092184e-01	   7.5664052e-01	   7.1540292e-01	   6.5210843e-01	   6.0879601e-01	
             NaN	             NaN	             NaN	             NaN	   2.8961168e+00	   2.5586336e+00	   2.4015943e+00	   2.1275175e+00	   1.9257185e+00	   1.7771682e+00	   1.6829091e+00	   1.5414929e+00	   1.5421059e+00	   1.4783137e+00	   1.4420847e+00	   1.4180326e+00	   1.3550538e+00	   1.3501704e+00	   1.2738165e+00	   1.2724385e+00	   1.2775512e+00	   1.1813009e+00	   1.1098327e+00	   1.0375685e+00	   1.0109028e+00	   9.6321630e-01	   9.3010072e-01	   8.6425371e-01	   8.2552078e-01	   7.6601815e-01	   7.3086383e-01	   6.6254236e-01	   6.0533302e-01	
             NaN	             NaN	             NaN	             NaN	   2.5525746e+00	   2.6063520e+00	   2.3412873e+00	   2.0815593e+00	   1.8622809e+00	   1.7594805e+00	   1.6209522e+00	   1.5479549e+00	   1.5042760e+00	   1.4736044e+00	   1.3812899e+00	   1.4039367e+00	   1.3549933e+00	   1.3116584e+00	   1.2660976e+00	   1.2279032e+00	   1.1808511e+00	   1.1515174e+00	   1.1029806e+00	   1.0829075e+00	   9.9062094e-01	   9.6006127e-01	   9.2462033e-01	   8.4353807e-01	   8.1357563e-01	   7.7214633e-01	   7.0287678e-01	   6.9016406e-01	   5.8353684e-01	
             NaN	             NaN	             NaN	             NaN	   2.8630080e+00	   2.5019325e+00	   2.4398416e+00	   2.1158348e+00	   1.8635431e+00	   1.7418044e+00	   1.6681263e+00	   1.5339754e+00	   1.4039417e+00	   1.4479929e+00	   1.3625416e+00	   1.3699474e+00	   1.3403350e+00	   1.3251171e+00	   1.2648621e+00	   1.2488294e+00	   1.1698260e+00	   1.1279124e+00	   1.0888819e+00	   1.0175051e+00	   9.7298769e-01	   9.3617822e-01	   8.6178080e-01	   8.5029327e-01	   8.0888648e-01	   7.2082245e-01	   7.0550386e-01	   6.6167830e-01	   6.0962753e-01	
             NaN	             NaN	             NaN	             NaN	   2.6739092e+00	   2.3834638e+00	   2.1268303e+00	   2.0775126e+00	   1.8749096e+00	   1.6852413e+00	   1.6009671e+00	   1.4240427e+00	   1.4989510e+00	   1.3629480e+00	   1.3304906e+00	   1.3415270e+00	   1.2783382e+00	   1.2876261e+00	   1.2583165e+00	   1.1871689e+00	   1.1609104e+00	   1.0641635e+00	   1.0591029e+00	   9.7649879e-01	   9.8594460e-01	   8.9670880e-01	   8.7703558e-01	   8.1060423e-01	   8.0500112e-01	   7.2504861e-01	   6.9003249e-01	   6.4702413e-01	   5.9069050e-01	
             NaN	             NaN	             NaN	             NaN	   2.5111649e+00	   2.3627228e+00	   2.1859256e+00	   2.1177110e+00	   1.8135075e+00	   1.6370640e+00	   1.5506797e+00	   1.4840632e+00	   1.4488536e+00	   1.4029700e+00	   1.3353341e+00	   1.2574504e+00	   1.2174977e+00	   1.1677241e+00	   1.1857307e+00	   1.1697327e+00	   1.1251632e+00	   1.0676878e+00	   1.0263013e+00	   9.8876653e-01	   9.3113639e-01	   9.1501089e-01	   8.8953079e-01	   8.3697504e-01	   7.6182275e-01	   7.3142916e-01	   6.9564618e-01	   6.5111434e-01	   5.9800174e-01	
             NaN	             NaN	             NaN	             NaN	             NaN	   2.3772053e+00	   2.2698908e+00	   2.0179620e+00	   1.8118785e+00	   1.7516552e+00	   1.5596529e+00	   1.4340322e+00	   1.3236603e+00	   1.3283274e+00	   1.3158470e+00	   1.2021793e+00	   1.2089377e+00	   1.2158592e+00	   1.1494692e+00	   1.1419770e+00	   1.1264514e+00	   1.0585722e+00	   9.9551685e-01	   9.4252846e-01	   9.1525385e-01	   9.0733887e-01	   8.3502464e-01	   8.1589053e-01	   7.4161665e-01	   7.5567134e-01	   6.9031670e-01	   6.3219492e-01	   5.7447511e-01	
             NaN	             NaN	             NaN	             NaN	             NaN	   2.1289681e+00	   2.2171152e+00	   1.9529987e+00	   1.7651853e+00	   1.6008689e+00	   1.5291270e+00	   1.4719567e+00	   1.3403546e+00	   1.3196080e+00	   1.2735526e+00	   1.2016733e+00	   1.2104769e+00	   1.1543785e+00	   1.1366772e+00	   1.1511469e+00	   1.0685729e+00	   1.0252103e+00	   1.0085547e+00	   9.2902760e-01	   9.2373053e-01	   8.8528217e-01	   8.1927972e-01	   8.0205524e-01	   7.5355923e-01	   7.2612690e-01	   6.7721521e-01	   6.3547320e-01	   6.2056058e-01	
             NaN	             NaN	             NaN	             NaN	             NaN	   2.3168499e+00	   2.0873762e+00	   1.8994465e+00	   1.7797832e+00	   1.6243231e+00	   1.4652150e+00	   1.3619891e+00	   1.3604838e+00	   1.2684778e+00	   1.2232772e+00	   1.1311987e+00	   1.1797576e+00	   1.1665920e+00	   1.1132612e+00	   1.0885385e+00	   1.0741712e+00	   1.0113921e+00	   9.6483711e-01	   9.1027669e-01	   9.1202409e-01	   8.8244070e-01	   8.4994833e-01	   7.9180898e-01	   7.3994791e-01	   6.8764120e-01	   6.6348251e-01	   6.0251275e-01	   5.8248354e-01	
             NaN	             NaN	             NaN	             NaN	             NaN	   2.1517843e+00	   2.0899408e+00	   2.0034314e+00	   1.6315498e+00	   1.5281420e+00	   1.4316002e+00	   1.2916636e+00	   1.2961402e+00	   1.2531150e+00	   1.2096203e+00	   1.1844735e+00	   1.1846020e+00	   1.1110239e+00	   1.0794246e+00	   1.0373979e+00	   1.0581993e+00	   9.8290742e-01	   9.5263461e-01	   8.9588508e-01	   8.7202433e-01	   8.7118987e-01	   7.9394871e-01	   7.7981094e-01	   7.3346111e-01	   6.7797453e-01	   6.4725744e-01	   6.5081096e-01	   5.8842313e-01	
             NaN	             NaN	             NaN	             NaN	             NaN	   2.2186114e+00	   2.1641933e+00	   1.8676222e+00	   1.7515448e+00	   1.5362509e+00	   1.3496922e+00	   1.2910971e+00	   1.2337933e+00	   1.2233763e+00	   1.1960141e+00	   1.1538802e+00	   1.1006542e+00	   1.1324930e+00	   1.0792375e+00	   1.0022325e+00	   9.9346347e-01	   9.5649544e-01	   9.2090795e-01	   8.8391971e-01	   8.8386943e-01	   8.1719844e-01	   8.2239290e-01	   7.6843988e-01	   7.2200749e-01	   6.9834793e-01	   6.6415439e-01	   6.1729846e-01	   5.6847836e-01	
             NaN	             NaN	             NaN	             NaN	             NaN	             NaN	   2.1595688e+00	   1.7714121e+00	   1.6914041e+00	   1.5043471e+00	   1.3916166e+00	   1.3659130e+00	   1.2491262e+00	   1.1860149e+00	   1.1146435e+00	   1.1363677e+00	   1.1211337e+00	   1.0731710e+00	   1.0676782e+00	   9.7430252e-01	   9.6052751e-01	   9.0692877e-01	   9.2670967e-01	   8.9889884e-01	   8.3321350e-01	   8.0321515e-01	   7.8633808e-01	   7.6414184e-01	   7.0391532e-01	   6.6090066e-01	   6.3010808e-01	   6.1245661e-01	   5.5493389e-01	
             NaN	             NaN	             NaN	             NaN	             NaN	             NaN	   1.9391966e+00	   1.7780415e+00	   1.6769136e+00	   1.5017766e+00	   1.3685844e+00	   1.3264596e+00	   1.2011356e+00	   1.1870331e+00	   1.2011805e+00	   1.1401862e+00	   1.0817782e+00	   1.0714278e+00	   1.0063331e+00	   9.7732505e-01	   9.6181809e-01	   9.3871005e-01	   8.8597998e-01	   8.5667866e-01	   8.0241359e-01	   8.0894005e-01	   7.7136978e-01	   7.2736792e-01	   6.8197450e-01	   6.5028908e-01	   6.3119351e-01	   5.9534588e-01	   5.7813820e-01	
   0.0000000e+00	             NaN	             NaN	             NaN	             NaN	             NaN	   1.9421497e+00	   1.8347916e+00	   1.5898722e+00	   1.4292555e+00	   1.3104341e+00	   1.2445873e+00	   1.2301130e+00	   1.1413932e+00	   1.0689004e+00	   1.1253150e+00	   1.0901453e+00	   1.0204816e+00	   9.9508566e-01	   9.7344252e-01	   9.3851894e-01	   8.5663845e-01	   8.4136278e-01	   8.3262776e-01	   7.8186885e-01	   7.6491559e-01	   7.8136095e-01	   7.4019260e-01	   6.6902591e-01	   6.3896589e-01	   6.1131138e-01	   5.9050578e-01	   5.7191089e-01	
   0.0000000e+00	             NaN	             NaN	             NaN	             NaN	             NaN	   1.8860188e+00	   1.7775784e+00	   1.5030039e+00	   1.3555728e+00	   1.3434007e+00	   1.2347149e+00	   1.1624772e+00	   1.1303176e+00	   1.1250310e+00	   1.0270416e+00	   1.0652465e+00	   9.9009314e-01	   9.8487482e-01	   9.5265532e-01	   9.3756222e-01	   8.6169380e-01	   8.3742917e-01	   8.1652085e-01	   7.8703832e-01	   7.8011666e-01	   7.4835904e-01	   7.1988125e-01	   6.8563944e-01	   6.3218608e-01	   6.2534430e-01	   5.8607842e-01	   5.5518955e-01	
   0.0000000e+00	             NaN	             NaN	             NaN	             NaN	             NaN	   1.8900470e+00	   1.7203702e+00	   1.5258556e+00	   1.4228209e+00	   1.3408465e+00	   1.2388977e+00	   1.1518425e+00	   1.1390262e+00	   1.0503120e+00	   1.0494373e+00	   9.8539009e-01	   1.0026877e+00	   9.5919033e-01	   9.3539456e-01	   8.9862823e-01	   8.9062648e-01	   8.1900922e-01	   7.6772341e-01	   7.6662831e-01	   7.1572194e-01	   7.2104051e-01	   6.6160430e-01	   6.8459576e-01	   6.3562970e-01	   6.0233401e-01	   5.8422652e-01	   5.5204457e-01	
   0.0000000e+00	             NaN	             NaN	             NaN	             NaN	             NaN	             NaN	   1.7287999e+00	   1.5626143e+00	   1.3107486e+00	   1.2786989e+00	   1.2111672e+00	   1.1485531e+00	   1.1128222e+00	   1.0479574e+00	   1.0287253e+00	   9.8177375e-01	   9.5475252e-01	   9.1680259e-01	   8.8478236e-01	   8.4827252e-01	   8.0925306e-01	   8.1838748e-01	   7.8539953e-01	   7.2731634e-01	   7.4732465e-01	   6.9110083e-01	   7.0342482e-01	   6.5035776e-01	   5.9996650e-01	   6.0675953e-01	   5.5125645e-01	   5.1999737e-01	
   0.0000000e+00	             NaN	             NaN	             NaN	             NaN	             NaN	             NaN	   1.5965887e+00	   1.5139172e+00	   1.3659622e+00	   1.2162256e+00	   1.1414633e+00	   1.0895016e+00	   1.0586375e+00	   1.0183545e+00	   1.0090047e+00	   9.2812535e-01	   9.2145366e-01	   9.3939292e-01	   8.8441257e-01	   8.1744391e-01	   8.2423665e-01	   7.7974142e-01	   7.6919244e-01	   7.4303622e-01	   7.1817350e-01	   6.9192883e-01	   6.4470965e-01	   6.3873598e-01	   6.0796418e-01	   5.6795722e-01	   5.4946340e-01	   5.4386359e-01	
   0.0000000e+00	   0.0000000e+00	             NaN	             NaN	             NaN	             NaN	             NaN	   1.5567156e+00	   1.5068535e+00	   1.3634952e+00	   1.2548113e+00	   1.1258741e+00	   1.0795129e+00	   1.0413620e+00	   9.5563683e-01	   9.6376679e-01	   8.7771316e-01	   8.6907458e-01	   8.8797011e-01	   8.6949656e-01	   8.1002037e-01	   8.0088320e-01	   7.6494312e-01	   7.1473094e-01	   7.1360986e-01	   6.7537673e-01	   6.8982368e-01	   6.6503018e-01	   6.1060549e-01	   6.0778462e-01	   5.6279095e-01	   5.3202131e-01	   5.1474805e-01	
   0.0000000e+00	   0.0000000e+00	             NaN	             NaN	             NaN	             NaN	             NaN	   1.6484319e+00	   1.4624098e+00	   1.2017848e+00	   1.2454199e+00	   1.1351586e+00	   1.0564757e+00	   1.0557457e+00	   1.0006724e+00	   9.9275579e-01	   9.2911104e-01	   8.4851835e-01	   9.0136719e-01	   8.3702205e-01	   8.0131961e-01	   7.4875147e-01	   7.1600812e-01	   7.4359786e-01	   7.0163514e-01	   6.8469244e-01	   6.6976033e-01	   6.4276342e-01	   6.0869953e-01	   5.9080621e-01	   5.4584266e-01	   5.4856404e-01	   5.0897532e-01	
   0.0000000e+00	   0.0000000e+00	             NaN	             NaN	             NaN	             NaN	             NaN	   1.5924619e+00	   1.3219345e+00	   1.2886847e+00	   1.1977151e+00	   1.1003662e+00	   9.6904952e-01	   9.7701131e-01	   9.1873621e-01	   9.3299067e-01	   8.8603445e-01	   8.7126433e-01	   7.9502331e-01	   8.4862548e-01	   7.7771611e-01	   7.4574256e-01	   7.4221484e-01	   7.0723485e-01	   6.7854167e-01	   6.5569670e-01	   6.2199637e-01	   6.2292890e-01	   5.9366157e-01	   5.6803003e-01	   5.5817406e-01	   5.1336648e-01	   4.9881090e-01	
   0.0000000e+00	   0.0000000e+00	             NaN	             NaN	             NaN	             NaN	             NaN	             NaN	   1.3535906e+00	   1.3197191e+00	   1.0621896e+00	   1.0843157e+00	   1.0072294e+00	   9.2280126e-01	   9.4384103e-01	   8.5648747e-01	   8.5965277e-01	   8.0822756e-01	   7.9719718e-01	   8.0035079e-01	   7.5794118e-01	   6.9071953e-01	   7.1042704e-01	   6.9351645e-01	   6.6632439e-01	   6.2261463e-01	   6.2321126e-01	   5.9497699e-01	   5.6415048e-01	   5.3044342e-01	   5.4389060e-01	   5.0027742e-01	   5.0062876e-01	
   0.0000000e+00	   0.0000000e+00	             NaN	             NaN	             NaN	             NaN	             NaN	             NaN	   1.3237111e+00	   1.2026863e+00	   1.1341236e+00	   1.0904228e+00	   9.8630286e-01	   9.9407156e-01	   8.9055655e-01	   8.3601152e-01	   8.3551859e-01	   7.8794097e-01	   7.8076326e-01	   7.6186394e-01	   7.2215360e-01	   7.1212186e-01	   6.6250531e-01	   6.2431971e-01	   6.4490035e-01	   6.2463592e-01	   6.0551691e-01	   6.1613286e-01	   5.6831379e-01	   5.3125633e-01	   5.0265050e-01	   4.9319648e-01	   4.7416417e-01	
   0.0000000e+00	   0.0000000e+00	   0.0000000e+00	             NaN	             NaN	             NaN	             NaN	             NaN	   1.2883959e+00	   1.2256311e+00	   1.1035675e+00	   1.0000096e+00	   1.0433376e+00	   9.0143305e-01	   8.8821810e-01	   8.3804566e-01	   7.9610346e-01	   8.1106166e-01	   7.3647137e-01	   7.7855714e-01	   7.0762416e-01	   6.9376543e-01	   7.0035941e-01	   6.3399825e-01	   6.0760729e-01	   6.2571160e-01	   6.0048770e-01	   5.8247370e-01	   5.4839434e-01	   5.2102602e-01	   4.9413879e-01	   5.0981970e-01	   4.7447498e-01	
   0.0000000e+00	   0.0000000e+00	   0.0000000e+00	             NaN	             NaN	             NaN	             NaN	             NaN	   1.2104705e+00	   1.2080256e+00	   1.1134591e+00	   9.8925156e-01	   8.9828685e-01	   8.4809365e-01	   8.5491296e-01	   8.3583634e-01	   8.0627368e-01	   7.8193905e-01	   7.5410965e-01	   7.2958908e-01	   7.1028463e-01	   7.1204133e-01	   6.6170661e-01	   6.3200422e-01	   6.2120983e-01	   6.1515120e-01	   5.5094920e-01	   5.3607244e-01	   5.4195422e-01	   5.0150452e-01	   5.1055886e-01	   5.0076577e-01	   4.5499395e-01	
   0.0000000e+00	   0.0000000e+00	   0.0000000e+00	             NaN	             NaN	             NaN	             NaN	             NaN	   1.2067175e+00	   1.1435337e+00	   1.0307441e+00	   1.0162685e+00	   9.3066324e-01	   8.9825438e-01	   8.2326075e-01	   8.4155644e-01	   7.8304488e-01	   7.9104460e-01	   7.2543472e-01	   6.9289122e-01	   7.2797926e-01	   6.3483986e-01	   6.2794964e-01	   6.2753474e-01	   6.1119175e-01	   5.6824711e-01	   5.8470473e-01	   5.4198558e-01	   5.5591058e-01	   5.1667411e-01	   4.9350456e-01	   4.6132884e-01	   4.4280872e-01	
   0.0000000e+00	   0.0000000e+00	   0.0000000e+00	             NaN	             NaN	             NaN	             NaN	             NaN	   1.2765053e+00	   1.0363082e+00	   1.0015752e+00	   9.8711858e-01	   8.8368403e-01	   8.3141154e-01	   8.5215990e-01	   7.9391982e-01	   7.5630221e-01	   6.8975581e-01	   7.1234134e-01	   7.0235856e-01	   6.5584399e-01	   6.4472706e-01	   6.1346530e-01	   5.8811987e-01	   5.4724502e-01	   5.6026726e-01	   5.2863340e-01	   5.1856854e-01	   4.9476540e-01	   4.8150498e-01	   4.7702230e-01	   4.6069080e-01	   4.3962232e-01	
   0.0000000e+00	   0.0000000e+00	   0.0000000e+00	             NaN	             NaN	             NaN	             NaN	             NaN	             NaN	   1.0420589e+00	   9.7888424e-01	   9.4193849e-01	   8.7393544e-01	   8.2345340e-01	   8.6255252e-01	   7.6961422e-01	   7.4962130e-01	   7.2597034e-01	   6.9001489e-01	   6.5063956e-01	   6.5147697e-01	   6.1766941e-01	   6.1276620e-01	   5.5820330e-01	   5.7126990e-01	   5.6244295e-01	   5.2548074e-01	   5.3669239e-01	   5.0143580e-01	   4.8390537e-01	   4.7281143e-01	   4.4001057e-01	   4.3762337e-01	
   0.0000000e+00	   0.0000000e+00	   0.0000000e+00	   0.0000000e+00	             NaN	             NaN	             NaN	             NaN	             NaN	   1.1434300e+00	   1.0087662e+00	   8.6357394e-01	   8.6640342e-01	   8.2217235e-01	   7.5892181e-01	   7.9443595e-01	   7.3223007e-01	   6.5717471e-01	   6.6645972e-01	   6.6235056e-01	   6.3801976e-01	   6.0850388e-01	   5.7233190e-01	   5.5561516e-01	   5.5431823e-01	   5.4047504e-01	   5.4545798e-01	   5.0387127e-01	   4.7070425e-01	   4.5245146e-01	   4.5701685e-01	   4.4367575e-01	   3.9446316e-01	
   0.0000000e+00	   0.0000000e+00	   0.0000000e+00	   0.0000000e+00	             NaN	             NaN	             NaN	             NaN	             NaN	   1.0072975e+00	   9.9775000e-01	   8.8537452e-01	   8.1233555e-01	   7.7941623e-01	   7.8746703e-01	   7.2772443e-01	   6.8958395e-01	   6.7519548e-01	   6.7374638e-01	   6.1993948e-01	   6.3082146e-01	   5.9081073e-01	   5.4011376e-01	   5.5549941e-01	   5.4612433e-01	   5.2226522e-01	   5.0651509e-01	   4.7379415e-01	   4.5602359e-01	   4.6227594e-01	   4.4089172e-01	   4.1687352e-01	   4.0544603e-01	
   0.0000000e+00	   0.0000000e+00	   0.0000000e+00	   0.0000000e+00	             NaN	             NaN	             NaN	             NaN	             NaN	   9.9476201e-01	   1.0019107e+00	   8.6003130e-01	   7.8934051e-01	   7.2579064e-01	   7.3332686e-01	   6.8708882e-01	   6.9287169e-01	   6.7723752e-01	   6.4295896e-01	   5.9389353e-01	   5.8371993e-01	   5.6935389e-01	   5.2597063e-01	   5.3935571e-01	   5.0303511e-01	   4.8730070e-01	   5.0247880e-01	   4.7177820e-01	   4.2594614e-01	   4.6744644e-01	   4.1487706e-01	   4.1968506e-01	   3.7175309e-01	
   0.0000000e+00	   0.0000000e+00	   0.0000000e+00	   0.0000000e+00	             NaN	             NaN	             NaN	             NaN	             NaN	   9.5929382e-01	   9.5628450e-01	   8.8839946e-01	   7.8749676e-01	   7.7814955e-01	   7.5093817e-01	   6.5715876e-01	   6.6535820e-01	   6.3328308e-01	   6.2819624e-01	   6.1841053e-01	   5.7550117e-01	   5.5014194e-01	   5.3013712e-01	   5.2159607e-01	   5.0037631e-01	   4.9721543e-01	   4.7748132e-01	   4.6515557e-01	   4.2490558e-01	   4.1401515e-01	   4.1249049e-01	   3.9836714e-01	   3.9685674e-01	
   0.0000000e+00	   0.0000000e+00	   0.0000000e+00	   0.0000000e+00	             NaN	             NaN	             NaN	             NaN	             NaN	             NaN	   9.3338535e-01	   7.9690904e-01	   7.8140861e-01	   7.7447525e-01	   6.4886051e-01	   6.4445427e-01	   6.3734358e-01	   6.2158017e-01	   6.0680591e-01	   5.7011155e-01	   5.3399032e-01	   4.9966628e-01	   5.0491126e-01	   4.9968688e-01	   4.6221178e-01	   4.7672143e-01	   4.5606238e-01	   4.2182205e-01	   4.2646695e-01	   4.3087932e-01	   3.9778892e-01	   3.7603271e-01	   3.8013740e-01	
   0.0000000e+00	   0.0000000e+00	   0.0000000e+00	   0.0000000e+00	             NaN	             NaN	             NaN	             NaN	             NaN	             NaN	   8.7867592e-01	   7.6388654e-01	   7.4355419e-01	   6.9904262e-01	   6.6622472e-01	   6.5776090e-01	   6.2319995e-01	   5.8632637e-01	   5.7434947e-01	   6.1100923e-01	   5.4370375e-01	   5.1503637e-01	   4.8112509e-01	   4.7682719e-01	   4.6721326e-01	   4.6789062e-01	   4.6385334e-01	   4.6141578e-01	   3.8244618e-01	   3.8430366e-01	   3.9737052e-01	   3.7701567e-01	   3.8376316e-01	
   0.0000000e+00	   0.0000000e+00	   0.0000000e+00	   0.0000000e+00	   0.0000000e+00	             NaN	             NaN	             NaN	             NaN	             NaN	   8.8222507e-01	   7.9433005e-01	   7.2665410e-01	   7.4281781e-01	   6.5735752e-01	   6.5141313e-01	   6.0804288e-01	   5.9576224e-01	   5.5640199e-01	   5.3445818e-01	   5.5723195e-01	   4.7507223e-01	   5.0223856e-01	   4.5285416e-01	   4.3703045e-01	   4.5923019e-01	   4.3801301e-01	   4.1427459e-01	   4.2268182e-01	   4.0924269e-01	   3.7270322e-01	   3.6539792e-01	   3.6106756e-01	
   0.0000000e+00	   0.0000000e+00	   0.0000000e+00	   0.0000000e+00	   0.0000000e+00	             NaN	             NaN	             NaN	             NaN	             NaN	   8.5921842e-01	   7.4052245e-01	   7.0251606e-01	   6.2640304e-01	   6.5044909e-01	   6.3555640e-01	   5.9530050e-01	   5.7327133e-01	   5.8224355e-01	   5.0226826e-01	   4.8542054e-01	   4.7714434e-01	   4.5007322e-01	   4.5144694e-01	   4.3141234e-01	   4.2724704e-01	   4.4164098e-01	   4.0466057e-01	   3.9575560e-01	   3.8016022e-01	   3.7309799e-01	   3.6125182e-01	   3.3754358e-01	
   0.0000000e+00	   0.0000000e+00	   0.0000000e+00	   0.0000000e+00	   0.0000000e+00	             NaN	             NaN	             NaN	             NaN	             NaN	   8.0792205e-01	   7.0513896e-01	   7.1818604e-01	   6.5509894e-01	   6.3465539e-01	   5.6670859e-01	   5.7220686e-01	   5.4760251e-01	   5.2411910e-01	   5.3928663e-01	   4.9340164e-01	   4.9714038e-01	   4.5327017e-01	   4.5484510e-01	   4.0679745e-01	   4.3100136e-01	   3.8915474e-01	   3.8732318e-01	   3.8552137e-01	   3.6182307e-01	   3.4765849e-01	   3.5685145e-01	   3.5148053e-01	
   0.0000000e+00	   0.0000000e+00	   0.0000000e+00	   0.0000000e+00	   0.0000000e+00	             NaN	             NaN	             NaN	             NaN	             NaN	             NaN	   7.2400909e-01	   6.3538182e-01	   6.1686955e-01	   5.3491050e-01	   5.9759185e-01	   5.7258436e-01	   4.8939067e-01	   5.5031625e-01	   5.2543376e-01	   5.0174439e-01	   4.6927533e-01	   4.5549196e-01	   4.3489793e-01	   4.0786593e-01	   4.1001068e-01	   3.8814689e-01	   4.0089754e-01	   3.6247154e-01	   3.6640574e-01	   3.4389115e-01	   3.3517802e-01	   3.6012447e-01	
   0.0000000e+00	   0.0000000e+00	   0.0000000e+00	   0.0000000e+00	   0.0000000e+00	             NaN	             NaN	             NaN	             NaN	             NaN	             NaN	   7.2946868e-01	   7.0455837e-01	   6.5477403e-01	   6.3362902e-01	   5.6378655e-01	   5.5277956e-01	   5.0157607e-01	   5.0468514e-01	   4.7214303e-01	   4.5276809e-01	   4.5803235e-01	   4.5010847e-01	   4.2493810e-01	   4.0800694e-01	   3.7546070e-01	   3.9122859e-01	   3.7620914e-01	   3.7170388e-01	   3.6382216e-01	   3.5838487e-01	   3.3886600e-01	   3.2844507e-01	
   0.0000000e+00	   0.0000000e+00	   0.0000000e+00	   0.0000000e+00	   0.0000000e+00	   0.0000000e+00	             NaN	             NaN	             NaN	             NaN	             NaN	   6.8463774e-01	   6.3516306e-01	   5.7489532e-01	   5.6408796e-01	   6.0065083e-01	   5.0102187e-01	   4.9578929e-01	   5.2504637e-01	   4.5932001e-01	   4.3173616e-01	   4.2540663e-01	   4.1967851e-01	   4.1511751e-01	   3.9863447e-01	   3.9512026e-01	   3.7430709e-01	   3.5302579e-01	   3.5601527e-01	   3.2739075e-01	   3.2332712e-01	   3.2804251e-01	   3.0545862e-01	
   0.0000000e+00	   0.0000000e+00	   0.0000000e+00	   0.0000000e+00	   0.0000000e+00	   0.0000000e+00	             NaN	             NaN	             NaN	             NaN	             NaN	   6.5385961e-01	   6.1846829e-01	   5.8969014e-01	   5.6622038e-01	   5.5257151e-01	   5.1499984e-01	   4.9525999e-01	   4.4197104e-01	   4.8530432e-01	   4.2133037e-01	   4.2735681e-01	   3.9968841e-01	   3.8271968e-01	   4.0188565e-01	   3.5163995e-01	   3.9617320e-01	   3.4774691e-01	   3.3966880e-01	   3.3610766e-01	   3.1689254e-01	   3.2623150e-01	   3.0680329e-01	
   0.0000000e+00	   0.0000000e+00	   0.0000000e+00	   0.0000000e+00	   0.0000000e+00	   0.0000000e+00	             NaN	             NaN	             NaN	             NaN	             NaN	   6.1554214e-01	   6.3959786e-01	   6.2246677e-01	   4.9616134e-01	   5.0304299e-01	   4.7957149e-01	   4.6787007e-01	   4.2553989e-01	   4.7588710e-01	   4.3079690e-01	   4.1808061e-01	   3.9455447e-01	   3.9278494e-01	   3.6662370e-01	   3.6658410e-01	   3.7696005e-01	   3.5922393e-01	   3.3547783e-01	   3.2195357e-01	   3.2035430e-01	   3.2354240e-01	   2.8799271e-01	
   0.0000000e+00	   0.0000000e+00	   0.0000000e+00	   0.0000000e+00	   0.0000000e+00	   0.0000000e+00	             NaN	             NaN	             NaN	             NaN	             NaN	             NaN	   6.0378444e-01	   5.7955442e-01	   5.3484191e-01	   5.2563711e-01	   4.6566152e-01	   4.6765669e-01	   4.1776113e-01	   4.3378427e-01	   4.1560646e-01	   3.8541342e-01	   3.7275807e-01	   3.5697055e-01	   3.8892515e-01	   3.9045600e-01	   3.5868903e-01	   3.7163401e-01	   3.1924457e-01	   3.2265561e-01	   3.2001992e-01	   3.0474414e-01	   2.8301034e-01	
   0.0000000e+00	   0.0000000e+00	   0.0000000e+00	   0.0000000e+00	   0.0000000e+00	   0.0000000e+00	             NaN	             NaN	             NaN	             NaN	             NaN	             NaN	   6.0295955e-01	   5.0738790e-01	   4.7261914e-01	   4.6767018e-01	   4.5139288e-01	   4.2598317e-01	   4.5403127e-01	   4.0873283e-01	   3.8148402e-01	   3.7407526e-01	   3.5943240e-01	   3.6163037e-01	   3.5763440e-01	   3.3830842e-01	   3.3099905e-01	   3.2003791e-01	   3.1159059e-01	   2.9191826e-01	   2.9432136e-01	   2.9715257e-01	   2.7824626e-01	
   0.0000000e+00	   0.0000000e+00	   0.0000000e+00	   0.0000000e+00	   0.0000000e+00	   0.0000000e+00	   0.0000000e+00	             NaN	             NaN	             NaN	             NaN	             NaN	   5.6810626e-01	   5.3350450e-01	   4.6827778e-01	   4.6641804e-01	   4.4660508e-01	   4.4626516e-01	   4.0828740e-01	   4.0546439e-01	   3.9354132e-01	   3.6494118e-01	   3.7057233e-01	   3.6402038e-01	   3.5806153e-01	   3.1970302e-01	   3.1338450e-01	   3.1521869e-01	   2.9111193e-01	   2.9327098e-01	   2.8825277e-01	   2.6956996e-01	   2.8235824e-01	
   0.0000000e+00	   0.0000000e+00	   0.0000000e+00	   0.0000000e+00	   0.0000000e+00	   0.0000000e+00	   0.0000000e+00	             NaN	             NaN	             NaN	             NaN	             NaN	   5.8529063e-01	   5.4735987e-01	   4.9311766e-01	   4.3774769e-01	   4.7205878e-01	   4.6845780e-01	   3.7860474e-01	   4.0566517e-01	   3.7658080e-01	   3.4053923e-01	   3.5601183e-01	   3.2877224e-01	   3.3073818e-01	   3.2568886e-01	   3.2618107e-01	   3.1742663e-01	   2.8466325e-01	   2.7815953e-01	   2.6868383e-01	   2.6780616e-01	   2.7858006e-01	
   0.0000000e+00	   0.0000000e+00	   0.0000000e+00	   0.0000000e+00	   0.0000000e+00	   0.0000000e+00	   0.0000000e+00	             NaN	             NaN	             NaN	             NaN	             NaN	   5.5000582e-01	   4.7033526e-01	   4.3472865e-01	   4.9010445e-01	   4.3710349e-01	   3.9692885e-01	   4.1285188e-01	   3.9826116e-01	   3.5972675e-01	   3.2621080e-01	   3.2142806e-01	   3.4900714e-01	   3.0976618e-01	   3.1439532e-01	   3.0582647e-01	   2.8277304e-01	   2.9092238e-01	   2.9059248e-01	   2.9790416e-01	   2.8249697e-01	   2.5647299e-01	
   0.0000000e+00	   0.0000000e+00	   0.0000000e+00	   0.0000000e+00	   0.0000000e+00	   0.0000000e+00	   0.0000000e+00	             NaN	             NaN	             NaN	             NaN	             NaN	             NaN	   4.7270063e-01	   4.5876978e-01	   4.1302178e-01	   4.2040224e-01	   4.1918962e-01	   3.4680345e-01	   3.8518415e-01	   3.8714113e-01	   3.4434341e-01	   3.5415055e-01	   3.2291369e-01	   2.7973714e-01	   2.7910978e-01	   2.8236813e-01	   2.8722849e-01	   2.8084691e-01	   2.7263021e-01	   2.2371409e-01	   2.8232665e-01	   2.3339698e-01	
   0.0000000e+00	   0.0000000e+00	   0.0000000e+00	   0.0000000e+00	   0.0000000e+00	   0.0000000e+00	   0.0000000e+00	             NaN	             NaN	             NaN	             NaN	             NaN	             NaN	   4.4404573e-01	   4.8166007e-01	   4.3849599e-01	   3.8423184e-01	   3.8479461e-01	   3.8695594e-01	   3.6336407e-01	   3.4558874e-01	   3.3116159e-01	   2.9633280e-01	   3.2213094e-01	   3.0670232e-01	   3.0187434e-01	   2.7482808e-01	   2.7550969e-01	   2.5023845e-01	   2.4936367e-01	   2.6381877e-01	   2.7521029e-01	   2.4138193e-01	
   0.0000000e+00	   0.0000000e+00	   0.0000000e+00	   0.0000000e+00	   0.0000000e+00	   0.0000000e+00	   0.0000000e+00	   0.0000000e+00	             NaN	             NaN	             NaN	             NaN	             NaN	   4.6523355e-01	   4.1759492e-01	   4.0734729e-01	   4.3346077e-01	   3.7641373e-01	   3.6983200e-01	   3.5519507e-01	   3.2313633e-01	   3.1969745e-01	   2.7961302e-01	   2.7549866e-01	   2.7606483e-01	   2.9958138e-01	   2.8113636e-01	   2.8074666e-01	   2.5004992e-01	   2.4629108e-01	   2.5488646e-01	   2.3380950e-01	   2.1239693e-01	
   0.0000000e+00	   0.0000000e+00	   0.0000000e+00	   0.0000000e+00	   0.0000000e+00	   0.0000000e+00	   0.0000000e+00	   0.0000000e+00	             NaN	             NaN	             NaN	             NaN	             NaN	   4.1776644e-01	   4.6991341e-01	   4.0636674e-01	   3.7974139e-01	   3.6973276e-01	   3.7064024e-01	   3.2449785e-01	   2.8101845e-01	   3.2347282e-01	   2.8715985e-01	   2.6810587e-01	   2.7942254e-01	   2.7255557e-01	   2.6856624e-01	   2.5095277e-01	   2.5386714e-01	   2.5194349e-01	   2.3872796e-01	   2.3182619e-01	   2.2442775e-01	
   0.0000000e+00	   0.0000000e+00	   0.0000000e+00	   0.0000000e+00	   0.0000000e+00	   0.0000000e+00	   0.0000000e+00	   0.0000000e+00	             NaN	             NaN	             NaN	             NaN	             NaN	   4.4597797e-01	   4.1127898e-01	   3.5932590e-01	   3.9707346e-01	   3.5464416e-01	   3.1567368e-01	   3.2304693e-01	   3.1297717e-01	   2.9490840e-01	   2.8524107e-01	   2.6800585e-01	   2.6231547e-01	   2.8294634e-01	   2.6391691e-01	   2.6821351e-01	   2.5216122e-01	   2.2065452e-01	   2.2857555e-01	   2.4711603e-01	   2.2164639e-01	
   0.0000000e+00	   0.0000000e+00	   0.0000000e+00	   0.0000000e+00	   0.0000000e+00	   0.0000000e+00	   0.0000000e+00	   0.0000000e+00	             NaN	             NaN	             NaN	             NaN	             NaN	             NaN	   4.2088554e-01	   3.6638523e-01	   3.1120956e-01	   3.0924068e-01	   3.5646313e-01	   3.3133779e-01	   3.0213898e-01	   2.9088518e-01	   2.5652891e-01	   2.5904424e-01	   2.6440453e-01	   2.4285921e-01	   2.2592123e-01	   2.3845011e-01	   2.3354225e-01	   2.4826495e-01	   2.1867243e-01	   2.2161356e-01	   2.3748818e-01	
   0.0000000e+00	   0.0000000e+00	   0.0000000e+00	   0.0000000e+00	   0.0000000e+00	   0.0000000e+00	   0.0000000e+00	   0.0000000e+00	             NaN	             NaN	             NaN	             NaN	             NaN	             NaN	   3.9256334e-01	   3.7839286e-01	   3.2010632e-01	   3.6347151e-01	   3.1136568e-01	   2.8878457e-01	   3.0398872e-01	   2.7367080e-01	   2.6929893e-01	   2.4174384e-01	   2.4436063e-01	   2.6092395e-01	   2.3098738e-01	   2.3442530e-01	   2.3316487e-01	   2.2252343e-01	   2.2172574e-01	   2.2270437e-01	   1.9883579e-01	
   0.0000000e+00	   0.0000000e+00	   0.0000000e+00	   0.0000000e+00	   0.0000000e+00	   0.0000000e+00	   0.0000000e+00	   0.0000000e+00	   0.0000000e+00	             NaN	             NaN	             NaN	             NaN	             NaN	   4.3102464e-01	   3.2475535e-01	   3.3379148e-01	   3.2439432e-01	   3.0922958e-01	   2.8997078e-01	   2.6529517e-01	   2.6212892e-01	   2.4529233e-01	   2.5535024e-01	   2.2397420e-01	   2.4564704e-01	   2.3695657e-01	   2.3876089e-01	   2.3253653e-01	   2.1530445e-01	   2.0219380e-01	   1.9800533e-01	   1.9636311e-01	
   0.0000000e+00	   0.0000000e+00	   0.0000000e+00	   0.0000000e+00	   0.0000000e+00	   0.0000000e+00	   0.0000000e+00	   0.0000000e+00	   0.0000000e+00	             NaN	             NaN	             NaN	             NaN	             NaN	   3.6466262e-01	   3.5281122e-01	   3.2646408e-01	   3.2281656e-01	   3.1449854e-01	   2.5982704e-01	   2.9290622e-01	   2.6629641e-01	   2.5242152e-01	   2.6182172e-01	   2.6247773e-01	   2.4582225e-01	   2.1583694e-01	   2.3566482e-01	   2.0110485e-01	   2.2931044e-01	   2.0768347e-01	   2.1150425e-01	   1.9117461e-01	
   0.0000000e+00	   0.0000000e+00	   0.0000000e+00	   0.0000000e+00	   0.0000000e+00	   0.0000000e+00	   0.0000000e+00	   0.0000000e+00	   0.0000000e+00	             NaN	             NaN	             NaN	             NaN	             NaN	   3.4567418e-01	   3.2662199e-01	   2.9986965e-01	   2.9312887e-01	   2.8450395e-01	   2.7923388e-01	   2.6601901e-01	   2.3287314e-01	   2.4939777e-01	   2.1266295e-01	   2.6020266e-01	   2.4773857e-01	   2.1395945e-01	   2.3672740e-01	   2.0317842e-01	   2.0811274e-01	   2.0260162e-01	   2.1136143e-01	   1.8451164e-01	
   0.0000000e+00	   0.0000000e+00	   0.0000000e+00	   0.0000000e+00	   0.0000000e+00	   0.0000000e+00	   0.0000000e+00	   0.0000000e+00	   0.0000000e+00	             NaN	             NaN	             NaN	             NaN	             NaN	             NaN	   3.4553666e-01	   3.0330709e-01	   2.6243693e-01	   2.6765934e-01	   2.7249275e-01	   2.3422494e-01	   2.6370027e-01	   2.4238023e-01	   2.2189813e-01	   2.2394578e-01	   2.1829816e-01	   2.0539103e-01	   2.1656147e-01	   2.0698605e-01	   2.0639378e-01	   1.6968502e-01	   1.9943083e-01	   1.6561205e-01	
   0.0000000e+00	   0.0000000e+00	   0.0000000e+00	   0.0000000e+00	   0.0000000e+00	   0.0000000e+00	   0.0000000e+00	   0.0000000e+00	   0.0000000e+00	             NaN	             NaN	             NaN	             NaN	             NaN	             NaN	   3.4272378e-01	   2.9700752e-01	   2.7372924e-01	   2.8228007e-01	   2.6942887e-01	   2.4753340e-01	   2.3376884e-01	   2.4400169e-01	   2.0199471e-01	   2.1842055e-01	   2.1047042e-01	   2.1614992e-01	   2.1995721e-01	   1.7531112e-01	   1.8381382e-01	   1.7633751e-01	   1.8123997e-01	   1.8664896e-01	
   0.0000000e+00	   0.0000000e+00	   0.0000000e+00	   0.0000000e+00	   0.0000000e+00	   0.0000000e+00	   0.0000000e+00	   0.0000000e+00	   0.0000000e+00	   0.0000000e+00	             NaN	             NaN	             NaN	             NaN	             NaN	   2.9947310e-01	   3.0695647e-01	   2.5021181e-01	   2.4047055e-01	   2.3172514e-01	   2.3318380e-01	   2.0328538e-01	   2.2700302e-01	   2.2476698e-01	   2.1286864e-01	   1.9589551e-01	   1.9714979e-01	   2.0829333e-01	   1.7559594e-01	   1.8682620e-01	   1.6618439e-01	   1.8339848e-01	   1.6754472e-01	
