  -2.0983005e+00	  -5.5228078e+00	  -3.0488520e+00	             NaN	             NaN	             NaN	             NaN	             NaN	             NaN	             NaN	             NaN	             NaN	             NaN	             NaN	   0.0000000e+00	   0.0000000e+00	   0.0000000e+00	   0.0000000e+00	   0.0000000e+00	   0.0000000e+00	   0.0000000e+00	   0.0000000e+00	   0.0000000e+00	   0.0000000e+00	   0.0000000e+00	   0.0000000e+00	   0.0000000e+00	   0.0000000e+00	   0.0000000e+00	   0.0000000e+00	   0.0000000e+00	   0.0000000e+00	   0.0000000e+00	
  -4.3511248e+00	  -8.3769806e-01	  -3.1123492e+00	             NaN	             NaN	             NaN	             NaN	             NaN	             NaN	             NaN	             NaN	             NaN	             NaN	             NaN	   0.0000000e+00	   0.0000000e+00	   0.0000000e+00	   0.0000000e+00	   0.0000000e+00	   0.0000000e+00	   0.0000000e+00	   0.0000000e+00	   0.0000000e+00	   0.0000000e+00	   0.0000000e+00	   0.0000000e+00	   0.0000000e+00	   0.0000000e+00	   0.0000000e+00	   0.0000000e+00	   0.0000000e+00	   0.0000000e+00	   0.0000000e+00	
   8.1539170e-02	  -1.9440836e+00	  -2.7862891e+00	             NaN	             NaN	             NaN	             NaN	             NaN	             NaN	             NaN	             NaN	             NaN	             NaN	             NaN	   0.0000000e+00	   0.0000000e+00	   0.0000000e+00	   0.0000000e+00	   0.0000000e+00	   0.0000000e+00	   0.0000000e+00	   0.0000000e+00	   0.0000000e+00	   0.0000000e+00	   0.0000000e+00	   0.0000000e+00	   0.0000000e+00	   0.0000000e+00	   0.0000000e+00	   0.0000000e+00	   0.0000000e+00	   0.0000000e+00	   0.0000000e+00	
  -1.9942021e-01	  -1.7313029e+00	  -3.5789066e-01	  -4.0846809e-02	             NaN	             NaN	             NaN	             NaN	             NaN	             NaN	             NaN	             NaN	             NaN	             NaN	             NaN	   0.0000000e+00	   0.0000000e+00	   0.0000000e+00	   0.0000000e+00	   0.0000000e+00	   0.0000000e+00	   0.0000000e+00	   0.0000000e+00	   0.0000000e+00	   0.0000000e+00	   0.0000000e+00	   0.0000000e+00	   0.0000000e+00	   0.0000000e+00	   0.0000000e+00	   0.0000000e+00	   0.0000000e+00	   0.0000000e+00	
  -2.8053371e-01	  -9.0654480e-01	   4.1095225e-02	   1.4935208e+00	             NaN	             NaN	             NaN	             NaN	             NaN	             NaN	             NaN	             NaN	             NaN	             NaN	             NaN	   0.0000000e+00	   0.0000000e+00	   0.0000000e+00	   0.0000000e+00	   0.0000000e+00	   0.0000000e+00	   0.0000000e+00	   0.0000000e+00	   0.0000000e+00	   0.0000000e+00	   0.0000000e+00	   0.0000000e+00	   0.0000000e+00	   0.0000000e+00	   0.0000000e+00	   0.0000000e+00	   0.0000000e+00	   0.0000000e+00	
   2.5134469e+00	   8.6702575e-01	   1.7696940e-01	   1.5329395e+00	   2.8821385e+00	             NaN	             NaN	             NaN	             NaN	             NaN	             NaN	             NaN	             NaN	             NaN	             NaN	             NaN	   0.0000000e+00	   0.0000000e+00	   0.0000000e+00	   0.0000000e+00	   0.0000000e+00	   0.0000000e+00	   0.0000000e+00	   0.0000000e+00	   0.0000000e+00	   0.0000000e+00	   0.0000000e+00	   0.0000000e+00	   0.0000000e+00	   0.0000000e+00	   0.0000000e+00	   0.0000000e+00	   0.0000000e+00	
   8.1041964e-01	   4.2595374e-01	   1.5480026e+00	   1.8608607e+00	   2.9553008e+00	             NaN	             NaN	             NaN	             NaN	             NaN	             NaN	             NaN	             NaN	             NaN	             NaN	             NaN	   0.0000000e+00	   0.0000000e+00	   0.0000000e+00	   0.0000000e+00	   0.0000000e+00	   0.0000000e+00	   0.0000000e+00	   0.0000000e+00	   0.0000000e+00	   0.0000000e+00	   0.0000000e+00	   0.0000000e+00	   0.0000000e+00	   0.0000000e+00	   0.0000000e+00	   0.0000000e+00	   0.0000000e+00	
   1.2628714e+00	   2.0519360e-01	   2.0582795e+00	   2.6345806e+00	   2.6032550e+00	             NaN	             NaN	             NaN	             NaN	             NaN	             NaN	             NaN	             NaN	             NaN	             NaN	             NaN	   0.0000000e+00	   0.0000000e+00	   0.0000000e+00	   0.0000000e+00	   0.0000000e+00	   0.0000000e+00	   0.0000000e+00	   0.0000000e+00	   0.0000000e+00	   0.0000000e+00	   0.0000000e+00	   0.0000000e+00	   0.0000000e+00	   0.0000000e+00	   0.0000000e+00	   0.0000000e+00	   0.0000000e+00	
   2.7322343e+00	   2.1006984e+00	   2.0455431e+00	   2.6901189e+00	   3.2693312e+00	   4.0444340e+00	             NaN	             NaN	             NaN	             NaN	             NaN	             NaN	             NaN	             NaN	             NaN	             NaN	             NaN	   0.0000000e+00	   0.0000000e+00	   0.0000000e+00	   0.0000000e+00	   0.0000000e+00	   0.0000000e+00	   0.0000000e+00	   0.0000000e+00	   0.0000000e+00	   0.0000000e+00	   0.0000000e+00	   0.0000000e+00	   0.0000000e+00	   0.0000000e+00	   0.0000000e+00	   0.0000000e+00	
   2.6031107e+00	   1.3345194e+00	   1.8140422e+00	   2.5312908e+00	   3.2633566e+00	   4.0184357e+00	             NaN	             NaN	             NaN	             NaN	             NaN	             NaN	             NaN	             NaN	             NaN	             NaN	             NaN	   0.0000000e+00	   0.0000000e+00	   0.0000000e+00	   0.0000000e+00	   0.0000000e+00	   0.0000000e+00	   0.0000000e+00	   0.0000000e+00	   0.0000000e+00	   0.0000000e+00	   0.0000000e+00	   0.0000000e+00	   0.0000000e+00	   0.0000000e+00	   0.0000000e+00	   0.0000000e+00	
   1.4758540e+00	   1.2306527e+00	   2.3380005e+00	   2.9030289e+00	   3.3270795e+00	   3.9882420e+00	   4.6391058e+00	             NaN	             NaN	             NaN	             NaN	             NaN	             NaN	             NaN	             NaN	             NaN	             NaN	             NaN	   0.0000000e+00	   0.0000000e+00	   0.0000000e+00	   0.0000000e+00	   0.0000000e+00	   0.0000000e+00	   0.0000000e+00	   0.0000000e+00	   0.0000000e+00	   0.0000000e+00	   0.0000000e+00	   0.0000000e+00	   0.0000000e+00	   0.0000000e+00	   0.0000000e+00	
   3.3821745e+00	   2.4970965e+00	   2.1730813e+00	   3.5192459e+00	   3.7032242e+00	   4.0962920e+00	   4.7046442e+00	             NaN	             NaN	             NaN	             NaN	             NaN	             NaN	             NaN	             NaN	             NaN	             NaN	             NaN	   0.0000000e+00	   0.0000000e+00	   0.0000000e+00	   0.0000000e+00	   0.0000000e+00	   0.0000000e+00	   0.0000000e+00	   0.0000000e+00	   0.0000000e+00	   0.0000000e+00	   0.0000000e+00	   0.0000000e+00	   0.0000000e+00	   0.0000000e+00	   0.0000000e+00	
   2.7832036e+00	   2.3400117e+00	   3.2828703e+00	   3.2418799e+00	   3.9668487e+00	   4.2809555e+00	   4.8657873e+00	             NaN	             NaN	             NaN	             NaN	             NaN	             NaN	             NaN	             NaN	             NaN	             NaN	             NaN	   0.0000000e+00	   0.0000000e+00	   0.0000000e+00	   0.0000000e+00	   0.0000000e+00	   0.0000000e+00	   0.0000000e+00	   0.0000000e+00	   0.0000000e+00	   0.0000000e+00	   0.0000000e+00	   0.0000000e+00	   0.0000000e+00	   0.0000000e+00	   0.0000000e+00	
   3.5750784e+00	   2.5392701e+00	   3.4489817e+00	   3.3514327e+00	   3.6696009e+00	   4.1266624e+00	   4.8009111e+00	   4.6609239e+00	             NaN	             NaN	             NaN	             NaN	             NaN	             NaN	             NaN	             NaN	             NaN	             NaN	             NaN	   0.0000000e+00	   0.0000000e+00	   0.0000000e+00	   0.0000000e+00	   0.0000000e+00	   0.0000000e+00	   0.0000000e+00	   0.0000000e+00	   0.0000000e+00	   0.0000000e+00	   0.0000000e+00	   0.0000000e+00	   0.0000000e+00	   0.0000000e+00	
   3.3120746e+00	   2.8320510e+00	   3.3740903e+00	   3.6736684e+00	   4.0760205e+00	   4.1732894e+00	   4.6655055e+00	   4.4539822e+00	             NaN	             NaN	             NaN	             NaN	             NaN	             NaN	             NaN	             NaN	             NaN	             NaN	             NaN	   0.0000000e+00	   0.0000000e+00	   0.0000000e+00	   0.0000000e+00	   0.0000000e+00	   0.0000000e+00	   0.0000000e+00	   0.0000000e+00	   0.0000000e+00	   0.0000000e+00	   0.0000000e+00	   0.0000000e+00	   0.0000000e+00	   0.0000000e+00	
   3.2641022e+00	   2.8672807e+00	   3.2809359e+00	   3.7514679e+00	   3.8598842e+00	   3.9709212e+00	   4.4945315e+00	   4.4982550e+00	   4.1316156e+00	             NaN	             NaN	             NaN	             NaN	             NaN	             NaN	             NaN	             NaN	             NaN	             NaN	             NaN	   0.0000000e+00	   0.0000000e+00	   0.0000000e+00	   0.0000000e+00	   0.0000000e+00	   0.0000000e+00	   0.0000000e+00	   0.0000000e+00	   0.0000000e+00	   0.0000000e+00	   0.0000000e+00	   0.0000000e+00	   0.0000000e+00	
   3.1202250e+00	   3.1170526e+00	   3.4802999e+00	   3.6162232e+00	   4.0475824e+00	   4.1128879e+00	   4.5432465e+00	   4.2993291e+00	   4.0655858e+00	             NaN	             NaN	             NaN	             NaN	             NaN	             NaN	             NaN	             NaN	             NaN	             NaN	             NaN	   0.0000000e+00	   0.0000000e+00	   0.0000000e+00	   0.0000000e+00	   0.0000000e+00	   0.0000000e+00	   0.0000000e+00	   0.0000000e+00	   0.0000000e+00	   0.0000000e+00	   0.0000000e+00	   0.0000000e+00	   0.0000000e+00	
   2.9007060e+00	   3.3987368e+00	   3.8074122e+00	   3.6554757e+00	   3.6212078e+00	   4.1824525e+00	   4.4476099e+00	   4.3345266e+00	   3.9341215e+00	             NaN	             NaN	             NaN	             NaN	             NaN	             NaN	             NaN	             NaN	             NaN	             NaN	             NaN	   0.0000000e+00	   0.0000000e+00	   0.0000000e+00	   0.0000000e+00	   0.0000000e+00	   0.0000000e+00	   0.0000000e+00	   0.0000000e+00	   0.0000000e+00	   0.0000000e+00	   0.0000000e+00	   0.0000000e+00	   0.0000000e+00	
   2.9117774e+00	   3.4190255e+00	   3.5560285e+00	   3.6031578e+00	   4.0958413e+00	   4.2040469e+00	   4.2598859e+00	   4.1244460e+00	   3.8603187e+00	   3.1704373e+00	             NaN	             NaN	             NaN	             NaN	             NaN	             NaN	             NaN	             NaN	             NaN	             NaN	             NaN	   0.0000000e+00	   0.0000000e+00	   0.0000000e+00	   0.0000000e+00	   0.0000000e+00	   0.0000000e+00	   0.0000000e+00	   0.0000000e+00	   0.0000000e+00	   0.0000000e+00	   0.0000000e+00	   0.0000000e+00	
   2.5476477e+00	   2.7480743e+00	   3.2273244e+00	   4.1765823e+00	   4.1707083e+00	   4.2143583e+00	   4.2008051e+00	   4.1288370e+00	   3.6860690e+00	   3.2012437e+00	             NaN	             NaN	             NaN	             NaN	             NaN	             NaN	             NaN	             NaN	             NaN	             NaN	             NaN	   0.0000000e+00	   0.0000000e+00	   0.0000000e+00	   0.0000000e+00	   0.0000000e+00	   0.0000000e+00	   0.0000000e+00	   0.0000000e+00	   0.0000000e+00	   0.0000000e+00	   0.0000000e+00	   0.0000000e+00	
   2.4092006e+00	   2.8708606e+00	   3.2298499e+00	   3.6058928e+00	   3.7957861e+00	   3.9059586e+00	   4.0301608e+00	   4.0380723e+00	   3.5512976e+00	   3.1433522e+00	   2.7276710e+00	             NaN	             NaN	             NaN	             NaN	             NaN	             NaN	             NaN	             NaN	             NaN	             NaN	             NaN	   0.0000000e+00	   0.0000000e+00	   0.0000000e+00	   0.0000000e+00	   0.0000000e+00	   0.0000000e+00	   0.0000000e+00	   0.0000000e+00	   0.0000000e+00	   0.0000000e+00	   0.0000000e+00	
   2.7972995e+00	   2.9205802e+00	   3.3208364e+00	   3.5382408e+00	   3.7651602e+00	   3.7275965e+00	   3.9792485e+00	   3.9556662e+00	   3.5872925e+00	   3.2294965e+00	   2.6224103e+00	             NaN	             NaN	             NaN	             NaN	             NaN	             NaN	             NaN	             NaN	             NaN	             NaN	             NaN	   0.0000000e+00	   0.0000000e+00	   0.0000000e+00	   0.0000000e+00	   0.0000000e+00	   0.0000000e+00	   0.0000000e+00	   0.0000000e+00	   0.0000000e+00	   0.0000000e+00	   0.0000000e+00	
   3.0279298e+00	   3.4246405e+00	   3.3969355e+00	   3.6247252e+00	   3.8421083e+00	   3.9944073e+00	   3.9035769e+00	   3.7741166e+00	   3.5383737e+00	   3.1324763e+00	   2.5036356e+00	             NaN	             NaN	             NaN	             NaN	             NaN	             NaN	             NaN	             NaN	             NaN	             NaN	             NaN	   0.0000000e+00	   0.0000000e+00	   0.0000000e+00	   0.0000000e+00	   0.0000000e+00	   0.0000000e+00	   0.0000000e+00	   0.0000000e+00	   0.0000000e+00	   0.0000000e+00	   0.0000000e+00	
   2.6063520e+00	   3.1446365e+00	   3.3073046e+00	   3.3942872e+00	   3.7586291e+00	   3.7646210e+00	   3.7740691e+00	   3.7737759e+00	   3.6138155e+00	   3.1417111e+00	   2.3897436e+00	   2.4003760e+00	             NaN	             NaN	             NaN	             NaN	             NaN	             NaN	             NaN	             NaN	             NaN	             NaN	             NaN	   0.0000000e+00	   0.0000000e+00	   0.0000000e+00	   0.0000000e+00	   0.0000000e+00	   0.0000000e+00	   0.0000000e+00	   0.0000000e+00	   0.0000000e+00	   0.0000000e+00	
   3.1207142e+00	   3.4382351e+00	   3.8760624e+00	   3.7147243e+00	   3.3458168e+00	   3.4736726e+00	   3.5098248e+00	   3.5757440e+00	   3.3511539e+00	   3.0280390e+00	   2.4691221e+00	   2.0377632e+00	             NaN	             NaN	             NaN	             NaN	             NaN	             NaN	             NaN	             NaN	             NaN	             NaN	             NaN	   0.0000000e+00	   0.0000000e+00	   0.0000000e+00	   0.0000000e+00	   0.0000000e+00	   0.0000000e+00	   0.0000000e+00	   0.0000000e+00	   0.0000000e+00	   0.0000000e+00	
   3.6208762e+00	   3.2379457e+00	   3.2136773e+00	   3.3410797e+00	   3.3203784e+00	   3.4603596e+00	   3.4786609e+00	   3.5352716e+00	   3.2080760e+00	   2.9194299e+00	   2.5357193e+00	   1.9449447e+00	   2.0925851e+00	             NaN	             NaN	             NaN	             NaN	             NaN	             NaN	             NaN	             NaN	             NaN	             NaN	             NaN	   0.0000000e+00	   0.0000000e+00	   0.0000000e+00	   0.0000000e+00	   0.0000000e+00	   0.0000000e+00	   0.0000000e+00	   0.0000000e+00	   0.0000000e+00	
   3.0707615e+00	   3.0244786e+00	   3.0717950e+00	   3.0904570e+00	   3.2524576e+00	   3.2660404e+00	   3.3575544e+00	   3.3372994e+00	   3.2164378e+00	   2.8980589e+00	   2.4496335e+00	   1.8880431e+00	   1.7013107e+00	             NaN	             NaN	             NaN	             NaN	             NaN	             NaN	             NaN	             NaN	             NaN	             NaN	             NaN	   0.0000000e+00	   0.0000000e+00	   0.0000000e+00	   0.0000000e+00	   0.0000000e+00	   0.0000000e+00	   0.0000000e+00	   0.0000000e+00	   0.0000000e+00	
   2.2946038e+00	   3.0342116e+00	   2.7959221e+00	   3.2121002e+00	   3.2937037e+00	   3.1878417e+00	   3.1936512e+00	   3.1467405e+00	   3.0761122e+00	   2.7674884e+00	   2.4233593e+00	   1.9241162e+00	   1.5660584e+00	             NaN	             NaN	             NaN	             NaN	             NaN	             NaN	             NaN	             NaN	             NaN	             NaN	             NaN	   0.0000000e+00	   0.0000000e+00	   0.0000000e+00	   0.0000000e+00	   0.0000000e+00	   0.0000000e+00	   0.0000000e+00	   0.0000000e+00	   0.0000000e+00	
   2.9587179e+00	   2.9151917e+00	   3.1283216e+00	   3.1732264e+00	   3.3429441e+00	   3.2196015e+00	   3.2190736e+00	   3.2370805e+00	   2.9071510e+00	   2.8517892e+00	   2.4449647e+00	   1.9551042e+00	   1.6352215e+00	   1.4108440e+00	             NaN	             NaN	             NaN	             NaN	             NaN	             NaN	             NaN	             NaN	             NaN	             NaN	             NaN	   0.0000000e+00	   0.0000000e+00	   0.0000000e+00	   0.0000000e+00	   0.0000000e+00	   0.0000000e+00	   0.0000000e+00	   0.0000000e+00	
   2.7084729e+00	   2.7876947e+00	   2.6583818e+00	   2.9433569e+00	   3.1308600e+00	   2.9206605e+00	   2.9851175e+00	   2.9805667e+00	   2.8388736e+00	   2.7230654e+00	   2.3081750e+00	   1.8222611e+00	   1.5212455e+00	   1.4322277e+00	             NaN	             NaN	             NaN	             NaN	             NaN	             NaN	             NaN	             NaN	             NaN	             NaN	             NaN	   0.0000000e+00	   0.0000000e+00	   0.0000000e+00	   0.0000000e+00	   0.0000000e+00	   0.0000000e+00	   0.0000000e+00	   0.0000000e+00	
   1.8963540e+00	   2.7353657e+00	   2.4715459e+00	   2.9375815e+00	   2.9692601e+00	   2.8439308e+00	   2.9269438e+00	   2.7047429e+00	   2.7584128e+00	   2.5289635e+00	   2.2828950e+00	   1.9055944e+00	   1.5222859e+00	   1.3813589e+00	   1.4151997e+00	             NaN	             NaN	             NaN	             NaN	             NaN	             NaN	             NaN	             NaN	             NaN	             NaN	             NaN	   0.0000000e+00	   0.0000000e+00	   0.0000000e+00	   0.0000000e+00	   0.0000000e+00	   0.0000000e+00	   0.0000000e+00	
   2.1620759e+00	   2.3979059e+00	   3.0639871e+00	   3.0610610e+00	   2.8565942e+00	   3.0163674e+00	   2.9301611e+00	   2.8632172e+00	   2.6920157e+00	   2.4966917e+00	   2.2665175e+00	   2.0001345e+00	   1.5824457e+00	   1.3596838e+00	   1.4384835e+00	             NaN	             NaN	             NaN	             NaN	             NaN	             NaN	             NaN	             NaN	             NaN	             NaN	             NaN	   0.0000000e+00	   0.0000000e+00	   0.0000000e+00	   0.0000000e+00	   0.0000000e+00	   0.0000000e+00	   0.0000000e+00	
   3.0161782e+00	   2.7796999e+00	   2.6100487e+00	   2.5495141e+00	   2.9362013e+00	   2.8120944e+00	   2.8963999e+00	   2.7644684e+00	   2.6684048e+00	   2.5722739e+00	   2.3029220e+00	   1.9566297e+00	   1.5860856e+00	   1.3344781e+00	   1.4640192e+00	             NaN	             NaN	             NaN	             NaN	             NaN	             NaN	             NaN	             NaN	             NaN	             NaN	             NaN	   0.0000000e+00	   0.0000000e+00	   0.0000000e+00	   0.0000000e+00	   0.0000000e+00	   0.0000000e+00	   0.0000000e+00	
   1.9888565e+00	   1.9037841e+00	   2.4861854e+00	   2.9949709e+00	   2.6481156e+00	   2.9143262e+00	   2.7950799e+00	   2.7395466e+00	   2.6000610e+00	   2.5936034e+00	   2.3308817e+00	   1.9674545e+00	   1.6858197e+00	   1.4447361e+00	   1.2572142e+00	   1.3199989e+00	             NaN	             NaN	             NaN	             NaN	             NaN	             NaN	             NaN	             NaN	             NaN	             NaN	             NaN	   0.0000000e+00	   0.0000000e+00	   0.0000000e+00	   0.0000000e+00	   0.0000000e+00	   0.0000000e+00	
   2.6445269e+00	   2.6054063e+00	   2.8654051e+00	   2.9009408e+00	   2.7421913e+00	   2.6190992e+00	   2.8466101e+00	   2.5760436e+00	   2.5883510e+00	   2.4835951e+00	   2.3413749e+00	   2.0547969e+00	   1.6292563e+00	   1.4920797e+00	   1.3203739e+00	   1.4040241e+00	             NaN	             NaN	             NaN	             NaN	             NaN	             NaN	             NaN	             NaN	             NaN	             NaN	             NaN	   0.0000000e+00	   0.0000000e+00	   0.0000000e+00	   0.0000000e+00	   0.0000000e+00	   0.0000000e+00	
   1.5666780e+00	   1.5379936e+00	   2.7178996e+00	   2.5310626e+00	   2.8511647e+00	   2.5695116e+00	   2.6400412e+00	   2.5335348e+00	   2.5306548e+00	   2.4829942e+00	   2.2592950e+00	   1.9635068e+00	   1.7365278e+00	   1.5880979e+00	   1.4092117e+00	   1.4400438e+00	   8.8239393e-01	             NaN	             NaN	             NaN	             NaN	             NaN	             NaN	             NaN	             NaN	             NaN	             NaN	             NaN	   0.0000000e+00	   0.0000000e+00	   0.0000000e+00	   0.0000000e+00	   0.0000000e+00	
   1.3084486e+00	   1.5675065e+00	   2.1463992e+00	   2.6110038e+00	   2.6156568e+00	   2.6150386e+00	   2.6614125e+00	   2.4737018e+00	   2.5382657e+00	   2.4317673e+00	   2.3108486e+00	   2.0237157e+00	   1.7745772e+00	   1.5326537e+00	   1.4157576e+00	   1.3099374e+00	   1.2465056e+00	             NaN	             NaN	             NaN	             NaN	             NaN	             NaN	             NaN	             NaN	             NaN	             NaN	             NaN	   0.0000000e+00	   0.0000000e+00	   0.0000000e+00	   0.0000000e+00	   0.0000000e+00	
   1.6179211e+00	   1.8624057e+00	   2.0101108e+00	   2.5759438e+00	   2.4494701e+00	   2.6204377e+00	   2.5552230e+00	   2.6918203e+00	   2.4816126e+00	   2.3924653e+00	   2.2772397e+00	   2.0393722e+00	   1.8021133e+00	   1.5950743e+00	   1.4521386e+00	   1.2637415e+00	   1.4599193e+00	             NaN	             NaN	             NaN	             NaN	             NaN	             NaN	             NaN	             NaN	             NaN	             NaN	             NaN	   0.0000000e+00	   0.0000000e+00	   0.0000000e+00	   0.0000000e+00	   0.0000000e+00	
   3.2307968e+00	   1.4737055e+00	   1.5163428e+00	   2.6696861e+00	   2.5311490e+00	   2.5287135e+00	   2.4927825e+00	   2.4172571e+00	   2.5206293e+00	   2.4011882e+00	   2.2643344e+00	   2.0068508e+00	   1.8436017e+00	   1.5928789e+00	   1.5186644e+00	   1.3689919e+00	   1.4117958e+00	   7.1370068e-01	             NaN	             NaN	             NaN	             NaN	             NaN	             NaN	             NaN	             NaN	             NaN	             NaN	             NaN	   0.0000000e+00	   0.0000000e+00	   0.0000000e+00	   0.0000000e+00	
   1.6816096e+00	   1.4950530e+00	   1.9070984e+00	   2.5410027e+00	   2.3889064e+00	   2.4907551e+00	   2.4338418e+00	   2.3131610e+00	   2.4131517e+00	   2.4045088e+00	   2.1743070e+00	   2.0783558e+00	   1.8705789e+00	   1.7249394e+00	   1.5368216e+00	   1.3592849e+00	   1.3656448e+00	   1.1490564e+00	             NaN	             NaN	             NaN	             NaN	             NaN	             NaN	             NaN	             NaN	             NaN	             NaN	             NaN	   0.0000000e+00	   0.0000000e+00	   0.0000000e+00	   0.0000000e+00	
   2.1180237e+00	   2.5579815e-01	   1.8449510e+00	   2.3159237e+00	   2.3536703e+00	   2.4272366e+00	   2.3676184e+00	   2.4234177e+00	   2.3106906e+00	   2.2397463e+00	   2.2239110e+00	   2.0855134e+00	   1.9485056e+00	   1.7093766e+00	   1.5466521e+00	   1.4470412e+00	   1.2552747e+00	   1.2898884e+00	   5.7239405e-01	             NaN	             NaN	             NaN	             NaN	             NaN	             NaN	             NaN	             NaN	             NaN	             NaN	             NaN	   0.0000000e+00	   0.0000000e+00	   0.0000000e+00	
   1.6477002e-01	   1.1370987e+00	   1.5407432e+00	   2.4537127e+00	   2.5036028e+00	   2.3832987e+00	   2.3037412e+00	   2.4059134e+00	   2.3154587e+00	   2.2249187e+00	   2.2606173e+00	   2.0491535e+00	   1.8580775e+00	   1.7027863e+00	   1.6305428e+00	   1.4664702e+00	   1.3062030e+00	   1.2618074e+00	   6.7775882e-01	             NaN	             NaN	             NaN	             NaN	             NaN	             NaN	             NaN	             NaN	             NaN	             NaN	             NaN	   0.0000000e+00	   0.0000000e+00	   0.0000000e+00	
   2.8610880e+00	   1.5975261e+00	   1.1814512e+00	   2.2764412e+00	   2.5879901e+00	   2.4395873e+00	   2.3273673e+00	   2.2444937e+00	   2.3035063e+00	   2.3510032e+00	   2.2189775e+00	   2.0360414e+00	   1.9450433e+00	   1.8194323e+00	   1.6667990e+00	   1.4940644e+00	   1.3244804e+00	   1.3269990e+00	   1.0698987e+00	             NaN	             NaN	             NaN	             NaN	             NaN	             NaN	             NaN	             NaN	             NaN	             NaN	             NaN	   0.0000000e+00	   0.0000000e+00	   0.0000000e+00	
   5.9514287e-01	   1.4722876e+00	   1.4454036e+00	   2.0854075e+00	   2.3713257e+00	   2.5388081e+00	   2.2182988e+00	   2.2259099e+00	   2.2516625e+00	   2.3191940e+00	   2.1398486e+00	   2.0529406e+00	   1.9208953e+00	   1.8437289e+00	   1.7163951e+00	   1.5200853e+00	   1.3773039e+00	   1.2727568e+00	   1.2921002e+00	   5.3036522e-01	             NaN	             NaN	             NaN	             NaN	             NaN	             NaN	             NaN	             NaN	             NaN	             NaN	             NaN	   0.0000000e+00	   0.0000000e+00	
   4.4513267e-01	   3.5225379e-01	   1.3809872e+00	   2.1466489e+00	   2.2924404e+00	   2.5123342e+00	   2.4712842e+00	   2.3070262e+00	   2.3545109e+00	   2.2156611e+00	   2.1597218e+00	   2.0937485e+00	   1.9708426e+00	   1.8648816e+00	   1.7582598e+00	   1.6089902e+00	   1.4170361e+00	   1.2824097e+00	   1.2644850e+00	   6.3953502e-01	             NaN	             NaN	             NaN	             NaN	             NaN	             NaN	             NaN	             NaN	             NaN	             NaN	             NaN	   0.0000000e+00	   0.0000000e+00	
  -5.9269393e-01	  -1.0087636e-01	   1.0504690e+00	   2.0049400e+00	   2.5399420e+00	   2.3247416e+00	   2.1960444e+00	   2.2990101e+00	   2.2862028e+00	   2.1710314e+00	   2.2087507e+00	   2.0338151e+00	   1.9550079e+00	   1.8403462e+00	   1.7465008e+00	   1.5861908e+00	   1.5157134e+00	   1.2948986e+00	   1.3100659e+00	   1.0354133e+00	   3.3015092e-01	             NaN	             NaN	             NaN	             NaN	             NaN	             NaN	             NaN	             NaN	             NaN	             NaN	             NaN	   0.0000000e+00	
   9.4624141e-01	   1.0845706e+00	   1.6580174e+00	   2.0029411e+00	   2.3655267e+00	   2.4069057e+00	   2.2817598e+00	   2.2723325e+00	   2.1500547e+00	   2.2526882e+00	   2.2106776e+00	   2.0875227e+00	   1.9692919e+00	   1.8796029e+00	   1.8181476e+00	   1.6729122e+00	   1.5412182e+00	   1.4051848e+00	   1.2600401e+00	   1.2915285e+00	   3.5495728e-01	             NaN	             NaN	             NaN	             NaN	             NaN	             NaN	             NaN	             NaN	             NaN	             NaN	             NaN	   0.0000000e+00	
   4.2919572e-01	   2.3377142e-01	   7.7718395e-01	   2.1235506e+00	   2.4692313e+00	   2.4465454e+00	   2.3817322e+00	   2.2558775e+00	   2.1980548e+00	   2.1430015e+00	   2.2438349e+00	   2.0542155e+00	   2.0225551e+00	   1.9623978e+00	   1.8266234e+00	   1.7350556e+00	   1.5294117e+00	   1.3977541e+00	   1.2531169e+00	   1.4530264e+00	   6.7125838e-01	             NaN	             NaN	             NaN	             NaN	             NaN	             NaN	             NaN	             NaN	             NaN	             NaN	             NaN	   0.0000000e+00	
   9.8782242e-02	   1.3535595e-01	   1.3824304e+00	   2.1788571e+00	   2.3544025e+00	   2.4744042e+00	   2.3068231e+00	   2.2040717e+00	   2.2670150e+00	   2.1359629e+00	   2.1983846e+00	   2.0954572e+00	   2.0731221e+00	   2.0003770e+00	   1.8215962e+00	   1.7647124e+00	   1.6003043e+00	   1.4508544e+00	   1.3256175e+00	   1.2901326e+00	   9.8158419e-01	   3.1676267e-01	             NaN	             NaN	             NaN	             NaN	             NaN	             NaN	             NaN	             NaN	             NaN	             NaN	             NaN	
  -7.1145622e-01	  -3.8060464e-01	   3.2434459e-01	   2.0966242e+00	   2.4674845e+00	   2.3466316e+00	   2.2090375e+00	   2.2343969e+00	   2.3190470e+00	   2.2017241e+00	   2.1341844e+00	   2.1160480e+00	   2.0206943e+00	   2.0112055e+00	   1.8992017e+00	   1.7533447e+00	   1.6222415e+00	   1.5227432e+00	   1.3209737e+00	   1.1834417e+00	   1.0626556e+00	   4.2222098e-01	             NaN	             NaN	             NaN	             NaN	             NaN	             NaN	             NaN	             NaN	             NaN	             NaN	             NaN	
   6.1175713e-01	   8.6775444e-01	   1.0372266e+00	   1.8112706e+00	   2.6460212e+00	   2.2966681e+00	   2.3865295e+00	   2.2544153e+00	   2.2868500e+00	   2.2206439e+00	   2.2145422e+00	   2.1656874e+00	   2.0325866e+00	   1.9584166e+00	   1.9465912e+00	   1.8001361e+00	   1.6243502e+00	   1.5448565e+00	   1.3585853e+00	   1.1836572e+00	   1.1626725e+00	   6.0037215e-01	   3.9521679e-01	             NaN	             NaN	             NaN	             NaN	             NaN	             NaN	             NaN	             NaN	             NaN	             NaN	
   1.0572180e-01	   3.9744537e-01	   1.8015005e+00	   2.1246766e+00	   2.3354455e+00	   2.5754904e+00	   2.3842231e+00	   2.2702383e+00	   2.2028140e+00	   2.2026354e+00	   2.1373076e+00	   2.0962253e+00	   2.0570770e+00	   2.0242744e+00	   1.9401117e+00	   1.8747695e+00	   1.6840825e+00	   1.5615452e+00	   1.4202058e+00	   1.2282090e+00	   1.1875581e+00	   8.8441137e-01	   3.5413202e-01	             NaN	             NaN	             NaN	             NaN	             NaN	             NaN	             NaN	             NaN	             NaN	             NaN	
   1.1490734e+00	   2.1530055e-01	   1.2783732e+00	   1.9610637e+00	   2.0296294e+00	   2.5184688e+00	   2.3220051e+00	   2.2624531e+00	   2.2923229e+00	   2.1466622e+00	   2.2221681e+00	   2.1330571e+00	   2.1107077e+00	   2.0516853e+00	   1.9830067e+00	   1.8710419e+00	   1.7399605e+00	   1.5739262e+00	   1.3898226e+00	   1.2390154e+00	   1.2018772e+00	   1.1026431e+00	   3.2045176e-01	             NaN	             NaN	             NaN	             NaN	             NaN	             NaN	             NaN	             NaN	             NaN	             NaN	
   2.2639066e+00	   7.8530702e-01	   1.4393134e+00	   1.8915834e+00	   2.5424626e+00	   2.4458100e+00	   2.4667975e+00	   2.2285322e+00	   2.2857931e+00	   2.1431873e+00	   2.1836209e+00	   2.1774255e+00	   2.1049472e+00	   2.0371524e+00	   2.0187059e+00	   1.9048840e+00	   1.7618944e+00	   1.6488107e+00	   1.4378332e+00	   1.3112309e+00	   1.1869969e+00	   1.1824988e+00	   5.2996744e-01	   3.7793158e-01	             NaN	             NaN	             NaN	             NaN	             NaN	             NaN	             NaN	             NaN	             NaN	
  -1.2338648e-01	   7.7042386e-01	   1.6393075e+00	   2.3255852e+00	   2.7658665e+00	   2.5194350e+00	   2.4517342e+00	   2.3645166e+00	   2.2429250e+00	   2.2377318e+00	   2.2091812e+00	   2.1304218e+00	   2.0596823e+00	   2.0863095e+00	   2.0469430e+00	   1.9531078e+00	   1.7824822e+00	   1.6159944e+00	   1.4691323e+00	   1.3514019e+00	   1.1913568e+00	   1.2199554e+00	   7.6516777e-01	   4.1582524e-01	             NaN	             NaN	             NaN	             NaN	             NaN	             NaN	             NaN	             NaN	             NaN	
   8.5999259e-01	   6.0873014e-01	   1.4320992e+00	   2.2120368e+00	   2.7041458e+00	   2.7250814e+00	   2.4759970e+00	   2.3492439e+00	   2.2352508e+00	   2.2558113e+00	   2.1901247e+00	   2.1046264e+00	   2.1139720e+00	   2.0849548e+00	   2.0651913e+00	   1.9544876e+00	   1.7892503e+00	   1.6937945e+00	   1.5291870e+00	   1.3332645e+00	   1.2511206e+00	   1.1665349e+00	   1.0806155e+00	   3.5487442e-01	   5.2180379e-01	             NaN	             NaN	             NaN	             NaN	             NaN	             NaN	             NaN	             NaN	
   2.0434849e+00	   4.4861658e-01	   1.4871618e+00	   2.2701285e+00	   2.4101767e+00	   2.5443485e+00	   2.4318862e+00	   2.3006129e+00	   2.2621625e+00	   2.3870888e+00	   2.1868107e+00	   2.2477994e+00	   2.1298281e+00	   2.0748887e+00	   2.0055870e+00	   1.9631187e+00	   1.8063091e+00	   1.7579445e+00	   1.5658053e+00	   1.4255324e+00	   1.2664416e+00	   1.1145230e+00	   1.1251664e+00	   5.7255546e-01	   4.7706620e-01	             NaN	             NaN	             NaN	             NaN	             NaN	             NaN	             NaN	             NaN	
   7.8666673e-01	   8.5041729e-01	   1.6905080e+00	   2.3767933e+00	   2.6092607e+00	   2.6979219e+00	   2.5335399e+00	   2.3949487e+00	   2.2316354e+00	   2.2761773e+00	   2.1744674e+00	   2.1403010e+00	   2.1219571e+00	   2.1132241e+00	   2.0315964e+00	   1.9690479e+00	   1.8289465e+00	   1.7290197e+00	   1.5979658e+00	   1.4479246e+00	   1.2870519e+00	   1.1132448e+00	   1.1727398e+00	   7.2537509e-01	   4.6896739e-01	             NaN	             NaN	             NaN	             NaN	             NaN	             NaN	             NaN	             NaN	
   9.6151317e-01	   2.8285173e-01	   1.5353693e+00	   2.6873840e+00	   2.6004115e+00	   2.5862901e+00	   2.4540464e+00	   2.4217340e+00	   2.3237884e+00	   2.2686613e+00	   2.2037903e+00	   2.2089063e+00	   2.1189590e+00	   2.1277339e+00	   2.0847720e+00	   1.9991440e+00	   1.8420207e+00	   1.7103684e+00	   1.6260602e+00	   1.4917212e+00	   1.3547357e+00	   1.1706547e+00	   1.1981153e+00	   9.6759345e-01	   4.6674159e-01	   5.6096380e-01	             NaN	             NaN	             NaN	             NaN	             NaN	             NaN	             NaN	
   1.4129147e+00	   1.9756676e+00	   2.1812328e+00	   2.6565631e+00	   2.5862771e+00	   2.6519967e+00	   2.5062384e+00	   2.3186267e+00	   2.3601471e+00	   2.2209628e+00	   2.1725458e+00	   2.1502698e+00	   2.1727952e+00	   2.1060260e+00	   2.0556432e+00	   2.0019214e+00	   1.8915935e+00	   1.7635410e+00	   1.6050241e+00	   1.4909166e+00	   1.3315432e+00	   1.1840692e+00	   1.0543166e+00	   1.1038655e+00	   5.0900846e-01	   4.9093846e-01	             NaN	             NaN	             NaN	             NaN	             NaN	             NaN	             NaN	
   1.0815731e+00	   1.7906487e+00	   2.4095978e+00	   2.4950739e+00	   2.9596897e+00	   2.7752516e+00	   2.5682214e+00	   2.4074069e+00	   2.3024077e+00	   2.2370297e+00	   2.1893751e+00	   2.2019898e+00	   2.1729513e+00	   2.1350857e+00	   2.0914648e+00	   1.9928949e+00	   1.8954500e+00	   1.8180804e+00	   1.6342654e+00	   1.5235588e+00	   1.3572544e+00	   1.2124318e+00	   1.0871209e+00	   1.1083388e+00	   6.7659012e-01	   4.4761224e-01	   4.8542043e-01	             NaN	             NaN	             NaN	             NaN	             NaN	             NaN	
   1.9941314e+00	   2.4752153e+00	   2.4399838e+00	   2.5483981e+00	   2.7624777e+00	   2.6342971e+00	   2.5819445e+00	   2.4053650e+00	   2.3241572e+00	   2.2238542e+00	   2.2348075e+00	   2.2432093e+00	   2.1557790e+00	   2.1001177e+00	   2.0498377e+00	   1.9783753e+00	   1.9141066e+00	   1.7909946e+00	   1.6848326e+00	   1.5606153e+00	   1.3984245e+00	   1.2515141e+00	   1.1115187e+00	   1.0824116e+00	   8.2083635e-01	   4.7241668e-01	   4.8262745e-01	             NaN	             NaN	             NaN	             NaN	             NaN	             NaN	
   2.9171163e+00	   2.7736150e+00	   2.0401220e+00	   3.0015243e+00	   2.8582706e+00	   2.6765968e+00	   2.5509674e+00	   2.4257858e+00	   2.3024756e+00	   2.2702432e+00	   2.2585589e+00	   2.0618584e+00	   2.1498695e+00	   2.1136341e+00	   2.0296431e+00	   1.9964654e+00	   1.8623032e+00	   1.8144120e+00	   1.6922229e+00	   1.5670642e+00	   1.3804240e+00	   1.2691494e+00	   1.1200054e+00	   1.0380699e+00	   1.0434055e+00	   5.1920206e-01	   4.7015927e-01	             NaN	             NaN	             NaN	             NaN	             NaN	             NaN	
   2.7703921e+00	   2.1758696e+00	   2.3600078e+00	   2.9263926e+00	   2.9738209e+00	   2.9771349e+00	   2.5793241e+00	   2.4989763e+00	   2.2915831e+00	   2.2277259e+00	   2.1958174e+00	   2.1940944e+00	   2.1674769e+00	   2.1250597e+00	   2.0337908e+00	   2.0152485e+00	   1.8583451e+00	   1.7551521e+00	   1.6662010e+00	   1.5622449e+00	   1.4267807e+00	   1.2873542e+00	   1.1861489e+00	   1.0350213e+00	   1.0620282e+00	   6.1540495e-01	   4.2565606e-01	   4.8401980e-01	             NaN	             NaN	             NaN	             NaN	             NaN	
   1.8437672e+00	   2.7020959e+00	   2.8059265e+00	   2.6395381e+00	   2.8468616e+00	   2.6578320e+00	   2.6568747e+00	   2.5140924e+00	   2.3477116e+00	   2.1695729e+00	   2.2329559e+00	   2.1202999e+00	   2.0995012e+00	   2.1441702e+00	   2.0647155e+00	   1.9691398e+00	   1.9314523e+00	   1.7989326e+00	   1.7295267e+00	   1.5831988e+00	   1.4172757e+00	   1.3269486e+00	   1.1813169e+00	   1.0505514e+00	   1.0296795e+00	   8.1482695e-01	   4.9532432e-01	   4.7565733e-01	             NaN	             NaN	             NaN	             NaN	             NaN	
   2.8349758e+00	   2.6127126e+00	   2.8257950e+00	   2.5795653e+00	   3.0093515e+00	   2.8726187e+00	   2.6524542e+00	   2.4346716e+00	   2.1724196e+00	   2.2663556e+00	   2.1644673e+00	   2.1271729e+00	   2.1473190e+00	   2.1069136e+00	   2.0113355e+00	   1.9773904e+00	   1.8887085e+00	   1.8279032e+00	   1.7350787e+00	   1.6074180e+00	   1.5036154e+00	   1.3558980e+00	   1.1851548e+00	   1.0646863e+00	   9.5999943e-01	   8.5276404e-01	   4.7845813e-01	   4.8254357e-01	   4.2614345e-01	             NaN	             NaN	             NaN	             NaN	
   2.9086349e+00	   2.8087567e+00	   2.8314379e+00	   2.9593455e+00	   2.8857804e+00	   2.8893605e+00	   2.6032100e+00	   2.5268575e+00	   2.4076727e+00	   2.2243894e+00	   2.1370998e+00	   2.1133309e+00	   2.0789336e+00	   2.0495698e+00	   2.0404808e+00	   2.0180332e+00	   1.9109193e+00	   1.7806429e+00	   1.7200947e+00	   1.6045358e+00	   1.5061072e+00	   1.3721890e+00	   1.2300073e+00	   1.0751471e+00	   9.6207085e-01	   9.9893956e-01	   6.5385021e-01	   4.6262925e-01	   4.5954801e-01	             NaN	             NaN	             NaN	             NaN	
   3.1741044e+00	   3.2010688e+00	   2.9205118e+00	   3.1560631e+00	   3.0267759e+00	   2.9405476e+00	   2.6962626e+00	   2.4753413e+00	   2.2936423e+00	   2.2538702e+00	   2.0921865e+00	   2.1233182e+00	   2.0755660e+00	   2.0925330e+00	   2.0372409e+00	   1.9730448e+00	   1.8889421e+00	   1.8270843e+00	   1.7548550e+00	   1.5840651e+00	   1.4710868e+00	   1.3875972e+00	   1.2421250e+00	   1.0962468e+00	   9.9923045e-01	   9.2118370e-01	   7.5443726e-01	   4.4133371e-01	   4.4696377e-01	             NaN	             NaN	             NaN	             NaN	
   2.2315318e+00	   2.2409649e+00	   2.9170354e+00	   3.1896916e+00	   3.0021659e+00	   2.9442578e+00	   2.6265469e+00	   2.4736686e+00	   2.2821671e+00	   2.1127705e+00	   2.0906347e+00	   2.0956357e+00	   2.0044607e+00	   2.1013508e+00	   2.0652225e+00	   1.9632603e+00	   1.8923511e+00	   1.8160962e+00	   1.7134068e+00	   1.6129487e+00	   1.4853094e+00	   1.3907864e+00	   1.2256040e+00	   1.1215160e+00	   1.0178075e+00	   9.6579922e-01	   8.1273638e-01	   4.4926436e-01	   4.4467456e-01	   4.1543895e-01	             NaN	             NaN	             NaN	
   3.0147144e+00	   3.1412670e+00	   3.1944371e+00	   3.0873207e+00	   3.0616241e+00	   3.0107433e+00	   2.7800510e+00	   2.5859144e+00	   2.3171074e+00	   2.1062678e+00	   2.1172160e+00	   2.1525110e+00	   2.0002748e+00	   2.0234636e+00	   1.9651542e+00	   1.9726126e+00	   1.8996434e+00	   1.8090799e+00	   1.7393867e+00	   1.6565213e+00	   1.5360062e+00	   1.3740776e+00	   1.2725113e+00	   1.1459754e+00	   1.0333703e+00	   9.1554869e-01	   8.9975345e-01	   4.7782553e-01	   4.3805967e-01	   4.2679911e-01	             NaN	             NaN	             NaN	
   3.5760106e+00	   2.6537717e+00	   3.4943402e+00	   3.5216869e+00	   2.9678640e+00	   2.9877945e+00	   2.6484176e+00	   2.4735344e+00	   2.2980818e+00	   2.1851517e+00	   2.0950128e+00	   2.0152278e+00	   2.0940472e+00	   2.0587860e+00	   2.0397204e+00	   1.9552895e+00	   1.9023405e+00	   1.8167478e+00	   1.7186006e+00	   1.6424531e+00	   1.5190975e+00	   1.4196066e+00	   1.2781518e+00	   1.1736331e+00	   1.0666711e+00	   9.5395315e-01	   8.6490312e-01	   6.7791627e-01	   4.2945541e-01	   4.3842891e-01	   3.6785041e-01	             NaN	             NaN	
   3.3045198e+00	   3.5770324e+00	   3.3356277e+00	   3.1675694e+00	   3.0327596e+00	   2.8874699e+00	   2.7021645e+00	   2.6371903e+00	   2.3308943e+00	   2.1531433e+00	   2.0748820e+00	   2.0664370e+00	   1.9858929e+00	   1.9784844e+00	   1.9680248e+00	   1.9308171e+00	   1.9117637e+00	   1.7806427e+00	   1.6994552e+00	   1.6190562e+00	   1.5529304e+00	   1.3925616e+00	   1.2964803e+00	   1.1705763e+00	   1.0395082e+00	   9.6411179e-01	   8.7457300e-01	   6.8460326e-01	   4.7333546e-01	   4.4390325e-01	   3.9867202e-01	             NaN	             NaN	
   3.4476417e+00	   2.8583304e+00	   3.0400786e+00	   3.2976129e+00	   3.2213900e+00	   2.9077548e+00	   2.5668108e+00	   2.4360093e+00	   2.3210017e+00	   2.0860786e+00	   2.0384276e+00	   2.0049256e+00	   2.0739855e+00	   1.9782072e+00	   1.9822134e+00	   1.9192552e+00	   1.8597798e+00	   1.7771058e+00	   1.6784419e+00	   1.6068816e+00	   1.5332109e+00	   1.4168456e+00	   1.3174748e+00	   1.1746265e+00	   1.0609965e+00	   9.6313950e-01	   8.9442236e-01	   8.2998804e-01	   4.7503372e-01	   4.5248828e-01	   4.1883770e-01	             NaN	             NaN	
   2.7016913e+00	   2.9746128e+00	   3.5371371e+00	   3.4854693e+00	   3.1024522e+00	   2.8747293e+00	   2.7691079e+00	   2.4773425e+00	   2.2460502e+00	   2.0999241e+00	   2.0342386e+00	   2.0020635e+00	   2.0127156e+00	   2.0078329e+00	   1.9616320e+00	   1.8878579e+00	   1.8747159e+00	   1.7566525e+00	   1.7106805e+00	   1.5918019e+00	   1.5346662e+00	   1.4295663e+00	   1.3049973e+00	   1.1914636e+00	   1.0865656e+00	   9.7250938e-01	   8.8033672e-01	   8.3865662e-01	   4.6734735e-01	   4.1248496e-01	   4.2726893e-01	   3.7474030e-01	             NaN	
   4.2777227e+00	   3.1335758e+00	   3.0411100e+00	   3.1656909e+00	   3.3990552e+00	   2.9610243e+00	   2.7920163e+00	   2.4556390e+00	   2.2401561e+00	   2.1057081e+00	   2.0588254e+00	   1.9648044e+00	   1.9010089e+00	   1.9808221e+00	   1.9038521e+00	   1.8721283e+00	   1.8022881e+00	   1.7703087e+00	   1.7014079e+00	   1.6348688e+00	   1.4588892e+00	   1.4555511e+00	   1.2822037e+00	   1.1892281e+00	   1.1064281e+00	   1.0031770e+00	   9.1233594e-01	   8.0473213e-01	   6.2110448e-01	   4.3249746e-01	   4.1669149e-01	   3.7783117e-01	             NaN	
   3.4990715e+00	   3.2357971e+00	   3.1185794e+00	   3.2520736e+00	   3.2022657e+00	   3.0329692e+00	   2.7420491e+00	   2.4736852e+00	   2.2016821e+00	   2.1405999e+00	   1.9815648e+00	   1.9517975e+00	   1.8781719e+00	   1.9093549e+00	   1.8946107e+00	   1.8579837e+00	   1.8205778e+00	   1.7532641e+00	   1.6916310e+00	   1.6492235e+00	   1.5287658e+00	   1.3972073e+00	   1.2940226e+00	   1.2140592e+00	   1.1119374e+00	   1.0265104e+00	   9.0548890e-01	   8.3291245e-01	   7.9410863e-01	   4.3221275e-01	   4.3669262e-01	   3.7492244e-01	   3.4349438e-01	
   3.7587685e+00	   3.1878644e+00	   3.4404499e+00	   3.4030466e+00	   3.2483230e+00	   2.9658368e+00	   2.7382676e+00	   2.5395422e+00	   2.1864830e+00	   2.1117975e+00	   2.0203137e+00	   1.9690915e+00	   1.8837523e+00	   1.8728880e+00	   1.8232164e+00	   1.7991949e+00	   1.7798438e+00	   1.6801307e+00	   1.6806079e+00	   1.6524758e+00	   1.5281048e+00	   1.4074695e+00	   1.3063621e+00	   1.2136350e+00	   1.1102168e+00	   1.0252944e+00	   9.1283773e-01	   8.2831194e-01	   7.4816971e-01	   4.6078248e-01	   4.1262108e-01	   4.1161434e-01	   3.4359372e-01	
   3.1852198e+00	   2.5915156e+00	   3.5669599e+00	   3.1625420e+00	   3.2648143e+00	   3.0287527e+00	   2.7860104e+00	   2.4240295e+00	   2.2769742e+00	   2.0656476e+00	   2.0444346e+00	   1.9552342e+00	   1.8441159e+00	   1.8895304e+00	   1.8877273e+00	   1.7679022e+00	   1.7780507e+00	   1.7267737e+00	   1.6623433e+00	   1.6164744e+00	   1.4942047e+00	   1.4326812e+00	   1.2976128e+00	   1.1948851e+00	   1.1438573e+00	   1.0342502e+00	   9.0154331e-01	   8.3917886e-01	   7.8251258e-01	   6.2447404e-01	   4.2488010e-01	   4.2291292e-01	   3.6482335e-01	
   3.6943554e+00	   3.6726582e+00	   2.9370461e+00	   3.5401610e+00	   3.0343373e+00	   2.9565411e+00	   2.5663040e+00	   2.3255807e+00	   2.2570594e+00	   2.0963037e+00	   1.9860687e+00	   1.8230667e+00	   1.9063651e+00	   1.9015547e+00	   1.8811913e+00	   1.8386964e+00	   1.7483894e+00	   1.7389315e+00	   1.6807965e+00	   1.5724016e+00	   1.5164368e+00	   1.3792048e+00	   1.2826068e+00	   1.2505057e+00	   1.1450759e+00	   1.0460657e+00	   9.3838067e-01	   8.3442272e-01	   7.5623240e-01	   6.6879637e-01	   4.0365418e-01	   4.3702806e-01	   3.9058587e-01	
   3.1999088e+00	   3.5883765e+00	   3.3397548e+00	   3.6350371e+00	   3.1207171e+00	   2.8464740e+00	   2.6967366e+00	   2.4117778e+00	   2.2826978e+00	   2.1678009e+00	   1.9621548e+00	   1.8289434e+00	   1.8553728e+00	   1.8060733e+00	   1.7996921e+00	   1.7718907e+00	   1.7485898e+00	   1.6722040e+00	   1.6455893e+00	   1.5206677e+00	   1.5231222e+00	   1.4041931e+00	   1.3422666e+00	   1.2058895e+00	   1.1354601e+00	   1.0527596e+00	   9.4216794e-01	   8.4455506e-01	   7.6158893e-01	   6.9797155e-01	   4.9491608e-01	   4.0665968e-01	   4.0732204e-01	
   2.3723824e+00	   3.4384189e+00	   3.2962611e+00	   3.4858708e+00	   3.2923612e+00	   2.9464326e+00	   2.5365587e+00	   2.3455695e+00	   2.2067568e+00	   2.1285747e+00	   1.9810806e+00	   1.8822427e+00	   1.8106244e+00	   1.8244873e+00	   1.7768147e+00	   1.7211592e+00	   1.7009909e+00	   1.6812087e+00	   1.6524714e+00	   1.5892722e+00	   1.5297775e+00	   1.3954203e+00	   1.3157622e+00	   1.2241595e+00	   1.1480828e+00	   1.0345437e+00	   9.5542912e-01	   8.5897242e-01	   7.5705088e-01	   6.9908195e-01	   5.7450407e-01	   4.1417011e-01	   3.9050362e-01	
             NaN	   3.2441764e+00	   3.5464014e+00	   3.4065218e+00	   3.1189585e+00	   2.8970597e+00	   2.7068778e+00	   2.3537795e+00	   2.1941537e+00	   2.0193176e+00	   1.9040995e+00	   1.8571018e+00	   1.7883386e+00	   1.7730096e+00	   1.7181343e+00	   1.7049137e+00	   1.7586488e+00	   1.6623201e+00	   1.6394743e+00	   1.5715894e+00	   1.4775777e+00	   1.4160394e+00	   1.2998022e+00	   1.2499998e+00	   1.1544808e+00	   1.0605348e+00	   9.7413645e-01	   8.8348250e-01	   7.7202968e-01	   7.2596988e-01	   6.6422350e-01	   4.1133642e-01	   3.9566473e-01	
             NaN	   3.3875623e+00	   3.4843707e+00	   3.1970299e+00	   3.0813512e+00	   3.0148166e+00	   2.6681823e+00	   2.4104722e+00	   2.1962934e+00	   1.9448436e+00	   1.9850253e+00	   1.8324000e+00	   1.8139593e+00	   1.7362944e+00	   1.7476687e+00	   1.6569278e+00	   1.6663734e+00	   1.6227986e+00	   1.5696816e+00	   1.5170104e+00	   1.4557488e+00	   1.3872396e+00	   1.2748534e+00	   1.2004547e+00	   1.1511263e+00	   1.0420412e+00	   9.7553633e-01	   8.3987564e-01	   7.8734019e-01	   7.4817386e-01	   7.0134925e-01	   4.2797503e-01	   3.7993434e-01	
             NaN	   3.1099088e+00	   3.2709320e+00	   2.8722218e+00	   3.1444083e+00	   2.7836671e+00	   2.6763422e+00	   2.3988701e+00	   2.1478392e+00	   1.9889281e+00	   1.9359685e+00	   1.7569277e+00	   1.7586415e+00	   1.7815794e+00	   1.7372525e+00	   1.6891138e+00	   1.7046756e+00	   1.5976625e+00	   1.5723167e+00	   1.5163487e+00	   1.4685784e+00	   1.3787329e+00	   1.2878772e+00	   1.2088531e+00	   1.1414372e+00	   1.0546557e+00	   9.6073860e-01	   8.7182997e-01	   7.6690898e-01	   7.1495663e-01	   6.5611769e-01	   5.0779679e-01	   3.8314986e-01	
             NaN	   2.8787323e+00	   3.0921573e+00	   3.2756075e+00	   3.1573801e+00	   3.0069598e+00	   2.7160506e+00	   2.4617852e+00	   2.0569619e+00	   2.0135001e+00	   1.8789529e+00	   1.8121398e+00	   1.7517277e+00	   1.7263188e+00	   1.7050896e+00	   1.6692572e+00	   1.6117258e+00	   1.6251759e+00	   1.5436303e+00	   1.4750893e+00	   1.4198965e+00	   1.3616655e+00	   1.2964624e+00	   1.1876435e+00	   1.1380107e+00	   1.0933534e+00	   9.9547059e-01	   8.7374728e-01	   8.2860402e-01	   7.2002336e-01	   7.4041007e-01	   5.3275240e-01	   3.4607645e-01	
             NaN	   2.6752763e+00	   3.2152694e+00	   3.3377417e+00	   3.1632508e+00	   2.9025233e+00	   2.6552678e+00	   2.3912911e+00	   2.0672579e+00	   1.9930881e+00	   1.8116392e+00	   1.7611885e+00	   1.7331180e+00	   1.7058153e+00	   1.6880652e+00	   1.6436841e+00	   1.6236932e+00	   1.5696671e+00	   1.5293113e+00	   1.4724757e+00	   1.4085728e+00	   1.3273319e+00	   1.2709134e+00	   1.1532082e+00	   1.1513739e+00	   1.0673525e+00	   9.8637598e-01	   8.9701419e-01	   8.1397013e-01	   7.0433271e-01	   7.0441829e-01	   6.4122402e-01	   3.6112510e-01	
             NaN	   3.1712878e+00	   3.2393495e+00	   3.2699014e+00	   3.0930371e+00	   2.9359354e+00	   2.5438950e+00	   2.3644152e+00	   2.2720293e+00	   1.9404196e+00	   1.7802117e+00	   1.7253284e+00	   1.7160283e+00	   1.6726899e+00	   1.6476766e+00	   1.6133123e+00	   1.6023950e+00	   1.5662737e+00	   1.5102101e+00	   1.4359455e+00	   1.4390331e+00	   1.3602425e+00	   1.2637082e+00	   1.1919297e+00	   1.0951029e+00	   1.0638019e+00	   9.6373464e-01	   8.7686596e-01	   8.0155332e-01	   7.3451729e-01	   6.6857612e-01	   6.3912231e-01	   4.2313036e-01	
             NaN	             NaN	   3.3279445e+00	   3.2825446e+00	   2.9605300e+00	   2.8699455e+00	   2.6182315e+00	   2.3756337e+00	   2.0859583e+00	   1.9136790e+00	   1.7672263e+00	   1.7092492e+00	   1.6619390e+00	   1.6192917e+00	   1.5860979e+00	   1.6105148e+00	   1.5589593e+00	   1.5613448e+00	   1.4697134e+00	   1.4418677e+00	   1.4155170e+00	   1.3332603e+00	   1.2291443e+00	   1.1677660e+00	   1.1260149e+00	   1.0466748e+00	   9.8474546e-01	   9.3226740e-01	   8.2324183e-01	   7.6549630e-01	   6.7575283e-01	   6.2136156e-01	   4.9885167e-01	
             NaN	             NaN	   2.9149890e+00	   3.2731414e+00	   3.3262831e+00	   2.7156802e+00	   2.5905469e+00	   2.4535388e+00	   2.0472847e+00	   1.9069169e+00	   1.8353210e+00	   1.7182517e+00	   1.6719120e+00	   1.6441510e+00	   1.5930109e+00	   1.5653846e+00	   1.5615398e+00	   1.4885950e+00	   1.4321750e+00	   1.4280465e+00	   1.3728603e+00	   1.3147590e+00	   1.2127477e+00	   1.1615291e+00	   1.0773661e+00	   1.0613171e+00	   9.7198634e-01	   8.8538481e-01	   8.2345445e-01	   7.5722917e-01	   6.6187670e-01	   6.4679934e-01	   5.3907732e-01	
             NaN	             NaN	   3.3773825e+00	   2.9024780e+00	   2.9818020e+00	   2.9356983e+00	   2.5364353e+00	   2.2881962e+00	   2.0605765e+00	   1.9340544e+00	   1.8098250e+00	   1.6049942e+00	   1.5709021e+00	   1.6198621e+00	   1.6085200e+00	   1.5765525e+00	   1.5140858e+00	   1.4914685e+00	   1.4307188e+00	   1.4160385e+00	   1.3812997e+00	   1.2851670e+00	   1.2103653e+00	   1.1186658e+00	   1.0816646e+00	   1.0175684e+00	   1.0068679e+00	   9.1472257e-01	   8.1431290e-01	   7.4496497e-01	   7.0100203e-01	   6.4975187e-01	   6.1917654e-01	
             NaN	             NaN	   3.0615894e+00	   3.0794044e+00	   2.9451806e+00	   2.7330264e+00	   2.7069292e+00	   2.2385592e+00	   2.0267098e+00	   1.8961740e+00	   1.7617855e+00	   1.6412426e+00	   1.5638949e+00	   1.5264508e+00	   1.5561518e+00	   1.5198739e+00	   1.4806500e+00	   1.4761909e+00	   1.4732780e+00	   1.3560750e+00	   1.3180117e+00	   1.2774227e+00	   1.2043258e+00	   1.1333700e+00	   1.0956823e+00	   1.0353943e+00	   9.8648600e-01	   8.8880257e-01	   8.2843333e-01	   7.7402875e-01	   6.7367422e-01	   6.4229040e-01	   6.0707694e-01	
             NaN	             NaN	   2.9423514e+00	   3.0645088e+00	   2.8790569e+00	   2.7430602e+00	   2.5027102e+00	   2.2460578e+00	   2.1424885e+00	   1.8415480e+00	   1.7185700e+00	   1.5984169e+00	   1.5437182e+00	   1.5723451e+00	   1.5474799e+00	   1.5156641e+00	   1.4500490e+00	   1.3993966e+00	   1.3664810e+00	   1.3334011e+00	   1.2874073e+00	   1.1880435e+00	   1.1966819e+00	   1.1006592e+00	   1.0883593e+00	   1.0423937e+00	   9.6489337e-01	   9.0253465e-01	   8.1587205e-01	   7.5871981e-01	   6.9470690e-01	   6.2177999e-01	   5.8974234e-01	
             NaN	             NaN	             NaN	   3.1436986e+00	   3.0377028e+00	   2.6500361e+00	   2.3891320e+00	   2.2905432e+00	   2.0810857e+00	   1.7973304e+00	   1.6963187e+00	   1.5743599e+00	   1.5894182e+00	   1.5422690e+00	   1.5081334e+00	   1.5148810e+00	   1.4689331e+00	   1.4063228e+00	   1.3988487e+00	   1.3109446e+00	   1.2772560e+00	   1.2432603e+00	   1.1644099e+00	   1.0939242e+00	   1.0844399e+00	   1.0072783e+00	   9.7064637e-01	   9.0006192e-01	   8.1818714e-01	   7.4367650e-01	   6.9636639e-01	   6.1474436e-01	   6.0353554e-01	
             NaN	             NaN	             NaN	   3.0459400e+00	   2.9280679e+00	   2.7263791e+00	   2.5141529e+00	   2.2668233e+00	   1.9474576e+00	   1.8760143e+00	   1.7246754e+00	   1.5503765e+00	   1.5648535e+00	   1.5167950e+00	   1.4463413e+00	   1.4631641e+00	   1.4526863e+00	   1.3879400e+00	   1.3476418e+00	   1.2917917e+00	   1.2762754e+00	   1.2104220e+00	   1.1707311e+00	   1.1169440e+00	   1.0402375e+00	   9.8005762e-01	   9.3356861e-01	   9.0715600e-01	   8.2323498e-01	   7.6388822e-01	   6.9280869e-01	   6.1347284e-01	   5.8755110e-01	
             NaN	             NaN	             NaN	   2.9617424e+00	   2.7757400e+00	   2.6193350e+00	   2.4360007e+00	   2.1952335e+00	   2.0033776e+00	   1.8339552e+00	   1.7227183e+00	   1.5767761e+00	   1.5503243e+00	   1.5033026e+00	   1.4857585e+00	   1.4328551e+00	   1.3396560e+00	   1.3345913e+00	   1.3113875e+00	   1.3315479e+00	   1.2598798e+00	   1.1892249e+00	   1.1183028e+00	   1.0391557e+00	   1.0405535e+00	   9.9420098e-01	   9.3649329e-01	   8.6996883e-01	   8.2228660e-01	   7.7027107e-01	   6.7005162e-01	   6.4654337e-01	   5.7325296e-01	
             NaN	             NaN	             NaN	   2.9360472e+00	   2.7580493e+00	   2.5353923e+00	   2.3671900e+00	   2.2839020e+00	   1.9657705e+00	   1.8107166e+00	   1.6413917e+00	   1.5402901e+00	   1.5174422e+00	   1.4578378e+00	   1.4398812e+00	   1.3918249e+00	   1.3956659e+00	   1.2905570e+00	   1.2957307e+00	   1.2711081e+00	   1.2070492e+00	   1.1748953e+00	   1.1201270e+00	   1.0817111e+00	   9.9933964e-01	   9.7767921e-01	   9.2073060e-01	   8.6940089e-01	   8.0634484e-01	   7.5345355e-01	   6.9811594e-01	   6.3442201e-01	   5.8483781e-01	
             NaN	             NaN	             NaN	   2.9406899e+00	   2.8686673e+00	   2.5481270e+00	   2.4519070e+00	   2.1934542e+00	   1.9704861e+00	   1.8517777e+00	   1.6459602e+00	   1.4985847e+00	   1.4572948e+00	   1.4891906e+00	   1.4177105e+00	   1.3733917e+00	   1.3719223e+00	   1.3108268e+00	   1.2675311e+00	   1.2448303e+00	   1.1977388e+00	   1.1659894e+00	   1.0834149e+00	   1.0643397e+00	   1.0415172e+00	   9.8376017e-01	   9.4243873e-01	   8.7006236e-01	   8.1374312e-01	   7.7439753e-01	   7.0130068e-01	   6.4851105e-01	   5.8855723e-01	
             NaN	             NaN	             NaN	             NaN	   2.9416676e+00	   2.5210560e+00	   2.3537191e+00	   2.1852941e+00	   1.8787812e+00	   1.7795351e+00	   1.5223469e+00	   1.4900626e+00	   1.4579975e+00	   1.4367826e+00	   1.3791888e+00	   1.2900385e+00	   1.2998652e+00	   1.3142857e+00	   1.2467243e+00	   1.2081578e+00	   1.1968823e+00	   1.1298481e+00	   1.0745446e+00	   1.0238660e+00	   1.0147091e+00	   9.4885752e-01	   9.4659046e-01	   8.6528199e-01	   8.0209564e-01	   7.6621121e-01	   7.1974345e-01	   6.6492754e-01	   6.0779586e-01	
             NaN	             NaN	             NaN	             NaN	   2.6135588e+00	   2.5242587e+00	   2.3052272e+00	   2.0312291e+00	   1.9330463e+00	   1.6524631e+00	   1.5833485e+00	   1.4838077e+00	   1.3795287e+00	   1.3962406e+00	   1.3521015e+00	   1.3513230e+00	   1.3396849e+00	   1.2634177e+00	   1.2265011e+00	   1.1893120e+00	   1.1642932e+00	   1.1323363e+00	   1.0750617e+00	   1.0197234e+00	   9.5390960e-01	   9.5437510e-01	   8.9152699e-01	   8.6480036e-01	   7.9258169e-01	   7.4765993e-01	   6.8070257e-01	   6.3241311e-01	   5.7449961e-01	
             NaN	             NaN	             NaN	             NaN	   2.5648079e+00	   2.6069060e+00	   2.2712487e+00	   2.0321749e+00	   1.8756696e+00	   1.7379124e+00	   1.5022690e+00	   1.4168293e+00	   1.3905482e+00	   1.4220361e+00	   1.3331572e+00	   1.2770027e+00	   1.2524865e+00	   1.2300370e+00	   1.2011400e+00	   1.1704583e+00	   1.1211874e+00	   1.0648923e+00	   1.0209352e+00	   9.7886880e-01	   9.3706478e-01	   9.0446575e-01	   8.7839595e-01	   8.2464352e-01	   8.1820037e-01	   7.0537810e-01	   6.8980577e-01	   6.3618396e-01	   5.9557404e-01	
             NaN	             NaN	             NaN	             NaN	   2.8186083e+00	   2.3718573e+00	   2.2373835e+00	   2.0983783e+00	   1.8539224e+00	   1.6658229e+00	   1.5220103e+00	   1.4255366e+00	   1.3698359e+00	   1.3430948e+00	   1.2770793e+00	   1.2837254e+00	   1.2153560e+00	   1.2315348e+00	   1.1995450e+00	   1.1521696e+00	   1.0969691e+00	   1.0608217e+00	   1.0103026e+00	   9.7697445e-01	   9.2961931e-01	   8.9251026e-01	   8.6068917e-01	   8.3748495e-01	   7.9307739e-01	   7.3635158e-01	   6.6362060e-01	   6.2040633e-01	   5.7336693e-01	
             NaN	             NaN	             NaN	             NaN	   2.4747939e+00	   2.3465505e+00	   2.1088126e+00	   1.9695249e+00	   1.8849922e+00	   1.6435927e+00	   1.4979937e+00	   1.4583393e+00	   1.4138083e+00	   1.3397704e+00	   1.2763363e+00	   1.2266818e+00	   1.2087429e+00	   1.1615659e+00	   1.1454429e+00	   1.1011599e+00	   1.1121407e+00	   1.0389592e+00	   9.9007725e-01	   9.4654068e-01	   8.9697323e-01	   9.0786611e-01	   8.7090992e-01	   7.9535672e-01	   7.5837469e-01	   7.1071250e-01	   6.7283261e-01	   6.3824272e-01	   5.7052121e-01	
             NaN	             NaN	             NaN	             NaN	             NaN	   2.3347728e+00	   2.1238896e+00	   2.0570073e+00	   1.7574128e+00	   1.6530562e+00	   1.5824682e+00	   1.3975721e+00	   1.3937086e+00	   1.2701254e+00	   1.2600223e+00	   1.1990909e+00	   1.1616347e+00	   1.1300336e+00	   1.1082451e+00	   1.0586796e+00	   1.0712831e+00	   9.7836181e-01	   9.5924137e-01	   9.2383017e-01	   8.9488484e-01	   8.6364748e-01	   8.3531856e-01	   8.0578725e-01	   7.5913530e-01	   6.8102935e-01	   6.5763416e-01	   6.1361227e-01	   5.7117178e-01	
             NaN	             NaN	             NaN	             NaN	             NaN	   2.2884048e+00	   2.1985163e+00	   1.9765518e+00	   1.7555824e+00	   1.5826422e+00	   1.4635476e+00	   1.3864362e+00	   1.2388316e+00	   1.2630723e+00	   1.1825730e+00	   1.2208156e+00	   1.1762598e+00	   1.1351091e+00	   1.1267311e+00	   1.0651063e+00	   1.0014388e+00	   9.7613450e-01	   9.0080296e-01	   9.0826798e-01	   8.7918563e-01	   8.8063757e-01	   8.3631528e-01	   7.7668490e-01	   7.3139764e-01	   7.0108979e-01	   6.4639187e-01	   6.0067565e-01	   5.7239545e-01	
             NaN	             NaN	             NaN	             NaN	             NaN	   2.1953812e+00	   2.1880929e+00	   1.9182267e+00	   1.7415417e+00	   1.5989990e+00	   1.4728683e+00	   1.3373000e+00	   1.2923959e+00	   1.2278881e+00	   1.2362673e+00	   1.1478394e+00	   1.1444639e+00	   1.1029800e+00	   1.0656780e+00	   1.0550158e+00	   9.8449026e-01	   9.4993435e-01	   9.3558020e-01	   8.8298616e-01	   8.7734270e-01	   8.2483607e-01	   8.1242388e-01	   7.6860470e-01	   7.3602849e-01	   6.8340326e-01	   6.4584667e-01	   6.0185501e-01	   5.5283761e-01	
             NaN	             NaN	             NaN	             NaN	             NaN	   2.3066514e+00	   2.0533400e+00	   1.9325595e+00	   1.7284508e+00	   1.5533496e+00	   1.4237829e+00	   1.3455909e+00	   1.2817333e+00	   1.2408417e+00	   1.1367380e+00	   1.1276161e+00	   1.1045524e+00	   1.1313697e+00	   1.0135319e+00	   1.0256122e+00	   9.7113661e-01	   9.6843906e-01	   9.2705470e-01	   8.6962661e-01	   8.5201300e-01	   8.2901680e-01	   7.9129623e-01	   7.5032126e-01	   7.2391577e-01	   6.6833011e-01	   6.4083834e-01	   5.8746665e-01	   5.6316455e-01	
             NaN	             NaN	             NaN	             NaN	             NaN	   2.2655945e+00	   2.0915054e+00	   1.8899390e+00	   1.6258453e+00	   1.4830914e+00	   1.4283613e+00	   1.3246784e+00	   1.2509342e+00	   1.1835146e+00	   1.1835495e+00	   1.1354753e+00	   1.0672044e+00	   1.0366658e+00	   1.0229255e+00	   9.6603840e-01	   9.7228041e-01	   9.2826017e-01	   9.1456060e-01	   8.5921921e-01	   8.2999137e-01	   8.3237419e-01	   7.8204269e-01	   7.3214717e-01	   6.8992874e-01	   6.6625972e-01	   6.1604485e-01	   6.0900369e-01	   5.5702869e-01	
             NaN	             NaN	             NaN	             NaN	             NaN	             NaN	   1.9946573e+00	   1.8861104e+00	   1.6399279e+00	   1.5251077e+00	   1.3359237e+00	   1.3608089e+00	   1.1644717e+00	   1.2076804e+00	   1.1223688e+00	   1.0697249e+00	   1.0743509e+00	   1.0309642e+00	   1.0221760e+00	   9.8704711e-01	   9.4177058e-01	   8.8007486e-01	   8.7241711e-01	   8.5201806e-01	   8.0341036e-01	   7.9759976e-01	   7.8336216e-01	   7.1843763e-01	   6.6736448e-01	   6.5002025e-01	   6.0739107e-01	   5.9069805e-01	   5.3095895e-01	
             NaN	             NaN	             NaN	             NaN	             NaN	             NaN	   1.9908146e+00	   1.8846936e+00	   1.5496340e+00	   1.4897704e+00	   1.2650700e+00	   1.2070084e+00	   1.1947390e+00	   1.1944105e+00	   1.1155494e+00	   1.0916588e+00	   1.0545497e+00	   1.0185645e+00	   9.9896604e-01	   9.6142933e-01	   9.0993732e-01	   8.8429566e-01	   8.4938246e-01	   8.2055099e-01	   8.1832113e-01	   8.0713346e-01	   7.7348250e-01	   7.3718299e-01	   6.9064130e-01	   6.4561766e-01	   6.3778769e-01	   5.8687761e-01	   5.4100438e-01	
   0.0000000e+00	             NaN	             NaN	             NaN	             NaN	             NaN	   2.0433676e+00	   1.7828891e+00	   1.5740815e+00	   1.3882699e+00	   1.4345041e+00	   1.2745017e+00	   1.0884359e+00	   1.1216899e+00	   1.1001425e+00	   1.0138535e+00	   9.9359520e-01	   9.8038480e-01	   9.2490334e-01	   9.0350487e-01	   9.1010327e-01	   8.5189683e-01	   8.1318907e-01	   8.2008908e-01	   7.7950634e-01	   7.6939757e-01	   7.3984173e-01	   7.1876559e-01	   6.7397958e-01	   6.5242292e-01	   6.1947011e-01	   5.6087378e-01	   5.4746649e-01	
   0.0000000e+00	             NaN	             NaN	             NaN	             NaN	             NaN	   1.9244907e+00	   1.7718047e+00	   1.5828823e+00	   1.3834537e+00	   1.3345461e+00	   1.2301439e+00	   1.1616121e+00	   1.0925585e+00	   1.0525830e+00	   1.0432137e+00	   1.0060005e+00	   9.5396003e-01	   9.2557014e-01	   9.3873629e-01	   8.7210454e-01	   8.6807966e-01	   8.3644126e-01	   7.7377440e-01	   7.4946163e-01	   7.3173312e-01	   7.4089215e-01	   7.0016207e-01	   6.7220947e-01	   6.3157473e-01	   5.8399792e-01	   5.5058828e-01	   5.3300437e-01	
   0.0000000e+00	             NaN	             NaN	             NaN	             NaN	             NaN	   1.8565452e+00	   1.7475360e+00	   1.5254550e+00	   1.3639944e+00	   1.2901871e+00	   1.2024015e+00	   1.1224258e+00	   1.1394595e+00	   1.0920016e+00	   1.0005648e+00	   9.3911960e-01	   9.2435058e-01	   8.9809685e-01	   8.8512477e-01	   8.5548767e-01	   8.2578027e-01	   8.0436895e-01	   7.6289878e-01	   7.3977425e-01	   7.3821110e-01	   7.1238370e-01	   6.7756044e-01	   6.4697789e-01	   6.3354737e-01	   5.6007837e-01	   5.5156924e-01	   4.9951619e-01	
   0.0000000e+00	             NaN	             NaN	             NaN	             NaN	             NaN	             NaN	   1.7383290e+00	   1.5750686e+00	   1.3521148e+00	   1.2460801e+00	   1.2026214e+00	   1.1078651e+00	   1.0465995e+00	   9.9757688e-01	   9.7814296e-01	   9.2621869e-01	   9.1412110e-01	   8.6040721e-01	   8.5125191e-01	   8.4154882e-01	   7.9607477e-01	   7.6593559e-01	   7.5315868e-01	   7.3158968e-01	   7.0582668e-01	   6.4758366e-01	   6.8685776e-01	   6.5707951e-01	   5.7826919e-01	   5.6331293e-01	   5.2518283e-01	   5.0642232e-01	
   0.0000000e+00	             NaN	             NaN	             NaN	             NaN	             NaN	             NaN	   1.7011995e+00	   1.5260943e+00	   1.3734606e+00	   1.2749593e+00	   1.1632649e+00	   1.0557293e+00	   1.0320180e+00	   1.0167531e+00	   9.5522394e-01	   9.6478058e-01	   8.8565407e-01	   8.5155118e-01	   8.5953882e-01	   8.1005623e-01	   7.8664020e-01	   7.7238139e-01	   7.4465468e-01	   7.0391681e-01	   6.7943402e-01	   6.8289786e-01	   6.6790809e-01	   6.0915344e-01	   5.9869369e-01	   5.6135991e-01	   5.4488749e-01	   5.1209556e-01	
   0.0000000e+00	   0.0000000e+00	             NaN	             NaN	             NaN	             NaN	             NaN	   1.5441593e+00	   1.5051263e+00	   1.2937748e+00	   1.2390366e+00	   1.1060444e+00	   1.0494962e+00	   9.7456050e-01	   9.6373769e-01	   9.2676567e-01	   9.5844343e-01	   9.0514469e-01	   8.9151676e-01	   8.1486918e-01	   8.2038272e-01	   7.7464558e-01	   7.5271187e-01	   7.4239556e-01	   7.0349610e-01	   7.0377512e-01	   6.5000039e-01	   6.3931655e-01	   6.0080978e-01	   5.7714442e-01	   5.5047904e-01	   5.2315951e-01	   4.9132985e-01	
   0.0000000e+00	   0.0000000e+00	             NaN	             NaN	             NaN	             NaN	             NaN	   1.5874425e+00	   1.3627990e+00	   1.2797636e+00	   1.2213290e+00	   1.1541049e+00	   1.0479232e+00	   9.9748311e-01	   9.5475213e-01	   9.1127833e-01	   8.9390769e-01	   8.6314703e-01	   8.4009288e-01	   7.9549823e-01	   7.7903725e-01	   7.6511481e-01	   6.9401025e-01	   7.1073762e-01	   6.6255794e-01	   6.7661852e-01	   6.6318517e-01	   5.8840841e-01	   6.0120010e-01	   5.6128814e-01	   5.5327579e-01	   5.1589067e-01	   4.9863086e-01	
   0.0000000e+00	   0.0000000e+00	             NaN	             NaN	             NaN	             NaN	             NaN	   1.5548476e+00	   1.4085621e+00	   1.2269184e+00	   1.1504953e+00	   1.0091721e+00	   1.0581887e+00	   9.9718233e-01	   9.7955870e-01	   8.9686234e-01	   8.2739228e-01	   8.2305123e-01	   8.1615158e-01	   7.5872696e-01	   7.4421993e-01	   7.4628518e-01	   6.9775585e-01	   6.7849153e-01	   6.6537553e-01	   6.5652182e-01	   6.3726428e-01	   6.1149099e-01	   5.8165438e-01	   5.4822462e-01	   5.3681770e-01	   4.8018215e-01	   4.7818609e-01	
   0.0000000e+00	   0.0000000e+00	             NaN	             NaN	             NaN	             NaN	             NaN	             NaN	   1.3736991e+00	   1.1401861e+00	   1.1668034e+00	   1.0406559e+00	   1.0172417e+00	   9.5464327e-01	   9.0991202e-01	   8.7084894e-01	   8.2986843e-01	   8.0162907e-01	   7.8129335e-01	   7.5493674e-01	   7.5292902e-01	   7.1243222e-01	   6.8699126e-01	   6.6803057e-01	   6.2779177e-01	   6.3647774e-01	   5.9193642e-01	   5.7070685e-01	   5.8960808e-01	   5.5303075e-01	   5.0912015e-01	   4.9084398e-01	   4.7363602e-01	
   0.0000000e+00	   0.0000000e+00	             NaN	             NaN	             NaN	             NaN	             NaN	             NaN	   1.2244630e+00	   1.2746629e+00	   1.0171626e+00	   1.0231427e+00	   9.6026959e-01	   9.1179931e-01	   8.5791208e-01	   8.4278327e-01	   7.9300570e-01	   7.5251168e-01	   7.8837500e-01	   7.3084300e-01	   7.2759976e-01	   6.5865028e-01	   6.7014571e-01	   6.3972446e-01	   6.1907929e-01	   6.4788908e-01	   5.9425039e-01	   5.6757259e-01	   5.5314475e-01	   5.3830013e-01	   5.0102500e-01	   4.5409866e-01	   4.7109325e-01	
   0.0000000e+00	   0.0000000e+00	   0.0000000e+00	             NaN	             NaN	             NaN	             NaN	             NaN	   1.2844194e+00	   1.1925101e+00	   1.1146618e+00	   9.6726802e-01	   9.8361526e-01	   8.7183550e-01	   8.6527640e-01	   8.1791975e-01	   8.0322466e-01	   7.9752696e-01	   7.0729994e-01	   7.0533706e-01	   7.1214125e-01	   6.9262407e-01	   6.4150835e-01	   6.2363541e-01	   6.1980844e-01	   5.9810862e-01	   6.0515977e-01	   5.7801831e-01	   5.3343534e-01	   4.9695861e-01	   4.6522476e-01	   4.8124046e-01	   4.5778722e-01	
   0.0000000e+00	   0.0000000e+00	   0.0000000e+00	             NaN	             NaN	             NaN	             NaN	             NaN	   1.2259747e+00	   1.1732575e+00	   1.1084318e+00	   9.8503002e-01	   9.0627938e-01	   8.5640366e-01	   8.6292655e-01	   8.1320822e-01	   8.3147249e-01	   7.3649067e-01	   7.5603665e-01	   6.9114142e-01	   6.8131038e-01	   6.7594093e-01	   6.4051938e-01	   6.1321963e-01	   6.0856051e-01	   5.9567505e-01	   5.5961843e-01	   5.6137584e-01	   5.4227638e-01	   5.0640604e-01	   4.9694392e-01	   4.6974912e-01	   4.2945189e-01	
   0.0000000e+00	   0.0000000e+00	   0.0000000e+00	             NaN	             NaN	             NaN	             NaN	             NaN	   1.2712986e+00	   1.0838677e+00	   1.0205998e+00	   9.7695201e-01	   8.2858076e-01	   8.9017886e-01	   8.2348063e-01	   7.7231568e-01	   7.4193829e-01	   7.2187380e-01	   7.4198003e-01	   6.9690399e-01	   6.5004192e-01	   6.5471186e-01	   6.2289152e-01	   5.7884699e-01	   5.8070606e-01	   5.7363014e-01	   5.6731512e-01	   5.5590197e-01	   5.2312889e-01	   4.9192943e-01	   4.8731775e-01	   4.5473952e-01	   4.4659757e-01	
   0.0000000e+00	   0.0000000e+00	   0.0000000e+00	             NaN	             NaN	             NaN	             NaN	             NaN	   1.1032321e+00	   1.1181445e+00	   1.0148401e+00	   9.7179295e-01	   8.8673682e-01	   8.4078708e-01	   8.1135443e-01	   7.8540889e-01	   7.3756416e-01	   7.1504238e-01	   7.0777578e-01	   6.3591129e-01	   6.5919831e-01	   5.9572558e-01	   6.1116143e-01	   5.9481528e-01	   5.5573613e-01	   5.8488937e-01	   5.3568879e-01	   5.5117501e-01	   5.0446913e-01	   4.9294158e-01	   4.5790235e-01	   4.6623119e-01	   4.4483305e-01	
   0.0000000e+00	   0.0000000e+00	   0.0000000e+00	             NaN	             NaN	             NaN	             NaN	             NaN	             NaN	   1.0791751e+00	   9.3172893e-01	   9.3984383e-01	   8.4659235e-01	   8.4216086e-01	   8.4290766e-01	   7.4890242e-01	   7.5741320e-01	   6.7973428e-01	   6.7962471e-01	   6.5525103e-01	   6.4275311e-01	   5.9948334e-01	   5.7732021e-01	   5.9278232e-01	   5.4335652e-01	   5.3849105e-01	   5.2407851e-01	   5.0650476e-01	   4.8731411e-01	   4.7857673e-01	   4.5436485e-01	   4.4987014e-01	   4.2553121e-01	
   0.0000000e+00	   0.0000000e+00	   0.0000000e+00	   0.0000000e+00	             NaN	             NaN	             NaN	             NaN	             NaN	   1.1090251e+00	   9.6462457e-01	   8.3499053e-01	   8.4536066e-01	   7.9297014e-01	   7.9739488e-01	   7.7615207e-01	   7.2397764e-01	   6.4163133e-01	   6.5887614e-01	   6.4964173e-01	   5.8142672e-01	   5.6182250e-01	   5.7434979e-01	   5.4217135e-01	   5.3520933e-01	   5.4226566e-01	   5.3306097e-01	   4.7476879e-01	   4.7680927e-01	   4.5497675e-01	   4.5847527e-01	   4.3614260e-01	   4.0260303e-01	
   0.0000000e+00	   0.0000000e+00	   0.0000000e+00	   0.0000000e+00	             NaN	             NaN	             NaN	             NaN	             NaN	   1.0168130e+00	   9.3741503e-01	   8.8828950e-01	   8.3571709e-01	   7.7993452e-01	   7.4017850e-01	   7.6385723e-01	   7.1925729e-01	   6.4203462e-01	   6.3653528e-01	   6.4199279e-01	   6.2773995e-01	   5.5895578e-01	   5.3128219e-01	   5.3430031e-01	   4.8473004e-01	   5.2279347e-01	   5.0208816e-01	   4.7521870e-01	   4.5458704e-01	   4.4719043e-01	   4.3797911e-01	   4.0914607e-01	   4.0879712e-01	
   0.0000000e+00	   0.0000000e+00	   0.0000000e+00	   0.0000000e+00	             NaN	             NaN	             NaN	             NaN	             NaN	   1.0265615e+00	   9.0743979e-01	   8.5860805e-01	   8.2430015e-01	   7.8025475e-01	   7.6778388e-01	   6.9120534e-01	   6.8283443e-01	   6.3586268e-01	   5.9920903e-01	   6.2039205e-01	   5.7144700e-01	   5.6047186e-01	   5.5388889e-01	   5.4411918e-01	   5.0527840e-01	   5.1637802e-01	   4.9231483e-01	   4.5575032e-01	   4.6217143e-01	   4.5212668e-01	   4.1635041e-01	   4.3006235e-01	   3.8775609e-01	
   0.0000000e+00	   0.0000000e+00	   0.0000000e+00	   0.0000000e+00	             NaN	             NaN	             NaN	             NaN	             NaN	   9.6260766e-01	   8.1996245e-01	   8.4450559e-01	   7.9540174e-01	   7.5453759e-01	   6.9283718e-01	   6.9342451e-01	   6.5897426e-01	   6.4493694e-01	   5.9474348e-01	   5.8416912e-01	   5.6894194e-01	   5.5496730e-01	   5.0315181e-01	   5.1623740e-01	   5.1083175e-01	   4.9138327e-01	   4.6489525e-01	   4.4411433e-01	   4.3451356e-01	   4.2071875e-01	   3.9788726e-01	   3.9434146e-01	   3.8123726e-01	
   0.0000000e+00	   0.0000000e+00	   0.0000000e+00	   0.0000000e+00	             NaN	             NaN	             NaN	             NaN	             NaN	             NaN	   9.0615157e-01	   8.4230689e-01	   7.3341914e-01	   7.2754390e-01	   6.8880699e-01	   6.4894569e-01	   6.3742185e-01	   6.2509485e-01	   5.8503007e-01	   5.8615949e-01	   5.3536264e-01	   5.3014039e-01	   5.1887610e-01	   4.7656359e-01	   5.0245554e-01	   4.7059286e-01	   4.6308603e-01	   4.4211013e-01	   4.3783285e-01	   4.1307488e-01	   3.9314460e-01	   3.7814331e-01	   3.8015222e-01	
   0.0000000e+00	   0.0000000e+00	   0.0000000e+00	   0.0000000e+00	             NaN	             NaN	             NaN	             NaN	             NaN	             NaN	   9.0319186e-01	   8.3185198e-01	   8.1538393e-01	   7.2526201e-01	   6.6247702e-01	   6.2973210e-01	   6.0687099e-01	   5.9547633e-01	   5.5373126e-01	   5.3571431e-01	   5.0895530e-01	   4.9906194e-01	   4.8887151e-01	   4.8134066e-01	   4.7284993e-01	   4.5074546e-01	   4.6987367e-01	   4.4201986e-01	   4.0017342e-01	   3.9311856e-01	   3.8394942e-01	   4.0548802e-01	   3.6291154e-01	
   0.0000000e+00	   0.0000000e+00	   0.0000000e+00	   0.0000000e+00	   0.0000000e+00	             NaN	             NaN	             NaN	             NaN	             NaN	   8.9848779e-01	   7.6462534e-01	   7.1912433e-01	   6.7207980e-01	   6.5368954e-01	   6.3630485e-01	   6.2457958e-01	   5.5301120e-01	   5.7747777e-01	   5.2139474e-01	   5.2909916e-01	   4.7297815e-01	   4.5437404e-01	   4.6423016e-01	   4.5053922e-01	   4.4807097e-01	   4.5478256e-01	   4.1297385e-01	   4.0890648e-01	   3.9007891e-01	   3.7910049e-01	   3.8306745e-01	   3.4730755e-01	
   0.0000000e+00	   0.0000000e+00	   0.0000000e+00	   0.0000000e+00	   0.0000000e+00	             NaN	             NaN	             NaN	             NaN	             NaN	   8.3027463e-01	   6.9270086e-01	   6.9332057e-01	   6.3649354e-01	   6.3329569e-01	   6.2758487e-01	   5.7218927e-01	   5.9943586e-01	   5.3146695e-01	   5.3968828e-01	   4.8265146e-01	   4.9078343e-01	   4.7186241e-01	   4.6886297e-01	   4.3297718e-01	   3.9653903e-01	   4.1952086e-01	   4.1010570e-01	   3.7135268e-01	   3.5903375e-01	   3.4946294e-01	   3.5916729e-01	   3.3990059e-01	
   0.0000000e+00	   0.0000000e+00	   0.0000000e+00	   0.0000000e+00	   0.0000000e+00	             NaN	             NaN	             NaN	             NaN	             NaN	   7.7590385e-01	   7.3384141e-01	   7.4327716e-01	   6.3676658e-01	   5.9189904e-01	   6.4055777e-01	   5.9180072e-01	   5.4397728e-01	   5.4539056e-01	   5.1135133e-01	   4.5077021e-01	   4.4712160e-01	   4.3632685e-01	   4.5202144e-01	   4.2819803e-01	   4.5865083e-01	   4.1941410e-01	   4.0752470e-01	   3.9016040e-01	   3.5317849e-01	   3.4908489e-01	   3.2816328e-01	   3.2439377e-01	
   0.0000000e+00	   0.0000000e+00	   0.0000000e+00	   0.0000000e+00	   0.0000000e+00	             NaN	             NaN	             NaN	             NaN	             NaN	             NaN	   7.3811125e-01	   6.1896046e-01	   6.1275604e-01	   5.8592955e-01	   5.6715734e-01	   5.4687139e-01	   5.6173916e-01	   4.8752118e-01	   4.8639043e-01	   4.4916247e-01	   4.5527949e-01	   4.2835172e-01	   4.0799674e-01	   4.0444670e-01	   4.0175675e-01	   3.8577556e-01	   3.7625032e-01	   3.4893917e-01	   3.6386395e-01	   3.4509223e-01	   3.3766105e-01	   3.3109831e-01	
   0.0000000e+00	   0.0000000e+00	   0.0000000e+00	   0.0000000e+00	   0.0000000e+00	             NaN	             NaN	             NaN	             NaN	             NaN	             NaN	   6.9536956e-01	   6.0239174e-01	   6.1630728e-01	   5.8903790e-01	   5.9510498e-01	   5.4140750e-01	   4.9914038e-01	   4.7969014e-01	   5.1379763e-01	   4.4819355e-01	   4.3029343e-01	   4.2536773e-01	   4.1062133e-01	   4.3791184e-01	   3.9904910e-01	   4.0078979e-01	   3.7872664e-01	   3.6910150e-01	   3.2331379e-01	   3.3099235e-01	   3.2831523e-01	   3.1834710e-01	
   0.0000000e+00	   0.0000000e+00	   0.0000000e+00	   0.0000000e+00	   0.0000000e+00	   0.0000000e+00	             NaN	             NaN	             NaN	             NaN	             NaN	   6.7018484e-01	   6.5447772e-01	   5.9845817e-01	   5.4215288e-01	   5.9957681e-01	   5.3037447e-01	   5.0489898e-01	   4.8899214e-01	   4.3689100e-01	   4.5324489e-01	   4.4126525e-01	   4.2630214e-01	   3.9087281e-01	   3.5336013e-01	   3.6480270e-01	   3.6970940e-01	   3.4798667e-01	   3.5085333e-01	   3.3846983e-01	   3.2501651e-01	   2.9750934e-01	   2.9529864e-01	
   0.0000000e+00	   0.0000000e+00	   0.0000000e+00	   0.0000000e+00	   0.0000000e+00	   0.0000000e+00	             NaN	             NaN	             NaN	             NaN	             NaN	   6.6578514e-01	   6.3204594e-01	   6.2371233e-01	   5.6914068e-01	   5.6139304e-01	   4.7071050e-01	   4.5858702e-01	   4.4827184e-01	   4.2733890e-01	   4.2912752e-01	   4.1278052e-01	   3.7830907e-01	   3.9405260e-01	   3.5800740e-01	   3.5692506e-01	   3.8299573e-01	   3.3771144e-01	   3.5282032e-01	   3.1477504e-01	   3.1383914e-01	   3.0381189e-01	   2.9464079e-01	
   0.0000000e+00	   0.0000000e+00	   0.0000000e+00	   0.0000000e+00	   0.0000000e+00	   0.0000000e+00	             NaN	             NaN	             NaN	             NaN	             NaN	   6.3615730e-01	   6.1103668e-01	   5.8845855e-01	   4.9952521e-01	   4.9994014e-01	   4.8443748e-01	   4.5200160e-01	   4.4258895e-01	   4.3055703e-01	   4.1416571e-01	   4.1570541e-01	   3.7146935e-01	   3.7403238e-01	   3.6422958e-01	   3.7361540e-01	   3.6479611e-01	   3.5433358e-01	   3.2138730e-01	   3.3659011e-01	   3.0188148e-01	   2.8534806e-01	   2.8110666e-01	
   0.0000000e+00	   0.0000000e+00	   0.0000000e+00	   0.0000000e+00	   0.0000000e+00	   0.0000000e+00	             NaN	             NaN	             NaN	             NaN	             NaN	             NaN	   5.8008965e-01	   5.4560475e-01	   5.2469761e-01	   4.9953537e-01	   4.8627485e-01	   4.4196978e-01	   4.2091258e-01	   4.3969807e-01	   3.8054527e-01	   3.8924078e-01	   3.5705052e-01	   3.7100628e-01	   3.2627399e-01	   3.6030645e-01	   3.3307150e-01	   3.5912492e-01	   2.8629233e-01	   3.1527827e-01	   2.9695289e-01	   2.6631147e-01	   2.8173239e-01	
   0.0000000e+00	   0.0000000e+00	   0.0000000e+00	   0.0000000e+00	   0.0000000e+00	   0.0000000e+00	             NaN	             NaN	             NaN	             NaN	             NaN	             NaN	   6.0625347e-01	   4.9944096e-01	   5.3454552e-01	   4.7353401e-01	   4.6809300e-01	   4.3626645e-01	   4.5188558e-01	   4.0287711e-01	   3.7496935e-01	   4.1028663e-01	   3.8938718e-01	   3.4414722e-01	   3.4639581e-01	   3.6349928e-01	   3.3101105e-01	   3.2248449e-01	   3.1518116e-01	   3.1362237e-01	   2.9919091e-01	   2.9820017e-01	   2.8517401e-01	
   0.0000000e+00	   0.0000000e+00	   0.0000000e+00	   0.0000000e+00	   0.0000000e+00	   0.0000000e+00	   0.0000000e+00	             NaN	             NaN	             NaN	             NaN	             NaN	   5.8038077e-01	   5.0949355e-01	   4.9598582e-01	   4.6827277e-01	   4.6014427e-01	   4.4394153e-01	   4.1130160e-01	   3.9918834e-01	   3.6237208e-01	   3.6193422e-01	   3.4519541e-01	   3.6945217e-01	   3.2112664e-01	   3.3646809e-01	   3.1640001e-01	   3.2594578e-01	   3.1551312e-01	   2.8218224e-01	   2.5116229e-01	   2.5758341e-01	   2.8370693e-01	
   0.0000000e+00	   0.0000000e+00	   0.0000000e+00	   0.0000000e+00	   0.0000000e+00	   0.0000000e+00	   0.0000000e+00	             NaN	             NaN	             NaN	             NaN	             NaN	   5.8063871e-01	   5.0293105e-01	   4.9069711e-01	   4.9668984e-01	   4.3241692e-01	   4.3064311e-01	   3.8291483e-01	   4.0630012e-01	   3.7612480e-01	   3.3869625e-01	   3.5011606e-01	   3.6143050e-01	   3.6053185e-01	   3.2041020e-01	   3.2136608e-01	   3.0068593e-01	   2.9755893e-01	   2.9717031e-01	   2.6137547e-01	   2.6485268e-01	   2.4168147e-01	
   0.0000000e+00	   0.0000000e+00	   0.0000000e+00	   0.0000000e+00	   0.0000000e+00	   0.0000000e+00	   0.0000000e+00	             NaN	             NaN	             NaN	             NaN	             NaN	   4.9467132e-01	   5.0725100e-01	   4.7483377e-01	   4.4709243e-01	   4.5000428e-01	   4.1368720e-01	   3.7314047e-01	   3.6037994e-01	   3.8007265e-01	   3.3350757e-01	   3.4467023e-01	   3.2949355e-01	   2.9928562e-01	   3.2042308e-01	   3.0034763e-01	   2.9750368e-01	   2.9029626e-01	   2.6239048e-01	   2.8311510e-01	   2.7079820e-01	   2.4133225e-01	
   0.0000000e+00	   0.0000000e+00	   0.0000000e+00	   0.0000000e+00	   0.0000000e+00	   0.0000000e+00	   0.0000000e+00	             NaN	             NaN	             NaN	             NaN	             NaN	             NaN	   4.7539572e-01	   4.4521077e-01	   4.5183615e-01	   3.9559807e-01	   3.9714501e-01	   3.9138876e-01	   3.7454046e-01	   3.7142975e-01	   3.2695629e-01	   3.0021762e-01	   3.2532744e-01	   2.7806486e-01	   3.2355027e-01	   2.8451095e-01	   2.7215728e-01	   2.7230695e-01	   2.5027908e-01	   2.6876389e-01	   2.1868864e-01	   2.3510064e-01	
   0.0000000e+00	   0.0000000e+00	   0.0000000e+00	   0.0000000e+00	   0.0000000e+00	   0.0000000e+00	   0.0000000e+00	             NaN	             NaN	             NaN	             NaN	             NaN	             NaN	   4.5983773e-01	   4.5132495e-01	   4.2673313e-01	   4.1172468e-01	   3.9204228e-01	   3.6913425e-01	   3.6367313e-01	   3.2338769e-01	   3.3218743e-01	   2.8023147e-01	   3.0399973e-01	   2.8701845e-01	   3.1029167e-01	   2.7292340e-01	   2.6795565e-01	   2.2453841e-01	   2.3966991e-01	   2.5549110e-01	   2.1134600e-01	   2.3977784e-01	
   0.0000000e+00	   0.0000000e+00	   0.0000000e+00	   0.0000000e+00	   0.0000000e+00	   0.0000000e+00	   0.0000000e+00	   0.0000000e+00	             NaN	             NaN	             NaN	             NaN	             NaN	   4.6789878e-01	   4.0070864e-01	   4.5401068e-01	   4.0218706e-01	   3.7702150e-01	   3.5676420e-01	   3.6341780e-01	   3.1188810e-01	   2.9453282e-01	   2.9091487e-01	   2.9060627e-01	   2.7231182e-01	   2.8436483e-01	   2.6883112e-01	   2.4471855e-01	   2.4388573e-01	   2.5149026e-01	   2.4147167e-01	   2.4962927e-01	   2.2169622e-01	
   0.0000000e+00	   0.0000000e+00	   0.0000000e+00	   0.0000000e+00	   0.0000000e+00	   0.0000000e+00	   0.0000000e+00	   0.0000000e+00	             NaN	             NaN	             NaN	             NaN	             NaN	   4.6553894e-01	   4.5333555e-01	   4.1589329e-01	   3.8617483e-01	   3.7019915e-01	   3.3239784e-01	   3.3669139e-01	   2.9369445e-01	   3.2218406e-01	   2.7096849e-01	   3.0501373e-01	   2.6287502e-01	   2.6136935e-01	   2.8175974e-01	   2.4630266e-01	   2.2572495e-01	   2.2375114e-01	   2.3399513e-01	   2.4295828e-01	   2.1462893e-01	
   0.0000000e+00	   0.0000000e+00	   0.0000000e+00	   0.0000000e+00	   0.0000000e+00	   0.0000000e+00	   0.0000000e+00	   0.0000000e+00	             NaN	             NaN	             NaN	             NaN	             NaN	   4.9205969e-01	   3.5568478e-01	   3.9943726e-01	   3.5637797e-01	   3.7544795e-01	   3.2428795e-01	   3.2875112e-01	   3.0356884e-01	   2.8464199e-01	   2.9829650e-01	   2.8713799e-01	   2.6923204e-01	   2.4723217e-01	   2.4429914e-01	   2.4458158e-01	   2.4533089e-01	   2.3330993e-01	   2.2361744e-01	   2.0955162e-01	   1.9693169e-01	
   0.0000000e+00	   0.0000000e+00	   0.0000000e+00	   0.0000000e+00	   0.0000000e+00	   0.0000000e+00	   0.0000000e+00	   0.0000000e+00	             NaN	             NaN	             NaN	             NaN	             NaN	             NaN	   4.0982186e-01	   3.8432231e-01	   3.7867310e-01	   3.5372003e-01	   3.5918093e-01	   3.2988859e-01	   2.8252924e-01	   3.0186716e-01	   2.6624684e-01	   2.4607401e-01	   2.5476251e-01	   2.4296475e-01	   2.5069929e-01	   2.3706139e-01	   2.0265202e-01	   2.3676303e-01	   2.1704676e-01	   2.0858369e-01	   2.1113641e-01	
   0.0000000e+00	   0.0000000e+00	   0.0000000e+00	   0.0000000e+00	   0.0000000e+00	   0.0000000e+00	   0.0000000e+00	   0.0000000e+00	             NaN	             NaN	             NaN	             NaN	             NaN	             NaN	   3.5246240e-01	   4.0497959e-01	   3.1407304e-01	   3.5502517e-01	   3.1589436e-01	   2.9431562e-01	   2.9749182e-01	   2.7949677e-01	   2.7776980e-01	   2.8140734e-01	   2.4882436e-01	   2.3653999e-01	   2.3712228e-01	   2.2584955e-01	   2.2703659e-01	   2.0170526e-01	   2.3806686e-01	   2.0413089e-01	   1.8876923e-01	
   0.0000000e+00	   0.0000000e+00	   0.0000000e+00	   0.0000000e+00	   0.0000000e+00	   0.0000000e+00	   0.0000000e+00	   0.0000000e+00	   0.0000000e+00	             NaN	             NaN	             NaN	             NaN	             NaN	   3.9027780e-01	   3.2342002e-01	   3.7786877e-01	   3.2284648e-01	   2.8521026e-01	   3.0471032e-01	   2.6707271e-01	   2.7659050e-01	   2.9115357e-01	   2.4958875e-01	   2.2466011e-01	   2.3892743e-01	   2.4950933e-01	   2.2438203e-01	   2.5822696e-01	   2.2271153e-01	   1.8693417e-01	   2.0400500e-01	   1.9440621e-01	
   0.0000000e+00	   0.0000000e+00	   0.0000000e+00	   0.0000000e+00	   0.0000000e+00	   0.0000000e+00	   0.0000000e+00	   0.0000000e+00	   0.0000000e+00	             NaN	             NaN	             NaN	             NaN	             NaN	   3.9362541e-01	   3.5850943e-01	   3.0689439e-01	   3.3619672e-01	   2.9684521e-01	   2.9348789e-01	   2.7863561e-01	   2.8773181e-01	   2.5500019e-01	   2.6213457e-01	   2.4724222e-01	   2.1316974e-01	   2.2530070e-01	   2.2541769e-01	   1.9705515e-01	   2.3146912e-01	   2.0001813e-01	   2.0986842e-01	   1.7512931e-01	
   0.0000000e+00	   0.0000000e+00	   0.0000000e+00	   0.0000000e+00	   0.0000000e+00	   0.0000000e+00	   0.0000000e+00	   0.0000000e+00	   0.0000000e+00	             NaN	             NaN	             NaN	             NaN	             NaN	   3.4242589e-01	   3.3360720e-01	   3.1887991e-01	   3.3200011e-01	   3.0668736e-01	   2.2555096e-01	   2.7896867e-01	   2.5535239e-01	   2.4717032e-01	   2.2350604e-01	   2.3635355e-01	   2.3672250e-01	   2.1388891e-01	   2.3233359e-01	   2.1318388e-01	   1.7815066e-01	   1.9819505e-01	   1.8115467e-01	   1.7772164e-01	
   0.0000000e+00	   0.0000000e+00	   0.0000000e+00	   0.0000000e+00	   0.0000000e+00	   0.0000000e+00	   0.0000000e+00	   0.0000000e+00	   0.0000000e+00	             NaN	             NaN	             NaN	             NaN	             NaN	             NaN	   3.6298205e-01	   3.4134115e-01	   3.1645306e-01	   2.6491055e-01	   2.3547272e-01	   2.6044091e-01	   2.6706401e-01	   2.3274232e-01	   2.4371007e-01	   2.2019155e-01	   2.2256752e-01	   2.1212955e-01	   1.9378745e-01	   2.0301701e-01	   1.8198983e-01	   1.9186183e-01	   1.7018371e-01	   1.7656319e-01	
   0.0000000e+00	   0.0000000e+00	   0.0000000e+00	   0.0000000e+00	   0.0000000e+00	   0.0000000e+00	   0.0000000e+00	   0.0000000e+00	   0.0000000e+00	             NaN	             NaN	             NaN	             NaN	             NaN	             NaN	   3.0209048e-01	   2.7812911e-01	   2.9098375e-01	   2.9846256e-01	   2.5820812e-01	   2.5002647e-01	   2.2708804e-01	   2.1516889e-01	   2.2259954e-01	   2.0814094e-01	   2.0222628e-01	   1.7549008e-01	   2.1212281e-01	   1.7554623e-01	   1.8761157e-01	   1.8105179e-01	   1.8604908e-01	   1.8303794e-01	
   0.0000000e+00	   0.0000000e+00	   0.0000000e+00	   0.0000000e+00	   0.0000000e+00	   0.0000000e+00	   0.0000000e+00	   0.0000000e+00	   0.0000000e+00	   0.0000000e+00	             NaN	             NaN	             NaN	             NaN	             NaN	   2.8912241e-01	   3.0959859e-01	   3.0964645e-01	   2.4736636e-01	   2.4445600e-01	   2.4276059e-01	   2.2687821e-01	   1.9956585e-01	   2.1112714e-01	   1.9530996e-01	   2.0227983e-01	   2.1349014e-01	   1.8811771e-01	   1.7270844e-01	   1.8199526e-01	   1.7423308e-01	   1.7354057e-01	   1.6229459e-01	
