  -1.7373338e+00	  -4.3760126e+00	  -2.7587155e+00	             NaN	             NaN	             NaN	             NaN	             NaN	             NaN	             NaN	             NaN	             NaN	             NaN	             NaN	   0.0000000e+00	   0.0000000e+00	   0.0000000e+00	   0.0000000e+00	   0.0000000e+00	   0.0000000e+00	   0.0000000e+00	   0.0000000e+00	   0.0000000e+00	   0.0000000e+00	   0.0000000e+00	   0.0000000e+00	   0.0000000e+00	   0.0000000e+00	   0.0000000e+00	   0.0000000e+00	   0.0000000e+00	   0.0000000e+00	   0.0000000e+00	
  -2.5935055e+00	   1.4768998e-01	  -2.3042907e+00	             NaN	             NaN	             NaN	             NaN	             NaN	             NaN	             NaN	             NaN	             NaN	             NaN	             NaN	   0.0000000e+00	   0.0000000e+00	   0.0000000e+00	   0.0000000e+00	   0.0000000e+00	   0.0000000e+00	   0.0000000e+00	   0.0000000e+00	   0.0000000e+00	   0.0000000e+00	   0.0000000e+00	   0.0000000e+00	   0.0000000e+00	   0.0000000e+00	   0.0000000e+00	   0.0000000e+00	   0.0000000e+00	   0.0000000e+00	   0.0000000e+00	
  -1.6558934e+00	  -1.7382603e-01	  -8.9900400e-01	             NaN	             NaN	             NaN	             NaN	             NaN	             NaN	             NaN	             NaN	             NaN	             NaN	             NaN	   0.0000000e+00	   0.0000000e+00	   0.0000000e+00	   0.0000000e+00	   0.0000000e+00	   0.0000000e+00	   0.0000000e+00	   0.0000000e+00	   0.0000000e+00	   0.0000000e+00	   0.0000000e+00	   0.0000000e+00	   0.0000000e+00	   0.0000000e+00	   0.0000000e+00	   0.0000000e+00	   0.0000000e+00	   0.0000000e+00	   0.0000000e+00	
   7.3469149e-01	  -1.0757115e+00	   4.2465689e-01	   5.8526352e-01	             NaN	             NaN	             NaN	             NaN	             NaN	             NaN	             NaN	             NaN	             NaN	             NaN	             NaN	   0.0000000e+00	   0.0000000e+00	   0.0000000e+00	   0.0000000e+00	   0.0000000e+00	   0.0000000e+00	   0.0000000e+00	   0.0000000e+00	   0.0000000e+00	   0.0000000e+00	   0.0000000e+00	   0.0000000e+00	   0.0000000e+00	   0.0000000e+00	   0.0000000e+00	   0.0000000e+00	   0.0000000e+00	   0.0000000e+00	
   1.0665681e+00	  -7.2336427e-01	   1.1945185e+00	   6.5166111e-01	             NaN	             NaN	             NaN	             NaN	             NaN	             NaN	             NaN	             NaN	             NaN	             NaN	             NaN	   0.0000000e+00	   0.0000000e+00	   0.0000000e+00	   0.0000000e+00	   0.0000000e+00	   0.0000000e+00	   0.0000000e+00	   0.0000000e+00	   0.0000000e+00	   0.0000000e+00	   0.0000000e+00	   0.0000000e+00	   0.0000000e+00	   0.0000000e+00	   0.0000000e+00	   0.0000000e+00	   0.0000000e+00	   0.0000000e+00	
   1.5802814e+00	   1.3774756e+00	   1.4382414e+00	   1.6071465e+00	   3.1197427e+00	             NaN	             NaN	             NaN	             NaN	             NaN	             NaN	             NaN	             NaN	             NaN	             NaN	             NaN	   0.0000000e+00	   0.0000000e+00	   0.0000000e+00	   0.0000000e+00	   0.0000000e+00	   0.0000000e+00	   0.0000000e+00	   0.0000000e+00	   0.0000000e+00	   0.0000000e+00	   0.0000000e+00	   0.0000000e+00	   0.0000000e+00	   0.0000000e+00	   0.0000000e+00	   0.0000000e+00	   0.0000000e+00	
   1.4116460e+00	   1.1545049e+00	   1.9007041e+00	   1.9276162e+00	   2.8696676e+00	             NaN	             NaN	             NaN	             NaN	             NaN	             NaN	             NaN	             NaN	             NaN	             NaN	             NaN	   0.0000000e+00	   0.0000000e+00	   0.0000000e+00	   0.0000000e+00	   0.0000000e+00	   0.0000000e+00	   0.0000000e+00	   0.0000000e+00	   0.0000000e+00	   0.0000000e+00	   0.0000000e+00	   0.0000000e+00	   0.0000000e+00	   0.0000000e+00	   0.0000000e+00	   0.0000000e+00	   0.0000000e+00	
   2.0521602e+00	   5.3254215e-01	   1.6687568e+00	   2.0563868e+00	   3.0383701e+00	             NaN	             NaN	             NaN	             NaN	             NaN	             NaN	             NaN	             NaN	             NaN	             NaN	             NaN	   0.0000000e+00	   0.0000000e+00	   0.0000000e+00	   0.0000000e+00	   0.0000000e+00	   0.0000000e+00	   0.0000000e+00	   0.0000000e+00	   0.0000000e+00	   0.0000000e+00	   0.0000000e+00	   0.0000000e+00	   0.0000000e+00	   0.0000000e+00	   0.0000000e+00	   0.0000000e+00	   0.0000000e+00	
   2.5068845e+00	   2.0385693e+00	   1.2492788e+00	   2.3803230e+00	   3.2093176e+00	   3.5738781e+00	             NaN	             NaN	             NaN	             NaN	             NaN	             NaN	             NaN	             NaN	             NaN	             NaN	             NaN	   0.0000000e+00	   0.0000000e+00	   0.0000000e+00	   0.0000000e+00	   0.0000000e+00	   0.0000000e+00	   0.0000000e+00	   0.0000000e+00	   0.0000000e+00	   0.0000000e+00	   0.0000000e+00	   0.0000000e+00	   0.0000000e+00	   0.0000000e+00	   0.0000000e+00	   0.0000000e+00	
   1.7687211e+00	   1.2130320e+00	   1.7786574e+00	   2.7439516e+00	   2.9893474e+00	   3.7763403e+00	             NaN	             NaN	             NaN	             NaN	             NaN	             NaN	             NaN	             NaN	             NaN	             NaN	             NaN	   0.0000000e+00	   0.0000000e+00	   0.0000000e+00	   0.0000000e+00	   0.0000000e+00	   0.0000000e+00	   0.0000000e+00	   0.0000000e+00	   0.0000000e+00	   0.0000000e+00	   0.0000000e+00	   0.0000000e+00	   0.0000000e+00	   0.0000000e+00	   0.0000000e+00	   0.0000000e+00	
   6.7490969e-01	   1.5746464e+00	   1.6819981e+00	   2.9150929e+00	   3.5384063e+00	   3.8667788e+00	   4.4459752e+00	             NaN	             NaN	             NaN	             NaN	             NaN	             NaN	             NaN	             NaN	             NaN	             NaN	             NaN	   0.0000000e+00	   0.0000000e+00	   0.0000000e+00	   0.0000000e+00	   0.0000000e+00	   0.0000000e+00	   0.0000000e+00	   0.0000000e+00	   0.0000000e+00	   0.0000000e+00	   0.0000000e+00	   0.0000000e+00	   0.0000000e+00	   0.0000000e+00	   0.0000000e+00	
   1.5956045e+00	   1.6857596e+00	   2.5052026e+00	   3.0821389e+00	   3.0471632e+00	   4.1166744e+00	   4.5782911e+00	             NaN	             NaN	             NaN	             NaN	             NaN	             NaN	             NaN	             NaN	             NaN	             NaN	             NaN	   0.0000000e+00	   0.0000000e+00	   0.0000000e+00	   0.0000000e+00	   0.0000000e+00	   0.0000000e+00	   0.0000000e+00	   0.0000000e+00	   0.0000000e+00	   0.0000000e+00	   0.0000000e+00	   0.0000000e+00	   0.0000000e+00	   0.0000000e+00	   0.0000000e+00	
   3.2324561e+00	   2.6350741e+00	   2.7326636e+00	   3.1725466e+00	   3.5032439e+00	   3.8410395e+00	   4.6309590e+00	             NaN	             NaN	             NaN	             NaN	             NaN	             NaN	             NaN	             NaN	             NaN	             NaN	             NaN	   0.0000000e+00	   0.0000000e+00	   0.0000000e+00	   0.0000000e+00	   0.0000000e+00	   0.0000000e+00	   0.0000000e+00	   0.0000000e+00	   0.0000000e+00	   0.0000000e+00	   0.0000000e+00	   0.0000000e+00	   0.0000000e+00	   0.0000000e+00	   0.0000000e+00	
   3.1002575e+00	   2.5016492e+00	   2.8049810e+00	   3.3290558e+00	   3.6745129e+00	   4.1597328e+00	   4.4950685e+00	   4.7730195e+00	             NaN	             NaN	             NaN	             NaN	             NaN	             NaN	             NaN	             NaN	             NaN	             NaN	             NaN	   0.0000000e+00	   0.0000000e+00	   0.0000000e+00	   0.0000000e+00	   0.0000000e+00	   0.0000000e+00	   0.0000000e+00	   0.0000000e+00	   0.0000000e+00	   0.0000000e+00	   0.0000000e+00	   0.0000000e+00	   0.0000000e+00	   0.0000000e+00	
   2.6569331e+00	   2.7579669e+00	   2.8368390e+00	   3.1910167e+00	   3.9001330e+00	   4.4092734e+00	   4.7144516e+00	   4.8594404e+00	             NaN	             NaN	             NaN	             NaN	             NaN	             NaN	             NaN	             NaN	             NaN	             NaN	             NaN	   0.0000000e+00	   0.0000000e+00	   0.0000000e+00	   0.0000000e+00	   0.0000000e+00	   0.0000000e+00	   0.0000000e+00	   0.0000000e+00	   0.0000000e+00	   0.0000000e+00	   0.0000000e+00	   0.0000000e+00	   0.0000000e+00	   0.0000000e+00	
   2.4202146e+00	   2.6461095e+00	   3.0564128e+00	   3.4051214e+00	   4.1653778e+00	   3.9594036e+00	   4.8223665e+00	   4.7309200e+00	   4.3149661e+00	             NaN	             NaN	             NaN	             NaN	             NaN	             NaN	             NaN	             NaN	             NaN	             NaN	             NaN	   0.0000000e+00	   0.0000000e+00	   0.0000000e+00	   0.0000000e+00	   0.0000000e+00	   0.0000000e+00	   0.0000000e+00	   0.0000000e+00	   0.0000000e+00	   0.0000000e+00	   0.0000000e+00	   0.0000000e+00	   0.0000000e+00	
   1.6664981e+00	   2.3540723e+00	   3.1276140e+00	   3.4547522e+00	   3.8910608e+00	   4.3890854e+00	   4.6310395e+00	   4.5822803e+00	   4.6084095e+00	             NaN	             NaN	             NaN	             NaN	             NaN	             NaN	             NaN	             NaN	             NaN	             NaN	             NaN	   0.0000000e+00	   0.0000000e+00	   0.0000000e+00	   0.0000000e+00	   0.0000000e+00	   0.0000000e+00	   0.0000000e+00	   0.0000000e+00	   0.0000000e+00	   0.0000000e+00	   0.0000000e+00	   0.0000000e+00	   0.0000000e+00	
   2.6899949e+00	   2.2873036e+00	   3.4080717e+00	   3.3511088e+00	   3.9923833e+00	   4.3490976e+00	   4.7081226e+00	   4.7727454e+00	   4.6373990e+00	             NaN	             NaN	             NaN	             NaN	             NaN	             NaN	             NaN	             NaN	             NaN	             NaN	             NaN	   0.0000000e+00	   0.0000000e+00	   0.0000000e+00	   0.0000000e+00	   0.0000000e+00	   0.0000000e+00	   0.0000000e+00	   0.0000000e+00	   0.0000000e+00	   0.0000000e+00	   0.0000000e+00	   0.0000000e+00	   0.0000000e+00	
   2.2683595e+00	   2.6650571e+00	   2.8993365e+00	   3.0573882e+00	   3.7841397e+00	   4.0318828e+00	   4.6054694e+00	   4.8100158e+00	   4.5752041e+00	   3.9645680e+00	             NaN	             NaN	             NaN	             NaN	             NaN	             NaN	             NaN	             NaN	             NaN	             NaN	             NaN	   0.0000000e+00	   0.0000000e+00	   0.0000000e+00	   0.0000000e+00	   0.0000000e+00	   0.0000000e+00	   0.0000000e+00	   0.0000000e+00	   0.0000000e+00	   0.0000000e+00	   0.0000000e+00	   0.0000000e+00	
   2.2515276e+00	   2.6735536e+00	   3.1229102e+00	   3.7021803e+00	   3.9327693e+00	   4.1793114e+00	   4.5656834e+00	   4.8002127e+00	   4.4574723e+00	   3.9844072e+00	             NaN	             NaN	             NaN	             NaN	             NaN	             NaN	             NaN	             NaN	             NaN	             NaN	             NaN	   0.0000000e+00	   0.0000000e+00	   0.0000000e+00	   0.0000000e+00	   0.0000000e+00	   0.0000000e+00	   0.0000000e+00	   0.0000000e+00	   0.0000000e+00	   0.0000000e+00	   0.0000000e+00	   0.0000000e+00	
   2.8025217e+00	   3.4485002e+00	   2.9318870e+00	   3.5113418e+00	   3.9024178e+00	   4.2424105e+00	   4.3323167e+00	   4.5632113e+00	   4.5614016e+00	   4.0386942e+00	   3.3053624e+00	             NaN	             NaN	             NaN	             NaN	             NaN	             NaN	             NaN	             NaN	             NaN	             NaN	             NaN	   0.0000000e+00	   0.0000000e+00	   0.0000000e+00	   0.0000000e+00	   0.0000000e+00	   0.0000000e+00	   0.0000000e+00	   0.0000000e+00	   0.0000000e+00	   0.0000000e+00	   0.0000000e+00	
   2.4534753e+00	   3.1232884e+00	   2.8676586e+00	   3.4607248e+00	   3.8046917e+00	   4.0324391e+00	   4.2875175e+00	   4.4750373e+00	   4.4209443e+00	   3.9876038e+00	   3.3111172e+00	             NaN	             NaN	             NaN	             NaN	             NaN	             NaN	             NaN	             NaN	             NaN	             NaN	             NaN	   0.0000000e+00	   0.0000000e+00	   0.0000000e+00	   0.0000000e+00	   0.0000000e+00	   0.0000000e+00	   0.0000000e+00	   0.0000000e+00	   0.0000000e+00	   0.0000000e+00	   0.0000000e+00	
   3.2491060e+00	   3.2772251e+00	   3.0419940e+00	   3.2849571e+00	   3.6816781e+00	   4.0495171e+00	   4.3870997e+00	   4.6061595e+00	   4.1954474e+00	   4.0825890e+00	   3.3412716e+00	             NaN	             NaN	             NaN	             NaN	             NaN	             NaN	             NaN	             NaN	             NaN	             NaN	             NaN	   0.0000000e+00	   0.0000000e+00	   0.0000000e+00	   0.0000000e+00	   0.0000000e+00	   0.0000000e+00	   0.0000000e+00	   0.0000000e+00	   0.0000000e+00	   0.0000000e+00	   0.0000000e+00	
   3.1104759e+00	   3.0143447e+00	   3.0940634e+00	   3.2853192e+00	   3.7347642e+00	   4.0248450e+00	   4.2803612e+00	   4.4065348e+00	   4.2363966e+00	   4.0502687e+00	   3.1574751e+00	   2.1520993e+00	             NaN	             NaN	             NaN	             NaN	             NaN	             NaN	             NaN	             NaN	             NaN	             NaN	             NaN	   0.0000000e+00	   0.0000000e+00	   0.0000000e+00	   0.0000000e+00	   0.0000000e+00	   0.0000000e+00	   0.0000000e+00	   0.0000000e+00	   0.0000000e+00	   0.0000000e+00	
   3.5568422e+00	   3.0983189e+00	   3.4117874e+00	   3.1561928e+00	   3.6127187e+00	   3.9574615e+00	   4.2097682e+00	   4.1720429e+00	   4.2195833e+00	   3.9807576e+00	   3.1731554e+00	   2.4353842e+00	             NaN	             NaN	             NaN	             NaN	             NaN	             NaN	             NaN	             NaN	             NaN	             NaN	             NaN	   0.0000000e+00	   0.0000000e+00	   0.0000000e+00	   0.0000000e+00	   0.0000000e+00	   0.0000000e+00	   0.0000000e+00	   0.0000000e+00	   0.0000000e+00	   0.0000000e+00	
   3.2387415e+00	   3.4240114e+00	   2.9897023e+00	   3.4380404e+00	   3.8438726e+00	   3.8181690e+00	   4.1475490e+00	   4.2287059e+00	   4.2752347e+00	   3.7784770e+00	   3.2204989e+00	   2.4256698e+00	   1.8048576e+00	             NaN	             NaN	             NaN	             NaN	             NaN	             NaN	             NaN	             NaN	             NaN	             NaN	             NaN	   0.0000000e+00	   0.0000000e+00	   0.0000000e+00	   0.0000000e+00	   0.0000000e+00	   0.0000000e+00	   0.0000000e+00	   0.0000000e+00	   0.0000000e+00	
   3.2226191e+00	   2.9987962e+00	   2.9686415e+00	   3.2327586e+00	   3.4991718e+00	   3.9088908e+00	   3.9792783e+00	   4.1024539e+00	   3.9286613e+00	   3.8248801e+00	   3.1825574e+00	   2.4513540e+00	   1.8381998e+00	             NaN	             NaN	             NaN	             NaN	             NaN	             NaN	             NaN	             NaN	             NaN	             NaN	             NaN	   0.0000000e+00	   0.0000000e+00	   0.0000000e+00	   0.0000000e+00	   0.0000000e+00	   0.0000000e+00	   0.0000000e+00	   0.0000000e+00	   0.0000000e+00	
   2.4622090e+00	   3.0924093e+00	   3.0428208e+00	   3.1763476e+00	   3.5262692e+00	   3.8787871e+00	   3.8004940e+00	   4.0810278e+00	   3.9875135e+00	   3.6593455e+00	   3.2136999e+00	   2.4818024e+00	   1.7025586e+00	             NaN	             NaN	             NaN	             NaN	             NaN	             NaN	             NaN	             NaN	             NaN	             NaN	             NaN	   0.0000000e+00	   0.0000000e+00	   0.0000000e+00	   0.0000000e+00	   0.0000000e+00	   0.0000000e+00	   0.0000000e+00	   0.0000000e+00	   0.0000000e+00	
   3.2583005e+00	   2.5745819e+00	   2.8162035e+00	   3.1993426e+00	   3.2606960e+00	   3.5031822e+00	   3.8247663e+00	   3.8739072e+00	   3.8045725e+00	   3.5169152e+00	   3.0138780e+00	   2.5136045e+00	   1.9050160e+00	   1.2782572e+00	             NaN	             NaN	             NaN	             NaN	             NaN	             NaN	             NaN	             NaN	             NaN	             NaN	             NaN	   0.0000000e+00	   0.0000000e+00	   0.0000000e+00	   0.0000000e+00	   0.0000000e+00	   0.0000000e+00	   0.0000000e+00	   0.0000000e+00	
   2.8892718e+00	   3.1051270e+00	   3.0396189e+00	   3.1316634e+00	   3.2339224e+00	   3.4634172e+00	   3.6097243e+00	   3.8165261e+00	   3.6171831e+00	   3.4871544e+00	   3.0543164e+00	   2.4455780e+00	   1.8455503e+00	   1.3413579e+00	             NaN	             NaN	             NaN	             NaN	             NaN	             NaN	             NaN	             NaN	             NaN	             NaN	             NaN	   0.0000000e+00	   0.0000000e+00	   0.0000000e+00	   0.0000000e+00	   0.0000000e+00	   0.0000000e+00	   0.0000000e+00	   0.0000000e+00	
   2.2672475e+00	   2.4985795e+00	   2.8173917e+00	   2.9746403e+00	   3.2060081e+00	   3.1347002e+00	   3.3852345e+00	   3.5594490e+00	   3.5557919e+00	   3.3528196e+00	   2.9360355e+00	   2.3306448e+00	   1.8847484e+00	   1.5625740e+00	   1.1495307e+00	             NaN	             NaN	             NaN	             NaN	             NaN	             NaN	             NaN	             NaN	             NaN	             NaN	             NaN	   0.0000000e+00	   0.0000000e+00	   0.0000000e+00	   0.0000000e+00	   0.0000000e+00	   0.0000000e+00	   0.0000000e+00	
   2.3817971e+00	   2.6628522e+00	   2.8214749e+00	   2.9837417e+00	   3.2743199e+00	   3.2262494e+00	   3.3924898e+00	   3.5316724e+00	   3.5307206e+00	   3.3458704e+00	   3.0425909e+00	   2.3601739e+00	   1.9191091e+00	   1.5663557e+00	   1.3550212e+00	             NaN	             NaN	             NaN	             NaN	             NaN	             NaN	             NaN	             NaN	             NaN	             NaN	             NaN	   0.0000000e+00	   0.0000000e+00	   0.0000000e+00	   0.0000000e+00	   0.0000000e+00	   0.0000000e+00	   0.0000000e+00	
   2.1213752e+00	   3.1446315e+00	   2.4297458e+00	   2.4355903e+00	   3.1325404e+00	   3.1891415e+00	   3.3451251e+00	   3.4832482e+00	   3.4561726e+00	   3.3671019e+00	   3.1073509e+00	   2.4875195e+00	   2.0722455e+00	   1.6870887e+00	   1.4552198e+00	             NaN	             NaN	             NaN	             NaN	             NaN	             NaN	             NaN	             NaN	             NaN	             NaN	             NaN	   0.0000000e+00	   0.0000000e+00	   0.0000000e+00	   0.0000000e+00	   0.0000000e+00	   0.0000000e+00	   0.0000000e+00	
   2.7676529e+00	   2.2532850e+00	   2.6102045e+00	   2.7986727e+00	   3.0316763e+00	   3.3065338e+00	   3.3017595e+00	   3.2580348e+00	   3.4070033e+00	   3.2774330e+00	   2.8550908e+00	   2.5723579e+00	   2.0146527e+00	   1.7623424e+00	   1.4750255e+00	   1.3863746e+00	             NaN	             NaN	             NaN	             NaN	             NaN	             NaN	             NaN	             NaN	             NaN	             NaN	             NaN	   0.0000000e+00	   0.0000000e+00	   0.0000000e+00	   0.0000000e+00	   0.0000000e+00	   0.0000000e+00	
   2.2245351e+00	   2.7202172e+00	   2.7620145e+00	   2.9983636e+00	   2.9343147e+00	   3.1855283e+00	   3.1727766e+00	   3.3468955e+00	   3.3607488e+00	   3.2741713e+00	   3.0991316e+00	   2.4795638e+00	   2.1176755e+00	   1.8679218e+00	   1.5224976e+00	   1.4401387e+00	             NaN	             NaN	             NaN	             NaN	             NaN	             NaN	             NaN	             NaN	             NaN	             NaN	             NaN	   0.0000000e+00	   0.0000000e+00	   0.0000000e+00	   0.0000000e+00	   0.0000000e+00	   0.0000000e+00	
   2.1747860e+00	   1.7275598e+00	   2.6392347e+00	   2.9307856e+00	   3.1402794e+00	   3.0132057e+00	   3.1374206e+00	   3.2214155e+00	   3.1471172e+00	   3.1508724e+00	   2.8782919e+00	   2.5027039e+00	   2.1445568e+00	   1.8865341e+00	   1.6390375e+00	   1.3777901e+00	   1.1302286e+00	             NaN	             NaN	             NaN	             NaN	             NaN	             NaN	             NaN	             NaN	             NaN	             NaN	             NaN	   0.0000000e+00	   0.0000000e+00	   0.0000000e+00	   0.0000000e+00	   0.0000000e+00	
   1.0290619e+00	   2.0723347e+00	   2.0510676e+00	   3.1006404e+00	   2.9374459e+00	   2.8921947e+00	   3.2892961e+00	   3.1088187e+00	   3.1066517e+00	   3.1054648e+00	   2.9476156e+00	   2.4669641e+00	   2.1540672e+00	   1.8730952e+00	   1.6755563e+00	   1.4355096e+00	   1.2622211e+00	             NaN	             NaN	             NaN	             NaN	             NaN	             NaN	             NaN	             NaN	             NaN	             NaN	             NaN	   0.0000000e+00	   0.0000000e+00	   0.0000000e+00	   0.0000000e+00	   0.0000000e+00	
   1.5616401e+00	   2.0221579e+00	   2.3598362e+00	   2.6661505e+00	   2.9183532e+00	   3.1291105e+00	   3.1322490e+00	   3.1832337e+00	   3.1094205e+00	   3.0128648e+00	   2.8246815e+00	   2.4640644e+00	   2.2185961e+00	   1.9790332e+00	   1.7138948e+00	   1.4987098e+00	   1.3205418e+00	             NaN	             NaN	             NaN	             NaN	             NaN	             NaN	             NaN	             NaN	             NaN	             NaN	             NaN	   0.0000000e+00	   0.0000000e+00	   0.0000000e+00	   0.0000000e+00	   0.0000000e+00	
   1.7143929e+00	   1.1315014e+00	   1.5607303e+00	   2.5036504e+00	   3.0010948e+00	   2.8940253e+00	   3.0430037e+00	   3.0959318e+00	   3.0904488e+00	   2.9709572e+00	   2.8466334e+00	   2.4853293e+00	   2.2303787e+00	   1.9935787e+00	   1.7370085e+00	   1.6088343e+00	   1.2530951e+00	   1.1534082e+00	             NaN	             NaN	             NaN	             NaN	             NaN	             NaN	             NaN	             NaN	             NaN	             NaN	             NaN	   0.0000000e+00	   0.0000000e+00	   0.0000000e+00	   0.0000000e+00	
   8.7413155e-01	   1.6509562e+00	   2.1453790e+00	   2.7380615e+00	   2.5345435e+00	   2.9073001e+00	   2.7730065e+00	   2.8601078e+00	   2.8641502e+00	   3.0092709e+00	   2.8208191e+00	   2.3546670e+00	   2.2814588e+00	   2.0418395e+00	   1.7812011e+00	   1.6268647e+00	   1.5018017e+00	   1.2837332e+00	             NaN	             NaN	             NaN	             NaN	             NaN	             NaN	             NaN	             NaN	             NaN	             NaN	             NaN	   0.0000000e+00	   0.0000000e+00	   0.0000000e+00	   0.0000000e+00	
   1.7221082e+00	   1.0099091e+00	   1.8687003e+00	   2.3844659e+00	   2.6296877e+00	   2.8662665e+00	   2.8531438e+00	   2.8658292e+00	   2.8830792e+00	   2.8964213e+00	   2.6665666e+00	   2.5689944e+00	   2.2415321e+00	   2.0673418e+00	   1.8953395e+00	   1.7068175e+00	   1.4992047e+00	   1.4418483e+00	   9.8937245e-01	             NaN	             NaN	             NaN	             NaN	             NaN	             NaN	             NaN	             NaN	             NaN	             NaN	             NaN	   0.0000000e+00	   0.0000000e+00	   0.0000000e+00	
   8.0510323e-01	   8.5108149e-01	   1.7491782e+00	   2.7368638e+00	   2.7437096e+00	   2.7325150e+00	   2.7667258e+00	   2.7814854e+00	   2.8948876e+00	   2.8640972e+00	   2.6587194e+00	   2.4108833e+00	   2.2671379e+00	   2.1115838e+00	   1.8664542e+00	   1.7125558e+00	   1.5068630e+00	   1.4110336e+00	   1.1188101e+00	             NaN	             NaN	             NaN	             NaN	             NaN	             NaN	             NaN	             NaN	             NaN	             NaN	             NaN	   0.0000000e+00	   0.0000000e+00	   0.0000000e+00	
   3.0345880e+00	   1.0565741e+00	   1.9374222e+00	   2.8475490e+00	   2.8620767e+00	   2.7550074e+00	   2.6836096e+00	   2.8752007e+00	   2.9361650e+00	   2.9069228e+00	   2.7333171e+00	   2.4560794e+00	   2.3344190e+00	   2.1541119e+00	   1.9848249e+00	   1.7244288e+00	   1.5715666e+00	   1.3843996e+00	   1.1438950e+00	             NaN	             NaN	             NaN	             NaN	             NaN	             NaN	             NaN	             NaN	             NaN	             NaN	             NaN	   0.0000000e+00	   0.0000000e+00	   0.0000000e+00	
   1.6907459e+00	   1.9414879e+00	   1.2547417e+00	   2.7472516e+00	   3.0751926e+00	   2.8103441e+00	   2.7262110e+00	   2.8269566e+00	   2.8536783e+00	   2.8937205e+00	   2.7298860e+00	   2.4580594e+00	   2.2227570e+00	   2.2067295e+00	   2.0132990e+00	   1.8703645e+00	   1.6713858e+00	   1.4328452e+00	   1.2035910e+00	   1.1081591e+00	             NaN	             NaN	             NaN	             NaN	             NaN	             NaN	             NaN	             NaN	             NaN	             NaN	             NaN	   0.0000000e+00	   0.0000000e+00	
   1.1543604e+00	   7.4478237e-01	   2.0542246e+00	   2.5618424e+00	   2.6728592e+00	   2.7794115e+00	   2.6791800e+00	   2.7373618e+00	   2.8459455e+00	   2.7796503e+00	   2.6310710e+00	   2.4264337e+00	   2.2873247e+00	   2.1797948e+00	   2.0130068e+00	   1.8808269e+00	   1.6737417e+00	   1.4909148e+00	   1.3000179e+00	   1.0950368e+00	             NaN	             NaN	             NaN	             NaN	             NaN	             NaN	             NaN	             NaN	             NaN	             NaN	             NaN	   0.0000000e+00	   0.0000000e+00	
  -3.6713483e-01	   1.2625279e+00	   2.1901990e+00	   2.2017587e+00	   2.6252625e+00	   2.7356816e+00	   2.8516706e+00	   2.5915101e+00	   2.7152077e+00	   2.6736429e+00	   2.5967426e+00	   2.4642903e+00	   2.3476374e+00	   2.2103426e+00	   2.0799465e+00	   1.9373833e+00	   1.7613375e+00	   1.5898737e+00	   1.3925416e+00	   1.1876532e+00	   8.7609203e-01	             NaN	             NaN	             NaN	             NaN	             NaN	             NaN	             NaN	             NaN	             NaN	             NaN	             NaN	   0.0000000e+00	
   1.2150368e-02	   1.8267262e+00	   2.5680575e+00	   2.6463344e+00	   2.5574296e+00	   2.7471298e+00	   2.8118001e+00	   2.7381663e+00	   2.6582178e+00	   2.6757906e+00	   2.6268629e+00	   2.4622210e+00	   2.3543327e+00	   2.2525725e+00	   2.1162407e+00	   1.9523407e+00	   1.8048615e+00	   1.6582717e+00	   1.3810475e+00	   1.2874228e+00	   9.1063788e-01	             NaN	             NaN	             NaN	             NaN	             NaN	             NaN	             NaN	             NaN	             NaN	             NaN	             NaN	   0.0000000e+00	
   6.8972172e-01	   5.6339294e-01	   1.8059049e+00	   2.3358162e+00	   2.5428158e+00	   2.8800425e+00	   2.7083860e+00	   2.8044094e+00	   2.6728783e+00	   2.7774984e+00	   2.6537894e+00	   2.4774551e+00	   2.3853566e+00	   2.3126483e+00	   2.1543364e+00	   2.0109353e+00	   1.8123314e+00	   1.6458464e+00	   1.4200522e+00	   1.3269354e+00	   1.0287401e+00	             NaN	             NaN	             NaN	             NaN	             NaN	             NaN	             NaN	             NaN	             NaN	             NaN	             NaN	   0.0000000e+00	
  -8.1624636e-02	   1.3171098e+00	   1.7314356e+00	   2.5413856e+00	   2.7781309e+00	   2.8600788e+00	   2.7615172e+00	   2.6246608e+00	   2.6655864e+00	   2.7388399e+00	   2.5988889e+00	   2.5377775e+00	   2.4342242e+00	   2.3475936e+00	   2.1776758e+00	   2.0186705e+00	   1.8971957e+00	   1.7007132e+00	   1.4949033e+00	   1.3521805e+00	   1.1193910e+00	   7.9589143e-01	             NaN	             NaN	             NaN	             NaN	             NaN	             NaN	             NaN	             NaN	             NaN	             NaN	             NaN	
   9.3072310e-01	   6.4787129e-01	   1.3531932e+00	   1.8275074e+00	   2.8750518e+00	   2.7480465e+00	   2.6642437e+00	   2.6875627e+00	   2.7632830e+00	   2.7187899e+00	   2.6984684e+00	   2.5500500e+00	   2.4193332e+00	   2.3600154e+00	   2.1896934e+00	   2.1741765e+00	   1.9257240e+00	   1.7533071e+00	   1.5333631e+00	   1.3320799e+00	   1.1346325e+00	   8.6267002e-01	             NaN	             NaN	             NaN	             NaN	             NaN	             NaN	             NaN	             NaN	             NaN	             NaN	             NaN	
   4.7239234e-01	   9.6489912e-01	   2.4120062e+00	   2.0810045e+00	   2.8747911e+00	   2.7287400e+00	   2.7372823e+00	   2.8407419e+00	   2.6636497e+00	   2.6691904e+00	   2.6653127e+00	   2.5328739e+00	   2.4189589e+00	   2.3639433e+00	   2.2705004e+00	   2.1742540e+00	   1.9582053e+00	   1.7622865e+00	   1.6168572e+00	   1.3909492e+00	   1.1684470e+00	   9.2660402e-01	   8.6502992e-01	             NaN	             NaN	             NaN	             NaN	             NaN	             NaN	             NaN	             NaN	             NaN	             NaN	
  -2.1577319e-02	   1.0766351e+00	   2.1960274e+00	   2.3448321e+00	   2.7457255e+00	   2.6717537e+00	   2.6127621e+00	   2.7234585e+00	   2.6513645e+00	   2.6333347e+00	   2.6584617e+00	   2.5005284e+00	   2.5022632e+00	   2.4508345e+00	   2.2925287e+00	   2.1550852e+00	   1.9789439e+00	   1.8399248e+00	   1.7010481e+00	   1.4440253e+00	   1.2228562e+00	   1.0951151e+00	   9.0858347e-01	             NaN	             NaN	             NaN	             NaN	             NaN	             NaN	             NaN	             NaN	             NaN	             NaN	
   8.9640809e-01	   6.7881389e-01	   6.6891694e-01	   2.3105405e+00	   2.4541957e+00	   2.9630110e+00	   2.7551341e+00	   2.5904601e+00	   2.6028812e+00	   2.6987688e+00	   2.6618066e+00	   2.5500498e+00	   2.5240309e+00	   2.4896777e+00	   2.3434086e+00	   2.1924532e+00	   2.0460857e+00	   1.8893773e+00	   1.6918902e+00	   1.5258356e+00	   1.2715573e+00	   1.1205466e+00	   8.0929888e-01	             NaN	             NaN	             NaN	             NaN	             NaN	             NaN	             NaN	             NaN	             NaN	             NaN	
   3.4368906e-01	   8.6148845e-01	   2.1033028e+00	   2.4392430e+00	   2.9215723e+00	   2.7486021e+00	   2.7591077e+00	   2.6884332e+00	   2.5987760e+00	   2.7602171e+00	   2.7078139e+00	   2.5251607e+00	   2.4216549e+00	   2.4507627e+00	   2.2912840e+00	   2.2838695e+00	   2.0656406e+00	   1.9544085e+00	   1.7563021e+00	   1.5664364e+00	   1.3454196e+00	   1.1626697e+00	   9.5328721e-01	   8.0584112e-01	             NaN	             NaN	             NaN	             NaN	             NaN	             NaN	             NaN	             NaN	             NaN	
   1.3134130e+00	   1.7848077e+00	   2.6999021e+00	   2.4799807e+00	   2.5919851e+00	   2.8292847e+00	   2.6664018e+00	   2.7388415e+00	   2.7213785e+00	   2.6002961e+00	   2.7125941e+00	   2.4977029e+00	   2.5388973e+00	   2.3915213e+00	   2.4154599e+00	   2.2781483e+00	   2.1983232e+00	   1.9811842e+00	   1.8136789e+00	   1.6409829e+00	   1.4615804e+00	   1.2838033e+00	   9.9974579e-01	   7.9132365e-01	             NaN	             NaN	             NaN	             NaN	             NaN	             NaN	             NaN	             NaN	             NaN	
   1.3593105e+00	   1.0931759e+00	   2.3649644e+00	   2.7138390e+00	   2.7995634e+00	   2.8491768e+00	   2.7216782e+00	   2.6774440e+00	   2.6927640e+00	   2.7189647e+00	   2.6277207e+00	   2.6359637e+00	   2.5529765e+00	   2.4853351e+00	   2.3925484e+00	   2.2799263e+00	   2.1212634e+00	   2.0642080e+00	   1.8315862e+00	   1.6545481e+00	   1.4422268e+00	   1.2522286e+00	   1.1389554e+00	   8.8581243e-01	   6.9529582e-01	             NaN	             NaN	             NaN	             NaN	             NaN	             NaN	             NaN	             NaN	
   1.7783133e+00	   1.1709129e+00	   1.8292840e+00	   2.7148919e+00	   2.9387663e+00	   2.9274757e+00	   3.0171114e+00	   2.6010180e+00	   2.6774565e+00	   2.6467114e+00	   2.6501529e+00	   2.5165856e+00	   2.5744667e+00	   2.3933496e+00	   2.3675911e+00	   2.3146062e+00	   2.1607023e+00	   2.0259136e+00	   1.8632207e+00	   1.6806430e+00	   1.5005743e+00	   1.2661805e+00	   1.1426990e+00	   9.7965931e-01	   7.5063803e-01	             NaN	             NaN	             NaN	             NaN	             NaN	             NaN	             NaN	             NaN	
   2.2243829e+00	   1.6285446e+00	   2.1721812e+00	   2.5969754e+00	   2.9312487e+00	   2.8268046e+00	   2.7263737e+00	   2.7310747e+00	   2.7249621e+00	   2.7031075e+00	   2.5960776e+00	   2.5178313e+00	   2.5196134e+00	   2.5333017e+00	   2.3568766e+00	   2.3098669e+00	   2.1901561e+00	   2.0598368e+00	   1.8721985e+00	   1.7145825e+00	   1.5410412e+00	   1.3983094e+00	   1.2000909e+00	   1.0798776e+00	   9.5683780e-01	             NaN	             NaN	             NaN	             NaN	             NaN	             NaN	             NaN	             NaN	
   1.2769130e+00	   1.3584682e+00	   2.1896465e+00	   2.6491554e+00	   3.0664135e+00	   3.1050004e+00	   2.8260135e+00	   2.7233783e+00	   2.7235578e+00	   2.6352407e+00	   2.7130522e+00	   2.5928437e+00	   2.5336859e+00	   2.5137622e+00	   2.4917903e+00	   2.4022790e+00	   2.2528155e+00	   2.1128997e+00	   1.9543777e+00	   1.7703903e+00	   1.5801250e+00	   1.3970387e+00	   1.2496917e+00	   9.3200607e-01	   9.3490410e-01	   7.4923144e-01	             NaN	             NaN	             NaN	             NaN	             NaN	             NaN	             NaN	
   2.3694506e+00	   1.7910980e+00	   2.3893300e+00	   2.9588978e+00	   2.9714584e+00	   2.9244883e+00	   2.9324785e+00	   2.8065692e+00	   2.6132847e+00	   2.7323386e+00	   2.6125789e+00	   2.4900458e+00	   2.5577340e+00	   2.4842724e+00	   2.4497314e+00	   2.3895479e+00	   2.2232706e+00	   2.1487306e+00	   1.9451678e+00	   1.8045535e+00	   1.6289196e+00	   1.4043229e+00	   1.2246470e+00	   1.1127898e+00	   9.2261768e-01	   7.9270013e-01	             NaN	             NaN	             NaN	             NaN	             NaN	             NaN	             NaN	
   2.1165999e+00	   1.8221943e+00	   3.0084113e+00	   2.9541680e+00	   3.2156282e+00	   3.1410743e+00	   2.9180278e+00	   2.8092828e+00	   2.6709038e+00	   2.6476953e+00	   2.6456800e+00	   2.6181527e+00	   2.4899931e+00	   2.5110271e+00	   2.4459669e+00	   2.3626816e+00	   2.2652212e+00	   2.0984536e+00	   2.0192516e+00	   1.8415251e+00	   1.6954579e+00	   1.5091163e+00	   1.3103044e+00	   1.0493019e+00	   9.3820008e-01	   8.1468606e-01	   6.1253902e-01	             NaN	             NaN	             NaN	             NaN	             NaN	             NaN	
   3.0869930e+00	   1.8528235e+00	   3.4327376e+00	   3.0623863e+00	   3.3878473e+00	   3.1018746e+00	   2.9504230e+00	   2.7226742e+00	   2.6504995e+00	   2.6604470e+00	   2.5824292e+00	   2.4919377e+00	   2.5037215e+00	   2.5056900e+00	   2.4798803e+00	   2.4241417e+00	   2.2708055e+00	   2.1579535e+00	   2.0017128e+00	   1.8925023e+00	   1.6671308e+00	   1.5337084e+00	   1.3726834e+00	   1.2002961e+00	   1.0105449e+00	   8.3074489e-01	   6.5564648e-01	             NaN	             NaN	             NaN	             NaN	             NaN	             NaN	
   2.6116855e+00	   2.3740156e+00	   3.0197227e+00	   3.1326574e+00	   3.3660462e+00	   2.8670728e+00	   2.9562789e+00	   2.8648557e+00	   2.7811426e+00	   2.6552750e+00	   2.6062415e+00	   2.5013157e+00	   2.5462028e+00	   2.4697184e+00	   2.4378517e+00	   2.4029634e+00	   2.2207132e+00	   2.1405601e+00	   2.0297435e+00	   1.8427531e+00	   1.7225262e+00	   1.5599602e+00	   1.3815393e+00	   1.2503140e+00	   1.0733919e+00	   8.1252517e-01	   7.0238866e-01	             NaN	             NaN	             NaN	             NaN	             NaN	             NaN	
   2.7678787e+00	   2.0859531e+00	   2.9327476e+00	   3.0744246e+00	   3.2073090e+00	   3.1208552e+00	   2.8760308e+00	   2.7918963e+00	   2.6262415e+00	   2.5512925e+00	   2.6491000e+00	   2.4707122e+00	   2.4483116e+00	   2.4523037e+00	   2.4044174e+00	   2.3975694e+00	   2.2459082e+00	   2.1262910e+00	   2.0622734e+00	   1.8918608e+00	   1.7523918e+00	   1.5746684e+00	   1.4222876e+00	   1.2446392e+00	   1.1147944e+00	   9.1336356e-01	   7.3424569e-01	   5.9534829e-01	             NaN	             NaN	             NaN	             NaN	             NaN	
   2.6600835e+00	   2.3062040e+00	   3.1752935e+00	   3.2587068e+00	   3.1000760e+00	   3.0273134e+00	   2.9157910e+00	   2.8048622e+00	   2.6653062e+00	   2.6188077e+00	   2.5853024e+00	   2.4901787e+00	   2.5344197e+00	   2.4656948e+00	   2.4547750e+00	   2.3182349e+00	   2.2599340e+00	   2.1583217e+00	   2.0209416e+00	   1.9182741e+00	   1.7303524e+00	   1.5875126e+00	   1.4693348e+00	   1.2667047e+00	   1.1268945e+00	   1.0065461e+00	   8.3483997e-01	   6.2567055e-01	             NaN	             NaN	             NaN	             NaN	             NaN	
   3.1866787e+00	   2.4041241e+00	   3.2449190e+00	   3.3015743e+00	   3.4890207e+00	   3.0536942e+00	   3.0375150e+00	   2.8112591e+00	   2.6076705e+00	   2.5657053e+00	   2.5936162e+00	   2.5599707e+00	   2.4959736e+00	   2.4039707e+00	   2.3893993e+00	   2.3684070e+00	   2.2565679e+00	   2.1693910e+00	   2.0607970e+00	   1.9527235e+00	   1.7936985e+00	   1.6203657e+00	   1.4486771e+00	   1.2996156e+00	   1.1653645e+00	   1.0603062e+00	   8.0054619e-01	   6.9748572e-01	   5.3932582e-01	             NaN	             NaN	             NaN	             NaN	
   2.9381562e+00	   3.1524990e+00	   3.2365162e+00	   3.2092182e+00	   3.4865894e+00	   3.1555283e+00	   2.9504513e+00	   2.8978450e+00	   2.6836984e+00	   2.6091256e+00	   2.4501377e+00	   2.4711917e+00	   2.4106840e+00	   2.4718996e+00	   2.4420891e+00	   2.3718434e+00	   2.2826992e+00	   2.1639347e+00	   2.0202100e+00	   1.9356996e+00	   1.8268100e+00	   1.6502278e+00	   1.4834443e+00	   1.3665903e+00	   1.2015416e+00	   1.0384100e+00	   8.9838570e-01	   7.1247597e-01	   5.7885338e-01	             NaN	             NaN	             NaN	             NaN	
   2.6036479e+00	   3.4997792e+00	   3.5188422e+00	   3.4070656e+00	   3.3793606e+00	   3.2542954e+00	   3.0607840e+00	   2.8774000e+00	   2.6864275e+00	   2.5228015e+00	   2.5723552e+00	   2.4717561e+00	   2.4608477e+00	   2.4249191e+00	   2.3985662e+00	   2.3528275e+00	   2.2809768e+00	   2.1859393e+00	   2.0554346e+00	   1.9483544e+00	   1.8119903e+00	   1.6756245e+00	   1.5291464e+00	   1.3840285e+00	   1.2366720e+00	   1.0313876e+00	   9.7844508e-01	   7.5058652e-01	   5.8174177e-01	             NaN	             NaN	             NaN	             NaN	
   1.7706277e+00	   3.5792057e+00	   3.4492297e+00	   3.2991889e+00	   3.4202208e+00	   3.3069218e+00	   2.9170031e+00	   2.9279983e+00	   2.6767629e+00	   2.6113901e+00	   2.5493060e+00	   2.4900832e+00	   2.4302888e+00	   2.4718280e+00	   2.4535175e+00	   2.2575466e+00	   2.2298050e+00	   2.1644715e+00	   2.0926770e+00	   1.9741691e+00	   1.8117551e+00	   1.6950653e+00	   1.5088275e+00	   1.3883762e+00	   1.2395858e+00	   1.0747642e+00	   1.0280199e+00	   7.8803491e-01	   6.3101326e-01	   5.0061352e-01	             NaN	             NaN	             NaN	
   2.4009123e+00	   4.0805228e+00	   3.2815204e+00	   3.8657569e+00	   3.3472041e+00	   3.4129340e+00	   2.9855544e+00	   2.9049084e+00	   2.7157157e+00	   2.4914059e+00	   2.5340249e+00	   2.3916700e+00	   2.4279924e+00	   2.3438123e+00	   2.4080462e+00	   2.3196748e+00	   2.2524820e+00	   2.1567175e+00	   2.0567558e+00	   1.9726724e+00	   1.7983252e+00	   1.6719935e+00	   1.5316340e+00	   1.4058066e+00	   1.2394659e+00	   1.1311514e+00	   9.5638661e-01	   8.0035290e-01	   6.4398067e-01	   5.4422833e-01	             NaN	             NaN	             NaN	
   2.9768992e+00	   3.2406678e+00	   3.5171833e+00	   3.4880432e+00	   3.4119071e+00	   3.3602112e+00	   3.1104874e+00	   2.8955311e+00	   2.6932860e+00	   2.6813727e+00	   2.4919055e+00	   2.3499864e+00	   2.3687114e+00	   2.3608951e+00	   2.3478089e+00	   2.3127090e+00	   2.1639845e+00	   2.1544887e+00	   2.0593499e+00	   1.9515378e+00	   1.8432881e+00	   1.6719898e+00	   1.5964317e+00	   1.4418012e+00	   1.2683035e+00	   1.1522670e+00	   9.8606682e-01	   9.0214990e-01	   6.9883397e-01	   5.6402611e-01	   4.5555550e-01	             NaN	             NaN	
   2.9591675e+00	   3.1351358e+00	   2.9675906e+00	   3.5705108e+00	   3.3897938e+00	   3.2259070e+00	   3.1800204e+00	   2.8996017e+00	   2.6560765e+00	   2.5391340e+00	   2.5472055e+00	   2.4045041e+00	   2.4045019e+00	   2.3796012e+00	   2.3407118e+00	   2.2913518e+00	   2.2047334e+00	   2.1159631e+00	   2.0466384e+00	   1.9442104e+00	   1.8128561e+00	   1.7321652e+00	   1.5870126e+00	   1.4464985e+00	   1.3405619e+00	   1.1852615e+00	   1.0161824e+00	   8.7146632e-01	   7.2808750e-01	   5.7573332e-01	   4.7687143e-01	             NaN	             NaN	
   3.1820087e+00	   3.2167906e+00	   3.5266399e+00	   3.8558746e+00	   3.6845417e+00	   3.2532330e+00	   3.1603540e+00	   2.8396137e+00	   2.6643213e+00	   2.5215227e+00	   2.4412255e+00	   2.3592363e+00	   2.3354943e+00	   2.2854352e+00	   2.3060248e+00	   2.2139918e+00	   2.2011282e+00	   2.1106300e+00	   2.0191666e+00	   1.9769500e+00	   1.8492284e+00	   1.7105802e+00	   1.5985899e+00	   1.4584117e+00	   1.3344153e+00	   1.1934508e+00	   1.0458297e+00	   8.8325906e-01	   7.5192327e-01	   6.3652109e-01	   5.0772123e-01	             NaN	             NaN	
   2.7626823e+00	   3.8967893e+00	   3.4311203e+00	   3.5444463e+00	   3.6201645e+00	   3.4041669e+00	   3.0722693e+00	   2.9172381e+00	   2.5890744e+00	   2.5024472e+00	   2.4118010e+00	   2.4024895e+00	   2.3222866e+00	   2.2936516e+00	   2.2988481e+00	   2.2309062e+00	   2.1247489e+00	   2.1236053e+00	   2.0479523e+00	   1.9428748e+00	   1.8094705e+00	   1.7600416e+00	   1.5497218e+00	   1.4415321e+00	   1.3760821e+00	   1.2001758e+00	   1.0911034e+00	   9.6981889e-01	   7.6370767e-01	   6.5806197e-01	   5.3616761e-01	   4.4861551e-01	             NaN	
   3.7107598e+00	   3.5117689e+00	   4.1683128e+00	   3.8927817e+00	   3.7435112e+00	   3.3619606e+00	   3.0244052e+00	   2.8460509e+00	   2.5791480e+00	   2.5413224e+00	   2.4556005e+00	   2.3020799e+00	   2.3246500e+00	   2.3351987e+00	   2.2552382e+00	   2.2442426e+00	   2.1439126e+00	   2.1028992e+00	   2.0501678e+00	   1.8552697e+00	   1.8240514e+00	   1.6877941e+00	   1.5813479e+00	   1.4735771e+00	   1.3305100e+00	   1.2368596e+00	   1.0954942e+00	   9.6407449e-01	   7.4388611e-01	   7.0407582e-01	   5.5044545e-01	   4.6016965e-01	             NaN	
   3.1657342e+00	   3.7962948e+00	   3.7294106e+00	   3.7860579e+00	   3.5773811e+00	   3.3320693e+00	   3.2373333e+00	   2.9928095e+00	   2.5888737e+00	   2.5422042e+00	   2.4013876e+00	   2.2977698e+00	   2.2430718e+00	   2.2038595e+00	   2.2584061e+00	   2.2185530e+00	   2.1350353e+00	   2.0243057e+00	   1.9980085e+00	   1.9020893e+00	   1.8155540e+00	   1.7065612e+00	   1.6014350e+00	   1.4803010e+00	   1.3564025e+00	   1.2405376e+00	   1.1073696e+00	   9.3556066e-01	   8.1462553e-01	   6.7433338e-01	   5.6963171e-01	   4.9084947e-01	   4.0780444e-01	
   3.6120246e+00	   3.6631285e+00	   3.9413773e+00	   3.7179082e+00	   3.7076767e+00	   3.2594636e+00	   3.1395891e+00	   2.8893742e+00	   2.6225656e+00	   2.4604028e+00	   2.3885497e+00	   2.3105341e+00	   2.1999802e+00	   2.1994676e+00	   2.2411796e+00	   2.1410557e+00	   2.1192595e+00	   2.0886576e+00	   2.0059746e+00	   1.9021086e+00	   1.8400977e+00	   1.6761533e+00	   1.5951432e+00	   1.5005895e+00	   1.3482986e+00	   1.2646083e+00	   1.1146223e+00	   9.8731808e-01	   7.8692841e-01	   6.7994734e-01	   6.5655716e-01	   5.0391839e-01	   4.1426129e-01	
   3.8703779e+00	   3.1756212e+00	   4.0843974e+00	   3.6705119e+00	   3.4567143e+00	   3.4215347e+00	   3.0648289e+00	   2.8472223e+00	   2.6613471e+00	   2.4186801e+00	   2.2925376e+00	   2.1898446e+00	   2.1805334e+00	   2.2035319e+00	   2.1325978e+00	   2.1838330e+00	   2.1004092e+00	   2.0468823e+00	   1.9395611e+00	   1.8791935e+00	   1.8197748e+00	   1.7074066e+00	   1.6074785e+00	   1.5155922e+00	   1.3784954e+00	   1.2977300e+00	   1.1202423e+00	   9.8985777e-01	   8.8616211e-01	   7.1034975e-01	   6.2787516e-01	   5.4965319e-01	   4.4479924e-01	
   3.0246467e+00	   3.5994479e+00	   3.4471301e+00	   3.8837974e+00	   3.5316200e+00	   3.3862309e+00	   3.1100879e+00	   2.7888281e+00	   2.6356462e+00	   2.4656056e+00	   2.2088390e+00	   2.1601636e+00	   2.1679783e+00	   2.1826354e+00	   2.1947932e+00	   2.1447969e+00	   2.0409966e+00	   2.0112406e+00	   1.9805481e+00	   1.8796784e+00	   1.7925588e+00	   1.6779432e+00	   1.5907398e+00	   1.5131662e+00	   1.4061020e+00	   1.3019433e+00	   1.1811327e+00	   1.0277746e+00	   8.8826379e-01	   8.1674819e-01	   6.8408534e-01	   5.5471077e-01	   4.8359245e-01	
   3.4387955e+00	   4.1370682e+00	   3.6682314e+00	   3.4937802e+00	   3.7451560e+00	   3.2533143e+00	   3.2200621e+00	   2.8654178e+00	   2.6514135e+00	   2.4706010e+00	   2.2905799e+00	   2.1626743e+00	   2.1344391e+00	   2.1644967e+00	   2.1395775e+00	   2.1132284e+00	   2.0603819e+00	   1.9726613e+00	   1.9371000e+00	   1.8359193e+00	   1.7676020e+00	   1.7104376e+00	   1.5747271e+00	   1.4735781e+00	   1.4023604e+00	   1.3190924e+00	   1.1625463e+00	   1.0386302e+00	   8.9063399e-01	   7.8485394e-01	   6.3867178e-01	   5.9286324e-01	   4.9550992e-01	
   3.0432287e+00	   3.7334120e+00	   4.0773832e+00	   3.7506395e+00	   3.7177245e+00	   3.4740204e+00	   3.0727898e+00	   2.8664952e+00	   2.6473588e+00	   2.4934398e+00	   2.3189853e+00	   2.1485255e+00	   2.1279761e+00	   2.0944771e+00	   2.0739901e+00	   2.0262015e+00	   2.0480804e+00	   2.0197108e+00	   1.9214785e+00	   1.8364389e+00	   1.7926186e+00	   1.6981383e+00	   1.6017721e+00	   1.4845930e+00	   1.4056711e+00	   1.2957961e+00	   1.1566779e+00	   1.0185720e+00	   9.2679128e-01	   7.7349118e-01	   7.2978759e-01	   6.1548028e-01	   5.0569187e-01	
             NaN	   3.7379037e+00	   3.6953382e+00	   3.7371146e+00	   3.6260981e+00	   3.3596483e+00	   3.0808013e+00	   2.6992076e+00	   2.6099123e+00	   2.4793206e+00	   2.2152907e+00	   2.1470479e+00	   2.0933525e+00	   2.1441014e+00	   2.0737953e+00	   2.0514668e+00	   2.0192985e+00	   1.9360482e+00	   1.8718748e+00	   1.8268277e+00	   1.7853171e+00	   1.7126436e+00	   1.5877507e+00	   1.4951744e+00	   1.4052328e+00	   1.3113876e+00	   1.2146194e+00	   1.0677775e+00	   9.3337797e-01	   8.2653862e-01	   7.4768208e-01	   6.1552014e-01	   5.5253357e-01	
             NaN	   3.5889530e+00	   3.8555753e+00	   3.6092815e+00	   3.6568627e+00	   3.3091350e+00	   3.1055604e+00	   2.8934387e+00	   2.6119096e+00	   2.3600627e+00	   2.1821928e+00	   2.1520694e+00	   2.0136903e+00	   2.0036763e+00	   2.0229828e+00	   2.0319272e+00	   1.9830577e+00	   1.9261992e+00	   1.9173609e+00	   1.8475312e+00	   1.7194449e+00	   1.6443436e+00	   1.5399144e+00	   1.4723635e+00	   1.3823240e+00	   1.2860096e+00	   1.1817265e+00	   1.0805305e+00	   9.4876847e-01	   8.8603825e-01	   7.6378548e-01	   6.4485627e-01	   5.7042285e-01	
             NaN	   3.4123127e+00	   3.7889048e+00	   3.6581746e+00	   3.5305169e+00	   3.2989511e+00	   3.0057866e+00	   2.7621300e+00	   2.5851050e+00	   2.2937988e+00	   2.2425429e+00	   2.0853840e+00	   2.0680584e+00	   2.0637781e+00	   1.9931333e+00	   1.9923983e+00	   1.9956908e+00	   1.9474281e+00	   1.8363671e+00	   1.8298821e+00	   1.7358319e+00	   1.6730992e+00	   1.5612332e+00	   1.4384880e+00	   1.3880954e+00	   1.3273928e+00	   1.1855525e+00	   1.0871373e+00	   9.7038342e-01	   8.8330489e-01	   7.3853070e-01	   6.5147630e-01	   5.4332113e-01	
             NaN	   3.7175701e+00	   3.7985871e+00	   3.6207531e+00	   3.5144226e+00	   3.4049357e+00	   3.2026965e+00	   2.6865672e+00	   2.4905253e+00	   2.3099417e+00	   2.2061011e+00	   2.0246246e+00	   2.0272416e+00	   1.9827672e+00	   2.0391956e+00	   1.9918319e+00	   1.9298528e+00	   1.9273335e+00	   1.8586976e+00	   1.8450060e+00	   1.7209761e+00	   1.6358824e+00	   1.5871175e+00	   1.5059466e+00	   1.4165282e+00	   1.3104272e+00	   1.1791581e+00	   1.0974911e+00	   9.7634394e-01	   8.7055484e-01	   7.9127359e-01	   6.7101201e-01	   6.2221574e-01	
             NaN	   3.7815056e+00	   3.9746831e+00	   3.6539496e+00	   3.4147089e+00	   3.2700923e+00	   3.0751107e+00	   2.8125828e+00	   2.5141343e+00	   2.3513132e+00	   2.1482746e+00	   2.0619353e+00	   2.0333102e+00	   1.9681542e+00	   1.9792668e+00	   1.9605026e+00	   1.8952468e+00	   1.8897764e+00	   1.8275206e+00	   1.7736039e+00	   1.7373258e+00	   1.6192249e+00	   1.5221076e+00	   1.4341275e+00	   1.4101012e+00	   1.3215207e+00	   1.2021724e+00	   1.0858617e+00	   9.7886276e-01	   8.9695800e-01	   8.0042441e-01	   7.1288551e-01	   6.6068332e-01	
             NaN	   3.3027703e+00	   3.9853768e+00	   3.6209016e+00	   3.5616969e+00	   3.3801820e+00	   2.9326206e+00	   2.8185658e+00	   2.5388004e+00	   2.3396843e+00	   2.0807053e+00	   2.0342859e+00	   1.9998995e+00	   1.9860130e+00	   1.9514326e+00	   1.9066541e+00	   1.8639112e+00	   1.8375032e+00	   1.7980906e+00	   1.7514563e+00	   1.7024991e+00	   1.5825028e+00	   1.5326650e+00	   1.4834549e+00	   1.3720973e+00	   1.3076036e+00	   1.1677555e+00	   1.1124695e+00	   1.0040268e+00	   8.9766305e-01	   8.1701994e-01	   7.3950613e-01	   6.3836686e-01	
             NaN	             NaN	   3.5337124e+00	   3.5647517e+00	   3.4516646e+00	   3.3393326e+00	   2.9417682e+00	   2.7623605e+00	   2.5210708e+00	   2.2836790e+00	   2.1068432e+00	   2.0171349e+00	   1.9186909e+00	   1.8834111e+00	   1.9051076e+00	   1.8762829e+00	   1.8641394e+00	   1.8180105e+00	   1.7608302e+00	   1.7060502e+00	   1.6327361e+00	   1.6189925e+00	   1.5394378e+00	   1.3872376e+00	   1.3590121e+00	   1.2675928e+00	   1.2155374e+00	   1.1008898e+00	   1.0106870e+00	   9.2377105e-01	   7.9874649e-01	   7.2104037e-01	   6.8302999e-01	
             NaN	             NaN	   3.6375552e+00	   3.5620413e+00	   3.3666808e+00	   3.2003879e+00	   3.0157313e+00	   2.7484994e+00	   2.4844438e+00	   2.2339771e+00	   2.1033266e+00	   2.0396321e+00	   1.9148323e+00	   1.8674998e+00	   1.9376034e+00	   1.8476643e+00	   1.8260863e+00	   1.8462497e+00	   1.7374148e+00	   1.7540917e+00	   1.6595717e+00	   1.5854178e+00	   1.5115461e+00	   1.4155476e+00	   1.3496469e+00	   1.2693726e+00	   1.1912229e+00	   1.1097274e+00	   1.0011709e+00	   9.3450431e-01	   8.1742147e-01	   7.5513477e-01	   6.4595312e-01	
             NaN	             NaN	   3.5294267e+00	   3.7631555e+00	   3.4343493e+00	   3.0827730e+00	   3.0940040e+00	   2.7076514e+00	   2.3941765e+00	   2.2890368e+00	   2.0611489e+00	   1.9569794e+00	   1.8750168e+00	   1.8465224e+00	   1.8696575e+00	   1.7837732e+00	   1.7986689e+00	   1.6848637e+00	   1.7444864e+00	   1.6768180e+00	   1.6487863e+00	   1.5553556e+00	   1.4805361e+00	   1.4033065e+00	   1.3151530e+00	   1.2964626e+00	   1.1769763e+00	   1.1192455e+00	   1.0744449e+00	   9.1610950e-01	   8.5597156e-01	   7.6052912e-01	   6.8165728e-01	
             NaN	             NaN	   3.6552441e+00	   3.4148776e+00	   3.3528370e+00	   3.1878420e+00	   2.8506518e+00	   2.7085214e+00	   2.4432158e+00	   2.1706173e+00	   2.2084515e+00	   1.9363228e+00	   1.8331221e+00	   1.8583840e+00	   1.7516431e+00	   1.7965136e+00	   1.7706171e+00	   1.7918791e+00	   1.6884682e+00	   1.6994743e+00	   1.5902820e+00	   1.5310355e+00	   1.4730617e+00	   1.3809822e+00	   1.3393086e+00	   1.2765452e+00	   1.1619674e+00	   1.0840662e+00	   1.0002279e+00	   9.2827573e-01	   8.4465974e-01	   7.7787332e-01	   6.4793674e-01	
             NaN	             NaN	   3.4662174e+00	   3.4138138e+00	   3.2727640e+00	   3.2632965e+00	   3.0085842e+00	   2.6291602e+00	   2.3923224e+00	   2.1888349e+00	   2.0446500e+00	   1.8761090e+00	   1.7937226e+00	   1.8371012e+00	   1.7987911e+00	   1.7733786e+00	   1.7509272e+00	   1.7081493e+00	   1.6507373e+00	   1.6209446e+00	   1.5908526e+00	   1.4762843e+00	   1.4246390e+00	   1.3583451e+00	   1.3110880e+00	   1.2529661e+00	   1.1753093e+00	   1.1002923e+00	   1.0165405e+00	   9.1232065e-01	   8.5897243e-01	   7.8678273e-01	   7.1515077e-01	
             NaN	             NaN	             NaN	   3.3492223e+00	   3.4483988e+00	   3.1795090e+00	   2.8496958e+00	   2.5930636e+00	   2.3525744e+00	   2.1433464e+00	   1.9985356e+00	   1.8319173e+00	   1.8098816e+00	   1.7548018e+00	   1.7004852e+00	   1.7494020e+00	   1.7168434e+00	   1.6525558e+00	   1.6511231e+00	   1.6256267e+00	   1.5306411e+00	   1.4850100e+00	   1.4236810e+00	   1.3201567e+00	   1.2839107e+00	   1.1925402e+00	   1.1484058e+00	   1.0756516e+00	   9.9589820e-01	   9.2082874e-01	   8.4399046e-01	   7.8501725e-01	   6.6311352e-01	
             NaN	             NaN	             NaN	   3.3762425e+00	   3.2086556e+00	   2.9658186e+00	   2.8817777e+00	   2.6236640e+00	   2.3306259e+00	   2.1771497e+00	   2.0611802e+00	   1.8483781e+00	   1.8074359e+00	   1.7416668e+00	   1.7439058e+00	   1.7081482e+00	   1.7053905e+00	   1.5926056e+00	   1.5930472e+00	   1.5768300e+00	   1.5131042e+00	   1.4752678e+00	   1.3707492e+00	   1.3242113e+00	   1.2884199e+00	   1.2293017e+00	   1.1714745e+00	   1.0553051e+00	   1.0036457e+00	   9.3446473e-01	   8.3974957e-01	   7.6878158e-01	   6.9651731e-01	
             NaN	             NaN	             NaN	   3.2634554e+00	   3.2440626e+00	   3.0020848e+00	   2.7486477e+00	   2.5933489e+00	   2.2461533e+00	   2.1048797e+00	   1.9703904e+00	   1.8293709e+00	   1.8148732e+00	   1.7344779e+00	   1.6888150e+00	   1.6609191e+00	   1.6475101e+00	   1.5782688e+00	   1.5814758e+00	   1.5573891e+00	   1.5019224e+00	   1.4090678e+00	   1.3918803e+00	   1.2872588e+00	   1.2431022e+00	   1.2045519e+00	   1.1525310e+00	   1.0514186e+00	   9.5987682e-01	   9.2981752e-01	   8.7593059e-01	   7.8193913e-01	   7.0957745e-01	
             NaN	             NaN	             NaN	   3.2467185e+00	   3.1621608e+00	   2.9255986e+00	   2.7839128e+00	   2.5125703e+00	   2.3014546e+00	   2.0351306e+00	   1.8834243e+00	   1.8148399e+00	   1.6883395e+00	   1.7220659e+00	   1.6801715e+00	   1.6149064e+00	   1.6193694e+00	   1.5663174e+00	   1.5825841e+00	   1.5162155e+00	   1.4658532e+00	   1.4409095e+00	   1.3550525e+00	   1.2822891e+00	   1.2297565e+00	   1.1901302e+00	   1.1322574e+00	   1.0587957e+00	   9.8513263e-01	   9.1182615e-01	   8.3501757e-01	   7.8006986e-01	   7.1568693e-01	
             NaN	             NaN	             NaN	   3.3004753e+00	   3.3298049e+00	   2.8756517e+00	   2.6652248e+00	   2.6138173e+00	   2.2286862e+00	   2.0331971e+00	   1.8666701e+00	   1.8262987e+00	   1.6436342e+00	   1.6777376e+00	   1.6091117e+00	   1.6286629e+00	   1.6293356e+00	   1.5473139e+00	   1.5358791e+00	   1.4762998e+00	   1.4659965e+00	   1.3702911e+00	   1.3515388e+00	   1.2891321e+00	   1.2245147e+00	   1.1712927e+00	   1.0989446e+00	   1.0543277e+00	   9.8802165e-01	   9.3434616e-01	   8.3992250e-01	   7.9141195e-01	   6.9830674e-01	
             NaN	             NaN	             NaN	             NaN	   3.0857652e+00	   2.9755061e+00	   2.7555493e+00	   2.4329950e+00	   2.2128180e+00	   2.1212505e+00	   1.9349190e+00	   1.7742523e+00	   1.6621618e+00	   1.5991435e+00	   1.5782174e+00	   1.5698111e+00	   1.5373326e+00	   1.5301699e+00	   1.4785792e+00	   1.4780035e+00	   1.4011008e+00	   1.3674668e+00	   1.2819300e+00	   1.2500575e+00	   1.2064801e+00	   1.1559803e+00	   1.0852760e+00	   1.0305311e+00	   9.7934382e-01	   9.1532572e-01	   8.4542255e-01	   8.0386653e-01	   7.2690896e-01	
             NaN	             NaN	             NaN	             NaN	   3.0514030e+00	   2.8883184e+00	   2.6859728e+00	   2.3475018e+00	   2.2102068e+00	   1.9630678e+00	   1.7832842e+00	   1.6468873e+00	   1.5923061e+00	   1.6110073e+00	   1.6016709e+00	   1.5596274e+00	   1.4838544e+00	   1.4913738e+00	   1.4531712e+00	   1.4377768e+00	   1.3720024e+00	   1.3475017e+00	   1.2736252e+00	   1.2044799e+00	   1.1930913e+00	   1.1337828e+00	   1.1040935e+00	   1.0376527e+00	   9.2985364e-01	   9.1568243e-01	   8.4724843e-01	   7.9143864e-01	   7.4047886e-01	
             NaN	             NaN	             NaN	             NaN	   2.9235899e+00	   2.9873085e+00	   2.7837434e+00	   2.3324923e+00	   2.2832040e+00	   1.9482167e+00	   1.7608028e+00	   1.7141563e+00	   1.6651808e+00	   1.5942955e+00	   1.5485106e+00	   1.4876575e+00	   1.4602831e+00	   1.4687560e+00	   1.4135497e+00	   1.3929500e+00	   1.3424388e+00	   1.2837005e+00	   1.2447155e+00	   1.2292526e+00	   1.1426404e+00	   1.1164372e+00	   1.0712560e+00	   1.0118826e+00	   9.8963591e-01	   9.1125034e-01	   8.3563246e-01	   7.8491020e-01	   7.1469773e-01	
             NaN	             NaN	             NaN	             NaN	   2.8442344e+00	   2.9075224e+00	   2.7070412e+00	   2.3463791e+00	   2.0739728e+00	   1.9185448e+00	   1.8451380e+00	   1.7267039e+00	   1.6015456e+00	   1.5396343e+00	   1.4553414e+00	   1.4904411e+00	   1.4963109e+00	   1.4422344e+00	   1.3509692e+00	   1.3072231e+00	   1.3125232e+00	   1.2676284e+00	   1.2358484e+00	   1.1689303e+00	   1.1719039e+00	   1.0860090e+00	   1.0523120e+00	   9.9290379e-01	   9.5771014e-01	   8.8351721e-01	   8.2336284e-01	   7.4478363e-01	   7.0824523e-01	
             NaN	             NaN	             NaN	             NaN	   3.0253510e+00	   2.7640267e+00	   2.5716370e+00	   2.3067779e+00	   2.0890382e+00	   1.9745940e+00	   1.7917029e+00	   1.5486651e+00	   1.5281433e+00	   1.5352524e+00	   1.4834753e+00	   1.4104702e+00	   1.4809946e+00	   1.4176855e+00	   1.2906381e+00	   1.3657863e+00	   1.2985256e+00	   1.1885371e+00	   1.1947241e+00	   1.1712463e+00	   1.1428111e+00	   1.0431982e+00	   1.0348300e+00	   9.8887673e-01	   9.0631480e-01	   8.3806785e-01	   8.1964814e-01	   7.4781958e-01	   7.0253108e-01	
             NaN	             NaN	             NaN	             NaN	             NaN	   2.7290298e+00	   2.4430822e+00	   2.2297270e+00	   2.1692464e+00	   1.8426819e+00	   1.7693892e+00	   1.5960747e+00	   1.4916426e+00	   1.4366247e+00	   1.3763376e+00	   1.3332367e+00	   1.3544046e+00	   1.3538561e+00	   1.3446803e+00	   1.2671485e+00	   1.2678745e+00	   1.2101555e+00	   1.1391975e+00	   1.1414756e+00	   1.0841817e+00	   1.0560330e+00	   9.9596277e-01	   9.7656053e-01	   9.0534250e-01	   8.4363513e-01	   7.8923951e-01	   7.8022080e-01	   7.1151780e-01	
             NaN	             NaN	             NaN	             NaN	             NaN	   2.5519623e+00	   2.4621171e+00	   2.1645832e+00	   2.0338503e+00	   1.8336432e+00	   1.6504873e+00	   1.5854660e+00	   1.4782457e+00	   1.4467211e+00	   1.3710324e+00	   1.3755585e+00	   1.3471821e+00	   1.2961767e+00	   1.2826709e+00	   1.2769659e+00	   1.2206938e+00	   1.1603022e+00	   1.1646413e+00	   1.0776397e+00	   1.0832046e+00	   1.0461879e+00	   1.0069690e+00	   9.5243113e-01	   9.2401623e-01	   8.3903750e-01	   8.0381315e-01	   7.6622693e-01	   6.9795938e-01	
             NaN	             NaN	             NaN	             NaN	             NaN	   2.5429870e+00	   2.3817345e+00	   2.2321545e+00	   2.0159815e+00	   1.7424218e+00	   1.6238374e+00	   1.5163409e+00	   1.4656290e+00	   1.3822349e+00	   1.3775287e+00	   1.3207134e+00	   1.2376758e+00	   1.2779632e+00	   1.2683140e+00	   1.2535605e+00	   1.1863144e+00	   1.1441496e+00	   1.0847002e+00	   1.0767225e+00	   1.0534794e+00	   1.0152650e+00	   9.6635943e-01	   9.1837251e-01	   9.0341301e-01	   8.4365321e-01	   8.1276137e-01	   7.4018203e-01	   7.0642636e-01	
             NaN	             NaN	             NaN	             NaN	             NaN	   2.4782750e+00	   2.3375073e+00	   2.1461012e+00	   1.9257358e+00	   1.7841877e+00	   1.6291950e+00	   1.4910909e+00	   1.3922853e+00	   1.3264384e+00	   1.3568767e+00	   1.3312331e+00	   1.2431189e+00	   1.2648411e+00	   1.2437507e+00	   1.2246102e+00	   1.1754105e+00	   1.1399140e+00	   1.0548988e+00	   1.0711979e+00	   1.0138581e+00	   1.0010267e+00	   9.3401575e-01	   9.0242482e-01	   8.5953724e-01	   7.9794649e-01	   7.9172588e-01	   7.5749847e-01	   6.8956109e-01	
             NaN	             NaN	             NaN	             NaN	             NaN	   2.5019261e+00	   2.3997236e+00	   2.2086204e+00	   2.0003865e+00	   1.7444046e+00	   1.6579063e+00	   1.4863908e+00	   1.4195847e+00	   1.3097386e+00	   1.3030657e+00	   1.2480268e+00	   1.2553242e+00	   1.2545345e+00	   1.2124084e+00	   1.1788362e+00	   1.1388337e+00	   1.0945619e+00	   1.0855540e+00	   1.0277103e+00	   9.9918930e-01	   9.8280319e-01	   9.3906631e-01	   8.7658557e-01	   8.4868548e-01	   8.1519950e-01	   7.3703613e-01	   6.9705696e-01	   6.8209926e-01	
             NaN	             NaN	             NaN	             NaN	             NaN	             NaN	   2.2749653e+00	   2.0502253e+00	   1.8696302e+00	   1.7421328e+00	   1.5937999e+00	   1.4326873e+00	   1.3923479e+00	   1.3253060e+00	   1.2975429e+00	   1.2623353e+00	   1.2535055e+00	   1.1790063e+00	   1.1287421e+00	   1.1880347e+00	   1.0917452e+00	   1.0963142e+00	   1.0401302e+00	   9.9754531e-01	   9.9114923e-01	   9.4862184e-01	   9.0014781e-01	   8.5991763e-01	   8.1146354e-01	   7.8073096e-01	   7.4093765e-01	   7.0925916e-01	   6.8825010e-01	
             NaN	             NaN	             NaN	             NaN	             NaN	             NaN	   2.2086619e+00	   2.1065506e+00	   1.8721727e+00	   1.6480792e+00	   1.5422661e+00	   1.4108656e+00	   1.3254194e+00	   1.3175673e+00	   1.2155797e+00	   1.1737858e+00	   1.1780186e+00	   1.1217833e+00	   1.1398339e+00	   1.1185207e+00	   1.1089314e+00	   1.0459527e+00	   9.9965064e-01	   9.6206227e-01	   9.3439102e-01	   9.0829911e-01	   9.0121195e-01	   8.6039899e-01	   8.2029550e-01	   7.7080681e-01	   7.4734969e-01	   6.9716778e-01	   6.6121097e-01	
   0.0000000e+00	             NaN	             NaN	             NaN	             NaN	             NaN	   2.1458363e+00	   1.9708395e+00	   1.7246864e+00	   1.6499747e+00	   1.4910223e+00	   1.3507220e+00	   1.3426282e+00	   1.2285472e+00	   1.2484513e+00	   1.2140876e+00	   1.1738695e+00	   1.1201075e+00	   1.1043077e+00	   1.0950114e+00	   1.0725387e+00	   9.7702022e-01	   9.9492278e-01	   9.5842134e-01	   9.3889682e-01	   9.1041138e-01	   8.7063476e-01	   8.5724021e-01	   7.9310765e-01	   7.5953327e-01	   7.3913351e-01	   6.7927602e-01	   6.4893860e-01	
   0.0000000e+00	             NaN	             NaN	             NaN	             NaN	             NaN	   2.2895890e+00	   2.0472973e+00	   1.8443892e+00	   1.5657684e+00	   1.4898924e+00	   1.3916189e+00	   1.2991370e+00	   1.2988099e+00	   1.2475644e+00	   1.1422419e+00	   1.1530950e+00	   1.1532195e+00	   1.0705124e+00	   1.0814960e+00	   1.1194719e+00	   1.0178419e+00	   9.9224839e-01	   9.4688228e-01	   9.0307492e-01	   8.7160285e-01	   8.2974127e-01	   8.1949501e-01	   7.8925435e-01	   7.5521531e-01	   7.2511543e-01	   6.7984773e-01	   6.5229125e-01	
   0.0000000e+00	             NaN	             NaN	             NaN	             NaN	             NaN	   2.2039744e+00	   1.8257209e+00	   1.8136211e+00	   1.5582597e+00	   1.4889299e+00	   1.2884768e+00	   1.2547865e+00	   1.1862485e+00	   1.1158975e+00	   1.1429343e+00	   1.1562457e+00	   1.1252161e+00	   1.0712221e+00	   1.0560219e+00	   1.0466708e+00	   9.9709638e-01	   9.0776374e-01	   9.4969825e-01	   8.4646764e-01	   8.7128337e-01	   8.2994573e-01	   8.2907409e-01	   7.5947423e-01	   7.5075030e-01	   7.0655028e-01	   6.4407495e-01	   6.6176931e-01	
   0.0000000e+00	             NaN	             NaN	             NaN	             NaN	             NaN	             NaN	   1.8962569e+00	   1.6896313e+00	   1.4974437e+00	   1.4611113e+00	   1.3729144e+00	   1.2503304e+00	   1.1370118e+00	   1.1048975e+00	   1.1128939e+00	   1.0649538e+00	   1.0350649e+00	   1.0341519e+00	   1.0012890e+00	   9.7723448e-01	   9.2485333e-01	   8.8581982e-01	   9.0672748e-01	   8.7793440e-01	   8.6607877e-01	   8.3852218e-01	   8.0588559e-01	   7.8727099e-01	   7.2276928e-01	   6.8124651e-01	   6.5767432e-01	   6.2388587e-01	
   0.0000000e+00	             NaN	             NaN	             NaN	             NaN	             NaN	             NaN	   1.9030980e+00	   1.6648600e+00	   1.5564500e+00	   1.3783502e+00	   1.2777853e+00	   1.2662246e+00	   1.1888537e+00	   1.1159397e+00	   1.0602634e+00	   1.0265549e+00	   9.8372300e-01	   9.7270626e-01	   9.7765380e-01	   9.5573806e-01	   9.0496604e-01	   9.1510267e-01	   8.6380533e-01	   8.2177061e-01	   8.0323147e-01	   8.1205118e-01	   7.4278595e-01	   7.4844528e-01	   7.2183128e-01	   6.8818461e-01	   6.3952987e-01	   6.1861900e-01	
   0.0000000e+00	   0.0000000e+00	             NaN	             NaN	             NaN	             NaN	             NaN	   1.8707673e+00	   1.6584358e+00	   1.5030013e+00	   1.3965086e+00	   1.2311905e+00	   1.1541381e+00	   1.1687690e+00	   1.0796221e+00	   1.0805183e+00	   1.0086584e+00	   9.9323403e-01	   9.3981582e-01	   9.4240096e-01	   9.4809417e-01	   9.0731822e-01	   8.4583480e-01	   8.5555540e-01	   8.1320263e-01	   8.1703619e-01	   7.7888587e-01	   7.7801206e-01	   7.3041597e-01	   7.0520872e-01	   6.5578267e-01	   6.4142434e-01	   6.0977889e-01	
   0.0000000e+00	   0.0000000e+00	             NaN	             NaN	             NaN	             NaN	             NaN	   1.8509325e+00	   1.5595393e+00	   1.4351998e+00	   1.3217054e+00	   1.2375743e+00	   1.1844055e+00	   1.2044607e+00	   1.0373987e+00	   1.0295833e+00	   1.0089261e+00	   9.8438936e-01	   9.5670942e-01	   9.8139961e-01	   9.0595057e-01	   8.9181533e-01	   8.7195141e-01	   8.0674112e-01	   7.7448641e-01	   7.7588549e-01	   7.4158365e-01	   7.4607710e-01	   7.2185828e-01	   6.5559761e-01	   6.2305046e-01	   6.0209402e-01	   5.9126207e-01	
   0.0000000e+00	   0.0000000e+00	             NaN	             NaN	             NaN	             NaN	             NaN	   1.7943812e+00	   1.5772745e+00	   1.4182212e+00	   1.2888100e+00	   1.1425227e+00	   1.1477125e+00	   1.1090050e+00	   1.0134925e+00	   1.0131373e+00	   9.7250455e-01	   9.2144460e-01	   9.4327343e-01	   9.0786724e-01	   8.5595705e-01	   8.3781091e-01	   7.9610394e-01	   7.7847633e-01	   8.0641250e-01	   7.8046033e-01	   7.6491121e-01	   7.2026499e-01	   6.7068610e-01	   6.7490547e-01	   6.3931230e-01	   5.9511323e-01	   5.5501445e-01	
   0.0000000e+00	   0.0000000e+00	             NaN	             NaN	             NaN	             NaN	             NaN	             NaN	   1.6024927e+00	   1.3747831e+00	   1.2951515e+00	   1.1885808e+00	   1.1897620e+00	   1.0540739e+00	   1.0135554e+00	   9.6585367e-01	   9.6607756e-01	   9.3152251e-01	   8.8303528e-01	   8.7398010e-01	   8.6015420e-01	   8.1881952e-01	   7.8345513e-01	   7.5773356e-01	   7.4194685e-01	   7.4787268e-01	   7.3571451e-01	   6.8845574e-01	   7.0201594e-01	   6.5916169e-01	   6.2357548e-01	   5.7898588e-01	   5.8507216e-01	
   0.0000000e+00	   0.0000000e+00	             NaN	             NaN	             NaN	             NaN	             NaN	             NaN	   1.4910083e+00	   1.4073804e+00	   1.2655498e+00	   1.1086716e+00	   1.0789424e+00	   1.0723542e+00	   9.8695389e-01	   9.3847794e-01	   9.2466909e-01	   9.1321863e-01	   8.5094316e-01	   8.5277807e-01	   8.2659670e-01	   8.1499771e-01	   7.7292961e-01	   7.2692792e-01	   7.4915953e-01	   7.0561249e-01	   7.2089643e-01	   6.8741631e-01	   6.6917314e-01	   6.2158037e-01	   6.0514330e-01	   5.9018194e-01	   5.5754431e-01	
   0.0000000e+00	   0.0000000e+00	   0.0000000e+00	             NaN	             NaN	             NaN	             NaN	             NaN	   1.5012396e+00	   1.3451699e+00	   1.2758617e+00	   1.1082908e+00	   1.0771373e+00	   1.0072231e+00	   9.2419639e-01	   9.3283081e-01	   9.4736298e-01	   8.7580953e-01	   8.6333465e-01	   8.1554117e-01	   8.1252824e-01	   8.1389955e-01	   7.4079370e-01	   7.2872855e-01	   6.6036837e-01	   7.3101352e-01	   6.7254576e-01	   6.5243747e-01	   6.4910560e-01	   6.1516294e-01	   6.0684331e-01	   5.7177515e-01	   5.4102160e-01	
   0.0000000e+00	   0.0000000e+00	   0.0000000e+00	             NaN	             NaN	             NaN	             NaN	             NaN	   1.5322930e+00	   1.3542820e+00	   1.2544746e+00	   1.0758896e+00	   1.0317256e+00	   1.0127595e+00	   9.4673750e-01	   9.1838629e-01	   8.2518730e-01	   8.6996975e-01	   8.1580727e-01	   8.1561454e-01	   7.6856557e-01	   7.4214231e-01	   7.2022561e-01	   7.4314128e-01	   7.1507170e-01	   6.7186556e-01	   6.6843408e-01	   6.5198589e-01	   6.2590518e-01	   5.7274390e-01	   6.0371938e-01	   5.5907065e-01	   5.1664956e-01	
   0.0000000e+00	   0.0000000e+00	   0.0000000e+00	             NaN	             NaN	             NaN	             NaN	             NaN	   1.4945629e+00	   1.3271398e+00	   1.0919834e+00	   1.0470200e+00	   9.8480274e-01	   1.0001457e+00	   9.2640544e-01	   8.6810049e-01	   8.5422950e-01	   7.9795181e-01	   8.1364708e-01	   8.1452942e-01	   7.5496197e-01	   7.4787332e-01	   7.0079671e-01	   7.2389180e-01	   6.7178101e-01	   6.8256219e-01	   6.6154329e-01	   6.4888996e-01	   6.0577804e-01	   6.0888754e-01	   5.5164882e-01	   5.5154075e-01	   5.1683279e-01	
   0.0000000e+00	   0.0000000e+00	   0.0000000e+00	             NaN	             NaN	             NaN	             NaN	             NaN	   1.3682715e+00	   1.2163004e+00	   1.1405498e+00	   1.0484043e+00	   9.7808052e-01	   9.5405475e-01	   9.1448296e-01	   8.1754034e-01	   8.4508605e-01	   8.4772957e-01	   8.0807721e-01	   7.8725540e-01	   7.7124119e-01	   7.3660393e-01	   6.6913613e-01	   6.9507339e-01	   6.5672181e-01	   6.3300688e-01	   6.4496653e-01	   6.3158283e-01	   5.8769080e-01	   5.9162996e-01	   5.4233568e-01	   5.2302751e-01	   4.9710941e-01	
   0.0000000e+00	   0.0000000e+00	   0.0000000e+00	             NaN	             NaN	             NaN	             NaN	             NaN	             NaN	   1.2062067e+00	   1.1166424e+00	   1.0650804e+00	   9.6306071e-01	   9.2565217e-01	   8.9225090e-01	   8.4593680e-01	   8.0469328e-01	   7.7048089e-01	   7.2942837e-01	   7.6330086e-01	   7.2794837e-01	   6.9808387e-01	   6.5706361e-01	   6.5066303e-01	   6.4358849e-01	   6.1327340e-01	   6.1055133e-01	   5.8263815e-01	   5.7895976e-01	   5.3521339e-01	   5.3223409e-01	   5.0560216e-01	   4.9108919e-01	
   0.0000000e+00	   0.0000000e+00	   0.0000000e+00	   0.0000000e+00	             NaN	             NaN	             NaN	             NaN	             NaN	   1.1410611e+00	   1.0541067e+00	   1.0221545e+00	   9.0704822e-01	   8.7875149e-01	   9.1836053e-01	   7.7010586e-01	   8.0858747e-01	   7.5261738e-01	   7.1546142e-01	   7.1940793e-01	   6.8786259e-01	   6.8235482e-01	   6.5301173e-01	   6.2971387e-01	   6.3242076e-01	   6.1272726e-01	   5.9036973e-01	   5.4808725e-01	   5.7272751e-01	   5.4645964e-01	   5.1484627e-01	   5.2628135e-01	   4.5676029e-01	
   0.0000000e+00	   0.0000000e+00	   0.0000000e+00	   0.0000000e+00	             NaN	             NaN	             NaN	             NaN	             NaN	   1.2634678e+00	   1.0133823e+00	   9.4511982e-01	   8.5956944e-01	   9.1516790e-01	   8.3089438e-01	   8.2962425e-01	   7.8739049e-01	   7.2036044e-01	   7.2181052e-01	   6.9524935e-01	   7.0976004e-01	   6.6006272e-01	   6.0098960e-01	   6.4898663e-01	   6.1849399e-01	   5.7428805e-01	   6.0105384e-01	   5.8560233e-01	   5.3844819e-01	   5.3389045e-01	   4.9528944e-01	   4.9425328e-01	   4.7455744e-01	
   0.0000000e+00	   0.0000000e+00	   0.0000000e+00	   0.0000000e+00	             NaN	             NaN	             NaN	             NaN	             NaN	   1.1400108e+00	   1.0247878e+00	   9.1581902e-01	   8.7621891e-01	   8.1138836e-01	   8.0956517e-01	   7.8678347e-01	   7.6999092e-01	   7.3205875e-01	   7.1483929e-01	   7.2324450e-01	   6.5268324e-01	   6.5547821e-01	   6.0605921e-01	   5.7390736e-01	   6.1160724e-01	   5.7579486e-01	   5.7814928e-01	   5.6890159e-01	   5.1527101e-01	   4.9988983e-01	   5.0150383e-01	   4.8899724e-01	   4.4503749e-01	
   0.0000000e+00	   0.0000000e+00	   0.0000000e+00	   0.0000000e+00	             NaN	             NaN	             NaN	             NaN	             NaN	   1.1458167e+00	   1.0033905e+00	   9.5550425e-01	   8.3970259e-01	   8.2222781e-01	   7.6221467e-01	   7.5588009e-01	   7.3431613e-01	   7.4402961e-01	   6.4391526e-01	   6.7701236e-01	   6.2448381e-01	   6.1754295e-01	   5.9505543e-01	   5.7534273e-01	   5.8543718e-01	   5.8340586e-01	   5.5114376e-01	   5.3653846e-01	   5.0580354e-01	   4.9051741e-01	   4.7368271e-01	   4.6098325e-01	   4.5983320e-01	
   0.0000000e+00	   0.0000000e+00	   0.0000000e+00	   0.0000000e+00	             NaN	             NaN	             NaN	             NaN	             NaN	             NaN	   9.9760818e-01	   9.0312738e-01	   8.3742130e-01	   8.4567891e-01	   7.6924717e-01	   7.3744821e-01	   7.1185925e-01	   6.9942424e-01	   6.6047941e-01	   6.4189004e-01	   6.2583739e-01	   6.0688223e-01	   5.8999624e-01	   5.5553982e-01	   5.3926126e-01	   5.3911583e-01	   5.2168630e-01	   5.1991806e-01	   5.1152631e-01	   4.8722260e-01	   4.3892229e-01	   4.5020591e-01	   4.3131725e-01	
   0.0000000e+00	   0.0000000e+00	   0.0000000e+00	   0.0000000e+00	             NaN	             NaN	             NaN	             NaN	             NaN	             NaN	   9.5359548e-01	   8.5037693e-01	   8.0274530e-01	   7.7093313e-01	   7.5362663e-01	   7.4212000e-01	   6.5449341e-01	   6.5659985e-01	   6.3601240e-01	   6.1027266e-01	   6.0488918e-01	   5.4852964e-01	   5.7799931e-01	   5.4776528e-01	   5.4207250e-01	   5.2871664e-01	   5.2408118e-01	   4.9492672e-01	   4.4389340e-01	   4.7673809e-01	   4.5661292e-01	   4.4186721e-01	   4.2125978e-01	
   0.0000000e+00	   0.0000000e+00	   0.0000000e+00	   0.0000000e+00	   0.0000000e+00	             NaN	             NaN	             NaN	             NaN	             NaN	   8.9068245e-01	   8.3936354e-01	   7.9098600e-01	   7.3009890e-01	   7.1744754e-01	   7.2685758e-01	   6.1618026e-01	   6.2249419e-01	   6.0085742e-01	   5.6497603e-01	   5.9940413e-01	   5.7068448e-01	   5.3562780e-01	   5.5305390e-01	   5.3118196e-01	   5.3285749e-01	   5.0975099e-01	   5.0525719e-01	   4.6787394e-01	   4.6339391e-01	   4.3138605e-01	   4.0937516e-01	   3.9968700e-01	
   0.0000000e+00	   0.0000000e+00	   0.0000000e+00	   0.0000000e+00	   0.0000000e+00	             NaN	             NaN	             NaN	             NaN	             NaN	   9.3110354e-01	   8.5546457e-01	   7.0950382e-01	   7.4430252e-01	   6.5415916e-01	   6.4791120e-01	   6.7259920e-01	   6.5774644e-01	   6.2643249e-01	   5.6879752e-01	   5.1896557e-01	   5.6082776e-01	   5.3819644e-01	   4.9386516e-01	   5.0416482e-01	   4.9712543e-01	   4.6498702e-01	   4.6326886e-01	   4.5318952e-01	   4.3328656e-01	   4.0957448e-01	   3.9634636e-01	   4.1092155e-01	
   0.0000000e+00	   0.0000000e+00	   0.0000000e+00	   0.0000000e+00	   0.0000000e+00	             NaN	             NaN	             NaN	             NaN	             NaN	   9.0264121e-01	   8.2063107e-01	   7.5385204e-01	   6.9316878e-01	   6.9361234e-01	   6.0991802e-01	   6.1230288e-01	   6.3116360e-01	   6.1800379e-01	   6.1255608e-01	   5.2409118e-01	   5.0800313e-01	   4.8860272e-01	   5.0901454e-01	   5.1656098e-01	   4.9575928e-01	   4.8000761e-01	   4.6986170e-01	   4.6031085e-01	   4.2421667e-01	   4.3443790e-01	   4.1181945e-01	   3.7484832e-01	
   0.0000000e+00	   0.0000000e+00	   0.0000000e+00	   0.0000000e+00	   0.0000000e+00	             NaN	             NaN	             NaN	             NaN	             NaN	             NaN	   7.6857426e-01	   7.5077876e-01	   7.0544319e-01	   6.4941343e-01	   6.1982503e-01	   6.3410308e-01	   5.7379181e-01	   5.8344432e-01	   5.2348588e-01	   5.3226829e-01	   5.1428608e-01	   4.9291447e-01	   4.7228273e-01	   4.7682160e-01	   4.9365814e-01	   4.3775221e-01	   4.4897616e-01	   4.2379622e-01	   4.0997459e-01	   3.9039732e-01	   3.8564887e-01	   3.8671664e-01	
   0.0000000e+00	   0.0000000e+00	   0.0000000e+00	   0.0000000e+00	   0.0000000e+00	             NaN	             NaN	             NaN	             NaN	             NaN	             NaN	   7.5258638e-01	   6.9644932e-01	   6.9503342e-01	   6.4626970e-01	   6.1159999e-01	   5.8585782e-01	   5.7949525e-01	   5.4287577e-01	   5.4985880e-01	   5.3453086e-01	   4.6808299e-01	   4.6111453e-01	   4.3410792e-01	   4.6599544e-01	   4.6333899e-01	   4.4596425e-01	   4.0920371e-01	   4.1670295e-01	   4.1075672e-01	   3.6826340e-01	   3.6600298e-01	   3.7468582e-01	
   0.0000000e+00	   0.0000000e+00	   0.0000000e+00	   0.0000000e+00	   0.0000000e+00	   0.0000000e+00	             NaN	             NaN	             NaN	             NaN	             NaN	   7.6085787e-01	   6.9724250e-01	   6.7506452e-01	   5.6833641e-01	   6.4255229e-01	   5.6185248e-01	   5.3564901e-01	   5.2397585e-01	   4.7449634e-01	   4.8982775e-01	   4.7534074e-01	   4.4355047e-01	   4.6246693e-01	   4.3001218e-01	   4.7739259e-01	   4.3944666e-01	   4.0733031e-01	   3.8912917e-01	   4.0582662e-01	   3.6084917e-01	   3.8231092e-01	   3.5345924e-01	
   0.0000000e+00	   0.0000000e+00	   0.0000000e+00	   0.0000000e+00	   0.0000000e+00	   0.0000000e+00	             NaN	             NaN	             NaN	             NaN	             NaN	   7.0198604e-01	   6.4553028e-01	   6.1906209e-01	   6.4263354e-01	   6.2543197e-01	   5.8064699e-01	   5.2743510e-01	   5.2357982e-01	   5.1361994e-01	   5.0727810e-01	   4.3770704e-01	   4.4243481e-01	   4.4070457e-01	   4.2887116e-01	   4.3029200e-01	   3.9966227e-01	   3.9844975e-01	   4.0749758e-01	   3.6927543e-01	   3.5901273e-01	   3.7192290e-01	   3.4875616e-01	
   0.0000000e+00	   0.0000000e+00	   0.0000000e+00	   0.0000000e+00	   0.0000000e+00	   0.0000000e+00	             NaN	             NaN	             NaN	             NaN	             NaN	   7.1194999e-01	   6.2997452e-01	   6.8275168e-01	   5.4114295e-01	   5.3155731e-01	   5.1890930e-01	   5.2313757e-01	   5.0341089e-01	   4.5781480e-01	   4.6728785e-01	   4.5065271e-01	   4.3614307e-01	   4.1520900e-01	   4.1506040e-01	   3.9528201e-01	   4.1698066e-01	   3.6010740e-01	   3.7690862e-01	   3.4753920e-01	   3.4919141e-01	   3.3115952e-01	   3.3530186e-01	
   0.0000000e+00	   0.0000000e+00	   0.0000000e+00	   0.0000000e+00	   0.0000000e+00	   0.0000000e+00	             NaN	             NaN	             NaN	             NaN	             NaN	             NaN	   6.0363985e-01	   5.9159778e-01	   5.6979852e-01	   5.6907071e-01	   5.1972398e-01	   5.0941027e-01	   4.8749783e-01	   4.6366599e-01	   4.7506756e-01	   4.2859782e-01	   3.9674204e-01	   4.2061708e-01	   4.0243907e-01	   4.1486003e-01	   3.9930484e-01	   3.9144359e-01	   3.5198365e-01	   3.6339256e-01	   3.3571703e-01	   3.4812439e-01	   3.2499312e-01	
   0.0000000e+00	   0.0000000e+00	   0.0000000e+00	   0.0000000e+00	   0.0000000e+00	   0.0000000e+00	             NaN	             NaN	             NaN	             NaN	             NaN	             NaN	   6.5718074e-01	   5.7350253e-01	   5.6790208e-01	   5.1969630e-01	   5.2713072e-01	   4.7670007e-01	   4.5927807e-01	   4.3404901e-01	   4.2627736e-01	   4.0704653e-01	   4.4572945e-01	   3.8377753e-01	   3.7622527e-01	   3.8484764e-01	   3.7442881e-01	   3.5448461e-01	   3.4886115e-01	   3.2346913e-01	   3.2970572e-01	   3.3208716e-01	   3.1430548e-01	
   0.0000000e+00	   0.0000000e+00	   0.0000000e+00	   0.0000000e+00	   0.0000000e+00	   0.0000000e+00	   0.0000000e+00	             NaN	             NaN	             NaN	             NaN	             NaN	   5.8783591e-01	   5.9568272e-01	   5.1487711e-01	   5.3249901e-01	   4.9054842e-01	   4.8193113e-01	   4.7105476e-01	   4.6377062e-01	   4.1572868e-01	   4.2933429e-01	   3.8316759e-01	   3.9117216e-01	   3.7278973e-01	   3.6903595e-01	   3.6360881e-01	   3.6800464e-01	   3.5448162e-01	   3.4792648e-01	   3.0028356e-01	   3.2865794e-01	   3.2694443e-01	
   0.0000000e+00	   0.0000000e+00	   0.0000000e+00	   0.0000000e+00	   0.0000000e+00	   0.0000000e+00	   0.0000000e+00	             NaN	             NaN	             NaN	             NaN	             NaN	   5.9569025e-01	   5.5783781e-01	   5.1130381e-01	   5.0719660e-01	   4.6272104e-01	   4.8076107e-01	   4.4618040e-01	   4.2555271e-01	   3.8108109e-01	   4.0829957e-01	   3.7194595e-01	   3.7023414e-01	   3.6550044e-01	   3.5663773e-01	   3.5500717e-01	   3.4554583e-01	   3.3772764e-01	   3.2939772e-01	   3.2808011e-01	   3.0197083e-01	   2.7084068e-01	
   0.0000000e+00	   0.0000000e+00	   0.0000000e+00	   0.0000000e+00	   0.0000000e+00	   0.0000000e+00	   0.0000000e+00	             NaN	             NaN	             NaN	             NaN	             NaN	   5.7341905e-01	   5.3077321e-01	   5.0896710e-01	   4.8875215e-01	   4.8621831e-01	   4.2579026e-01	   4.4205647e-01	   4.0420849e-01	   3.8150067e-01	   3.6437113e-01	   3.6277136e-01	   3.5223297e-01	   3.5807438e-01	   3.4790804e-01	   3.3319670e-01	   3.3049875e-01	   3.0985115e-01	   3.1151074e-01	   3.2356681e-01	   3.1570295e-01	   2.9580831e-01	
   0.0000000e+00	   0.0000000e+00	   0.0000000e+00	   0.0000000e+00	   0.0000000e+00	   0.0000000e+00	   0.0000000e+00	             NaN	             NaN	             NaN	             NaN	             NaN	             NaN	   5.4182470e-01	   4.9536764e-01	   4.8996765e-01	   4.4586845e-01	   4.1614014e-01	   4.2051283e-01	   3.9352857e-01	   3.3297150e-01	   3.6810231e-01	   3.6981022e-01	   3.2081521e-01	   3.5429194e-01	   3.1599209e-01	   3.2528224e-01	   3.3234955e-01	   3.1032967e-01	   3.0287870e-01	   2.8966785e-01	   2.9365722e-01	   2.8062572e-01	
   0.0000000e+00	   0.0000000e+00	   0.0000000e+00	   0.0000000e+00	   0.0000000e+00	   0.0000000e+00	   0.0000000e+00	             NaN	             NaN	             NaN	             NaN	             NaN	             NaN	   5.0005158e-01	   4.8581037e-01	   4.7612845e-01	   4.4808011e-01	   4.3996625e-01	   3.9755639e-01	   3.9974809e-01	   3.8484015e-01	   3.6072863e-01	   3.5755175e-01	   3.3868829e-01	   3.2846605e-01	   3.2229956e-01	   3.2243085e-01	   2.9943277e-01	   2.9972356e-01	   3.1923677e-01	   2.9357966e-01	   2.9318046e-01	   2.7113156e-01	
   0.0000000e+00	   0.0000000e+00	   0.0000000e+00	   0.0000000e+00	   0.0000000e+00	   0.0000000e+00	   0.0000000e+00	   0.0000000e+00	             NaN	             NaN	             NaN	             NaN	             NaN	   4.4332288e-01	   4.5948510e-01	   3.9777085e-01	   3.8154971e-01	   3.8738567e-01	   3.5325874e-01	   4.0851003e-01	   3.6575511e-01	   3.8828701e-01	   3.1034260e-01	   3.5112074e-01	   2.9480160e-01	   3.0051359e-01	   3.1226084e-01	   2.9987396e-01	   2.9510336e-01	   2.7110754e-01	   2.7924707e-01	   2.6630509e-01	   2.6434767e-01	
   0.0000000e+00	   0.0000000e+00	   0.0000000e+00	   0.0000000e+00	   0.0000000e+00	   0.0000000e+00	   0.0000000e+00	   0.0000000e+00	             NaN	             NaN	             NaN	             NaN	             NaN	   4.4365358e-01	   4.2219684e-01	   3.9012862e-01	   3.8719712e-01	   3.7711552e-01	   3.6755460e-01	   3.6446148e-01	   3.5885030e-01	   3.5672641e-01	   3.1123937e-01	   3.3536931e-01	   2.9049277e-01	   3.0474888e-01	   2.8453754e-01	   2.7907388e-01	   2.7542767e-01	   2.6984770e-01	   2.7305266e-01	   2.6289657e-01	   2.6911310e-01	
   0.0000000e+00	   0.0000000e+00	   0.0000000e+00	   0.0000000e+00	   0.0000000e+00	   0.0000000e+00	   0.0000000e+00	   0.0000000e+00	             NaN	             NaN	             NaN	             NaN	             NaN	   4.1733885e-01	   4.3732197e-01	   4.2485474e-01	   4.2499657e-01	   3.6057324e-01	   3.6727219e-01	   3.5347632e-01	   3.2726310e-01	   3.0886851e-01	   2.9027119e-01	   3.0825827e-01	   3.0120505e-01	   2.5858336e-01	   3.0779314e-01	   2.8102938e-01	   3.0658139e-01	   2.6082553e-01	   2.8633742e-01	   2.6407333e-01	   2.3093345e-01	
   0.0000000e+00	   0.0000000e+00	   0.0000000e+00	   0.0000000e+00	   0.0000000e+00	   0.0000000e+00	   0.0000000e+00	   0.0000000e+00	             NaN	             NaN	             NaN	             NaN	             NaN	             NaN	   4.4665011e-01	   3.8865758e-01	   4.1737158e-01	   3.7558514e-01	   3.7670095e-01	   3.3419095e-01	   3.0711110e-01	   3.3233136e-01	   3.1361827e-01	   2.9753503e-01	   2.8324900e-01	   2.8268238e-01	   3.0577612e-01	   2.6128022e-01	   2.6703782e-01	   2.7051449e-01	   2.5260652e-01	   2.5384579e-01	   2.4308821e-01	
   0.0000000e+00	   0.0000000e+00	   0.0000000e+00	   0.0000000e+00	   0.0000000e+00	   0.0000000e+00	   0.0000000e+00	   0.0000000e+00	             NaN	             NaN	             NaN	             NaN	             NaN	             NaN	   4.3330461e-01	   4.7385326e-01	   3.7582305e-01	   3.6672869e-01	   3.7322383e-01	   3.1558897e-01	   2.9325098e-01	   2.9481235e-01	   2.9989526e-01	   2.9912560e-01	   2.5408998e-01	   2.8347591e-01	   2.6388263e-01	   2.5219055e-01	   2.5554598e-01	   2.2073256e-01	   2.4553531e-01	   2.4384900e-01	   2.2341285e-01	
   0.0000000e+00	   0.0000000e+00	   0.0000000e+00	   0.0000000e+00	   0.0000000e+00	   0.0000000e+00	   0.0000000e+00	   0.0000000e+00	   0.0000000e+00	             NaN	             NaN	             NaN	             NaN	             NaN	   3.9274610e-01	   3.7185919e-01	   3.6704743e-01	   3.5714885e-01	   3.2880045e-01	   3.1355286e-01	   3.1137968e-01	   2.5085531e-01	   2.9468756e-01	   2.5221974e-01	   2.5603787e-01	   2.7422465e-01	   2.4965193e-01	   2.7741750e-01	   2.4863515e-01	   2.3642704e-01	   2.3881627e-01	   2.2055637e-01	   2.3741700e-01	
   0.0000000e+00	   0.0000000e+00	   0.0000000e+00	   0.0000000e+00	   0.0000000e+00	   0.0000000e+00	   0.0000000e+00	   0.0000000e+00	   0.0000000e+00	             NaN	             NaN	             NaN	             NaN	             NaN	   3.7709737e-01	   4.0373184e-01	   3.5700445e-01	   3.3260649e-01	   3.2528331e-01	   3.0168091e-01	   3.3135475e-01	   2.7289271e-01	   2.7629345e-01	   2.6033015e-01	   2.5784296e-01	   2.5345174e-01	   2.3150788e-01	   2.5741182e-01	   2.3618301e-01	   2.2333767e-01	   2.3390231e-01	   2.3650371e-01	   2.1396886e-01	
   0.0000000e+00	   0.0000000e+00	   0.0000000e+00	   0.0000000e+00	   0.0000000e+00	   0.0000000e+00	   0.0000000e+00	   0.0000000e+00	   0.0000000e+00	             NaN	             NaN	             NaN	             NaN	             NaN	   3.6350957e-01	   3.5978940e-01	   3.7351875e-01	   3.4249150e-01	   3.1170322e-01	   3.1527567e-01	   3.0857342e-01	   2.8122197e-01	   2.6298245e-01	   2.6221374e-01	   2.5731230e-01	   2.3996671e-01	   2.5827937e-01	   2.4722981e-01	   2.1000104e-01	   2.3778496e-01	   2.2975742e-01	   2.0430910e-01	   2.1894725e-01	
   0.0000000e+00	   0.0000000e+00	   0.0000000e+00	   0.0000000e+00	   0.0000000e+00	   0.0000000e+00	   0.0000000e+00	   0.0000000e+00	   0.0000000e+00	             NaN	             NaN	             NaN	             NaN	             NaN	             NaN	   3.5997907e-01	   3.2826888e-01	   3.0920129e-01	   2.6362690e-01	   2.9575534e-01	   2.7352075e-01	   2.6561698e-01	   2.8596413e-01	   2.1656610e-01	   2.5659042e-01	   2.0705441e-01	   2.5847137e-01	   2.0562332e-01	   2.2245506e-01	   2.0641114e-01	   2.1060114e-01	   1.9820613e-01	   1.8876615e-01	
   0.0000000e+00	   0.0000000e+00	   0.0000000e+00	   0.0000000e+00	   0.0000000e+00	   0.0000000e+00	   0.0000000e+00	   0.0000000e+00	   0.0000000e+00	             NaN	             NaN	             NaN	             NaN	             NaN	             NaN	   3.2668359e-01	   3.2722263e-01	   2.9460243e-01	   3.0048728e-01	   3.0197236e-01	   2.8606586e-01	   2.6190625e-01	   2.6141957e-01	   2.3504407e-01	   2.4884511e-01	   2.4136783e-01	   2.5073161e-01	   2.2391545e-01	   2.1326589e-01	   1.8369423e-01	   2.0453743e-01	   1.9782960e-01	   1.9667323e-01	
   0.0000000e+00	   0.0000000e+00	   0.0000000e+00	   0.0000000e+00	   0.0000000e+00	   0.0000000e+00	   0.0000000e+00	   0.0000000e+00	   0.0000000e+00	   0.0000000e+00	             NaN	             NaN	             NaN	             NaN	             NaN	   4.1880937e-01	   2.9720122e-01	   2.7626508e-01	   2.8991649e-01	   2.9555337e-01	   2.4459930e-01	   2.6069287e-01	   2.3056645e-01	   2.3422475e-01	   2.3870773e-01	   2.1849898e-01	   2.3788892e-01	   2.1773714e-01	   1.8821823e-01	   1.9981482e-01	   1.8843319e-01	   2.0645827e-01	   1.9217966e-01	
