   8.5277661e-01	  -5.5370026e+00	  -3.6060810e+00	             NaN	             NaN	             NaN	             NaN	             NaN	             NaN	             NaN	             NaN	             NaN	             NaN	             NaN	   0.0000000e+00	   0.0000000e+00	   0.0000000e+00	   0.0000000e+00	   0.0000000e+00	   0.0000000e+00	   0.0000000e+00	   0.0000000e+00	   0.0000000e+00	   0.0000000e+00	   0.0000000e+00	   0.0000000e+00	   0.0000000e+00	   0.0000000e+00	   0.0000000e+00	   0.0000000e+00	   0.0000000e+00	   0.0000000e+00	   0.0000000e+00	
  -1.4306272e+00	  -2.5303965e+00	  -1.3822310e+00	             NaN	             NaN	             NaN	             NaN	             NaN	             NaN	             NaN	             NaN	             NaN	             NaN	             NaN	   0.0000000e+00	   0.0000000e+00	   0.0000000e+00	   0.0000000e+00	   0.0000000e+00	   0.0000000e+00	   0.0000000e+00	   0.0000000e+00	   0.0000000e+00	   0.0000000e+00	   0.0000000e+00	   0.0000000e+00	   0.0000000e+00	   0.0000000e+00	   0.0000000e+00	   0.0000000e+00	   0.0000000e+00	   0.0000000e+00	   0.0000000e+00	
  -7.7466389e-02	  -1.1536863e+00	  -4.9558892e-01	             NaN	             NaN	             NaN	             NaN	             NaN	             NaN	             NaN	             NaN	             NaN	             NaN	             NaN	   0.0000000e+00	   0.0000000e+00	   0.0000000e+00	   0.0000000e+00	   0.0000000e+00	   0.0000000e+00	   0.0000000e+00	   0.0000000e+00	   0.0000000e+00	   0.0000000e+00	   0.0000000e+00	   0.0000000e+00	   0.0000000e+00	   0.0000000e+00	   0.0000000e+00	   0.0000000e+00	   0.0000000e+00	   0.0000000e+00	   0.0000000e+00	
   4.4112239e+00	  -1.0803646e+00	   1.7587319e+00	   2.9376991e+00	             NaN	             NaN	             NaN	             NaN	             NaN	             NaN	             NaN	             NaN	             NaN	             NaN	             NaN	   0.0000000e+00	   0.0000000e+00	   0.0000000e+00	   0.0000000e+00	   0.0000000e+00	   0.0000000e+00	   0.0000000e+00	   0.0000000e+00	   0.0000000e+00	   0.0000000e+00	   0.0000000e+00	   0.0000000e+00	   0.0000000e+00	   0.0000000e+00	   0.0000000e+00	   0.0000000e+00	   0.0000000e+00	   0.0000000e+00	
   1.3119442e+00	   6.4063643e-02	   2.6397309e+00	   5.4482186e+00	             NaN	             NaN	             NaN	             NaN	             NaN	             NaN	             NaN	             NaN	             NaN	             NaN	             NaN	   0.0000000e+00	   0.0000000e+00	   0.0000000e+00	   0.0000000e+00	   0.0000000e+00	   0.0000000e+00	   0.0000000e+00	   0.0000000e+00	   0.0000000e+00	   0.0000000e+00	   0.0000000e+00	   0.0000000e+00	   0.0000000e+00	   0.0000000e+00	   0.0000000e+00	   0.0000000e+00	   0.0000000e+00	   0.0000000e+00	
   2.9969528e+00	   1.2881214e+00	   2.9303517e+00	   5.9105634e+00	   9.9266915e+00	             NaN	             NaN	             NaN	             NaN	             NaN	             NaN	             NaN	             NaN	             NaN	             NaN	             NaN	   0.0000000e+00	   0.0000000e+00	   0.0000000e+00	   0.0000000e+00	   0.0000000e+00	   0.0000000e+00	   0.0000000e+00	   0.0000000e+00	   0.0000000e+00	   0.0000000e+00	   0.0000000e+00	   0.0000000e+00	   0.0000000e+00	   0.0000000e+00	   0.0000000e+00	   0.0000000e+00	   0.0000000e+00	
   3.4737928e+00	   1.9269596e+00	   3.9931646e+00	   6.4342052e+00	   8.8042380e+00	             NaN	             NaN	             NaN	             NaN	             NaN	             NaN	             NaN	             NaN	             NaN	             NaN	             NaN	   0.0000000e+00	   0.0000000e+00	   0.0000000e+00	   0.0000000e+00	   0.0000000e+00	   0.0000000e+00	   0.0000000e+00	   0.0000000e+00	   0.0000000e+00	   0.0000000e+00	   0.0000000e+00	   0.0000000e+00	   0.0000000e+00	   0.0000000e+00	   0.0000000e+00	   0.0000000e+00	   0.0000000e+00	
   3.9100690e+00	   2.6202727e+00	   3.5236431e+00	   6.3869226e+00	   9.4940576e+00	             NaN	             NaN	             NaN	             NaN	             NaN	             NaN	             NaN	             NaN	             NaN	             NaN	             NaN	   0.0000000e+00	   0.0000000e+00	   0.0000000e+00	   0.0000000e+00	   0.0000000e+00	   0.0000000e+00	   0.0000000e+00	   0.0000000e+00	   0.0000000e+00	   0.0000000e+00	   0.0000000e+00	   0.0000000e+00	   0.0000000e+00	   0.0000000e+00	   0.0000000e+00	   0.0000000e+00	   0.0000000e+00	
   3.8434192e+00	   3.7726039e+00	   4.7968048e+00	   6.0502567e+00	   8.8024768e+00	   1.1404111e+01	             NaN	             NaN	             NaN	             NaN	             NaN	             NaN	             NaN	             NaN	             NaN	             NaN	             NaN	   0.0000000e+00	   0.0000000e+00	   0.0000000e+00	   0.0000000e+00	   0.0000000e+00	   0.0000000e+00	   0.0000000e+00	   0.0000000e+00	   0.0000000e+00	   0.0000000e+00	   0.0000000e+00	   0.0000000e+00	   0.0000000e+00	   0.0000000e+00	   0.0000000e+00	   0.0000000e+00	
   3.7801924e+00	   2.5571434e+00	   4.1349414e+00	   6.7816422e+00	   8.8475168e+00	   1.1270739e+01	             NaN	             NaN	             NaN	             NaN	             NaN	             NaN	             NaN	             NaN	             NaN	             NaN	             NaN	   0.0000000e+00	   0.0000000e+00	   0.0000000e+00	   0.0000000e+00	   0.0000000e+00	   0.0000000e+00	   0.0000000e+00	   0.0000000e+00	   0.0000000e+00	   0.0000000e+00	   0.0000000e+00	   0.0000000e+00	   0.0000000e+00	   0.0000000e+00	   0.0000000e+00	   0.0000000e+00	
   3.2805852e+00	   4.1315973e+00	   4.3450470e+00	   6.9496184e+00	   8.9657807e+00	   1.1088190e+01	   1.1985092e+01	             NaN	             NaN	             NaN	             NaN	             NaN	             NaN	             NaN	             NaN	             NaN	             NaN	             NaN	   0.0000000e+00	   0.0000000e+00	   0.0000000e+00	   0.0000000e+00	   0.0000000e+00	   0.0000000e+00	   0.0000000e+00	   0.0000000e+00	   0.0000000e+00	   0.0000000e+00	   0.0000000e+00	   0.0000000e+00	   0.0000000e+00	   0.0000000e+00	   0.0000000e+00	
   4.4012492e+00	   3.8408887e+00	   5.3010252e+00	   7.2418012e+00	   9.0419254e+00	   1.0982688e+01	   1.1898346e+01	             NaN	             NaN	             NaN	             NaN	             NaN	             NaN	             NaN	             NaN	             NaN	             NaN	             NaN	   0.0000000e+00	   0.0000000e+00	   0.0000000e+00	   0.0000000e+00	   0.0000000e+00	   0.0000000e+00	   0.0000000e+00	   0.0000000e+00	   0.0000000e+00	   0.0000000e+00	   0.0000000e+00	   0.0000000e+00	   0.0000000e+00	   0.0000000e+00	   0.0000000e+00	
   4.3108457e+00	   5.0885581e+00	   6.4713364e+00	   7.4002367e+00	   9.3610159e+00	   1.0325873e+01	   1.1568034e+01	             NaN	             NaN	             NaN	             NaN	             NaN	             NaN	             NaN	             NaN	             NaN	             NaN	             NaN	   0.0000000e+00	   0.0000000e+00	   0.0000000e+00	   0.0000000e+00	   0.0000000e+00	   0.0000000e+00	   0.0000000e+00	   0.0000000e+00	   0.0000000e+00	   0.0000000e+00	   0.0000000e+00	   0.0000000e+00	   0.0000000e+00	   0.0000000e+00	   0.0000000e+00	
   4.4655458e+00	   5.2725589e+00	   6.7073610e+00	   8.1644979e+00	   9.5963382e+00	   9.9476561e+00	   1.0700531e+01	   9.1695058e+00	             NaN	             NaN	             NaN	             NaN	             NaN	             NaN	             NaN	             NaN	             NaN	             NaN	             NaN	   0.0000000e+00	   0.0000000e+00	   0.0000000e+00	   0.0000000e+00	   0.0000000e+00	   0.0000000e+00	   0.0000000e+00	   0.0000000e+00	   0.0000000e+00	   0.0000000e+00	   0.0000000e+00	   0.0000000e+00	   0.0000000e+00	   0.0000000e+00	
   5.2907010e+00	   4.6810000e+00	   6.5122002e+00	   7.9753820e+00	   9.1978055e+00	   1.0113079e+01	   9.9207231e+00	   8.4607710e+00	             NaN	             NaN	             NaN	             NaN	             NaN	             NaN	             NaN	             NaN	             NaN	             NaN	             NaN	   0.0000000e+00	   0.0000000e+00	   0.0000000e+00	   0.0000000e+00	   0.0000000e+00	   0.0000000e+00	   0.0000000e+00	   0.0000000e+00	   0.0000000e+00	   0.0000000e+00	   0.0000000e+00	   0.0000000e+00	   0.0000000e+00	   0.0000000e+00	
   4.5714997e+00	   4.9485309e+00	   6.4653373e+00	   8.2669104e+00	   8.6594363e+00	   9.7376715e+00	   9.2618988e+00	   8.0890160e+00	   5.6572255e+00	             NaN	             NaN	             NaN	             NaN	             NaN	             NaN	             NaN	             NaN	             NaN	             NaN	             NaN	   0.0000000e+00	   0.0000000e+00	   0.0000000e+00	   0.0000000e+00	   0.0000000e+00	   0.0000000e+00	   0.0000000e+00	   0.0000000e+00	   0.0000000e+00	   0.0000000e+00	   0.0000000e+00	   0.0000000e+00	   0.0000000e+00	
   4.9097667e+00	   5.0553842e+00	   6.5094881e+00	   7.8632228e+00	   8.7362754e+00	   9.2415062e+00	   8.7495353e+00	   7.2706174e+00	   5.0056706e+00	             NaN	             NaN	             NaN	             NaN	             NaN	             NaN	             NaN	             NaN	             NaN	             NaN	             NaN	   0.0000000e+00	   0.0000000e+00	   0.0000000e+00	   0.0000000e+00	   0.0000000e+00	   0.0000000e+00	   0.0000000e+00	   0.0000000e+00	   0.0000000e+00	   0.0000000e+00	   0.0000000e+00	   0.0000000e+00	   0.0000000e+00	
   4.3099792e+00	   5.6706404e+00	   6.6893226e+00	   7.6744909e+00	   8.4683166e+00	   8.5628043e+00	   8.2877602e+00	   6.8544118e+00	   4.7108056e+00	             NaN	             NaN	             NaN	             NaN	             NaN	             NaN	             NaN	             NaN	             NaN	             NaN	             NaN	   0.0000000e+00	   0.0000000e+00	   0.0000000e+00	   0.0000000e+00	   0.0000000e+00	   0.0000000e+00	   0.0000000e+00	   0.0000000e+00	   0.0000000e+00	   0.0000000e+00	   0.0000000e+00	   0.0000000e+00	   0.0000000e+00	
   4.2952857e+00	   5.2628581e+00	   5.9518373e+00	   6.8281912e+00	   8.1589641e+00	   8.3199377e+00	   7.7587768e+00	   6.5063437e+00	   4.3344525e+00	   2.4934493e+00	             NaN	             NaN	             NaN	             NaN	             NaN	             NaN	             NaN	             NaN	             NaN	             NaN	             NaN	   0.0000000e+00	   0.0000000e+00	   0.0000000e+00	   0.0000000e+00	   0.0000000e+00	   0.0000000e+00	   0.0000000e+00	   0.0000000e+00	   0.0000000e+00	   0.0000000e+00	   0.0000000e+00	   0.0000000e+00	
   4.1040643e+00	   5.2455719e+00	   6.6100719e+00	   7.3920738e+00	   7.8199706e+00	   7.8751772e+00	   7.4959078e+00	   5.9333926e+00	   4.1302202e+00	   2.1504321e+00	             NaN	             NaN	             NaN	             NaN	             NaN	             NaN	             NaN	             NaN	             NaN	             NaN	             NaN	   0.0000000e+00	   0.0000000e+00	   0.0000000e+00	   0.0000000e+00	   0.0000000e+00	   0.0000000e+00	   0.0000000e+00	   0.0000000e+00	   0.0000000e+00	   0.0000000e+00	   0.0000000e+00	   0.0000000e+00	
   3.7978281e+00	   4.5901085e+00	   5.9660171e+00	   6.7695730e+00	   7.2810669e+00	   7.2987614e+00	   7.0832023e+00	   5.5438620e+00	   3.8744250e+00	   1.9705989e+00	   1.4762710e+00	             NaN	             NaN	             NaN	             NaN	             NaN	             NaN	             NaN	             NaN	             NaN	             NaN	             NaN	   0.0000000e+00	   0.0000000e+00	   0.0000000e+00	   0.0000000e+00	   0.0000000e+00	   0.0000000e+00	   0.0000000e+00	   0.0000000e+00	   0.0000000e+00	   0.0000000e+00	   0.0000000e+00	
   4.2630400e+00	   4.8556236e+00	   5.6971583e+00	   6.5085739e+00	   7.3499959e+00	   6.7429857e+00	   6.5391482e+00	   5.1500157e+00	   3.7047100e+00	   1.9445609e+00	   1.3495738e+00	             NaN	             NaN	             NaN	             NaN	             NaN	             NaN	             NaN	             NaN	             NaN	             NaN	             NaN	   0.0000000e+00	   0.0000000e+00	   0.0000000e+00	   0.0000000e+00	   0.0000000e+00	   0.0000000e+00	   0.0000000e+00	   0.0000000e+00	   0.0000000e+00	   0.0000000e+00	   0.0000000e+00	
   3.7493396e+00	   4.2196318e+00	   5.6100676e+00	   6.3293919e+00	   6.9051235e+00	   6.3630312e+00	   5.7934049e+00	   4.5728783e+00	   3.0967049e+00	   1.8550694e+00	   1.1098534e+00	             NaN	             NaN	             NaN	             NaN	             NaN	             NaN	             NaN	             NaN	             NaN	             NaN	             NaN	   0.0000000e+00	   0.0000000e+00	   0.0000000e+00	   0.0000000e+00	   0.0000000e+00	   0.0000000e+00	   0.0000000e+00	   0.0000000e+00	   0.0000000e+00	   0.0000000e+00	   0.0000000e+00	
   3.5950039e+00	   4.0664876e+00	   4.9337647e+00	   6.3061289e+00	   6.1751619e+00	   5.9449904e+00	   5.3818713e+00	   4.3961459e+00	   2.8885438e+00	   1.6946003e+00	   1.0429324e+00	   1.0770155e+00	             NaN	             NaN	             NaN	             NaN	             NaN	             NaN	             NaN	             NaN	             NaN	             NaN	             NaN	   0.0000000e+00	   0.0000000e+00	   0.0000000e+00	   0.0000000e+00	   0.0000000e+00	   0.0000000e+00	   0.0000000e+00	   0.0000000e+00	   0.0000000e+00	   0.0000000e+00	
   4.2415633e+00	   3.8670264e+00	   4.9212426e+00	   5.7363523e+00	   5.8604665e+00	   5.7511657e+00	   5.0883810e+00	   3.8913376e+00	   2.7213175e+00	   1.6984833e+00	   9.2213217e-01	   8.2862995e-01	             NaN	             NaN	             NaN	             NaN	             NaN	             NaN	             NaN	             NaN	             NaN	             NaN	             NaN	   0.0000000e+00	   0.0000000e+00	   0.0000000e+00	   0.0000000e+00	   0.0000000e+00	   0.0000000e+00	   0.0000000e+00	   0.0000000e+00	   0.0000000e+00	   0.0000000e+00	
   3.3069536e+00	   3.5260218e+00	   4.7879818e+00	   5.1118238e+00	   5.3433256e+00	   5.0120186e+00	   4.6292498e+00	   3.4873442e+00	   2.4681700e+00	   1.5726011e+00	   9.9620069e-01	   7.3549113e-01	   1.0721830e+00	             NaN	             NaN	             NaN	             NaN	             NaN	             NaN	             NaN	             NaN	             NaN	             NaN	             NaN	   0.0000000e+00	   0.0000000e+00	   0.0000000e+00	   0.0000000e+00	   0.0000000e+00	   0.0000000e+00	   0.0000000e+00	   0.0000000e+00	   0.0000000e+00	
   3.4207906e+00	   3.0967768e+00	   4.1369250e+00	   5.0537170e+00	   4.9692900e+00	   4.8195239e+00	   4.1241510e+00	   3.1512773e+00	   2.3604486e+00	   1.3719892e+00	   9.6226514e-01	   7.2602520e-01	   6.7142702e-01	             NaN	             NaN	             NaN	             NaN	             NaN	             NaN	             NaN	             NaN	             NaN	             NaN	             NaN	   0.0000000e+00	   0.0000000e+00	   0.0000000e+00	   0.0000000e+00	   0.0000000e+00	   0.0000000e+00	   0.0000000e+00	   0.0000000e+00	   0.0000000e+00	
   2.6654811e+00	   2.8770931e+00	   3.8253005e+00	   4.5879873e+00	   4.3815004e+00	   4.2200197e+00	   3.7395842e+00	   2.8696267e+00	   2.0140056e+00	   1.2917232e+00	   9.0819204e-01	   6.0995435e-01	   5.1035126e-01	             NaN	             NaN	             NaN	             NaN	             NaN	             NaN	             NaN	             NaN	             NaN	             NaN	             NaN	   0.0000000e+00	   0.0000000e+00	   0.0000000e+00	   0.0000000e+00	   0.0000000e+00	   0.0000000e+00	   0.0000000e+00	   0.0000000e+00	   0.0000000e+00	
   2.3636077e+00	   2.7241127e+00	   3.5437392e+00	   3.8694070e+00	   4.1952707e+00	   3.9037917e+00	   3.4917406e+00	   2.7773744e+00	   1.8306196e+00	   1.1812919e+00	   8.3026525e-01	   5.8409538e-01	   4.5714710e-01	   5.4967925e-01	             NaN	             NaN	             NaN	             NaN	             NaN	             NaN	             NaN	             NaN	             NaN	             NaN	             NaN	   0.0000000e+00	   0.0000000e+00	   0.0000000e+00	   0.0000000e+00	   0.0000000e+00	   0.0000000e+00	   0.0000000e+00	   0.0000000e+00	
   2.4766609e+00	   2.9370458e+00	   3.1727977e+00	   3.7143656e+00	   3.8827792e+00	   3.5243722e+00	   3.1237134e+00	   2.3148448e+00	   1.6444950e+00	   1.0765623e+00	   7.2825009e-01	   5.9737640e-01	   3.7843936e-01	   5.0772181e-01	             NaN	             NaN	             NaN	             NaN	             NaN	             NaN	             NaN	             NaN	             NaN	             NaN	             NaN	   0.0000000e+00	   0.0000000e+00	   0.0000000e+00	   0.0000000e+00	   0.0000000e+00	   0.0000000e+00	   0.0000000e+00	   0.0000000e+00	
   1.6006611e+00	   2.1557616e+00	   2.7893881e+00	   3.3095699e+00	   3.2300942e+00	   3.2232578e+00	   2.8796368e+00	   2.1430621e+00	   1.5230548e+00	   9.5491649e-01	   6.9064406e-01	   5.5242908e-01	   3.9764452e-01	   4.6424313e-01	   5.4431154e-01	             NaN	             NaN	             NaN	             NaN	             NaN	             NaN	             NaN	             NaN	             NaN	             NaN	             NaN	   0.0000000e+00	   0.0000000e+00	   0.0000000e+00	   0.0000000e+00	   0.0000000e+00	   0.0000000e+00	   0.0000000e+00	
   1.5217831e+00	   2.0489139e+00	   2.5764833e+00	   3.0783807e+00	   3.0492349e+00	   3.0490903e+00	   2.6476052e+00	   1.9084213e+00	   1.4116163e+00	   9.0367254e-01	   6.3849878e-01	   5.0840061e-01	   3.7328445e-01	   2.9910069e-01	   5.4213928e-01	             NaN	             NaN	             NaN	             NaN	             NaN	             NaN	             NaN	             NaN	             NaN	             NaN	             NaN	   0.0000000e+00	   0.0000000e+00	   0.0000000e+00	   0.0000000e+00	   0.0000000e+00	   0.0000000e+00	   0.0000000e+00	
   8.3806024e-01	   1.2547328e+00	   1.8451318e+00	   2.6038646e+00	   2.9382209e+00	   2.5676371e+00	   2.2582183e+00	   1.7949428e+00	   1.3216721e+00	   8.8779619e-01	   6.1356929e-01	   4.9021039e-01	   3.8865005e-01	   2.6081393e-01	   5.2589426e-01	             NaN	             NaN	             NaN	             NaN	             NaN	             NaN	             NaN	             NaN	             NaN	             NaN	             NaN	   0.0000000e+00	   0.0000000e+00	   0.0000000e+00	   0.0000000e+00	   0.0000000e+00	   0.0000000e+00	   0.0000000e+00	
  -1.0378671e-01	   6.2762963e-01	   1.9348428e+00	   2.3556423e+00	   2.4509416e+00	   2.4436051e+00	   2.2262249e+00	   1.5888991e+00	   1.1312418e+00	   8.4124229e-01	   6.0340983e-01	   5.2271068e-01	   3.6210850e-01	   2.7388170e-01	   2.5191767e-01	   3.1895923e-01	             NaN	             NaN	             NaN	             NaN	             NaN	             NaN	             NaN	             NaN	             NaN	             NaN	             NaN	   0.0000000e+00	   0.0000000e+00	   0.0000000e+00	   0.0000000e+00	   0.0000000e+00	   0.0000000e+00	
   1.0587998e+00	   7.7881316e-01	   1.3833831e+00	   2.0191937e+00	   2.2202567e+00	   2.1475039e+00	   1.9485306e+00	   1.4116306e+00	   1.1028476e+00	   7.8622871e-01	   5.6035050e-01	   4.2892168e-01	   3.1982166e-01	   2.6034468e-01	   1.8593102e-01	   4.7010449e-01	             NaN	             NaN	             NaN	             NaN	             NaN	             NaN	             NaN	             NaN	             NaN	             NaN	             NaN	   0.0000000e+00	   0.0000000e+00	   0.0000000e+00	   0.0000000e+00	   0.0000000e+00	   0.0000000e+00	
   1.9122023e-01	  -8.9499903e-01	   8.5012799e-01	   1.8060878e+00	   2.0286660e+00	   1.9320345e+00	   1.7001373e+00	   1.3080405e+00	   9.2438922e-01	   7.3036806e-01	   5.0335706e-01	   4.0592175e-01	   3.3872485e-01	   2.4072193e-01	   1.8915305e-01	   3.1978257e-01	   8.1769261e-02	             NaN	             NaN	             NaN	             NaN	             NaN	             NaN	             NaN	             NaN	             NaN	             NaN	             NaN	   0.0000000e+00	   0.0000000e+00	   0.0000000e+00	   0.0000000e+00	   0.0000000e+00	
  -1.7999198e+00	  -1.0034942e+00	   2.1929376e-01	   1.6602734e+00	   1.8849841e+00	   1.7956903e+00	   1.5770998e+00	   1.2134653e+00	   9.1294246e-01	   6.6296125e-01	   4.8869830e-01	   4.0658357e-01	   3.3751801e-01	   2.5405176e-01	   1.7839559e-01	   1.4585749e-01	   3.3058338e-01	             NaN	             NaN	             NaN	             NaN	             NaN	             NaN	             NaN	             NaN	             NaN	             NaN	             NaN	   0.0000000e+00	   0.0000000e+00	   0.0000000e+00	   0.0000000e+00	   0.0000000e+00	
  -1.9205552e+00	  -7.6314261e-01	   4.2684146e-01	   1.1395858e+00	   1.6348098e+00	   1.7185773e+00	   1.5253697e+00	   1.1639922e+00	   8.3640282e-01	   6.2780565e-01	   4.5951396e-01	   3.8386432e-01	   3.0093155e-01	   2.3296768e-01	   1.5233887e-01	   1.5450692e-01	   3.8967766e-01	             NaN	             NaN	             NaN	             NaN	             NaN	             NaN	             NaN	             NaN	             NaN	             NaN	             NaN	   0.0000000e+00	   0.0000000e+00	   0.0000000e+00	   0.0000000e+00	   0.0000000e+00	
  -1.9157535e+00	  -2.1680630e+00	  -6.5845100e-01	   1.1007227e+00	   1.4846246e+00	   1.5022712e+00	   1.2687167e+00	   1.0770068e+00	   8.1283868e-01	   5.6970445e-01	   4.4724106e-01	   3.7972485e-01	   2.8184140e-01	   2.5439897e-01	   1.6047651e-01	   1.4551735e-01	   3.0277575e-01	  -4.0359952e-02	             NaN	             NaN	             NaN	             NaN	             NaN	             NaN	             NaN	             NaN	             NaN	             NaN	             NaN	   0.0000000e+00	   0.0000000e+00	   0.0000000e+00	   0.0000000e+00	
  -3.0104997e+00	  -2.2446539e+00	  -5.9889745e-01	   6.3858043e-01	   1.1439439e+00	   1.3395212e+00	   1.1072423e+00	   9.0316761e-01	   6.9183359e-01	   5.3816651e-01	   3.8238145e-01	   3.4711984e-01	   2.8383615e-01	   2.1377909e-01	   1.5289816e-01	   1.1171854e-01	   2.5056799e-01	   2.3396787e-01	             NaN	             NaN	             NaN	             NaN	             NaN	             NaN	             NaN	             NaN	             NaN	             NaN	             NaN	   0.0000000e+00	   0.0000000e+00	   0.0000000e+00	   0.0000000e+00	
  -2.5614153e+00	  -3.4312772e+00	  -1.2340913e+00	   3.3234536e-01	   1.0973100e+00	   1.1986019e+00	   9.9587104e-01	   8.2996845e-01	   6.3922562e-01	   5.0310533e-01	   4.0040380e-01	   3.2353077e-01	   2.6298788e-01	   2.3831917e-01	   1.6143396e-01	   1.3042794e-01	   1.0948197e-01	   4.7541705e-01	  -3.5672852e-01	             NaN	             NaN	             NaN	             NaN	             NaN	             NaN	             NaN	             NaN	             NaN	             NaN	             NaN	   0.0000000e+00	   0.0000000e+00	   0.0000000e+00	
  -3.2737270e+00	  -3.3523416e+00	  -1.8897710e+00	   1.6685442e-01	   9.0657282e-01	   1.0184201e+00	   9.7420076e-01	   8.1958736e-01	   6.0822826e-01	   4.3581179e-01	   3.4838093e-01	   3.1231494e-01	   2.4379821e-01	   2.0434111e-01	   1.3770188e-01	   1.1427989e-01	   9.3258777e-02	   2.7942491e-01	  -9.5157934e-02	             NaN	             NaN	             NaN	             NaN	             NaN	             NaN	             NaN	             NaN	             NaN	             NaN	             NaN	   0.0000000e+00	   0.0000000e+00	   0.0000000e+00	
  -2.8759721e+00	  -3.2782556e+00	  -1.7259998e+00	   3.0806801e-02	   7.6929834e-01	   8.3799564e-01	   9.1185071e-01	   7.3265628e-01	   5.0317739e-01	   4.6278015e-01	   3.6867425e-01	   3.0535167e-01	   2.7542980e-01	   2.0960266e-01	   1.4664513e-01	   1.1855562e-01	   7.4697153e-02	   1.9451268e-01	   1.8753082e-01	             NaN	             NaN	             NaN	             NaN	             NaN	             NaN	             NaN	             NaN	             NaN	             NaN	             NaN	   0.0000000e+00	   0.0000000e+00	   0.0000000e+00	
  -4.7907792e+00	  -3.5981221e+00	  -2.0536341e+00	  -4.1052511e-01	   4.9530412e-01	   8.5946510e-01	   8.4881127e-01	   6.1297902e-01	   4.4430236e-01	   4.0379073e-01	   3.7538079e-01	   3.3754151e-01	   2.4509043e-01	   2.0379766e-01	   1.4966999e-01	   1.2052634e-01	   8.4603786e-02	   1.3863334e-01	   3.4164861e-01	  -2.4897521e-01	             NaN	             NaN	             NaN	             NaN	             NaN	             NaN	             NaN	             NaN	             NaN	             NaN	             NaN	   0.0000000e+00	   0.0000000e+00	
  -4.8559574e+00	  -5.1566293e+00	  -2.1582890e+00	  -4.1078073e-01	   4.6893005e-01	   7.4472925e-01	   6.3287414e-01	   5.9958170e-01	   4.5589655e-01	   4.0161869e-01	   3.3746592e-01	   2.9742406e-01	   2.8196254e-01	   2.1263796e-01	   1.5831818e-01	   1.3266346e-01	   9.6639208e-02	   1.1444356e-01	   2.9958643e-01	  -1.4131543e-01	             NaN	             NaN	             NaN	             NaN	             NaN	             NaN	             NaN	             NaN	             NaN	             NaN	             NaN	   0.0000000e+00	   0.0000000e+00	
  -5.6174819e+00	  -5.3258137e+00	  -2.5264777e+00	  -8.9661778e-01	   3.5943018e-01	   5.8403781e-01	   6.3905038e-01	   5.2466417e-01	   4.6141178e-01	   3.4134410e-01	   3.8007277e-01	   3.3381898e-01	   2.4629529e-01	   2.4472652e-01	   1.7099328e-01	   1.2510045e-01	   9.3027851e-02	   9.4965180e-02	   2.2790485e-01	   1.5453970e-01	  -4.3151277e-01	             NaN	             NaN	             NaN	             NaN	             NaN	             NaN	             NaN	             NaN	             NaN	             NaN	             NaN	   0.0000000e+00	
  -5.2391151e+00	  -4.0891724e+00	  -2.9512375e+00	  -8.7444325e-01	   2.2962535e-01	   6.6366444e-01	   6.1311755e-01	   5.0962221e-01	   4.0099474e-01	   3.4315417e-01	   3.1876383e-01	   2.7582725e-01	   2.6959813e-01	   2.1431012e-01	   1.6993919e-01	   1.1892625e-01	   9.0303996e-02	   1.1292648e-01	   9.7794162e-02	   2.6855133e-01	  -3.0077822e-01	             NaN	             NaN	             NaN	             NaN	             NaN	             NaN	             NaN	             NaN	             NaN	             NaN	             NaN	   0.0000000e+00	
  -5.0130453e+00	  -6.0488439e+00	  -3.7725996e+00	  -1.1239630e+00	   1.9201131e-01	   4.7657099e-01	   5.7094618e-01	   5.4354989e-01	   4.4614493e-01	   3.7657386e-01	   3.7259605e-01	   2.9070337e-01	   2.9662756e-01	   2.0280052e-01	   1.7670576e-01	   1.3683124e-01	   1.2621593e-01	   7.4099879e-02	   1.0018554e-01	   3.4602360e-01	  -1.2478756e-02	             NaN	             NaN	             NaN	             NaN	             NaN	             NaN	             NaN	             NaN	             NaN	             NaN	             NaN	   0.0000000e+00	
  -6.6285259e+00	  -6.0803472e+00	  -4.1607355e+00	  -8.0025336e-01	   1.3839339e-01	   4.3236282e-01	   5.1627921e-01	   4.1325435e-01	   3.8012578e-01	   3.3434910e-01	   3.1213478e-01	   2.7256852e-01	   2.5941760e-01	   2.1214863e-01	   1.9468983e-01	   1.2789110e-01	   1.1408038e-01	   9.6924185e-02	   8.9706004e-02	   2.2162235e-01	   8.7623586e-02	  -2.8778661e-01	             NaN	             NaN	             NaN	             NaN	             NaN	             NaN	             NaN	             NaN	             NaN	             NaN	             NaN	
  -6.9811202e+00	  -6.3804390e+00	  -3.4415290e+00	  -1.8904780e+00	  -2.6838035e-01	   3.7119486e-01	   3.9869502e-01	   4.3586626e-01	   3.9502941e-01	   3.3733807e-01	   3.2941900e-01	   2.9364123e-01	   2.6026834e-01	   2.5660663e-01	   1.7792908e-01	   1.4873711e-01	   1.1538876e-01	   9.5834635e-02	   9.2715594e-02	   1.2509222e-01	   1.2041351e-01	  -2.3020470e-01	             NaN	             NaN	             NaN	             NaN	             NaN	             NaN	             NaN	             NaN	             NaN	             NaN	             NaN	
  -4.8644233e+00	  -5.0575912e+00	  -3.8772685e+00	  -1.8820070e+00	  -1.7086438e-01	   2.6046672e-01	   3.1723600e-01	   4.0963918e-01	   3.7143409e-01	   3.1658800e-01	   3.1115437e-01	   3.1481612e-01	   3.0072524e-01	   2.3253366e-01	   1.7763501e-01	   1.2700418e-01	   1.2787949e-01	   1.0684904e-01	   8.9865519e-02	   6.9862738e-02	   2.4415112e-01	  -1.9605592e-02	  -1.2454536e-01	             NaN	             NaN	             NaN	             NaN	             NaN	             NaN	             NaN	             NaN	             NaN	             NaN	
  -4.5999798e+00	  -5.2457015e+00	  -3.6113025e+00	  -1.5083710e+00	  -1.6073297e-01	   2.2539539e-01	   3.9797157e-01	   3.8266628e-01	   3.8990801e-01	   3.2903467e-01	   3.2947182e-01	   2.7982964e-01	   2.6597855e-01	   2.1339553e-01	   1.9723010e-01	   1.4613284e-01	   1.3538411e-01	   1.1702037e-01	   8.7197724e-02	   7.0197297e-02	   2.2477893e-01	   1.0223107e-01	  -2.2054286e-01	             NaN	             NaN	             NaN	             NaN	             NaN	             NaN	             NaN	             NaN	             NaN	             NaN	
  -4.5460682e+00	  -4.9087448e+00	  -4.6281227e+00	  -1.4871725e+00	  -4.6607468e-01	   2.5502107e-01	   3.8882031e-01	   4.0702422e-01	   3.6928864e-01	   3.5697509e-01	   3.3184654e-01	   3.2133485e-01	   2.8470138e-01	   2.5629895e-01	   1.9366355e-01	   1.9379038e-01	   1.4073828e-01	   1.2617124e-01	   1.0157278e-01	   6.3311908e-02	   1.7532694e-01	   3.2726277e-01	  -2.5216246e-01	             NaN	             NaN	             NaN	             NaN	             NaN	             NaN	             NaN	             NaN	             NaN	             NaN	
  -5.2615099e+00	  -5.4669713e+00	  -3.9795505e+00	  -1.7962853e+00	  -2.7575219e-01	   1.9172487e-01	   3.5760906e-01	   3.7018666e-01	   3.2658507e-01	   2.8674470e-01	   3.1074580e-01	   3.0511497e-01	   2.3984145e-01	   2.4703402e-01	   1.9990562e-01	   1.7832768e-01	   1.4877780e-01	   1.4347205e-01	   9.7050672e-02	   1.1050834e-01	   1.1159435e-01	   3.1009799e-01	  -7.6400458e-02	  -1.3769289e-01	             NaN	             NaN	             NaN	             NaN	             NaN	             NaN	             NaN	             NaN	             NaN	
  -4.3851733e+00	  -5.0010657e+00	  -3.3060525e+00	  -1.7202387e+00	  -2.4599673e-01	   2.1158452e-01	   4.3788873e-01	   3.8290321e-01	   3.3383762e-01	   3.2099944e-01	   3.1848358e-01	   3.1608887e-01	   2.6759656e-01	   2.5886883e-01	   2.0024477e-01	   1.6705798e-01	   1.5845704e-01	   1.2337857e-01	   1.0490963e-01	   1.0593954e-01	   9.5874052e-02	   2.6003772e-01	   1.6608024e-01	  -2.1897041e-01	             NaN	             NaN	             NaN	             NaN	             NaN	             NaN	             NaN	             NaN	             NaN	
  -5.6199888e+00	  -4.7650567e+00	  -2.8728330e+00	  -1.7983942e+00	  -2.3512745e-01	   1.8568695e-01	   3.0660154e-01	   3.1872319e-01	   3.2799261e-01	   2.9641395e-01	   3.0775462e-01	   3.1053507e-01	   2.4113990e-01	   2.5958917e-01	   2.2970650e-01	   1.7838592e-01	   1.3954401e-01	   1.4305934e-01	   1.3691561e-01	   1.0311590e-01	   1.0183438e-01	   1.6784161e-01	   2.3454446e-01	  -2.1397907e-01	  -3.2311613e-02	             NaN	             NaN	             NaN	             NaN	             NaN	             NaN	             NaN	             NaN	
  -4.2534170e+00	  -5.3881043e+00	  -3.9284000e+00	  -2.0737727e+00	  -6.0932878e-01	   1.9936557e-01	   2.6838938e-01	   3.2295992e-01	   3.2663990e-01	   3.2775161e-01	   3.2582424e-01	   3.0408652e-01	   2.9681253e-01	   2.6303876e-01	   2.1664180e-01	   1.7276530e-01	   1.5717450e-01	   1.3369959e-01	   1.4745798e-01	   1.0553872e-01	   1.0498825e-01	   1.2091762e-01	   2.3249689e-01	  -6.4396287e-02	  -6.4490324e-02	             NaN	             NaN	             NaN	             NaN	             NaN	             NaN	             NaN	             NaN	
  -5.1025387e+00	  -4.7348929e+00	  -3.2109964e+00	  -1.5930326e+00	  -4.1896650e-01	   1.8509892e-01	   3.1826885e-01	   3.3101690e-01	   3.3138286e-01	   3.2896805e-01	   3.2980840e-01	   2.8341349e-01	   2.8238573e-01	   2.8500169e-01	   2.4650443e-01	   1.9181762e-01	   1.7891829e-01	   1.4857445e-01	   1.2795846e-01	   1.0382753e-01	   1.1087076e-01	   1.1628351e-01	   2.3936744e-01	   4.0474347e-03	  -1.0411694e-01	             NaN	             NaN	             NaN	             NaN	             NaN	             NaN	             NaN	             NaN	
  -3.6571706e+00	  -5.2766752e+00	  -3.3943306e+00	  -1.3446577e+00	  -3.1897487e-01	   9.2185951e-02	   1.9476385e-01	   2.8590833e-01	   3.3764903e-01	   3.0594402e-01	   3.0854853e-01	   2.9873963e-01	   2.9273373e-01	   3.0576358e-01	   2.0748078e-01	   2.2473304e-01	   1.6539157e-01	   1.3768843e-01	   1.3532410e-01	   1.2052044e-01	   1.1627851e-01	   1.1148530e-01	   1.9467377e-01	   1.7306225e-01	  -1.2375719e-01	  -1.4268060e-02	             NaN	             NaN	             NaN	             NaN	             NaN	             NaN	             NaN	
  -2.9962365e+00	  -3.9208766e+00	  -2.9212083e+00	  -1.2056029e+00	  -5.3143694e-01	   1.1610461e-01	   2.6776138e-01	   3.5776730e-01	   3.2340934e-01	   3.6121931e-01	   3.2975374e-01	   3.0030112e-01	   2.6689144e-01	   3.0182907e-01	   2.3396021e-01	   2.1069273e-01	   1.9435493e-01	   1.6408089e-01	   1.6187474e-01	   1.2230597e-01	   1.0263913e-01	   1.0279913e-01	   1.3162777e-01	   2.8120839e-01	  -1.8560032e-01	  -5.6142049e-02	             NaN	             NaN	             NaN	             NaN	             NaN	             NaN	             NaN	
  -3.8299462e+00	  -4.5012963e+00	  -2.7218319e+00	  -1.4708503e+00	  -1.9690342e-01	   1.2150446e-01	   2.6772850e-01	   2.8013189e-01	   3.5445451e-01	   3.0057520e-01	   3.0729237e-01	   3.0873930e-01	   2.5472539e-01	   2.7995272e-01	   2.5939263e-01	   2.0529272e-01	   1.9862127e-01	   1.8755932e-01	   1.6293587e-01	   1.2513006e-01	   1.2309912e-01	   8.8022292e-02	   1.1233880e-01	   2.5216271e-01	  -6.4287115e-02	  -1.5310380e-01	   1.7296952e-02	             NaN	             NaN	             NaN	             NaN	             NaN	             NaN	
  -3.5528086e+00	  -3.0445400e+00	  -2.5313497e+00	  -1.0949491e+00	  -2.1495487e-01	   1.7738759e-01	   3.2202277e-01	   2.5650096e-01	   3.3605684e-01	   3.0873152e-01	   2.6561766e-01	   3.1647559e-01	   2.6361467e-01	   2.8242653e-01	   2.2923164e-01	   2.3899850e-01	   2.0410129e-01	   1.7287863e-01	   1.5337549e-01	   1.3845104e-01	   1.2225714e-01	   1.1262740e-01	   1.1025991e-01	   1.4512507e-01	   4.0434611e-02	  -2.0145593e-01	  -6.3863244e-03	             NaN	             NaN	             NaN	             NaN	             NaN	             NaN	
  -3.0715016e+00	  -3.3415855e+00	  -2.4330747e+00	  -1.3126775e+00	  -2.2362653e-01	   9.1031967e-02	   2.2713060e-01	   3.2497784e-01	   2.8044412e-01	   3.2892892e-01	   2.8273875e-01	   2.8269181e-01	   2.5181649e-01	   2.8226633e-01	   2.2420080e-01	   2.3031252e-01	   1.9291754e-01	   1.7635484e-01	   1.6919915e-01	   1.5532606e-01	   1.3374388e-01	   1.1565396e-01	   1.0500812e-01	   1.1870931e-01	   1.8169053e-01	  -1.2446736e-01	  -5.5221527e-02	             NaN	             NaN	             NaN	             NaN	             NaN	             NaN	
  -3.5465677e+00	  -2.9077950e+00	  -1.9370824e+00	  -1.0028674e+00	  -2.6559782e-01	   1.6215716e-01	   2.3536562e-01	   3.1272670e-01	   3.1706223e-01	   3.0702071e-01	   3.0781320e-01	   2.9543758e-01	   2.8273251e-01	   2.8669093e-01	   2.3258283e-01	   2.0506977e-01	   1.7983389e-01	   1.7231605e-01	   1.8077540e-01	   1.5505549e-01	   1.2596349e-01	   1.0830920e-01	   1.0562675e-01	   9.6489938e-02	   1.8456758e-01	   3.1902325e-03	  -1.3129988e-01	   2.8118310e-02	             NaN	             NaN	             NaN	             NaN	             NaN	
  -2.7438868e+00	  -3.1514233e+00	  -2.4076306e+00	  -8.9956360e-01	  -2.7640522e-01	   6.9322519e-02	   2.2433094e-01	   3.3263195e-01	   2.9126011e-01	   2.9418142e-01	   2.7495965e-01	   2.9081393e-01	   2.7201370e-01	   2.7993587e-01	   2.0804628e-01	   2.4089802e-01	   2.1782979e-01	   1.8952454e-01	   1.8650802e-01	   1.4684589e-01	   1.3924910e-01	   1.3147884e-01	   1.0366832e-01	   9.6740174e-02	   1.4325047e-01	   9.6693216e-02	  -8.3998481e-02	  -2.4473387e-04	             NaN	             NaN	             NaN	             NaN	             NaN	
  -2.1564141e+00	  -3.0340753e+00	  -1.9903151e+00	  -9.3526992e-01	  -4.4652656e-02	   1.7415929e-01	   2.6428790e-01	   2.4145077e-01	   2.5474309e-01	   2.4767918e-01	   2.7804626e-01	   3.0764465e-01	   2.5511495e-01	   2.8834010e-01	   2.4881044e-01	   2.2224538e-01	   1.7439445e-01	   1.9544246e-01	   1.8677525e-01	   1.6151015e-01	   1.5575560e-01	   1.3005440e-01	   9.8844011e-02	   7.7797553e-02	   1.1957380e-01	   1.9225808e-01	  -1.4775261e-01	  -1.9402558e-02	   2.9430508e-02	             NaN	             NaN	             NaN	             NaN	
  -1.5370887e+00	  -2.1650842e+00	  -1.0678101e+00	  -8.6091459e-01	  -2.1755532e-01	   1.0042027e-01	   2.5851356e-01	   2.7055922e-01	   2.7219869e-01	   2.6283228e-01	   2.6283934e-01	   2.8303190e-01	   2.6573972e-01	   2.6030974e-01	   2.2630748e-01	   2.2560735e-01	   1.8917291e-01	   2.0067852e-01	   1.8874537e-01	   1.6389926e-01	   1.3928766e-01	   1.2208284e-01	   9.0461480e-02	   8.9301550e-02	   8.0414617e-02	   1.5146798e-01	   5.8428660e-02	  -7.1068299e-02	   2.3124341e-02	             NaN	             NaN	             NaN	             NaN	
  -2.3021358e+00	  -1.9207787e+00	  -1.3520001e+00	  -7.4618683e-01	  -1.7476194e-01	   1.6201831e-01	   2.9014997e-01	   2.4659181e-01	   3.1932403e-01	   2.5091231e-01	   2.8550975e-01	   2.9372736e-01	   2.5814631e-01	   2.8833540e-01	   2.3226097e-01	   2.3053766e-01	   2.0361225e-01	   2.0659695e-01	   1.9085662e-01	   1.7061013e-01	   1.4323539e-01	   1.1983514e-01	   1.0114663e-01	   7.7428314e-02	   8.9035139e-02	   1.4797745e-01	   5.6886522e-02	  -1.2038370e-01	  -4.8845595e-03	             NaN	             NaN	             NaN	             NaN	
  -3.0990980e+00	  -2.2574161e+00	  -1.2017578e+00	  -5.6025169e-01	  -9.9828415e-02	   2.1137009e-01	   2.3200862e-01	   2.6111016e-01	   2.7188038e-01	   2.5523093e-01	   2.6215091e-01	   2.7928065e-01	   2.9025837e-01	   2.7070791e-01	   2.5235987e-01	   2.3670438e-01	   2.2828699e-01	   2.1625471e-01	   1.9297467e-01	   1.6493984e-01	   1.4203164e-01	   1.3550452e-01	   1.0537941e-01	   7.6147771e-02	   6.9198550e-02	   1.1930131e-01	   1.2941674e-01	  -1.1531760e-01	  -3.3515449e-02	   2.9608160e-02	             NaN	             NaN	             NaN	
  -2.8142911e+00	  -1.3579950e+00	  -8.8769650e-01	  -3.6975923e-01	  -9.1647989e-03	   1.5636141e-01	   2.4417448e-01	   2.7224408e-01	   3.0890860e-01	   2.7237000e-01	   2.5585726e-01	   2.4802376e-01	   2.6263502e-01	   2.7722877e-01	   2.3619750e-01	   2.1069327e-01	   2.2157644e-01	   2.0028775e-01	   1.8516462e-01	   1.6678984e-01	   1.5167474e-01	   1.3492571e-01	   1.1282368e-01	   8.1231921e-02	   8.2970302e-02	   9.3202355e-02	   1.9625460e-01	  -9.9037271e-02	  -5.2485525e-02	   2.3161372e-02	             NaN	             NaN	             NaN	
  -1.4094295e+00	  -1.6207541e+00	  -7.1865457e-01	  -6.7142518e-01	  -3.0702816e-02	   2.2018768e-01	   2.7145330e-01	   2.7252847e-01	   2.9311093e-01	   2.7537574e-01	   2.6698291e-01	   2.5059885e-01	   2.3927872e-01	   2.8111987e-01	   2.2853037e-01	   2.3479300e-01	   1.9794581e-01	   2.2721476e-01	   1.8880900e-01	   1.7398112e-01	   1.5321307e-01	   1.3362324e-01	   1.1910401e-01	   9.8398552e-02	   7.8236961e-02	   7.5700728e-02	   8.1378983e-02	  -3.6843467e-02	  -6.8165707e-02	   1.2575224e-02	   2.2230360e-02	             NaN	             NaN	
  -3.0715527e-01	  -7.8161263e-01	  -1.3071149e+00	  -4.6924359e-01	  -8.3926822e-02	   1.4269202e-01	   2.3844824e-01	   2.3316860e-01	   3.3006081e-01	   2.7077920e-01	   2.7184922e-01	   2.8053782e-01	   2.5369058e-01	   2.4697192e-01	   2.0740840e-01	   2.1892267e-01	   2.3390333e-01	   2.0325182e-01	   2.1119071e-01	   1.8795361e-01	   1.6425352e-01	   1.2600703e-01	   1.1014966e-01	   9.2669377e-02	   9.1574767e-02	   6.2488148e-02	   1.0605868e-01	   9.0375551e-02	  -1.0164709e-01	   1.5672486e-03	   2.0369213e-02	             NaN	             NaN	
  -7.9825428e-01	  -1.2989937e+00	  -5.5978853e-01	  -6.4672118e-01	   7.8236402e-02	   1.4151999e-01	   2.2263240e-01	   2.2720356e-01	   2.8431137e-01	   2.4116712e-01	   2.6746088e-01	   2.6988700e-01	   2.4812887e-01	   2.4194645e-01	   2.4467364e-01	   2.3904011e-01	   2.2833464e-01	   2.0175144e-01	   1.9568968e-01	   1.8542482e-01	   1.5403856e-01	   1.2685811e-01	   1.1532960e-01	   8.9507581e-02	   8.4224683e-02	   7.4640890e-02	   9.2133644e-02	   1.0203491e-01	  -6.8425166e-02	  -1.3985092e-02	   1.4454624e-02	             NaN	             NaN	
  -1.9040023e+00	  -1.2030882e+00	  -6.2045778e-01	  -3.6728087e-01	   7.2824040e-02	   1.6980350e-01	   2.8867712e-01	   2.3900618e-01	   2.5763718e-01	   2.6328388e-01	   2.6836830e-01	   2.4942474e-01	   2.2955367e-01	   2.6612669e-01	   2.4191847e-01	   2.2218237e-01	   2.4765438e-01	   2.0240073e-01	   1.8118920e-01	   1.8090689e-01	   1.6096764e-01	   1.4775892e-01	   1.2774161e-01	   8.1597143e-02	   7.9526608e-02	   7.4586688e-02	   8.2009121e-02	   1.0851958e-01	   5.0223417e-03	  -6.2561013e-02	   2.8892534e-02	   1.8894869e-02	             NaN	
  -1.5234310e-01	  -7.2297092e-01	  -6.6057925e-01	  -1.6528841e-01	   1.0723153e-01	   1.8716542e-01	   2.7232918e-01	   2.5531209e-01	   2.2144167e-01	   2.3565656e-01	   2.5964428e-01	   2.5225415e-01	   2.4085625e-01	   2.5981417e-01	   2.2717484e-01	   2.3308768e-01	   2.1512888e-01	   2.2925238e-01	   1.9504231e-01	   1.8746743e-01	   1.8323442e-01	   1.4903755e-01	   1.0635087e-01	   1.0146722e-01	   9.9247759e-02	   7.5110984e-02	   5.6194484e-02	   1.2134159e-01	   1.8043234e-02	  -7.6475520e-02	   1.6457226e-02	   2.9745256e-02	             NaN	
  -6.0559485e-01	  -7.2036849e-01	  -3.8378630e-01	  -3.2088384e-01	   1.8129462e-01	   2.1094918e-01	   2.5622160e-01	   1.8684489e-01	   2.6305145e-01	   2.4545511e-01	   2.5290766e-01	   2.7225695e-01	   2.6149460e-01	   2.4523350e-01	   2.5042037e-01	   2.1251672e-01	   2.3487134e-01	   2.2955567e-01	   1.9634659e-01	   2.0175109e-01	   1.7139741e-01	   1.4114692e-01	   1.2834246e-01	   9.7156641e-02	   7.9027207e-02	   7.1919550e-02	   6.3299142e-02	   7.7145983e-02	   9.5173391e-02	  -5.5395048e-02	  -1.0672046e-02	   2.7266736e-02	   2.3632729e-02	
  -5.3198572e-01	  -8.7985350e-01	  -4.4638051e-01	  -8.0344132e-02	  -3.5094833e-02	   1.9495833e-01	   2.1924226e-01	   2.7106080e-01	   2.3992183e-01	   2.7828520e-01	   2.2217538e-01	   2.1897263e-01	   2.5543397e-01	   2.2120288e-01	   2.2697606e-01	   2.1929824e-01	   2.2504121e-01	   2.0045529e-01	   2.1566550e-01	   1.8449694e-01	   1.6660622e-01	   1.4714398e-01	   1.1373717e-01	   9.7396268e-02	   8.2835712e-02	   7.3310473e-02	   6.1590984e-02	   8.9884602e-02	   7.8461553e-02	  -3.2792969e-02	  -4.7564521e-02	   2.7674464e-02	   2.0928822e-02	
  -1.3560351e-02	  -4.9953340e-01	  -1.8936968e-01	  -2.1426283e-01	   5.0921637e-02	   2.2029034e-01	   2.4229032e-01	   1.8374722e-01	   2.7390051e-01	   2.4737001e-01	   2.3808981e-01	   2.3744726e-01	   2.4720663e-01	   2.5737056e-01	   2.2088086e-01	   2.2814385e-01	   2.2042606e-01	   1.9903041e-01	   1.9273325e-01	   1.9407598e-01	   1.6158549e-01	   1.4689420e-01	   1.1645660e-01	   1.0373370e-01	   8.9291460e-02	   8.3115661e-02	   8.0283234e-02	   6.9334359e-02	   1.2105680e-01	   2.5941891e-02	  -5.9474924e-02	   6.9400367e-04	   2.6816723e-02	
  -2.3547800e-01	  -3.1494253e-01	  -2.0249627e-01	  -7.3805507e-02	   7.6088854e-02	   1.7121432e-01	   2.3792552e-01	   2.2251983e-01	   2.4807725e-01	   2.2881467e-01	   2.1539868e-01	   2.0820555e-01	   2.2695705e-01	   2.3588938e-01	   2.5716225e-01	   2.2038633e-01	   2.2298967e-01	   2.4177714e-01	   2.2349895e-01	   1.9613593e-01	   1.6620685e-01	   1.4744750e-01	   1.2461292e-01	   1.0089403e-01	   8.2620690e-02	   7.9324053e-02	   6.3758012e-02	   7.6476217e-02	   9.9094516e-02	   1.2270062e-01	  -9.2173056e-02	   1.1861044e-03	   2.7605387e-02	
  -5.1150666e-01	  -1.0371686e-01	  -6.2800264e-04	   5.3154425e-02	   1.8095093e-01	   2.1843774e-01	   1.7700692e-01	   2.6676378e-01	   2.3146390e-01	   2.4491184e-01	   2.2061447e-01	   1.9979208e-01	   2.3315149e-01	   2.3456066e-01	   2.3743629e-01	   2.3679618e-01	   1.9872533e-01	   2.1026589e-01	   2.1392871e-01	   1.9111887e-01	   1.7894652e-01	   1.4692799e-01	   1.3279337e-01	   9.6498916e-02	   9.2537061e-02	   8.0750273e-02	   7.1979014e-02	   5.7993043e-02	   8.1300111e-02	   1.1682234e-01	  -2.0073344e-02	  -3.6733111e-03	   4.6517671e-02	
  -9.5890272e-01	   1.1426469e-01	  -2.2553756e-02	   6.6084489e-02	   1.2644609e-01	   2.0460965e-01	   2.1177876e-01	   1.9438275e-01	   2.1079319e-01	   2.1142116e-01	   2.4563092e-01	   2.1852860e-01	   2.2978555e-01	   2.3866419e-01	   2.2046212e-01	   2.2897660e-01	   2.3365681e-01	   2.2657976e-01	   2.0912336e-01	   1.9614786e-01	   1.7514524e-01	   1.5762926e-01	   1.3507480e-01	   1.1433677e-01	   9.3118901e-02	   9.0384017e-02	   7.1338451e-02	   6.4245146e-02	   6.0923453e-02	   9.3967893e-02	   6.5474262e-02	  -2.4913764e-02	   3.0285659e-02	
             NaN	  -1.4822420e-02	  -1.7835069e-01	  -1.3067129e-01	   2.0716424e-01	   2.0233574e-01	   2.5178511e-01	   1.8530312e-01	   2.2514504e-01	   2.3373283e-01	   1.9233366e-01	   2.4694791e-01	   2.1809122e-01	   2.2166601e-01	   2.2148018e-01	   2.2307360e-01	   2.2516097e-01	   2.1892891e-01	   2.3037571e-01	   2.1147984e-01	   1.6769232e-01	   1.5052660e-01	   1.4801068e-01	   1.1327075e-01	   1.0164192e-01	   8.6954387e-02	   7.8742886e-02	   7.1659881e-02	   6.4044540e-02	   9.2352559e-02	   7.5169433e-02	  -9.7741632e-02	   7.8533978e-03	
             NaN	  -2.8663830e-01	  -8.6202038e-03	  -2.3070975e-02	   2.4512078e-01	   2.1930175e-01	   2.1174445e-01	   1.8486125e-01	   2.0621418e-01	   1.8278187e-01	   2.0636130e-01	   2.0302730e-01	   2.0365914e-01	   2.1914156e-01	   2.2030474e-01	   2.0389993e-01	   2.3734753e-01	   2.3294925e-01	   2.2392544e-01	   2.0631872e-01	   1.6744272e-01	   1.5498988e-01	   1.4303023e-01	   1.1542180e-01	   1.0225305e-01	   7.9327083e-02	   7.8543954e-02	   6.5450673e-02	   6.4092353e-02	   1.0287520e-01	   1.5531123e-01	  -4.9806583e-02	  -9.9029111e-03	
             NaN	  -8.8265385e-02	  -1.3428302e-01	  -1.7506791e-02	   9.2786126e-02	   2.1783556e-01	   1.9845257e-01	   1.7111907e-01	   2.3420731e-01	   2.1404874e-01	   2.4783521e-01	   2.2207707e-01	   2.4260439e-01	   2.3443069e-01	   2.4236354e-01	   2.3060659e-01	   2.2613377e-01	   2.3709651e-01	   2.1585854e-01	   2.0492633e-01	   1.8662005e-01	   1.6600287e-01	   1.4692216e-01	   1.1604267e-01	   1.0632113e-01	   9.2985351e-02	   9.1955639e-02	   8.1570248e-02	   6.9314826e-02	   6.8425542e-02	   9.1301668e-02	  -5.2152615e-03	  -5.8698614e-02	
             NaN	  -3.8646034e-01	   1.4636480e-01	   1.2064919e-01	   4.3688644e-02	   2.4397285e-01	   2.0941419e-01	   2.1332717e-01	   1.8713745e-01	   2.0918589e-01	   2.0273722e-01	   2.2005872e-01	   2.3424776e-01	   2.4167938e-01	   2.2108844e-01	   2.3907133e-01	   2.2375019e-01	   2.1961635e-01	   2.0322468e-01	   2.0878861e-01	   1.8257100e-01	   1.6214630e-01	   1.3874742e-01	   1.2401170e-01	   1.0814621e-01	   1.0057056e-01	   8.3772947e-02	   7.9085423e-02	   7.2952153e-02	   6.8868622e-02	   1.2422986e-01	   5.5347803e-02	  -6.0282401e-02	
             NaN	  -1.1277338e-01	   1.3689667e-01	   1.4234002e-01	   1.4059731e-01	   1.8224754e-01	   2.2619643e-01	   2.0025845e-01	   1.8314805e-01	   1.9228292e-01	   1.9495807e-01	   2.3956233e-01	   2.1432814e-01	   2.3533446e-01	   2.1208716e-01	   2.2991444e-01	   2.2644628e-01	   2.3365066e-01	   2.1625287e-01	   2.1531693e-01	   1.7288462e-01	   1.4503442e-01	   1.3198356e-01	   1.1921506e-01	   9.7076697e-02	   8.1276839e-02	   7.9532390e-02	   7.4159130e-02	   7.7550379e-02	   7.3093170e-02	   8.7730478e-02	   1.0598739e-01	  -4.2409600e-02	
             NaN	  -2.5140057e-01	  -2.9826366e-01	   6.3693134e-02	   1.6743829e-01	   2.4612768e-01	   1.5585241e-01	   2.1588142e-01	   2.2458355e-01	   2.0984000e-01	   1.9255035e-01	   1.9713839e-01	   2.2111576e-01	   2.1737400e-01	   2.3704512e-01	   2.0529137e-01	   2.1049442e-01	   2.1913986e-01	   2.1561588e-01	   2.1230242e-01	   1.7849287e-01	   1.5576886e-01	   1.2797857e-01	   1.1115319e-01	   9.5405475e-02	   9.4822083e-02	   8.0662439e-02	   7.6901838e-02	   6.8395526e-02	   7.2993623e-02	   9.5497032e-02	   1.1686397e-01	  -1.4632329e-02	
             NaN	             NaN	   1.6337086e-01	  -7.2894080e-02	   1.0846329e-01	   1.8936192e-01	   1.8212970e-01	   2.3110745e-01	   2.0125691e-01	   1.9090822e-01	   1.6822922e-01	   2.1173994e-01	   1.8951671e-01	   2.2999837e-01	   1.9506507e-01	   1.9625244e-01	   2.1444516e-01	   2.1775151e-01	   2.0877646e-01	   1.8326730e-01	   1.7749585e-01	   1.5774642e-01	   1.3403105e-01	   1.1525403e-01	   1.1700149e-01	   8.7344560e-02	   8.9384844e-02	   7.9404435e-02	   7.6303883e-02	   7.8881466e-02	   6.2202270e-02	   9.2120830e-02	   6.4618496e-02	
             NaN	             NaN	   4.7776054e-02	   1.1949496e-01	   2.4120248e-01	   1.3003307e-01	   1.8021539e-01	   2.3150046e-01	   1.6520954e-01	   1.8930060e-01	   1.9821779e-01	   1.9540642e-01	   1.9245471e-01	   1.9779420e-01	   2.1054983e-01	   2.1134583e-01	   2.2517909e-01	   2.0745380e-01	   2.1707670e-01	   1.9650326e-01	   1.7962127e-01	   1.7272267e-01	   1.3608440e-01	   1.2088696e-01	   1.0313720e-01	   8.3468382e-02	   8.8218509e-02	   8.1470055e-02	   6.7151931e-02	   7.2025630e-02	   6.7379682e-02	   9.0744255e-02	   7.7114559e-02	
             NaN	             NaN	   2.2425027e-01	   7.8997929e-02	   2.4396454e-01	   2.4946268e-01	   1.5371192e-01	   1.8100308e-01	   2.1476832e-01	   1.8935875e-01	   1.9694398e-01	   1.9656575e-01	   2.0548449e-01	   2.0137336e-01	   2.3106384e-01	   2.0292456e-01	   2.3222218e-01	   2.2084531e-01	   2.1996941e-01	   2.1654068e-01	   1.7990264e-01	   1.6850113e-01	   1.3476779e-01	   1.1529801e-01	   9.6448881e-02	   8.9160210e-02	   9.8455538e-02	   8.9049093e-02	   7.4931074e-02	   6.4786951e-02	   8.7697122e-02	   7.9968894e-02	   1.0652581e-01	
             NaN	             NaN	   1.5421346e-01	   1.0088425e-01	   9.0564175e-02	   2.1329342e-01	   1.4608750e-01	   2.2540237e-01	   1.5884928e-01	   2.0347987e-01	   2.0322209e-01	   2.1567338e-01	   1.9072855e-01	   1.8664448e-01	   2.1205825e-01	   2.3363063e-01	   2.1421026e-01	   2.1035178e-01	   2.0851401e-01	   1.8160421e-01	   1.7477391e-01	   1.6140273e-01	   1.3284626e-01	   1.2708195e-01	   1.0333958e-01	   9.7618886e-02	   7.2657203e-02	   8.8218931e-02	   9.0061564e-02	   7.3093749e-02	   6.8957798e-02	   8.2288093e-02	   7.2269328e-02	
             NaN	             NaN	   5.6224116e-03	   1.5955768e-01	   2.3277140e-01	   1.9480564e-01	   2.5148772e-01	   2.0652344e-01	   2.0805970e-01	   1.6526319e-01	   1.8557149e-01	   2.0791086e-01	   1.9951923e-01	   2.2310322e-01	   1.7915102e-01	   2.2108366e-01	   1.8975026e-01	   2.0229001e-01	   2.1824349e-01	   2.1543635e-01	   1.7407974e-01	   1.5235614e-01	   1.3664942e-01	   1.0776184e-01	   1.1269364e-01	   8.7658553e-02	   8.2589109e-02	   8.6785961e-02	   8.1222040e-02	   7.9207123e-02	   8.4306689e-02	   7.3309104e-02	   8.1847871e-02	
             NaN	             NaN	             NaN	   1.7355837e-01	   1.8594155e-01	   1.4926613e-01	   1.8637815e-01	   1.8361179e-01	   1.7780221e-01	   1.4359517e-01	   1.8970229e-01	   1.8756564e-01	   1.9305993e-01	   2.1927028e-01	   2.1490301e-01	   2.3022444e-01	   2.0612221e-01	   2.2629207e-01	   1.8827188e-01	   1.9990577e-01	   2.0212728e-01	   1.5767316e-01	   1.3929995e-01	   1.0670320e-01	   9.7626563e-02	   7.9576541e-02	   8.1928175e-02	   9.5112664e-02	   8.2291076e-02	   6.9056353e-02	   7.9404077e-02	   7.5722557e-02	   7.7489859e-02	
             NaN	             NaN	             NaN	   1.4471025e-01	   1.9037776e-01	   2.3725393e-01	   1.5595760e-01	   1.3760484e-01	   1.8029883e-01	   1.5220255e-01	   1.9220496e-01	   1.8633678e-01	   1.9789493e-01	   2.2065635e-01	   1.9550294e-01	   2.1587171e-01	   2.1311894e-01	   2.0920797e-01	   2.0188133e-01	   1.8243767e-01	   1.7720568e-01	   1.4777347e-01	   1.3172035e-01	   1.2313570e-01	   9.3695759e-02	   8.4128473e-02	   8.9366582e-02	   8.2980170e-02	   8.0797655e-02	   6.4681676e-02	   7.6040334e-02	   6.8630103e-02	   6.9416337e-02	
             NaN	             NaN	             NaN	   1.6433143e-01	   1.5875108e-01	   1.6674074e-01	   1.3242126e-01	   1.6166144e-01	   1.8001258e-01	   1.2553434e-01	   1.7246381e-01	   1.6439633e-01	   1.7813608e-01	   1.7408703e-01	   2.0024939e-01	   2.0932495e-01	   1.9234060e-01	   1.9912475e-01	   1.8467046e-01	   2.0379791e-01	   1.6752957e-01	   1.5232582e-01	   1.4110120e-01	   1.1893867e-01	   9.7419387e-02	   9.4595284e-02	   9.0559585e-02	   8.7097471e-02	   7.8982467e-02	   7.4620816e-02	   7.4392900e-02	   5.6796008e-02	   6.8229723e-02	
             NaN	             NaN	             NaN	   1.9034840e-01	   1.4026888e-01	   1.7219732e-01	   1.3645047e-01	   1.7248094e-01	   1.9319137e-01	   1.7208395e-01	   1.5324620e-01	   1.5264071e-01	   1.9303080e-01	   1.7443432e-01	   1.9855858e-01	   2.1456161e-01	   1.8847803e-01	   2.1102642e-01	   1.8309853e-01	   1.8194008e-01	   1.6163702e-01	   1.5588390e-01	   1.2582155e-01	   1.0206914e-01	   9.9182504e-02	   9.9311148e-02	   8.5560563e-02	   7.1008763e-02	   8.0559182e-02	   7.3107702e-02	   7.1845320e-02	   7.3448462e-02	   6.1169459e-02	
             NaN	             NaN	             NaN	   1.4280330e-01	   1.6319106e-01	   1.8278115e-01	   2.0985040e-01	   1.5597611e-01	   1.6197408e-01	   1.4638380e-01	   1.7073622e-01	   1.6706986e-01	   1.4523192e-01	   1.7634722e-01	   1.9868194e-01	   1.9654687e-01	   2.2081909e-01	   1.8493025e-01	   1.8159184e-01	   1.8544437e-01	   1.6794028e-01	   1.3153235e-01	   1.4042066e-01	   1.1502945e-01	   9.8802929e-02	   9.1369964e-02	   9.1315194e-02	   7.8050215e-02	   7.8405054e-02	   8.3439717e-02	   7.1719189e-02	   7.6192573e-02	   6.1396676e-02	
             NaN	             NaN	             NaN	             NaN	   9.0840416e-02	   1.8760612e-01	   1.3673403e-01	   1.4689798e-01	   2.0075402e-01	   1.4464043e-01	   1.4322762e-01	   1.6329583e-01	   1.7105945e-01	   1.9215807e-01	   1.8630313e-01	   1.8977587e-01	   1.8334994e-01	   1.9942729e-01	   1.7104028e-01	   1.8833008e-01	   1.4820065e-01	   1.4969607e-01	   1.2806763e-01	   1.1449376e-01	   9.7510314e-02	   8.9548425e-02	   9.5307196e-02	   7.6854068e-02	   9.4423222e-02	   7.9803406e-02	   8.1182701e-02	   6.4560518e-02	   7.0930290e-02	
             NaN	             NaN	             NaN	             NaN	   2.1601109e-01	   1.2329661e-01	   1.3128353e-01	   1.5425549e-01	   1.6478392e-01	   1.6250532e-01	   1.4420223e-01	   1.5891215e-01	   1.8680743e-01	   1.8813211e-01	   1.8228840e-01	   2.0362104e-01	   1.8183792e-01	   1.7643065e-01	   1.8131904e-01	   1.7652882e-01	   1.6092063e-01	   1.3335619e-01	   1.2793999e-01	   1.1600148e-01	   1.0167138e-01	   9.2875392e-02	   9.2136871e-02	   7.9865225e-02	   9.4129796e-02	   7.5263992e-02	   7.8863183e-02	   7.4431431e-02	   6.5448159e-02	
             NaN	             NaN	             NaN	             NaN	   1.4796399e-01	   1.6435170e-01	   1.6979434e-01	   1.8131025e-01	   1.6629121e-01	   1.3235176e-01	   1.2319817e-01	   1.3495700e-01	   1.6260326e-01	   2.0716589e-01	   1.8722900e-01	   1.7185146e-01	   1.9607453e-01	   1.7584823e-01	   1.8601870e-01	   1.7440718e-01	   1.5784796e-01	   1.3653041e-01	   1.3026588e-01	   1.0913217e-01	   1.0394765e-01	   8.0852180e-02	   7.9357185e-02	   8.4564542e-02	   8.0037058e-02	   8.8603900e-02	   7.5997998e-02	   6.9858314e-02	   6.1815986e-02	
             NaN	             NaN	             NaN	             NaN	   1.5046502e-01	   2.1537581e-01	   1.4734440e-01	   1.6104948e-01	   1.9058668e-01	   1.5010893e-01	   1.7415047e-01	   1.1361232e-01	   1.5603548e-01	   1.8475628e-01	   1.6376807e-01	   1.7213818e-01	   1.8711997e-01	   1.6951433e-01	   1.7907985e-01	   1.6751636e-01	   1.4128094e-01	   1.1679853e-01	   1.2517047e-01	   1.0129846e-01	   8.4638546e-02	   7.9483514e-02	   8.3938802e-02	   7.5600103e-02	   7.6241535e-02	   8.0050595e-02	   6.2481112e-02	   6.6685723e-02	   5.7188709e-02	
             NaN	             NaN	             NaN	             NaN	   2.6611251e-01	   1.3910334e-01	   1.3242151e-01	   1.5588494e-01	   1.2783683e-01	   1.4667153e-01	   1.5364227e-01	   1.3341964e-01	   1.7573856e-01	   1.4981172e-01	   1.6230390e-01	   1.6455042e-01	   1.6475911e-01	   1.7364548e-01	   1.6047595e-01	   1.4897795e-01	   1.3073841e-01	   1.3443913e-01	   1.2012504e-01	   9.7489630e-02	   1.0250428e-01	   7.8525790e-02	   7.6112559e-02	   7.9534382e-02	   7.3330280e-02	   8.1097247e-02	   7.0016718e-02	   6.4801382e-02	   6.1645140e-02	
             NaN	             NaN	             NaN	             NaN	             NaN	   1.6915629e-01	   1.0211475e-01	   1.4693500e-01	   1.5161063e-01	   1.4282412e-01	   1.6729877e-01	   1.3574316e-01	   1.4201549e-01	   1.7071663e-01	   1.6671024e-01	   1.5470732e-01	   1.7068366e-01	   1.6422628e-01	   1.3503383e-01	   1.6425506e-01	   1.2392567e-01	   1.1218209e-01	   1.1619637e-01	   9.5721679e-02	   8.0372049e-02	   8.1655854e-02	   7.2016439e-02	   7.2802242e-02	   6.8590566e-02	   8.5555816e-02	   6.4647544e-02	   6.7042617e-02	   5.6124768e-02	
             NaN	             NaN	             NaN	             NaN	             NaN	   1.6644786e-01	   9.9440141e-02	   1.4322914e-01	   1.2866979e-01	   1.3114345e-01	   1.3214879e-01	   1.2144134e-01	   1.5771767e-01	   1.6677493e-01	   1.4273991e-01	   1.6373145e-01	   1.4957227e-01	   1.4055797e-01	   1.5350397e-01	   1.5543415e-01	   1.3282386e-01	   1.1885077e-01	   1.0679048e-01	   9.6508802e-02	   9.0752373e-02	   8.4101725e-02	   8.4630362e-02	   7.3602001e-02	   7.3202642e-02	   8.2484065e-02	   8.1006920e-02	   6.9669026e-02	   7.1105107e-02	
             NaN	             NaN	             NaN	             NaN	             NaN	   1.3837394e-01	   1.4135491e-01	   1.0992235e-01	   1.8404905e-01	   1.4388821e-01	   1.3134053e-01	   1.1734063e-01	   1.2612747e-01	   1.4676729e-01	   1.3946514e-01	   1.5008879e-01	   1.8071111e-01	   1.5164692e-01	   1.5224468e-01	   1.3757740e-01	   1.0642784e-01	   1.1976500e-01	   1.1313534e-01	   9.3586772e-02	   8.4013390e-02	   8.7957861e-02	   8.5142409e-02	   7.7289988e-02	   7.6767526e-02	   7.4755891e-02	   7.2993150e-02	   6.5815494e-02	   5.4202405e-02	
             NaN	             NaN	             NaN	             NaN	             NaN	   1.1901746e-01	   1.3605821e-01	   1.4015090e-01	   1.1808425e-01	   1.4407877e-01	   1.3625789e-01	   1.4631913e-01	   1.0242138e-01	   1.5309322e-01	   1.6913155e-01	   1.4410325e-01	   1.4021484e-01	   1.6065552e-01	   1.4944161e-01	   1.2881416e-01	   1.2666793e-01	   1.1785086e-01	   1.1599495e-01	   9.4709001e-02	   7.2968021e-02	   7.5731845e-02	   7.5525511e-02	   7.8943108e-02	   7.2178544e-02	   6.2186359e-02	   7.5526223e-02	   6.9256134e-02	   6.3280321e-02	
             NaN	             NaN	             NaN	             NaN	             NaN	   1.4103962e-01	   1.7120651e-01	   1.5936612e-01	   1.1791495e-01	   1.1052199e-01	   1.2725808e-01	   1.0312384e-01	   1.3802480e-01	   1.4652356e-01	   1.5059078e-01	   1.3923413e-01	   1.4208434e-01	   1.6459979e-01	   1.4003627e-01	   1.2542398e-01	   1.3116314e-01	   1.0143902e-01	   1.0528530e-01	   7.5750960e-02	   8.4393524e-02	   8.1417611e-02	   7.8629634e-02	   7.6911771e-02	   7.2848741e-02	   7.1304243e-02	   6.0988383e-02	   7.4309670e-02	   5.5033190e-02	
             NaN	             NaN	             NaN	             NaN	             NaN	             NaN	   1.3797907e-01	   1.0946306e-01	   1.0912736e-01	   1.2995798e-01	   1.5636751e-01	   1.1783268e-01	   1.3805085e-01	   1.6535942e-01	   1.1431991e-01	   1.5345806e-01	   1.4449657e-01	   1.5950475e-01	   1.4398982e-01	   1.3276058e-01	   1.2119329e-01	   9.2151368e-02	   9.4931682e-02	   8.9079912e-02	   8.0981475e-02	   6.5172923e-02	   6.8348490e-02	   7.3415530e-02	   7.8815672e-02	   7.4196661e-02	   6.1154340e-02	   5.4695585e-02	   5.8472079e-02	
             NaN	             NaN	             NaN	             NaN	             NaN	             NaN	   1.8531170e-01	   1.2429646e-01	   1.3202790e-01	   1.0033256e-01	   8.8286990e-02	   1.5420825e-01	   1.2579199e-01	   1.2841220e-01	   1.5882424e-01	   1.5610159e-01	   1.1037087e-01	   1.3920493e-01	   1.2760261e-01	   1.1747330e-01	   1.2618610e-01	   9.7394660e-02	   9.1751435e-02	   8.1772087e-02	   8.7818047e-02	   7.4031531e-02	   7.9585208e-02	   7.3330333e-02	   7.3685420e-02	   7.3729850e-02	   5.7019968e-02	   6.7869250e-02	   6.5914661e-02	
   0.0000000e+00	             NaN	             NaN	             NaN	             NaN	             NaN	   1.3912693e-01	   1.5033523e-01	   1.0621237e-01	   1.3040378e-01	   1.1330029e-01	   1.0468999e-01	   1.2338814e-01	   1.3872269e-01	   1.2460945e-01	   1.4152396e-01	   1.2177857e-01	   1.3192197e-01	   1.2498190e-01	   1.1461658e-01	   1.1439694e-01	   1.0471079e-01	   8.8978914e-02	   8.6709864e-02	   7.2422387e-02	   7.2816564e-02	   7.5512850e-02	   6.0135808e-02	   5.6023058e-02	   6.4544983e-02	   7.4947879e-02	   7.0010782e-02	   6.0076955e-02	
   0.0000000e+00	             NaN	             NaN	             NaN	             NaN	             NaN	   1.3885837e-01	   8.5659225e-02	   1.1879771e-01	   1.2325543e-01	   1.0045976e-01	   8.8310661e-02	   1.2833434e-01	   1.4337025e-01	   1.2567110e-01	   1.3881924e-01	   1.1459993e-01	   1.3778539e-01	   1.1705534e-01	   1.1871432e-01	   1.1575680e-01	   9.8932619e-02	   7.6023300e-02	   7.9673369e-02	   7.9453533e-02	   7.9166990e-02	   7.0616140e-02	   6.8531312e-02	   7.4836879e-02	   7.1153818e-02	   6.3696832e-02	   5.5254370e-02	   6.2545239e-02	
   0.0000000e+00	             NaN	             NaN	             NaN	             NaN	             NaN	   1.2887170e-01	   1.3042745e-01	   1.0298275e-01	   7.7961390e-02	   9.2717335e-02	   8.2356062e-02	   9.4826136e-02	   1.3220109e-01	   1.3402766e-01	   1.3575856e-01	   1.3646378e-01	   1.3386331e-01	   1.0242640e-01	   1.1252998e-01	   9.8720160e-02	   9.5826894e-02	   9.3974096e-02	   7.6921841e-02	   7.5507208e-02	   6.9222028e-02	   6.7940241e-02	   6.5819727e-02	   6.6440908e-02	   7.6048896e-02	   7.7001321e-02	   6.4409942e-02	   6.2789381e-02	
   0.0000000e+00	             NaN	             NaN	             NaN	             NaN	             NaN	             NaN	   1.4934645e-01	   1.1511464e-01	   4.7647590e-02	   8.6304341e-02	   1.1052372e-01	   1.2302415e-01	   1.2526562e-01	   1.2446537e-01	   1.2385233e-01	   1.3029731e-01	   1.1736966e-01	   1.1882786e-01	   1.1009498e-01	   9.5135473e-02	   1.0532390e-01	   1.0431489e-01	   8.3527042e-02	   7.0777470e-02	   8.0208657e-02	   6.7766537e-02	   7.5983987e-02	   6.3273791e-02	   6.3044582e-02	   5.4345113e-02	   6.6978166e-02	   6.0472172e-02	
   0.0000000e+00	             NaN	             NaN	             NaN	             NaN	             NaN	             NaN	   1.4365875e-01	   9.9862129e-02	   9.9627597e-02	   7.7065015e-02	   9.8269419e-02	   1.2607073e-01	   1.4138034e-01	   1.0235658e-01	   9.9593344e-02	   1.1940339e-01	   1.1815309e-01	   1.1655588e-01	   1.2233903e-01	   1.1283348e-01	   8.4605705e-02	   9.2422434e-02	   7.4122031e-02	   6.4194255e-02	   7.8776441e-02	   7.2213274e-02	   7.1770476e-02	   6.2154494e-02	   6.9374967e-02	   6.5053270e-02	   5.5869663e-02	   6.0101558e-02	
   0.0000000e+00	   0.0000000e+00	             NaN	             NaN	             NaN	             NaN	             NaN	   1.2791722e-01	   9.3680480e-02	   8.6966679e-02	   1.1420680e-01	   1.0968149e-01	   1.2195296e-01	   1.2184230e-01	   1.0872474e-01	   1.1339250e-01	   1.2867362e-01	   1.0004422e-01	   1.2391026e-01	   1.0143613e-01	   9.6151572e-02	   9.4635673e-02	   8.3509937e-02	   7.4125618e-02	   6.5733232e-02	   7.9566172e-02	   6.5857399e-02	   5.7977922e-02	   6.3891160e-02	   6.3312226e-02	   5.9119419e-02	   5.4516640e-02	   5.7616979e-02	
   0.0000000e+00	   0.0000000e+00	             NaN	             NaN	             NaN	             NaN	             NaN	   1.1834222e-01	   1.2169721e-01	   1.1008037e-01	   1.0111038e-01	   9.7084094e-02	   1.1277146e-01	   1.2554275e-01	   1.2682422e-01	   1.1392095e-01	   1.2858687e-01	   9.7244187e-02	   1.0218947e-01	   1.0786235e-01	   1.0097684e-01	   9.1891176e-02	   6.2208595e-02	   7.9418570e-02	   5.7723396e-02	   6.2501226e-02	   7.1600566e-02	   7.1772714e-02	   6.4356089e-02	   6.0063709e-02	   6.6098458e-02	   6.6490400e-02	   6.1985910e-02	
   0.0000000e+00	   0.0000000e+00	             NaN	             NaN	             NaN	             NaN	             NaN	   8.8041347e-02	   7.4237762e-02	   9.5252710e-02	   6.2848046e-02	   9.8284090e-02	   1.1213464e-01	   1.2235050e-01	   1.2496278e-01	   1.2943036e-01	   1.2255044e-01	   1.0747216e-01	   1.0598991e-01	   9.8704021e-02	   8.2881168e-02	   8.3842550e-02	   7.2271034e-02	   8.9282122e-02	   6.2806097e-02	   6.6992389e-02	   6.6756165e-02	   6.1964088e-02	   5.6543209e-02	   5.7000312e-02	   5.8449512e-02	   6.6421312e-02	   5.4721426e-02	
   0.0000000e+00	   0.0000000e+00	             NaN	             NaN	             NaN	             NaN	             NaN	             NaN	   6.8461583e-02	   8.2012932e-02	   1.1283475e-01	   1.0873419e-01	   1.0524479e-01	   8.4387077e-02	   9.0238220e-02	   1.0539922e-01	   9.8100134e-02	   9.0282917e-02	   9.9865734e-02	   9.9591819e-02	   9.5702922e-02	   7.8578922e-02	   6.7880572e-02	   6.2830429e-02	   6.8461628e-02	   5.1552517e-02	   6.3561953e-02	   5.3445326e-02	   7.5344689e-02	   5.7376694e-02	   5.4750621e-02	   6.7666837e-02	   5.9411722e-02	
   0.0000000e+00	   0.0000000e+00	             NaN	             NaN	             NaN	             NaN	             NaN	             NaN	   5.7269040e-02	   9.9483892e-02	   8.5490980e-02	   1.1936204e-01	   1.0650535e-01	   9.4023221e-02	   9.7466815e-02	   1.1232044e-01	   1.1730313e-01	   9.2301124e-02	   1.0091500e-01	   9.1893586e-02	   7.7894262e-02	   9.1408607e-02	   6.8250132e-02	   5.2434719e-02	   6.5226155e-02	   4.9488662e-02	   6.4543806e-02	   7.3595162e-02	   6.1405218e-02	   6.2480349e-02	   6.4797474e-02	   5.9611026e-02	   5.0741011e-02	
   0.0000000e+00	   0.0000000e+00	   0.0000000e+00	             NaN	             NaN	             NaN	             NaN	             NaN	   1.1117789e-01	   6.8504381e-02	   9.5284454e-02	   1.1478520e-01	   9.1197228e-02	   1.0981257e-01	   1.1234960e-01	   1.0549692e-01	   1.0542250e-01	   8.9536399e-02	   9.1979558e-02	   8.2947694e-02	   8.4160403e-02	   8.7271953e-02	   6.0030406e-02	   5.7196746e-02	   5.0899904e-02	   5.8139234e-02	   6.2177291e-02	   6.4425416e-02	   5.6601286e-02	   5.8810861e-02	   5.7183931e-02	   5.4966296e-02	   4.7373847e-02	
   0.0000000e+00	   0.0000000e+00	   0.0000000e+00	             NaN	             NaN	             NaN	             NaN	             NaN	   9.2835607e-02	   8.0232238e-02	   8.8766709e-02	   8.9206120e-02	   7.5761525e-02	   9.3991335e-02	   1.1627003e-01	   8.2927517e-02	   1.0109801e-01	   8.9185668e-02	   8.9478224e-02	   8.5282282e-02	   7.2385372e-02	   7.8215384e-02	   6.7209738e-02	   6.1250891e-02	   7.2969287e-02	   5.0622943e-02	   5.6555952e-02	   6.1573990e-02	   6.0409892e-02	   6.5444873e-02	   6.3431536e-02	   6.0904694e-02	   5.3613070e-02	
   0.0000000e+00	   0.0000000e+00	   0.0000000e+00	             NaN	             NaN	             NaN	             NaN	             NaN	   7.5370971e-02	   1.1072806e-01	   8.9723960e-02	   9.1253363e-02	   8.4568678e-02	   1.0025812e-01	   1.0252291e-01	   9.2960004e-02	   1.0753597e-01	   9.4323610e-02	   5.8225568e-02	   8.6299510e-02	   7.7651525e-02	   7.0490529e-02	   6.8270851e-02	   6.7229670e-02	   5.4944244e-02	   5.8496100e-02	   6.5539243e-02	   5.9932057e-02	   6.3598488e-02	   6.2189327e-02	   5.5552040e-02	   5.3988025e-02	   5.2967416e-02	
   0.0000000e+00	   0.0000000e+00	   0.0000000e+00	             NaN	             NaN	             NaN	             NaN	             NaN	   7.5820455e-02	   5.6617731e-02	   8.5199260e-02	   8.7721459e-02	   5.8796300e-02	   1.0707825e-01	   9.4224028e-02	   1.0429342e-01	   8.7034997e-02	   9.5175154e-02	   8.0067825e-02	   8.3457194e-02	   7.9464658e-02	   7.2478467e-02	   6.7484762e-02	   6.1497897e-02	   5.1765566e-02	   5.4044517e-02	   5.3033946e-02	   5.1436888e-02	   5.9141554e-02	   6.0113156e-02	   4.6189289e-02	   4.6723024e-02	   5.3281082e-02	
   0.0000000e+00	   0.0000000e+00	   0.0000000e+00	             NaN	             NaN	             NaN	             NaN	             NaN	             NaN	   9.7766028e-02	   8.2717776e-02	   1.0506503e-01	   7.8853533e-02	   1.0857373e-01	   1.1159666e-01	   7.1372022e-02	   1.0295402e-01	   8.8631482e-02	   8.7280544e-02	   7.3725173e-02	   5.5879224e-02	   6.7257600e-02	   5.7114848e-02	   5.3054159e-02	   6.2067927e-02	   5.1927883e-02	   6.3322061e-02	   5.4353603e-02	   6.9172855e-02	   5.1155887e-02	   5.7091105e-02	   5.7104485e-02	   5.3283563e-02	
   0.0000000e+00	   0.0000000e+00	   0.0000000e+00	   0.0000000e+00	             NaN	             NaN	             NaN	             NaN	             NaN	   1.2707831e-01	   5.9493239e-02	   7.0236983e-02	   8.2947859e-02	   8.7959694e-02	   8.2024788e-02	   7.4072720e-02	   9.7522665e-02	   6.4573096e-02	   7.0176609e-02	   7.8881719e-02	   7.5339305e-02	   6.1532724e-02	   6.2785790e-02	   6.0984997e-02	   6.3853199e-02	   5.3638061e-02	   5.6977935e-02	   5.6945144e-02	   5.7852479e-02	   4.5013266e-02	   4.9558598e-02	   5.9479525e-02	   4.9989172e-02	
   0.0000000e+00	   0.0000000e+00	   0.0000000e+00	   0.0000000e+00	             NaN	             NaN	             NaN	             NaN	             NaN	   8.6410040e-02	   7.9874626e-02	   4.5003081e-02	   8.4874645e-02	   7.6142724e-02	   7.1715264e-02	   8.8466444e-02	   8.7823622e-02	   7.3756764e-02	   8.2702216e-02	   7.3855832e-02	   6.7657494e-02	   5.1220012e-02	   6.4589741e-02	   6.5074528e-02	   5.7326686e-02	   4.3573563e-02	   6.3274654e-02	   5.9281429e-02	   6.4095061e-02	   4.9509516e-02	   5.2217442e-02	   4.0623817e-02	   4.7079583e-02	
   0.0000000e+00	   0.0000000e+00	   0.0000000e+00	   0.0000000e+00	             NaN	             NaN	             NaN	             NaN	             NaN	   1.2446444e-01	   8.7261269e-02	   3.4237378e-02	   6.6917466e-02	   9.3583492e-02	   7.0042261e-02	   1.0106216e-01	   6.9007102e-02	   8.7383063e-02	   5.9166777e-02	   6.0964947e-02	   7.3118010e-02	   5.6285761e-02	   4.6604257e-02	   5.4250695e-02	   4.7085884e-02	   4.2230226e-02	   4.9581946e-02	   3.6051415e-02	   5.4901162e-02	   5.1158800e-02	   5.6704474e-02	   4.8691270e-02	   4.8969757e-02	
   0.0000000e+00	   0.0000000e+00	   0.0000000e+00	   0.0000000e+00	             NaN	             NaN	             NaN	             NaN	             NaN	   1.1829892e-01	   8.2961260e-02	   7.4880594e-02	   8.0188028e-02	   8.0961144e-02	   8.8973953e-02	   9.6060170e-02	   8.2877185e-02	   7.7746876e-02	   7.3835346e-02	   6.0013175e-02	   6.9787710e-02	   5.4436355e-02	   6.3383901e-02	   4.8046518e-02	   5.8346420e-02	   5.3000909e-02	   5.7996460e-02	   5.3841121e-02	   5.0558647e-02	   4.4174925e-02	   4.8277103e-02	   4.7246938e-02	   4.4615626e-02	
   0.0000000e+00	   0.0000000e+00	   0.0000000e+00	   0.0000000e+00	             NaN	             NaN	             NaN	             NaN	             NaN	             NaN	   4.8674763e-02	   6.6338617e-02	   5.1291919e-02	   8.9588855e-02	   6.2552398e-02	   7.2870350e-02	   6.5877436e-02	   7.7016381e-02	   6.2495699e-02	   8.1705421e-02	   5.8850858e-02	   6.3785520e-02	   6.2096279e-02	   6.3068910e-02	   4.3251796e-02	   4.2685636e-02	   5.6290546e-02	   4.7818156e-02	   4.2988212e-02	   5.0218702e-02	   4.0173551e-02	   4.9997714e-02	   6.7079663e-02	
   0.0000000e+00	   0.0000000e+00	   0.0000000e+00	   0.0000000e+00	             NaN	             NaN	             NaN	             NaN	             NaN	             NaN	   9.7818764e-02	   6.5568976e-02	   9.1905852e-02	   6.7537808e-02	   5.6299704e-02	   8.6644311e-02	   7.0601777e-02	   5.1459912e-02	   6.2956331e-02	   7.6241359e-02	   5.5943254e-02	   5.0464127e-02	   5.6791698e-02	   5.5104765e-02	   5.8833941e-02	   4.2457063e-02	   3.9076230e-02	   5.0155397e-02	   4.0777382e-02	   4.2109824e-02	   4.5872888e-02	   4.7075552e-02	   3.9502772e-02	
   0.0000000e+00	   0.0000000e+00	   0.0000000e+00	   0.0000000e+00	   0.0000000e+00	             NaN	             NaN	             NaN	             NaN	             NaN	   3.8607775e-02	   9.2582856e-02	   9.7393510e-02	   1.0253139e-01	   9.5722602e-02	   7.9395485e-02	   6.9755326e-02	   6.9872398e-02	   7.1020872e-02	   5.4136775e-02	   6.7869910e-02	   5.9873187e-02	   5.6693536e-02	   5.8332699e-02	   5.0727501e-02	   4.8665994e-02	   5.2950321e-02	   5.1328053e-02	   3.4278110e-02	   3.1332636e-02	   4.5111164e-02	   4.7330343e-02	   3.2650785e-02	
   0.0000000e+00	   0.0000000e+00	   0.0000000e+00	   0.0000000e+00	   0.0000000e+00	             NaN	             NaN	             NaN	             NaN	             NaN	   8.0715430e-02	   4.6872229e-02	   8.5601633e-02	   7.4471440e-02	   6.3911305e-02	   7.3646114e-02	   7.5905888e-02	   7.5180930e-02	   7.9770417e-02	   7.6008974e-02	   4.7715105e-02	   5.3647041e-02	   5.2282014e-02	   5.6510025e-02	   5.0260875e-02	   3.0191205e-02	   4.4416627e-02	   4.6771025e-02	   2.8205799e-02	   4.1802752e-02	   3.9737945e-02	   5.6394433e-02	   4.4373297e-02	
   0.0000000e+00	   0.0000000e+00	   0.0000000e+00	   0.0000000e+00	   0.0000000e+00	             NaN	             NaN	             NaN	             NaN	             NaN	   7.8715002e-02	   7.9425763e-02	   6.8957779e-02	   7.0389786e-02	   6.4160565e-02	   6.8432744e-02	   6.9029660e-02	   6.4440760e-02	   7.7904402e-02	   5.4766324e-02	   5.2898153e-02	   4.9958256e-02	   4.8258520e-02	   5.1173530e-02	   3.0374210e-02	   5.4423589e-02	   4.7244618e-02	   3.8529354e-02	   4.5237021e-02	   5.9803294e-02	   5.0655327e-02	   4.5157848e-02	   3.8972215e-02	
   0.0000000e+00	   0.0000000e+00	   0.0000000e+00	   0.0000000e+00	   0.0000000e+00	             NaN	             NaN	             NaN	             NaN	             NaN	             NaN	   8.0816430e-02	   5.1869882e-02	   5.6519236e-02	   6.0164068e-02	   6.7505480e-02	   9.4339877e-02	   6.1779067e-02	   5.6152020e-02	   6.1078787e-02	   5.5599199e-02	   3.6243337e-02	   4.9574531e-02	   5.5981829e-02	   4.0472983e-02	   5.1181387e-02	   5.0500042e-02	   4.3059074e-02	   2.5056822e-02	   4.5493960e-02	   4.6467816e-02	   4.2014540e-02	   4.7724369e-02	
   0.0000000e+00	   0.0000000e+00	   0.0000000e+00	   0.0000000e+00	   0.0000000e+00	             NaN	             NaN	             NaN	             NaN	             NaN	             NaN	   5.4384080e-02	   5.4352994e-02	   9.1241412e-02	   7.0869925e-02	   7.3853445e-02	   7.7960825e-02	   4.8611789e-02	   6.5675527e-02	   6.7540515e-02	   5.1914219e-02	   5.4188779e-02	   5.6994856e-02	   5.0389151e-02	   3.1694267e-02	   4.7229845e-02	   4.9139023e-02	   5.3274180e-02	   4.2775721e-02	   4.5880429e-02	   4.4570060e-02	   3.7188602e-02	   4.9336912e-02	
   0.0000000e+00	   0.0000000e+00	   0.0000000e+00	   0.0000000e+00	   0.0000000e+00	   0.0000000e+00	             NaN	             NaN	             NaN	             NaN	             NaN	   5.5895481e-02	   5.9282131e-02	   7.2036251e-02	   5.1998737e-02	   6.1066425e-02	   8.0733301e-02	   5.3785126e-02	   5.3335178e-02	   5.0655656e-02	   3.7442963e-02	   5.7457537e-02	   4.1537767e-02	   3.0800806e-02	   3.9584204e-02	   4.3677628e-02	   3.2901279e-02	   3.7298832e-02	   3.5382665e-02	   4.6051096e-02	   4.3511199e-02	   5.3641455e-02	   3.6778434e-02	
   0.0000000e+00	   0.0000000e+00	   0.0000000e+00	   0.0000000e+00	   0.0000000e+00	   0.0000000e+00	             NaN	             NaN	             NaN	             NaN	             NaN	   7.2911542e-02	   3.7886995e-02	   4.6496929e-02	   6.3135039e-02	   6.7864236e-02	   5.8335342e-02	   4.1297031e-02	   5.6439366e-02	   4.5237366e-02	   5.8841813e-02	   3.4659985e-02	   4.1806124e-02	   3.4116538e-02	   4.1643161e-02	   5.8705554e-02	   3.2990109e-02	   5.8462082e-02	   4.3401893e-02	   3.5174204e-02	   3.9995869e-02	   5.0103395e-02	   4.1626772e-02	
   0.0000000e+00	   0.0000000e+00	   0.0000000e+00	   0.0000000e+00	   0.0000000e+00	   0.0000000e+00	             NaN	             NaN	             NaN	             NaN	             NaN	   4.0413074e-02	   6.7438156e-02	   9.5021522e-02	   4.3495293e-02	   5.3497392e-02	   3.4838306e-02	   6.5834451e-02	   5.2203998e-02	   4.5478889e-02	   3.8272829e-02	   4.7082640e-02	   4.5542872e-02	   4.7129553e-02	   3.9136092e-02	   3.8226942e-02	   4.3908802e-02	   4.9099900e-02	   4.0681410e-02	   4.6429332e-02	   5.2577186e-02	   3.4051277e-02	   3.3973170e-02	
   0.0000000e+00	   0.0000000e+00	   0.0000000e+00	   0.0000000e+00	   0.0000000e+00	   0.0000000e+00	             NaN	             NaN	             NaN	             NaN	             NaN	             NaN	   9.9947691e-02	   6.7272786e-02	   4.7055325e-02	   5.7555560e-02	   5.0364585e-02	   6.4364469e-02	   4.7618455e-02	   7.1717161e-02	   5.0970763e-02	   5.0097608e-02	   5.2140602e-02	   3.5679300e-02	   3.4251742e-02	   4.4578343e-02	   3.6913916e-02	   5.1715898e-02	   2.9686016e-02	   4.1951066e-02	   3.8535711e-02	   4.5782540e-02	   3.8641825e-02	
   0.0000000e+00	   0.0000000e+00	   0.0000000e+00	   0.0000000e+00	   0.0000000e+00	   0.0000000e+00	             NaN	             NaN	             NaN	             NaN	             NaN	             NaN	   9.4465993e-02	   8.1132264e-02	   6.8962154e-02	   4.7440346e-02	   7.0133822e-02	   4.7241719e-02	   4.1427534e-02	   4.5885574e-02	   3.2073489e-02	   4.1770654e-02	   3.5725219e-02	   3.5663170e-02	   4.3403115e-02	   3.1731628e-02	   3.7731223e-02	   3.4046940e-02	   4.0724577e-02	   3.8934083e-02	   4.7942515e-02	   4.4756817e-02	   3.2922614e-02	
   0.0000000e+00	   0.0000000e+00	   0.0000000e+00	   0.0000000e+00	   0.0000000e+00	   0.0000000e+00	   0.0000000e+00	             NaN	             NaN	             NaN	             NaN	             NaN	   4.7405831e-02	   7.2228579e-02	   8.5277587e-02	   6.0360906e-02	   4.6876855e-02	   5.3635806e-02	   3.7336112e-02	   5.9096057e-02	   3.3286757e-02	   1.8293593e-02	   5.1627265e-02	   4.5511061e-02	   4.4021695e-02	   3.6791735e-02	   3.1135590e-02	   5.0117961e-02	   2.4447102e-02	   3.3871867e-02	   1.7320280e-02	   4.4969374e-02	   3.1946995e-02	
   0.0000000e+00	   0.0000000e+00	   0.0000000e+00	   0.0000000e+00	   0.0000000e+00	   0.0000000e+00	   0.0000000e+00	             NaN	             NaN	             NaN	             NaN	             NaN	   5.9119669e-02	   7.1736436e-02	   7.4275928e-02	   4.2332827e-02	   4.7892973e-02	   5.3315372e-02	   4.6089243e-02	   4.7063502e-02	   4.1595018e-02	   2.5523583e-02	   2.4560083e-02	   4.2623179e-02	   3.9013925e-02	   4.2741973e-02	   4.7919643e-02	   3.7680087e-02	   3.9279219e-02	   3.0064659e-02	   3.4773445e-02	   3.5108700e-02	   4.6860786e-02	
   0.0000000e+00	   0.0000000e+00	   0.0000000e+00	   0.0000000e+00	   0.0000000e+00	   0.0000000e+00	   0.0000000e+00	             NaN	             NaN	             NaN	             NaN	             NaN	   5.4822432e-02	   3.8338630e-02	   4.0084310e-02	   4.7739942e-02	   5.1516583e-02	   3.4316661e-02	   7.3540213e-02	   6.0908422e-02	   3.3308580e-02	   4.1816826e-02	   3.6507159e-02	   5.1547633e-02	   4.0891072e-02	   3.5945925e-02	   3.3658227e-02	   4.3092445e-02	   4.8595475e-02	   3.6216975e-02	   4.6433817e-02	   3.8418652e-02	   3.2405216e-02	
   0.0000000e+00	   0.0000000e+00	   0.0000000e+00	   0.0000000e+00	   0.0000000e+00	   0.0000000e+00	   0.0000000e+00	             NaN	             NaN	             NaN	             NaN	             NaN	             NaN	   6.2658319e-02	   5.9605834e-02	   4.4411624e-02	   5.4532024e-02	   4.7793037e-02	   5.2751119e-02	   4.0246965e-02	   4.3727038e-02	   4.2148060e-02	   4.6261928e-02	   3.2494506e-02	   3.4976804e-02	   3.5392361e-02	   3.2807365e-02	   4.2338028e-02	   3.5200407e-02	   4.2217327e-02	   3.0892250e-02	   3.7360530e-02	   3.5677866e-02	
   0.0000000e+00	   0.0000000e+00	   0.0000000e+00	   0.0000000e+00	   0.0000000e+00	   0.0000000e+00	   0.0000000e+00	             NaN	             NaN	             NaN	             NaN	             NaN	             NaN	   6.2448028e-02	   8.5935239e-02	   3.1503217e-02	   5.7380324e-02	   4.0786098e-02	   5.2549587e-02	   4.6330807e-02	   3.8620606e-02	   4.7647369e-02	   3.2388334e-02	   3.3155433e-02	   4.5915864e-02	   5.5217514e-02	   3.2501586e-02	   3.6581064e-02	   3.6574098e-02	   3.9953563e-02	   3.2011969e-02	   2.4905458e-02	   2.5786186e-02	
   0.0000000e+00	   0.0000000e+00	   0.0000000e+00	   0.0000000e+00	   0.0000000e+00	   0.0000000e+00	   0.0000000e+00	   0.0000000e+00	             NaN	             NaN	             NaN	             NaN	             NaN	   4.5323148e-02	   4.2848636e-02	   5.4980115e-02	   5.6010387e-02	   4.9884426e-02	   4.1392241e-02	   5.6219101e-02	   3.9099239e-02	   2.6566362e-02	   2.8307134e-02	   4.3992631e-02	   4.0330344e-02	   3.4652103e-02	   4.0573876e-02	   3.5747059e-02	   2.9203004e-02	   3.5273320e-02	   4.6762560e-02	   2.9089770e-02	   2.3718397e-02	
   0.0000000e+00	   0.0000000e+00	   0.0000000e+00	   0.0000000e+00	   0.0000000e+00	   0.0000000e+00	   0.0000000e+00	   0.0000000e+00	             NaN	             NaN	             NaN	             NaN	             NaN	   3.9206153e-02	   4.9153622e-02	   3.1524606e-02	   3.2048854e-02	   3.7305208e-02	   3.5243442e-02	   3.5578578e-02	   2.4320512e-02	   3.9570709e-02	   3.0917992e-02	   4.1788135e-02	   3.8574426e-02	   3.1402046e-02	   3.8412775e-02	   3.5558583e-02	   4.0540609e-02	   4.3071195e-02	   3.5001623e-02	   3.3153087e-02	   3.8722352e-02	
   0.0000000e+00	   0.0000000e+00	   0.0000000e+00	   0.0000000e+00	   0.0000000e+00	   0.0000000e+00	   0.0000000e+00	   0.0000000e+00	             NaN	             NaN	             NaN	             NaN	             NaN	   6.4922664e-02	   4.1819622e-02	   7.1457159e-02	   3.8087742e-02	   3.3938793e-02	   3.0355654e-02	   3.4240790e-02	   2.9880313e-02	   4.5260127e-02	   2.5299332e-02	   3.1992064e-02	   1.6979631e-02	   2.7002315e-02	   4.1054401e-02	   3.5562437e-02	   2.9772403e-02	   4.0804536e-02	   4.1856868e-02	   4.4173747e-02	   1.9414701e-02	
   0.0000000e+00	   0.0000000e+00	   0.0000000e+00	   0.0000000e+00	   0.0000000e+00	   0.0000000e+00	   0.0000000e+00	   0.0000000e+00	             NaN	             NaN	             NaN	             NaN	             NaN	             NaN	   5.4754985e-02	   3.0138235e-02	   3.7211212e-02	   3.7906903e-02	   4.5523326e-02	   3.1578345e-02	   6.2875309e-02	   2.0951566e-02	   3.1251264e-02	   4.0298290e-02	   2.8644978e-02	   2.7681005e-02	   1.9938860e-02	   2.9122705e-02	   4.8531959e-02	   4.0966168e-02	   3.8731576e-02	   3.5783686e-02	   2.6552231e-02	
   0.0000000e+00	   0.0000000e+00	   0.0000000e+00	   0.0000000e+00	   0.0000000e+00	   0.0000000e+00	   0.0000000e+00	   0.0000000e+00	             NaN	             NaN	             NaN	             NaN	             NaN	             NaN	   7.6319465e-02	   3.3380465e-02	   1.6829693e-02	   4.3661828e-02	   3.5677259e-02	   3.8168691e-02	   3.6244530e-02	   3.6255786e-02	   3.9775769e-02	   5.0096950e-02	   3.8010464e-02	   3.6094689e-02	   3.1904719e-02	   2.3975854e-02	   2.5182194e-02	   3.4314846e-02	   3.8307604e-02	   3.1569942e-02	   2.5154011e-02	
   0.0000000e+00	   0.0000000e+00	   0.0000000e+00	   0.0000000e+00	   0.0000000e+00	   0.0000000e+00	   0.0000000e+00	   0.0000000e+00	   0.0000000e+00	             NaN	             NaN	             NaN	             NaN	             NaN	   5.0318668e-02	   6.7045054e-02	   3.6542608e-02	   5.5957657e-02	   3.4676554e-02	   2.8541061e-02	   1.0853160e-02	   3.0038156e-02	   2.9097731e-02	   2.2886028e-02	   1.9922408e-02	   4.1674487e-02	   3.8350904e-02	   3.9124470e-02	   3.7186146e-02	   3.0646960e-02	   3.6405773e-02	   3.2708152e-02	   2.1523352e-02	
   0.0000000e+00	   0.0000000e+00	   0.0000000e+00	   0.0000000e+00	   0.0000000e+00	   0.0000000e+00	   0.0000000e+00	   0.0000000e+00	   0.0000000e+00	             NaN	             NaN	             NaN	             NaN	             NaN	   2.8912954e-02	   6.4347670e-02	   3.4883415e-02	   4.2470929e-02	   2.7607454e-02	   3.3182180e-02	   3.7019292e-02	   3.0394269e-02	   4.2876544e-02	   2.0615574e-02	   4.7261185e-02	   2.3844215e-02	   3.3586585e-02	   2.9864462e-02	   3.6497697e-02	   3.1162493e-02	   3.2008599e-02	   3.0217195e-02	   3.2239962e-02	
   0.0000000e+00	   0.0000000e+00	   0.0000000e+00	   0.0000000e+00	   0.0000000e+00	   0.0000000e+00	   0.0000000e+00	   0.0000000e+00	   0.0000000e+00	             NaN	             NaN	             NaN	             NaN	             NaN	   7.1412348e-02	   3.0719077e-02	   4.4706196e-02	   2.8760801e-02	   4.9093727e-02	   4.8527592e-02	   3.0454414e-02	   4.4413737e-02	   3.1972159e-02	   2.3121295e-02	   4.3162716e-02	   2.4702953e-02	   4.1663051e-02	   2.6133291e-02	   2.6485696e-02	   2.9262297e-02	   3.3292512e-02	   3.1500255e-02	   3.0345737e-02	
   0.0000000e+00	   0.0000000e+00	   0.0000000e+00	   0.0000000e+00	   0.0000000e+00	   0.0000000e+00	   0.0000000e+00	   0.0000000e+00	   0.0000000e+00	             NaN	             NaN	             NaN	             NaN	             NaN	             NaN	   4.9456174e-02	   4.3009899e-02	   6.0294424e-02	   3.3624796e-02	   2.4645998e-02	   3.4977087e-02	   4.7622234e-02	   3.4468029e-02	   3.6129169e-02	   4.0328437e-02	   2.8691144e-02	   3.5679418e-02	   2.2669874e-02	   3.0293876e-02	   2.6458053e-02	   3.2078500e-02	   2.0586045e-02	   2.5513427e-02	
   0.0000000e+00	   0.0000000e+00	   0.0000000e+00	   0.0000000e+00	   0.0000000e+00	   0.0000000e+00	   0.0000000e+00	   0.0000000e+00	   0.0000000e+00	             NaN	             NaN	             NaN	             NaN	             NaN	             NaN	   4.2337464e-02	   7.0302550e-02	   4.6269593e-02	   4.8369332e-02	   3.4322147e-02	   3.5422922e-02	   2.9163238e-02	   3.8475381e-02	   2.1481407e-02	   3.8704167e-02	   3.8595354e-02	   3.2647772e-02	   2.0406347e-02	   3.1657257e-02	   3.7966725e-02	   3.3886837e-02	   4.8088640e-02	   3.3716955e-02	
   0.0000000e+00	   0.0000000e+00	   0.0000000e+00	   0.0000000e+00	   0.0000000e+00	   0.0000000e+00	   0.0000000e+00	   0.0000000e+00	   0.0000000e+00	   0.0000000e+00	             NaN	             NaN	             NaN	             NaN	             NaN	   3.4498749e-02	   5.3461603e-02	   3.7547829e-02	   3.3885177e-02	   4.7890768e-02	   3.9240157e-02	   1.9890295e-02	   4.5770845e-02	   4.2242956e-02	   3.8388560e-02	   2.8186164e-02	   3.6221700e-02	   4.4248221e-02	   2.1253376e-02	   2.3004550e-02	   2.3169410e-02	   3.0102215e-02	   3.1313387e-02	
