   1.2090133e+01	   1.3142965e+01	   1.6546876e+01	             NaN	             NaN	             NaN	             NaN	             NaN	             NaN	             NaN	             NaN	             NaN	             NaN	             NaN	   0.0000000e+00	   0.0000000e+00	   0.0000000e+00	   0.0000000e+00	   0.0000000e+00	   0.0000000e+00	   0.0000000e+00	   0.0000000e+00	   0.0000000e+00	   0.0000000e+00	   0.0000000e+00	   0.0000000e+00	   0.0000000e+00	   0.0000000e+00	   0.0000000e+00	   0.0000000e+00	   0.0000000e+00	   0.0000000e+00	   0.0000000e+00	
   1.4167487e+01	   1.6287333e+01	   1.5047163e+01	             NaN	             NaN	             NaN	             NaN	             NaN	             NaN	             NaN	             NaN	             NaN	             NaN	             NaN	   0.0000000e+00	   0.0000000e+00	   0.0000000e+00	   0.0000000e+00	   0.0000000e+00	   0.0000000e+00	   0.0000000e+00	   0.0000000e+00	   0.0000000e+00	   0.0000000e+00	   0.0000000e+00	   0.0000000e+00	   0.0000000e+00	   0.0000000e+00	   0.0000000e+00	   0.0000000e+00	   0.0000000e+00	   0.0000000e+00	   0.0000000e+00	
   1.3093469e+01	   1.3895112e+01	   1.6149513e+01	             NaN	             NaN	             NaN	             NaN	             NaN	             NaN	             NaN	             NaN	             NaN	             NaN	             NaN	   0.0000000e+00	   0.0000000e+00	   0.0000000e+00	   0.0000000e+00	   0.0000000e+00	   0.0000000e+00	   0.0000000e+00	   0.0000000e+00	   0.0000000e+00	   0.0000000e+00	   0.0000000e+00	   0.0000000e+00	   0.0000000e+00	   0.0000000e+00	   0.0000000e+00	   0.0000000e+00	   0.0000000e+00	   0.0000000e+00	   0.0000000e+00	
   1.3739303e+01	   1.3074821e+01	   1.6610856e+01	   1.9147263e+01	             NaN	             NaN	             NaN	             NaN	             NaN	             NaN	             NaN	             NaN	             NaN	             NaN	             NaN	   0.0000000e+00	   0.0000000e+00	   0.0000000e+00	   0.0000000e+00	   0.0000000e+00	   0.0000000e+00	   0.0000000e+00	   0.0000000e+00	   0.0000000e+00	   0.0000000e+00	   0.0000000e+00	   0.0000000e+00	   0.0000000e+00	   0.0000000e+00	   0.0000000e+00	   0.0000000e+00	   0.0000000e+00	   0.0000000e+00	
   1.4292888e+01	   1.3407308e+01	   1.6139808e+01	   2.0272811e+01	             NaN	             NaN	             NaN	             NaN	             NaN	             NaN	             NaN	             NaN	             NaN	             NaN	             NaN	   0.0000000e+00	   0.0000000e+00	   0.0000000e+00	   0.0000000e+00	   0.0000000e+00	   0.0000000e+00	   0.0000000e+00	   0.0000000e+00	   0.0000000e+00	   0.0000000e+00	   0.0000000e+00	   0.0000000e+00	   0.0000000e+00	   0.0000000e+00	   0.0000000e+00	   0.0000000e+00	   0.0000000e+00	   0.0000000e+00	
   1.5732676e+01	   1.2714050e+01	   1.5559295e+01	   1.8650763e+01	   2.4771133e+01	             NaN	             NaN	             NaN	             NaN	             NaN	             NaN	             NaN	             NaN	             NaN	             NaN	             NaN	   0.0000000e+00	   0.0000000e+00	   0.0000000e+00	   0.0000000e+00	   0.0000000e+00	   0.0000000e+00	   0.0000000e+00	   0.0000000e+00	   0.0000000e+00	   0.0000000e+00	   0.0000000e+00	   0.0000000e+00	   0.0000000e+00	   0.0000000e+00	   0.0000000e+00	   0.0000000e+00	   0.0000000e+00	
   1.3597535e+01	   1.2543938e+01	   1.5769597e+01	   1.7222134e+01	   2.4111148e+01	             NaN	             NaN	             NaN	             NaN	             NaN	             NaN	             NaN	             NaN	             NaN	             NaN	             NaN	   0.0000000e+00	   0.0000000e+00	   0.0000000e+00	   0.0000000e+00	   0.0000000e+00	   0.0000000e+00	   0.0000000e+00	   0.0000000e+00	   0.0000000e+00	   0.0000000e+00	   0.0000000e+00	   0.0000000e+00	   0.0000000e+00	   0.0000000e+00	   0.0000000e+00	   0.0000000e+00	   0.0000000e+00	
   1.4595659e+01	   1.2181446e+01	   1.3783982e+01	   1.7833685e+01	   2.2817570e+01	             NaN	             NaN	             NaN	             NaN	             NaN	             NaN	             NaN	             NaN	             NaN	             NaN	             NaN	   0.0000000e+00	   0.0000000e+00	   0.0000000e+00	   0.0000000e+00	   0.0000000e+00	   0.0000000e+00	   0.0000000e+00	   0.0000000e+00	   0.0000000e+00	   0.0000000e+00	   0.0000000e+00	   0.0000000e+00	   0.0000000e+00	   0.0000000e+00	   0.0000000e+00	   0.0000000e+00	   0.0000000e+00	
   1.2003068e+01	   1.2980124e+01	   1.4047003e+01	   1.7055804e+01	   2.0674411e+01	   2.6933426e+01	             NaN	             NaN	             NaN	             NaN	             NaN	             NaN	             NaN	             NaN	             NaN	             NaN	             NaN	   0.0000000e+00	   0.0000000e+00	   0.0000000e+00	   0.0000000e+00	   0.0000000e+00	   0.0000000e+00	   0.0000000e+00	   0.0000000e+00	   0.0000000e+00	   0.0000000e+00	   0.0000000e+00	   0.0000000e+00	   0.0000000e+00	   0.0000000e+00	   0.0000000e+00	   0.0000000e+00	
   1.2773999e+01	   1.1293626e+01	   1.1983359e+01	   1.5485498e+01	   2.0468246e+01	   2.6437367e+01	             NaN	             NaN	             NaN	             NaN	             NaN	             NaN	             NaN	             NaN	             NaN	             NaN	             NaN	   0.0000000e+00	   0.0000000e+00	   0.0000000e+00	   0.0000000e+00	   0.0000000e+00	   0.0000000e+00	   0.0000000e+00	   0.0000000e+00	   0.0000000e+00	   0.0000000e+00	   0.0000000e+00	   0.0000000e+00	   0.0000000e+00	   0.0000000e+00	   0.0000000e+00	   0.0000000e+00	
   1.1618506e+01	   1.0602814e+01	   1.1612933e+01	   1.5111822e+01	   1.9890435e+01	   2.4064747e+01	   2.6700613e+01	             NaN	             NaN	             NaN	             NaN	             NaN	             NaN	             NaN	             NaN	             NaN	             NaN	             NaN	   0.0000000e+00	   0.0000000e+00	   0.0000000e+00	   0.0000000e+00	   0.0000000e+00	   0.0000000e+00	   0.0000000e+00	   0.0000000e+00	   0.0000000e+00	   0.0000000e+00	   0.0000000e+00	   0.0000000e+00	   0.0000000e+00	   0.0000000e+00	   0.0000000e+00	
   1.2738394e+01	   1.0885203e+01	   1.3278714e+01	   1.5065727e+01	   1.8722134e+01	   2.3452498e+01	   2.5705293e+01	             NaN	             NaN	             NaN	             NaN	             NaN	             NaN	             NaN	             NaN	             NaN	             NaN	             NaN	   0.0000000e+00	   0.0000000e+00	   0.0000000e+00	   0.0000000e+00	   0.0000000e+00	   0.0000000e+00	   0.0000000e+00	   0.0000000e+00	   0.0000000e+00	   0.0000000e+00	   0.0000000e+00	   0.0000000e+00	   0.0000000e+00	   0.0000000e+00	   0.0000000e+00	
   1.1171163e+01	   1.0422638e+01	   1.2032045e+01	   1.5579113e+01	   1.8215976e+01	   2.1911616e+01	   2.4179409e+01	             NaN	             NaN	             NaN	             NaN	             NaN	             NaN	             NaN	             NaN	             NaN	             NaN	             NaN	   0.0000000e+00	   0.0000000e+00	   0.0000000e+00	   0.0000000e+00	   0.0000000e+00	   0.0000000e+00	   0.0000000e+00	   0.0000000e+00	   0.0000000e+00	   0.0000000e+00	   0.0000000e+00	   0.0000000e+00	   0.0000000e+00	   0.0000000e+00	   0.0000000e+00	
   1.1961495e+01	   1.1015165e+01	   1.2803578e+01	   1.4818248e+01	   1.8431747e+01	   2.0432970e+01	   2.2088922e+01	   2.0004605e+01	             NaN	             NaN	             NaN	             NaN	             NaN	             NaN	             NaN	             NaN	             NaN	             NaN	             NaN	   0.0000000e+00	   0.0000000e+00	   0.0000000e+00	   0.0000000e+00	   0.0000000e+00	   0.0000000e+00	   0.0000000e+00	   0.0000000e+00	   0.0000000e+00	   0.0000000e+00	   0.0000000e+00	   0.0000000e+00	   0.0000000e+00	   0.0000000e+00	
   1.1495834e+01	   9.8211044e+00	   1.1957732e+01	   1.4498901e+01	   1.6822202e+01	   1.9432144e+01	   2.0681139e+01	   1.7827284e+01	             NaN	             NaN	             NaN	             NaN	             NaN	             NaN	             NaN	             NaN	             NaN	             NaN	             NaN	   0.0000000e+00	   0.0000000e+00	   0.0000000e+00	   0.0000000e+00	   0.0000000e+00	   0.0000000e+00	   0.0000000e+00	   0.0000000e+00	   0.0000000e+00	   0.0000000e+00	   0.0000000e+00	   0.0000000e+00	   0.0000000e+00	   0.0000000e+00	
   1.0445564e+01	   1.0655045e+01	   1.0596258e+01	   1.3461861e+01	   1.5719785e+01	   1.7878008e+01	   1.9270874e+01	   1.7036950e+01	   1.1869493e+01	             NaN	             NaN	             NaN	             NaN	             NaN	             NaN	             NaN	             NaN	             NaN	             NaN	             NaN	   0.0000000e+00	   0.0000000e+00	   0.0000000e+00	   0.0000000e+00	   0.0000000e+00	   0.0000000e+00	   0.0000000e+00	   0.0000000e+00	   0.0000000e+00	   0.0000000e+00	   0.0000000e+00	   0.0000000e+00	   0.0000000e+00	
   1.0224785e+01	   1.0269426e+01	   1.1022670e+01	   1.3260131e+01	   1.5169106e+01	   1.6948156e+01	   1.7313573e+01	   1.5771164e+01	   1.0837813e+01	             NaN	             NaN	             NaN	             NaN	             NaN	             NaN	             NaN	             NaN	             NaN	             NaN	             NaN	   0.0000000e+00	   0.0000000e+00	   0.0000000e+00	   0.0000000e+00	   0.0000000e+00	   0.0000000e+00	   0.0000000e+00	   0.0000000e+00	   0.0000000e+00	   0.0000000e+00	   0.0000000e+00	   0.0000000e+00	   0.0000000e+00	
   8.0574341e+00	   9.7839920e+00	   1.1108559e+01	   1.2411520e+01	   1.4454516e+01	   1.5811757e+01	   1.6661537e+01	   1.4226985e+01	   1.0235139e+01	             NaN	             NaN	             NaN	             NaN	             NaN	             NaN	             NaN	             NaN	             NaN	             NaN	             NaN	   0.0000000e+00	   0.0000000e+00	   0.0000000e+00	   0.0000000e+00	   0.0000000e+00	   0.0000000e+00	   0.0000000e+00	   0.0000000e+00	   0.0000000e+00	   0.0000000e+00	   0.0000000e+00	   0.0000000e+00	   0.0000000e+00	
   9.0040793e+00	   9.4710122e+00	   9.8904026e+00	   1.1589775e+01	   1.3685756e+01	   1.4524987e+01	   1.4857671e+01	   1.3023960e+01	   9.2897277e+00	   5.0525695e+00	             NaN	             NaN	             NaN	             NaN	             NaN	             NaN	             NaN	             NaN	             NaN	             NaN	             NaN	   0.0000000e+00	   0.0000000e+00	   0.0000000e+00	   0.0000000e+00	   0.0000000e+00	   0.0000000e+00	   0.0000000e+00	   0.0000000e+00	   0.0000000e+00	   0.0000000e+00	   0.0000000e+00	   0.0000000e+00	
   8.2005943e+00	   8.8645419e+00	   1.0402895e+01	   1.1550802e+01	   1.2869610e+01	   1.3474027e+01	   1.3809154e+01	   1.2138515e+01	   8.6072725e+00	   4.8125410e+00	             NaN	             NaN	             NaN	             NaN	             NaN	             NaN	             NaN	             NaN	             NaN	             NaN	             NaN	   0.0000000e+00	   0.0000000e+00	   0.0000000e+00	   0.0000000e+00	   0.0000000e+00	   0.0000000e+00	   0.0000000e+00	   0.0000000e+00	   0.0000000e+00	   0.0000000e+00	   0.0000000e+00	   0.0000000e+00	
   7.3734048e+00	   7.8318064e+00	   9.5436918e+00	   1.0767515e+01	   1.1870241e+01	   1.2369556e+01	   1.2571248e+01	   1.0948777e+01	   7.9219332e+00	   4.2116066e+00	   2.9447183e+00	             NaN	             NaN	             NaN	             NaN	             NaN	             NaN	             NaN	             NaN	             NaN	             NaN	             NaN	   0.0000000e+00	   0.0000000e+00	   0.0000000e+00	   0.0000000e+00	   0.0000000e+00	   0.0000000e+00	   0.0000000e+00	   0.0000000e+00	   0.0000000e+00	   0.0000000e+00	   0.0000000e+00	
   7.3704205e+00	   7.8453874e+00	   8.9431692e+00	   1.0072417e+01	   1.0597689e+01	   1.1518315e+01	   1.1371776e+01	   1.0096716e+01	   7.1576654e+00	   4.1586535e+00	   2.5738481e+00	             NaN	             NaN	             NaN	             NaN	             NaN	             NaN	             NaN	             NaN	             NaN	             NaN	             NaN	   0.0000000e+00	   0.0000000e+00	   0.0000000e+00	   0.0000000e+00	   0.0000000e+00	   0.0000000e+00	   0.0000000e+00	   0.0000000e+00	   0.0000000e+00	   0.0000000e+00	   0.0000000e+00	
   7.1407708e+00	   7.4237147e+00	   7.8050240e+00	   9.6371833e+00	   9.9393880e+00	   1.0601341e+01	   1.0397508e+01	   9.2325224e+00	   6.6333409e+00	   3.6742952e+00	   2.3107990e+00	             NaN	             NaN	             NaN	             NaN	             NaN	             NaN	             NaN	             NaN	             NaN	             NaN	             NaN	   0.0000000e+00	   0.0000000e+00	   0.0000000e+00	   0.0000000e+00	   0.0000000e+00	   0.0000000e+00	   0.0000000e+00	   0.0000000e+00	   0.0000000e+00	   0.0000000e+00	   0.0000000e+00	
   7.8663547e+00	   6.6698578e+00	   7.6158349e+00	   8.6810613e+00	   9.4734242e+00	   9.8044773e+00	   9.4153734e+00	   8.2471565e+00	   5.8497395e+00	   3.5068875e+00	   2.1079845e+00	   2.0690467e+00	             NaN	             NaN	             NaN	             NaN	             NaN	             NaN	             NaN	             NaN	             NaN	             NaN	             NaN	   0.0000000e+00	   0.0000000e+00	   0.0000000e+00	   0.0000000e+00	   0.0000000e+00	   0.0000000e+00	   0.0000000e+00	   0.0000000e+00	   0.0000000e+00	   0.0000000e+00	
   7.5731991e+00	   7.0063136e+00	   7.5285826e+00	   8.4310927e+00	   8.8443408e+00	   8.9031064e+00	   8.6460793e+00	   7.5506208e+00	   5.3826573e+00	   3.3113306e+00	   2.0296064e+00	   1.7770318e+00	             NaN	             NaN	             NaN	             NaN	             NaN	             NaN	             NaN	             NaN	             NaN	             NaN	             NaN	   0.0000000e+00	   0.0000000e+00	   0.0000000e+00	   0.0000000e+00	   0.0000000e+00	   0.0000000e+00	   0.0000000e+00	   0.0000000e+00	   0.0000000e+00	   0.0000000e+00	
   6.5008426e+00	   6.0963591e+00	   6.9790585e+00	   7.5114396e+00	   8.0660236e+00	   8.2243843e+00	   7.8634713e+00	   6.8625199e+00	   4.9620566e+00	   3.1112457e+00	   1.9208377e+00	   1.4292896e+00	   2.4654887e+00	             NaN	             NaN	             NaN	             NaN	             NaN	             NaN	             NaN	             NaN	             NaN	             NaN	             NaN	   0.0000000e+00	   0.0000000e+00	   0.0000000e+00	   0.0000000e+00	   0.0000000e+00	   0.0000000e+00	   0.0000000e+00	   0.0000000e+00	   0.0000000e+00	
   5.8988437e+00	   6.1829008e+00	   6.5965151e+00	   6.8850883e+00	   7.5058668e+00	   7.5158541e+00	   7.1186968e+00	   6.0551739e+00	   4.6721816e+00	   2.8037479e+00	   1.7776526e+00	   1.3624586e+00	   1.5374072e+00	             NaN	             NaN	             NaN	             NaN	             NaN	             NaN	             NaN	             NaN	             NaN	             NaN	             NaN	   0.0000000e+00	   0.0000000e+00	   0.0000000e+00	   0.0000000e+00	   0.0000000e+00	   0.0000000e+00	   0.0000000e+00	   0.0000000e+00	   0.0000000e+00	
   6.0154209e+00	   5.9361631e+00	   6.2850870e+00	   6.5516570e+00	   6.8326261e+00	   6.6725099e+00	   6.3231896e+00	   5.4252156e+00	   4.0355050e+00	   2.5871825e+00	   1.7103039e+00	   1.2060330e+00	   1.1556273e+00	             NaN	             NaN	             NaN	             NaN	             NaN	             NaN	             NaN	             NaN	             NaN	             NaN	             NaN	   0.0000000e+00	   0.0000000e+00	   0.0000000e+00	   0.0000000e+00	   0.0000000e+00	   0.0000000e+00	   0.0000000e+00	   0.0000000e+00	   0.0000000e+00	
   6.3187912e+00	   5.6527050e+00	   5.9453893e+00	   6.2411686e+00	   6.0341113e+00	   6.4067899e+00	   5.8991575e+00	   5.0166047e+00	   3.6753112e+00	   2.3892541e+00	   1.6005532e+00	   1.2274696e+00	   9.7144550e-01	   1.6796226e+00	             NaN	             NaN	             NaN	             NaN	             NaN	             NaN	             NaN	             NaN	             NaN	             NaN	             NaN	   0.0000000e+00	   0.0000000e+00	   0.0000000e+00	   0.0000000e+00	   0.0000000e+00	   0.0000000e+00	   0.0000000e+00	   0.0000000e+00	
   6.9860632e+00	   5.4257767e+00	   5.2778913e+00	   5.3352797e+00	   5.7573209e+00	   5.7640462e+00	   5.1599560e+00	   4.4009597e+00	   3.3109273e+00	   2.2410446e+00	   1.4615070e+00	   1.1703936e+00	   8.8921097e-01	   9.5353426e-01	             NaN	             NaN	             NaN	             NaN	             NaN	             NaN	             NaN	             NaN	             NaN	             NaN	             NaN	   0.0000000e+00	   0.0000000e+00	   0.0000000e+00	   0.0000000e+00	   0.0000000e+00	   0.0000000e+00	   0.0000000e+00	   0.0000000e+00	
   6.8236428e+00	   6.3273070e+00	   4.8862649e+00	   5.0570546e+00	   5.0486690e+00	   5.1873488e+00	   4.5796478e+00	   3.7821937e+00	   2.8813558e+00	   1.9898287e+00	   1.3616398e+00	   1.1102334e+00	   7.9402790e-01	   8.7504239e-01	   1.7147003e+00	             NaN	             NaN	             NaN	             NaN	             NaN	             NaN	             NaN	             NaN	             NaN	             NaN	             NaN	   0.0000000e+00	   0.0000000e+00	   0.0000000e+00	   0.0000000e+00	   0.0000000e+00	   0.0000000e+00	   0.0000000e+00	
   6.8159121e+00	   5.9311049e+00	   5.3849001e+00	   4.9768711e+00	   4.7155028e+00	   4.8360622e+00	   4.4025815e+00	   3.5826511e+00	   2.8361482e+00	   1.8426110e+00	   1.4207955e+00	   1.0812794e+00	   8.4060245e-01	   6.1013931e-01	   1.4103346e+00	             NaN	             NaN	             NaN	             NaN	             NaN	             NaN	             NaN	             NaN	             NaN	             NaN	             NaN	   0.0000000e+00	   0.0000000e+00	   0.0000000e+00	   0.0000000e+00	   0.0000000e+00	   0.0000000e+00	   0.0000000e+00	
   8.6510253e+00	   6.6483894e+00	   5.2358851e+00	   4.5313330e+00	   4.4270768e+00	   4.1839169e+00	   3.9621196e+00	   3.4542090e+00	   2.5388066e+00	   1.8312083e+00	   1.3095961e+00	   1.0221483e+00	   7.9222443e-01	   6.1570430e-01	   9.7941745e-01	             NaN	             NaN	             NaN	             NaN	             NaN	             NaN	             NaN	             NaN	             NaN	             NaN	             NaN	   0.0000000e+00	   0.0000000e+00	   0.0000000e+00	   0.0000000e+00	   0.0000000e+00	   0.0000000e+00	   0.0000000e+00	
   7.8777427e+00	   6.7802553e+00	   5.4893712e+00	   4.5994228e+00	   4.0696764e+00	   3.8500867e+00	   3.5416983e+00	   2.9303834e+00	   2.2952602e+00	   1.6549273e+00	   1.1990867e+00	   1.0398751e+00	   7.7479640e-01	   6.1769068e-01	   6.3685303e-01	   1.6918244e+00	             NaN	             NaN	             NaN	             NaN	             NaN	             NaN	             NaN	             NaN	             NaN	             NaN	             NaN	   0.0000000e+00	   0.0000000e+00	   0.0000000e+00	   0.0000000e+00	   0.0000000e+00	   0.0000000e+00	
   9.8578866e+00	   7.9823047e+00	   6.2749354e+00	   4.2761080e+00	   3.7128578e+00	   3.4712794e+00	   3.2656763e+00	   2.7172176e+00	   1.9982884e+00	   1.5943743e+00	   1.2333797e+00	   9.2488412e-01	   7.3898783e-01	   5.9104233e-01	   4.6167395e-01	   1.3617991e+00	             NaN	             NaN	             NaN	             NaN	             NaN	             NaN	             NaN	             NaN	             NaN	             NaN	             NaN	   0.0000000e+00	   0.0000000e+00	   0.0000000e+00	   0.0000000e+00	   0.0000000e+00	   0.0000000e+00	
   9.8410723e+00	   8.6764259e+00	   6.0370588e+00	   4.2639501e+00	   3.5778305e+00	   3.3380337e+00	   2.9406172e+00	   2.4157023e+00	   1.8519185e+00	   1.4266307e+00	   1.1444282e+00	   8.9613858e-01	   7.0605726e-01	   5.6668653e-01	   4.2431319e-01	   7.8030593e-01	   1.5102595e+00	             NaN	             NaN	             NaN	             NaN	             NaN	             NaN	             NaN	             NaN	             NaN	             NaN	             NaN	   0.0000000e+00	   0.0000000e+00	   0.0000000e+00	   0.0000000e+00	   0.0000000e+00	
   1.0810710e+01	   9.5034999e+00	   6.1768617e+00	   4.6199586e+00	   3.1842003e+00	   2.8717396e+00	   2.6541579e+00	   2.2419769e+00	   1.7572209e+00	   1.4195338e+00	   1.0456784e+00	   9.0462509e-01	   7.5113230e-01	   5.7064288e-01	   4.7626656e-01	   5.2516540e-01	   1.4901047e+00	             NaN	             NaN	             NaN	             NaN	             NaN	             NaN	             NaN	             NaN	             NaN	             NaN	             NaN	   0.0000000e+00	   0.0000000e+00	   0.0000000e+00	   0.0000000e+00	   0.0000000e+00	
   1.1688871e+01	   1.0124713e+01	   7.1220191e+00	   4.4023098e+00	   3.3262469e+00	   2.7836312e+00	   2.4407013e+00	   2.1413897e+00	   1.7238061e+00	   1.2330474e+00	   9.4843696e-01	   8.9194387e-01	   7.5246209e-01	   5.5281584e-01	   4.1934401e-01	   3.8462737e-01	   1.1157653e+00	             NaN	             NaN	             NaN	             NaN	             NaN	             NaN	             NaN	             NaN	             NaN	             NaN	             NaN	   0.0000000e+00	   0.0000000e+00	   0.0000000e+00	   0.0000000e+00	   0.0000000e+00	
   1.3572042e+01	   1.0641940e+01	   6.9467476e+00	   4.7606076e+00	   3.3713670e+00	   2.6400667e+00	   2.2384982e+00	   1.8894968e+00	   1.5059276e+00	   1.1502132e+00	   9.8723499e-01	   8.5081757e-01	   6.7644558e-01	   5.5037720e-01	   4.2828282e-01	   3.4933813e-01	   7.8593627e-01	   1.4797830e+00	             NaN	             NaN	             NaN	             NaN	             NaN	             NaN	             NaN	             NaN	             NaN	             NaN	             NaN	   0.0000000e+00	   0.0000000e+00	   0.0000000e+00	   0.0000000e+00	
   1.5013557e+01	   1.1472242e+01	   8.3057899e+00	   4.8726295e+00	   3.0972208e+00	   2.3595632e+00	   2.1440036e+00	   1.7387334e+00	   1.4777722e+00	   1.1567462e+00	   8.6936584e-01	   7.9044714e-01	   6.5091336e-01	   5.5512635e-01	   4.1799994e-01	   3.9635272e-01	   5.3397292e-01	   1.3965160e+00	             NaN	             NaN	             NaN	             NaN	             NaN	             NaN	             NaN	             NaN	             NaN	             NaN	             NaN	   0.0000000e+00	   0.0000000e+00	   0.0000000e+00	   0.0000000e+00	
   1.5459712e+01	   1.3112162e+01	   8.4222067e+00	   5.0370916e+00	   3.0507150e+00	   2.3443620e+00	   1.8516899e+00	   1.6656913e+00	   1.3469089e+00	   1.0756261e+00	   8.9407911e-01	   7.9640475e-01	   6.6765067e-01	   5.2771434e-01	   4.4549393e-01	   3.5436587e-01	   3.1348305e-01	   1.2371314e+00	   8.2722180e-01	             NaN	             NaN	             NaN	             NaN	             NaN	             NaN	             NaN	             NaN	             NaN	             NaN	             NaN	   0.0000000e+00	   0.0000000e+00	   0.0000000e+00	
   1.6166388e+01	   1.4665948e+01	   1.0056552e+01	   5.2621609e+00	   3.2705513e+00	   2.1844516e+00	   1.6811729e+00	   1.5270379e+00	   1.2343918e+00	   1.0300535e+00	   8.3011416e-01	   6.9481256e-01	   6.4524592e-01	   5.1269053e-01	   4.2561366e-01	   3.6168799e-01	   3.4101952e-01	   8.5599818e-01	   1.1705176e+00	             NaN	             NaN	             NaN	             NaN	             NaN	             NaN	             NaN	             NaN	             NaN	             NaN	             NaN	   0.0000000e+00	   0.0000000e+00	   0.0000000e+00	
   1.7620501e+01	   1.5645634e+01	   1.0133915e+01	   6.1504022e+00	   3.0348705e+00	   1.9688347e+00	   1.6515144e+00	   1.5186460e+00	   1.1642623e+00	   1.0061377e+00	   9.0688682e-01	   7.2312098e-01	   6.3779343e-01	   5.1635344e-01	   4.4249207e-01	   3.6948396e-01	   3.1417204e-01	   5.3537052e-01	   1.2690392e+00	             NaN	             NaN	             NaN	             NaN	             NaN	             NaN	             NaN	             NaN	             NaN	             NaN	             NaN	   0.0000000e+00	   0.0000000e+00	   0.0000000e+00	
   1.6978296e+01	   1.6779273e+01	   1.0826883e+01	   6.1851024e+00	   3.1450601e+00	   1.9568478e+00	   1.4843578e+00	   1.3920717e+00	   1.0862874e+00	   9.3297819e-01	   7.6150675e-01	   7.4520505e-01	   6.3152219e-01	   5.6100705e-01	   4.5102747e-01	   3.8035625e-01	   3.2890430e-01	   4.1606025e-01	   1.0956405e+00	   8.8988301e-01	             NaN	             NaN	             NaN	             NaN	             NaN	             NaN	             NaN	             NaN	             NaN	             NaN	             NaN	   0.0000000e+00	   0.0000000e+00	
   1.8870839e+01	   1.6462780e+01	   1.1917726e+01	   6.8110101e+00	   3.0277572e+00	   2.0368309e+00	   1.4926775e+00	   1.2269716e+00	   1.1013337e+00	   8.6450575e-01	   7.7805835e-01	   6.8210194e-01	   6.4121286e-01	   5.6488782e-01	   5.0079584e-01	   3.9093416e-01	   3.3208118e-01	   3.5858165e-01	   7.8656164e-01	   1.0358560e+00	             NaN	             NaN	             NaN	             NaN	             NaN	             NaN	             NaN	             NaN	             NaN	             NaN	             NaN	   0.0000000e+00	   0.0000000e+00	
   1.9130775e+01	   1.8496920e+01	   1.2484547e+01	   6.6634119e+00	   3.2812662e+00	   1.9827637e+00	   1.3930259e+00	   1.2186934e+00	   9.9494310e-01	   8.3512848e-01	   7.4886709e-01	   7.3833254e-01	   6.4490754e-01	   5.5574661e-01	   4.8435970e-01	   4.0551415e-01	   3.6414958e-01	   3.3966793e-01	   6.0377064e-01	   1.1107827e+00	   4.0131844e-01	             NaN	             NaN	             NaN	             NaN	             NaN	             NaN	             NaN	             NaN	             NaN	             NaN	             NaN	   0.0000000e+00	
   2.0452733e+01	   1.8962788e+01	   1.2274368e+01	   7.1357656e+00	   3.3363410e+00	   1.9525548e+00	   1.3004651e+00	   1.0591694e+00	   9.5695309e-01	   8.8077779e-01	   7.6837092e-01	   6.9545407e-01	   6.1025321e-01	   5.6655551e-01	   5.0298436e-01	   4.0974823e-01	   3.5320305e-01	   3.6439959e-01	   4.0236021e-01	   1.1247903e+00	   5.9050078e-01	             NaN	             NaN	             NaN	             NaN	             NaN	             NaN	             NaN	             NaN	             NaN	             NaN	             NaN	   0.0000000e+00	
   1.9853517e+01	   2.0010656e+01	   1.3730613e+01	   7.1995958e+00	   3.4797908e+00	   1.9288107e+00	   1.2203128e+00	   1.0350308e+00	   8.8197284e-01	   8.7462339e-01	   7.3536365e-01	   6.9042514e-01	   6.8314088e-01	   5.8188122e-01	   4.6032394e-01	   3.8662494e-01	   3.8690763e-01	   3.3037864e-01	   3.5455373e-01	   8.7877266e-01	   9.1577222e-01	             NaN	             NaN	             NaN	             NaN	             NaN	             NaN	             NaN	             NaN	             NaN	             NaN	             NaN	   0.0000000e+00	
   2.0197906e+01	   1.9323513e+01	   1.2982695e+01	   7.9170686e+00	   3.5292740e+00	   1.7163997e+00	   1.2299069e+00	   1.0267383e+00	   9.4884072e-01	   8.0392734e-01	   7.6023273e-01	   7.1241472e-01	   6.6491855e-01	   5.8664038e-01	   5.0245911e-01	   4.3490282e-01	   3.8282200e-01	   3.4040735e-01	   3.1864685e-01	   6.4678120e-01	   1.0431246e+00	   3.1001153e-01	             NaN	             NaN	             NaN	             NaN	             NaN	             NaN	             NaN	             NaN	             NaN	             NaN	             NaN	
   1.9510552e+01	   2.0046764e+01	   1.3095559e+01	   7.3523328e+00	   3.6435296e+00	   1.8780314e+00	   1.2308839e+00	   1.0750077e+00	   8.8617374e-01	   8.4251405e-01	   7.6898713e-01	   7.2639622e-01	   6.6209332e-01	   5.7815205e-01	   5.2134549e-01	   4.7595884e-01	   3.9153582e-01	   3.4225178e-01	   3.3042798e-01	   4.1706430e-01	   9.8334052e-01	   6.3688318e-01	             NaN	             NaN	             NaN	             NaN	             NaN	             NaN	             NaN	             NaN	             NaN	             NaN	             NaN	
   2.2245757e+01	   1.9998675e+01	   1.3924109e+01	   7.2255726e+00	   3.8112263e+00	   1.6777452e+00	   1.2025483e+00	   9.1655565e-01	   8.6258618e-01	   8.3267789e-01	   7.8915766e-01	   6.7677085e-01	   6.5206396e-01	   5.7119355e-01	   5.2096286e-01	   4.4441936e-01	   3.8786394e-01	   3.5908332e-01	   3.4605703e-01	   3.5140826e-01	   8.0084634e-01	   8.6679436e-01	   2.2622350e-01	             NaN	             NaN	             NaN	             NaN	             NaN	             NaN	             NaN	             NaN	             NaN	             NaN	
   1.8796416e+01	   1.9402775e+01	   1.3616828e+01	   7.8370294e+00	   3.5434011e+00	   1.8628593e+00	   1.1726986e+00	   9.3826011e-01	   8.4659838e-01	   8.1189917e-01	   7.1334390e-01	   6.9263974e-01	   6.4397107e-01	   6.1913893e-01	   5.4128956e-01	   4.7408370e-01	   4.2749772e-01	   3.9267888e-01	   3.5828420e-01	   3.1008821e-01	   5.8462009e-01	   1.0254060e+00	   3.8004706e-01	             NaN	             NaN	             NaN	             NaN	             NaN	             NaN	             NaN	             NaN	             NaN	             NaN	
   1.9701011e+01	   1.8833506e+01	   1.3379097e+01	   7.7245176e+00	   3.3324865e+00	   1.7320896e+00	   1.0967985e+00	   9.5892680e-01	   8.4890741e-01	   8.3964592e-01	   7.6741991e-01	   6.8382433e-01	   6.8900545e-01	   6.4965139e-01	   5.7151717e-01	   5.3672754e-01	   4.4187513e-01	   4.0541176e-01	   3.4370820e-01	   3.0144384e-01	   3.8951498e-01	   1.0785408e+00	   5.0184381e-01	             NaN	             NaN	             NaN	             NaN	             NaN	             NaN	             NaN	             NaN	             NaN	             NaN	
   1.8609873e+01	   1.9880347e+01	   1.3330854e+01	   7.5523279e+00	   3.7059173e+00	   1.7353821e+00	   1.1153616e+00	   9.2051417e-01	   8.4489003e-01	   7.8462760e-01	   7.6020046e-01	   7.7733292e-01	   6.7765021e-01	   6.3370386e-01	   6.0813448e-01	   5.1552885e-01	   4.5058393e-01	   4.2042207e-01	   3.6096781e-01	   3.1936707e-01	   3.8460257e-01	   8.6427421e-01	   8.0673592e-01	   1.8362566e-01	             NaN	             NaN	             NaN	             NaN	             NaN	             NaN	             NaN	             NaN	             NaN	
   1.8754177e+01	   1.8360197e+01	   1.3072394e+01	   7.9241890e+00	   3.6708069e+00	   1.7065509e+00	   1.1281238e+00	   9.1359420e-01	   8.6289638e-01	   7.4602290e-01	   7.0592853e-01	   7.6918745e-01	   6.8072340e-01	   6.3158320e-01	   5.6165723e-01	   5.1002445e-01	   5.1355259e-01	   4.6492328e-01	   3.6959621e-01	   3.4959582e-01	   3.3735686e-01	   6.6723797e-01	   9.3426324e-01	   3.3194949e-01	             NaN	             NaN	             NaN	             NaN	             NaN	             NaN	             NaN	             NaN	             NaN	
   1.7374489e+01	   1.6462986e+01	   1.2951096e+01	   7.0240591e+00	   3.7065559e+00	   1.6776358e+00	   1.1095852e+00	   8.9814584e-01	   8.6623094e-01	   7.7619869e-01	   7.4048603e-01	   7.2449586e-01	   7.0882982e-01	   6.3102619e-01	   5.9062825e-01	   5.2318666e-01	   4.6169914e-01	   4.5487196e-01	   4.0083146e-01	   3.5846694e-01	   3.4444458e-01	   4.4182209e-01	   9.8715884e-01	   4.1349123e-01	   1.4565895e-01	             NaN	             NaN	             NaN	             NaN	             NaN	             NaN	             NaN	             NaN	
   1.6632035e+01	   1.5821143e+01	   1.2209603e+01	   7.3118426e+00	   3.6240553e+00	   1.5904784e+00	   1.1296491e+00	   8.2057622e-01	   8.3424821e-01	   8.0409940e-01	   7.6135300e-01	   7.0333054e-01	   7.2841686e-01	   6.8224697e-01	   6.2386002e-01	   5.4205265e-01	   4.8691071e-01	   4.4225844e-01	   4.1587951e-01	   3.3549708e-01	   3.4583402e-01	   3.5220829e-01	   8.2049819e-01	   7.4536283e-01	   1.7775035e-01	             NaN	             NaN	             NaN	             NaN	             NaN	             NaN	             NaN	             NaN	
   1.8089867e+01	   1.5480847e+01	   1.2046856e+01	   6.9540757e+00	   3.5601873e+00	   1.7316324e+00	   1.1727711e+00	   8.3869786e-01	   8.1535668e-01	   7.6138090e-01	   7.3240261e-01	   6.9202492e-01	   6.9854305e-01	   6.7079185e-01	   5.8601184e-01	   5.6626776e-01	   5.1469177e-01	   4.7272261e-01	   4.2653352e-01	   3.7970114e-01	   3.3397960e-01	   3.1465566e-01	   6.0087322e-01	   8.4069457e-01	   3.1814947e-01	             NaN	             NaN	             NaN	             NaN	             NaN	             NaN	             NaN	             NaN	
   1.4965615e+01	   1.5310142e+01	   1.0836546e+01	   7.1981461e+00	   3.5991514e+00	   1.7121810e+00	   1.1428738e+00	   9.2394503e-01	   8.3468159e-01	   7.4985350e-01	   7.1635540e-01	   7.0816998e-01	   7.0458146e-01	   6.3215153e-01	   6.0031601e-01	   5.5693245e-01	   5.3534195e-01	   4.9205743e-01	   4.2714478e-01	   3.8793531e-01	   3.3934918e-01	   3.0931983e-01	   5.1084255e-01	   9.1369842e-01	   4.7800771e-01	   1.5813810e-01	             NaN	             NaN	             NaN	             NaN	             NaN	             NaN	             NaN	
   1.4868538e+01	   1.5753934e+01	   1.1402976e+01	   6.7277296e+00	   3.2296366e+00	   1.5367429e+00	   9.9394595e-01	   9.0595663e-01	   8.0364102e-01	   8.3113921e-01	   7.6411639e-01	   7.2014385e-01	   7.0519073e-01	   6.8868887e-01	   6.3497411e-01	   5.6812876e-01	   5.1534474e-01	   5.0197248e-01	   4.5054445e-01	   4.1502414e-01	   3.5707261e-01	   2.9807199e-01	   3.3347134e-01	   7.8334626e-01	   6.6510434e-01	   1.4267752e-01	             NaN	             NaN	             NaN	             NaN	             NaN	             NaN	             NaN	
   1.4002703e+01	   1.3367894e+01	   1.0747306e+01	   6.2160034e+00	   3.2250288e+00	   1.6860762e+00	   9.8827836e-01	   8.9700578e-01	   8.2348822e-01	   7.8502768e-01	   7.9099109e-01	   7.6118573e-01	   6.7717455e-01	   6.6173146e-01	   6.5595026e-01	   5.7399132e-01	   4.9859700e-01	   5.1256373e-01	   4.7151150e-01	   4.0502642e-01	   3.6868583e-01	   3.0812516e-01	   3.1700662e-01	   6.0805468e-01	   7.9275033e-01	   2.3328159e-01	   1.1291300e-01	             NaN	             NaN	             NaN	             NaN	             NaN	             NaN	
   1.4606316e+01	   1.3893070e+01	   1.0137535e+01	   5.9491089e+00	   3.2966873e+00	   1.7386982e+00	   1.0610631e+00	   8.1792588e-01	   7.5896236e-01	   7.3358061e-01	   7.3264466e-01	   8.0203732e-01	   7.0865980e-01	   6.6139214e-01	   5.9817920e-01	   5.8751803e-01	   5.4250819e-01	   4.9607482e-01	   4.7571011e-01	   4.1978941e-01	   4.0685224e-01	   3.3837292e-01	   3.1126631e-01	   4.2763139e-01	   8.1523059e-01	   3.9726992e-01	   1.1797148e-01	             NaN	             NaN	             NaN	             NaN	             NaN	             NaN	
   1.3097801e+01	   1.2730731e+01	   9.1934146e+00	   5.3760562e+00	   3.0715005e+00	   1.5716163e+00	   1.0438441e+00	   8.0058195e-01	   7.5526532e-01	   7.0655323e-01	   6.8929725e-01	   7.1887472e-01	   7.2900208e-01	   6.4498558e-01	   6.3196378e-01	   5.9392540e-01	   5.4165170e-01	   5.3329468e-01	   4.6527762e-01	   4.3805460e-01	   3.5820829e-01	   3.4947368e-01	   3.0118482e-01	   3.4182327e-01	   6.6112381e-01	   4.7819726e-01	   1.7262961e-01	             NaN	             NaN	             NaN	             NaN	             NaN	             NaN	
   1.1847777e+01	   1.1656146e+01	   9.2766206e+00	   5.5220126e+00	   2.9189931e+00	   1.4375164e+00	   9.7749827e-01	   8.3683139e-01	   7.5306979e-01	   7.2273584e-01	   7.4537964e-01	   6.9661288e-01	   7.2347321e-01	   6.6773345e-01	   6.3667473e-01	   6.1611510e-01	   5.6325030e-01	   5.1929861e-01	   4.9442445e-01	   4.2070972e-01	   3.9168168e-01	   3.3385741e-01	   3.0941943e-01	   2.7435669e-01	   5.6002134e-01	   6.3936560e-01	   2.1025617e-01	   1.1712871e-01	             NaN	             NaN	             NaN	             NaN	             NaN	
   1.1156284e+01	   1.0258050e+01	   8.4401307e+00	   5.0206175e+00	   2.7302743e+00	   1.5079708e+00	   9.3517969e-01	   8.5877240e-01	   7.7676446e-01	   7.0824680e-01	   7.1586576e-01	   6.9457960e-01	   6.6507243e-01	   7.1419321e-01	   6.6096361e-01	   6.0899795e-01	   5.3544955e-01	   5.0966950e-01	   4.9138842e-01	   4.1052056e-01	   3.9407468e-01	   3.6016991e-01	   2.8504959e-01	   2.8936613e-01	   4.6461043e-01	   7.8963804e-01	   3.6180030e-01	   1.2515773e-01	             NaN	             NaN	             NaN	             NaN	             NaN	
   1.1563091e+01	   9.3776482e+00	   7.4164980e+00	   5.1976515e+00	   2.6064479e+00	   1.4699129e+00	   1.0420057e+00	   8.1189736e-01	   6.9625572e-01	   7.3007318e-01	   6.6665843e-01	   7.1724772e-01	   6.8796009e-01	   6.7964776e-01	   6.2258826e-01	   6.1815621e-01	   5.4551352e-01	   5.5254699e-01	   4.9101054e-01	   4.4774423e-01	   3.9546284e-01	   3.4551105e-01	   2.9533829e-01	   2.6567628e-01	   3.3840176e-01	   6.7560930e-01	   4.0418895e-01	   1.4630923e-01	   9.5622044e-02	             NaN	             NaN	             NaN	             NaN	
   9.4784927e+00	   9.6815141e+00	   7.8595639e+00	   4.3046246e+00	   2.5878122e+00	   1.4667077e+00	   1.0056720e+00	   8.1856981e-01	   7.2439806e-01	   7.4127570e-01	   7.0669850e-01	   6.6907743e-01	   6.5139594e-01	   6.3877884e-01	   6.2961740e-01	   6.0388508e-01	   5.4286017e-01	   5.3899310e-01	   5.3067545e-01	   4.5815418e-01	   4.0234742e-01	   3.6114621e-01	   2.9415837e-01	   2.7506329e-01	   2.4909931e-01	   5.6137961e-01	   6.4084541e-01	   2.0698772e-01	   1.0864106e-01	             NaN	             NaN	             NaN	             NaN	
   1.0205200e+01	   9.3038896e+00	   7.1885423e+00	   4.4912008e+00	   2.1777853e+00	   1.4440841e+00	   9.7892025e-01	   9.0665315e-01	   7.3679331e-01	   7.7528892e-01	   7.3072315e-01	   7.1713954e-01	   6.8203565e-01	   6.6791794e-01	   6.4341376e-01	   6.1227936e-01	   6.0474811e-01	   5.4354238e-01	   5.0932220e-01	   4.5845634e-01	   4.2055767e-01	   3.4844953e-01	   2.7867189e-01	   2.6746707e-01	   2.3915152e-01	   4.3212743e-01	   7.0797026e-01	   2.5717136e-01	   1.1055104e-01	             NaN	             NaN	             NaN	             NaN	
   7.8949320e+00	   8.8331567e+00	   6.4216592e+00	   4.4622361e+00	   2.2221935e+00	   1.3391648e+00	   8.9854152e-01	   7.8662475e-01	   7.6146283e-01	   6.9009039e-01	   7.0461875e-01	   6.8695702e-01	   7.1132779e-01	   6.5300103e-01	   6.2965087e-01	   6.3028069e-01	   5.6330641e-01	   5.6964914e-01	   5.2120186e-01	   4.8342694e-01	   4.3043808e-01	   3.5981046e-01	   3.0991572e-01	   2.5494231e-01	   2.3861466e-01	   3.3980540e-01	   6.9421607e-01	   3.3740861e-01	   1.1397521e-01	   1.0021471e-01	             NaN	             NaN	             NaN	
   8.3456578e+00	   8.5206265e+00	   6.0346426e+00	   3.7434803e+00	   2.4001462e+00	   1.2997827e+00	   9.2425832e-01	   7.2899260e-01	   7.4017745e-01	   7.0704131e-01	   6.9249482e-01	   6.8793789e-01	   6.8668392e-01	   6.6627907e-01	   6.6532029e-01	   6.0200232e-01	   5.7204327e-01	   5.4722959e-01	   5.1768010e-01	   4.7871263e-01	   4.4452694e-01	   3.6396857e-01	   3.3033555e-01	   2.8409769e-01	   2.4764000e-01	   2.5286039e-01	   5.8258004e-01	   5.4548365e-01	   1.3665912e-01	   1.0412857e-01	             NaN	             NaN	             NaN	
   7.3534422e+00	   7.2397454e+00	   5.6203872e+00	   3.7128414e+00	   2.2047894e+00	   1.3813021e+00	   8.9846439e-01	   8.4692473e-01	   7.0182304e-01	   6.9953202e-01	   6.9203105e-01	   6.3211100e-01	   7.0784362e-01	   6.6851696e-01	   6.2477881e-01	   6.1036542e-01	   5.8229434e-01	   5.5552678e-01	   5.8302824e-01	   4.6449666e-01	   4.2308974e-01	   4.0268985e-01	   3.3451644e-01	   2.7854606e-01	   2.2717449e-01	   2.4587318e-01	   4.2230804e-01	   6.0797346e-01	   2.0875328e-01	   1.0441249e-01	   8.9627885e-02	             NaN	             NaN	
   6.7960898e+00	   7.1843062e+00	   5.0318379e+00	   3.3890773e+00	   1.9608804e+00	   1.2808536e+00	   9.1230413e-01	   7.8227071e-01	   7.6223399e-01	   6.7990175e-01	   6.7850462e-01	   6.4113874e-01	   6.6926184e-01	   6.1668161e-01	   6.5225268e-01	   6.2304391e-01	   6.0423394e-01	   5.6835499e-01	   5.2661322e-01	   4.8903085e-01	   4.3102365e-01	   3.8401494e-01	   3.3485176e-01	   2.9593277e-01	   2.5677094e-01	   2.2680039e-01	   3.5788036e-01	   6.1807537e-01	   3.1940034e-01	   1.0989073e-01	   8.4374130e-02	             NaN	             NaN	
   6.7534497e+00	   5.9423355e+00	   4.6308272e+00	   3.0918530e+00	   2.1025810e+00	   1.1538194e+00	   9.3325750e-01	   7.4627981e-01	   7.0073211e-01	   6.7794150e-01	   6.6302415e-01	   6.6876082e-01	   6.5081371e-01	   6.1068267e-01	   6.2647457e-01	   6.3753263e-01	   5.8320061e-01	   5.6488545e-01	   5.3281178e-01	   4.9498383e-01	   4.4774694e-01	   3.8797157e-01	   3.0797468e-01	   2.9414732e-01	   2.5051665e-01	   2.1874556e-01	   2.5371765e-01	   5.6096873e-01	   4.6402853e-01	   1.5717117e-01	   1.0264738e-01	             NaN	             NaN	
   5.8691264e+00	   5.5750887e+00	   4.5014833e+00	   3.0819898e+00	   1.9732632e+00	   1.1866868e+00	   8.8270982e-01	   7.3080934e-01	   7.2404484e-01	   7.1071833e-01	   6.3011544e-01	   6.7207556e-01	   6.1601651e-01	   6.4358204e-01	   6.2331967e-01	   6.0983262e-01	   6.0317811e-01	   5.5957692e-01	   5.3327766e-01	   5.1064675e-01	   4.6176451e-01	   4.0983534e-01	   3.4268630e-01	   2.8574336e-01	   2.5477535e-01	   2.2626370e-01	   2.3505206e-01	   4.2584356e-01	   5.2479189e-01	   1.7546973e-01	   1.0152489e-01	   8.5642628e-02	             NaN	
   6.0980971e+00	   5.2905444e+00	   4.3581308e+00	   2.8004493e+00	   1.7918799e+00	   1.1044350e+00	   8.3963126e-01	   7.3481719e-01	   7.1665308e-01	   6.4085513e-01	   6.9090999e-01	   6.6658312e-01	   6.4872907e-01	   6.7171685e-01	   6.0581306e-01	   6.1100558e-01	   5.8513871e-01	   5.8326233e-01	   5.4697301e-01	   5.0604506e-01	   4.5626968e-01	   3.9928962e-01	   3.2568528e-01	   2.9111103e-01	   2.7033963e-01	   2.1873345e-01	   2.2509149e-01	   3.3231616e-01	   5.4229119e-01	   2.6650054e-01	   1.0769553e-01	   9.6989101e-02	             NaN	
   5.1025204e+00	   4.7965798e+00	   4.2161072e+00	   2.7402844e+00	   1.7194194e+00	   1.0251144e+00	   8.7616834e-01	   7.5996000e-01	   7.3770375e-01	   6.8578274e-01	   6.2020583e-01	   6.3395216e-01	   6.4985350e-01	   6.3939592e-01	   6.3098955e-01	   6.4498115e-01	   6.4320878e-01	   5.8556117e-01	   5.4709328e-01	   5.2429826e-01	   4.7472687e-01	   4.1584004e-01	   3.4905829e-01	   3.1755899e-01	   2.6080224e-01	   2.3655656e-01	   2.1498866e-01	   2.5767267e-01	   5.7956069e-01	   4.0961621e-01	   1.2593479e-01	   9.7284523e-02	   9.4559849e-02	
   4.6724664e+00	   4.6114703e+00	   3.5912010e+00	   2.5839838e+00	   1.4180049e+00	   1.0009679e+00	   8.3577620e-01	   7.6376482e-01	   6.5171881e-01	   6.7258399e-01	   6.3512898e-01	   6.6400897e-01	   6.3718952e-01	   6.2429180e-01	   5.9278283e-01	   6.1619394e-01	   6.0226341e-01	   5.8288593e-01	   5.6081026e-01	   5.1808765e-01	   4.6022332e-01	   4.0466826e-01	   3.6221279e-01	   2.9132364e-01	   2.6138632e-01	   2.3967422e-01	   2.1223119e-01	   2.1179949e-01	   4.1962224e-01	   4.3528531e-01	   1.8882180e-01	   1.0879330e-01	   9.1304635e-02	
   5.0874726e+00	   4.1071846e+00	   3.5955831e+00	   2.3424201e+00	   1.5113074e+00	   1.0739106e+00	   8.6136685e-01	   7.5936390e-01	   6.9638668e-01	   6.3113814e-01	   6.6733660e-01	   6.7407718e-01	   6.3211738e-01	   6.7784143e-01	   6.5204759e-01	   6.4292495e-01	   6.2936478e-01	   6.1237452e-01	   5.8463379e-01	   5.2532809e-01	   4.8133688e-01	   4.1618502e-01	   3.5407742e-01	   3.3847140e-01	   2.6882341e-01	   2.3558243e-01	   2.3188880e-01	   2.1134311e-01	   3.7081907e-01	   5.1848618e-01	   2.3612745e-01	   9.8321167e-02	   9.1152188e-02	
   4.0225054e+00	   4.0065311e+00	   3.2804882e+00	   2.0564119e+00	   1.3803163e+00	   1.0858049e+00	   7.8257615e-01	   7.2356467e-01	   6.7644616e-01	   6.6582321e-01	   6.0204217e-01	   6.0048893e-01	   6.7086260e-01	   6.3760542e-01	   6.1997390e-01	   6.2323735e-01	   5.8736982e-01	   6.3593107e-01	   5.7120684e-01	   5.3337615e-01	   4.5964455e-01	   4.1576271e-01	   3.7935481e-01	   3.0777549e-01	   2.7786665e-01	   2.3237888e-01	   2.1588851e-01	   2.0863562e-01	   2.8203237e-01	   5.4352317e-01	   2.9458849e-01	   1.4086773e-01	   1.0310697e-01	
   4.2340007e+00	   4.1696814e+00	   2.8842776e+00	   2.1711506e+00	   1.2488301e+00	   1.0575294e+00	   7.6828628e-01	   7.3550019e-01	   6.5693366e-01	   6.7851495e-01	   6.6351636e-01	   6.6059528e-01	   6.5608700e-01	   6.1942206e-01	   6.4490321e-01	   6.2294397e-01	   6.1355964e-01	   5.9330586e-01	   5.6350990e-01	   5.3765837e-01	   4.8409977e-01	   4.1417998e-01	   3.8620068e-01	   3.2214857e-01	   2.8127285e-01	   2.4249582e-01	   2.2789581e-01	   2.0360123e-01	   2.1507812e-01	   4.5481434e-01	   4.5419329e-01	   1.4448248e-01	   1.1097180e-01	
   3.7574992e+00	   3.6509095e+00	   2.8790500e+00	   2.1172457e+00	   1.2921305e+00	   1.0277504e+00	   7.5928953e-01	   7.0673430e-01	   7.2948837e-01	   6.5534664e-01	   6.4185626e-01	   6.2663934e-01	   6.4228413e-01	   6.5423223e-01	   6.3215162e-01	   6.1325978e-01	   6.3549649e-01	   6.0207924e-01	   5.6747937e-01	   5.3349264e-01	   4.8748095e-01	   4.1547597e-01	   3.8997350e-01	   3.4218855e-01	   2.8512018e-01	   2.5791584e-01	   2.1958085e-01	   2.0552550e-01	   2.1875082e-01	   3.5848966e-01	   5.1347613e-01	   2.0643870e-01	   1.2091466e-01	
             NaN	   3.9805933e+00	   2.6135671e+00	   1.9971327e+00	   1.5274850e+00	   9.3033995e-01	   7.8762786e-01	   7.2177448e-01	   6.8965540e-01	   5.9645484e-01	   6.5562358e-01	   6.0424038e-01	   5.8956558e-01	   6.2184431e-01	   6.2406548e-01	   6.1332956e-01	   6.0645478e-01	   5.9104996e-01	   5.6179430e-01	   5.2241609e-01	   5.0387615e-01	   4.3947652e-01	   3.7965502e-01	   3.4777808e-01	   2.8899489e-01	   2.5661001e-01	   2.3030052e-01	   2.2054921e-01	   2.0882165e-01	   2.9353321e-01	   5.0276972e-01	   2.7420289e-01	   1.4806825e-01	
             NaN	   3.4317119e+00	   2.6364863e+00	   1.6575936e+00	   1.2810081e+00	   9.5493513e-01	   8.0663918e-01	   6.7963551e-01	   6.0974620e-01	   6.3204698e-01	   5.9131382e-01	   6.2730806e-01	   5.7443809e-01	   6.3206426e-01	   6.3488709e-01	   6.4029271e-01	   6.1487084e-01	   6.0665825e-01	   5.3333482e-01	   5.3753073e-01	   4.9517360e-01	   4.1890496e-01	   3.6304492e-01	   3.4604840e-01	   2.9440997e-01	   2.6144981e-01	   2.4675326e-01	   2.1705899e-01	   2.1848416e-01	   2.3714422e-01	   4.6075275e-01	   3.7585616e-01	   1.5485625e-01	
             NaN	   2.8037590e+00	   2.3139449e+00	   1.7080237e+00	   1.2188323e+00	   8.9526477e-01	   7.6754221e-01	   6.8564484e-01	   6.3845027e-01	   6.0527942e-01	   6.1281617e-01	   5.6476127e-01	   6.2996922e-01	   6.1158972e-01	   6.4621263e-01	   6.2725234e-01	   6.2401391e-01	   6.1548362e-01	   5.9398693e-01	   5.6440161e-01	   4.8577360e-01	   4.4225945e-01	   3.7889924e-01	   3.2647186e-01	   3.0575962e-01	   2.6789265e-01	   2.5466504e-01	   2.1797060e-01	   1.9843521e-01	   1.9995317e-01	   3.4448224e-01	   3.9884059e-01	   1.3217274e-01	
             NaN	   2.7317376e+00	   2.2032724e+00	   1.6801215e+00	   1.2172566e+00	   9.3922446e-01	   7.8907052e-01	   6.8418950e-01	   6.6819265e-01	   6.5586680e-01	   5.9797189e-01	   5.8172201e-01	   6.1993934e-01	   5.9684814e-01	   6.0000590e-01	   6.0773664e-01	   6.1007848e-01	   6.1154241e-01	   5.5867767e-01	   5.2286677e-01	   4.7025205e-01	   4.6220128e-01	   3.8963533e-01	   3.3846906e-01	   2.8871253e-01	   2.8093392e-01	   2.4851464e-01	   2.1580405e-01	   1.9627833e-01	   2.0186792e-01	   3.0599297e-01	   4.7109423e-01	   2.3275025e-01	
             NaN	   2.2841648e+00	   1.9305147e+00	   1.6007040e+00	   1.1477789e+00	   8.4615632e-01	   8.2022226e-01	   7.4963889e-01	   6.2955370e-01	   6.0581159e-01	   5.9423051e-01	   5.6546956e-01	   6.1527662e-01	   5.7285470e-01	   6.0134286e-01	   6.3517158e-01	   6.1877423e-01	   6.0948503e-01	   5.5946752e-01	   5.5027839e-01	   4.9517969e-01	   4.2507799e-01	   3.8090305e-01	   3.3309610e-01	   3.0152772e-01	   2.6978692e-01	   2.4516137e-01	   2.3420469e-01	   2.1530611e-01	   1.9552357e-01	   2.5397362e-01	   4.6568254e-01	   3.1791122e-01	
             NaN	   2.8242547e+00	   2.3220961e+00	   1.4267749e+00	   1.1074459e+00	   8.7921437e-01	   7.1670372e-01	   6.4468688e-01	   6.3810920e-01	   5.9746277e-01	   6.0321130e-01	   5.8711435e-01	   6.0518226e-01	   5.9080331e-01	   6.3470633e-01	   6.3297341e-01	   6.0170606e-01	   6.0586911e-01	   5.9088116e-01	   5.3110037e-01	   4.9270735e-01	   4.3611957e-01	   3.8944602e-01	   3.4305139e-01	   3.1450442e-01	   2.8020584e-01	   2.4942924e-01	   2.3123084e-01	   2.1588459e-01	   1.9712073e-01	   2.2434330e-01	   3.7302930e-01	   4.1689886e-01	
             NaN	             NaN	   1.7715237e+00	   1.4809117e+00	   1.0572403e+00	   8.4320335e-01	   7.8728984e-01	   7.0077584e-01	   5.9506133e-01	   6.1073565e-01	   6.0922451e-01	   6.0772939e-01	   5.8260381e-01	   6.1334611e-01	   6.2430782e-01	   5.9218689e-01	   5.6285330e-01	   5.7445625e-01	   5.7459092e-01	   5.4351602e-01	   4.8822406e-01	   4.6140440e-01	   4.0045932e-01	   3.4771269e-01	   2.9596601e-01	   2.8156876e-01	   2.6164342e-01	   2.3594938e-01	   2.1913433e-01	   2.1115505e-01	   1.9798903e-01	   2.9342871e-01	   4.3697881e-01	
             NaN	             NaN	   1.8308365e+00	   1.3397867e+00	   1.1685621e+00	   8.6574350e-01	   7.5380442e-01	   6.6389125e-01	   6.1022004e-01	   6.3029022e-01	   5.8461701e-01	   5.8894998e-01	   5.7356123e-01	   5.7450288e-01	   5.8400046e-01	   5.8698142e-01	   6.2009956e-01	   5.8548192e-01	   5.4683110e-01	   5.2148072e-01	   5.0675976e-01	   4.6134570e-01	   3.9691903e-01	   3.3664179e-01	   2.8322716e-01	   2.8430943e-01	   2.5761637e-01	   2.1983736e-01	   2.2241257e-01	   1.9285705e-01	   1.6162978e-01	   2.4357809e-01	   4.0064606e-01	
             NaN	             NaN	   1.7365043e+00	   1.4596382e+00	   1.0868797e+00	   8.6778636e-01	   8.0003425e-01	   6.8688491e-01	   6.2832609e-01	   5.8319918e-01	   5.8554893e-01	   5.3208217e-01	   5.9152617e-01	   5.5995947e-01	   5.8890686e-01	   5.9802674e-01	   6.2407771e-01	   5.7500027e-01	   5.7778648e-01	   5.0323728e-01	   4.8556259e-01	   4.4746308e-01	   3.8298342e-01	   3.5064832e-01	   2.8398814e-01	   2.6787658e-01	   2.6043291e-01	   2.4400708e-01	   2.1952944e-01	   2.0037789e-01	   1.9810687e-01	   2.0213584e-01	   3.7586478e-01	
             NaN	             NaN	   1.6925173e+00	   1.3070356e+00	   1.0751448e+00	   8.0256516e-01	   6.6092972e-01	   7.0044594e-01	   6.2770857e-01	   6.1325716e-01	   5.5452059e-01	   5.6024958e-01	   5.2495310e-01	   5.7355826e-01	   5.9843682e-01	   5.8743965e-01	   5.9855308e-01	   5.9312363e-01	   5.7416537e-01	   5.3453456e-01	   4.9490776e-01	   4.3922352e-01	   4.1255656e-01	   3.1731707e-01	   3.0967872e-01	   2.6678139e-01	   2.4520671e-01	   2.4069597e-01	   2.1794952e-01	   1.8897454e-01	   1.8871186e-01	   1.8662346e-01	   2.7520697e-01	
             NaN	             NaN	   1.5848289e+00	   1.1824359e+00	   9.5376297e-01	   8.5415906e-01	   7.2071298e-01	   6.6081810e-01	   6.4165054e-01	   6.0523083e-01	   5.5661101e-01	   5.3071416e-01	   5.4179922e-01	   5.7890924e-01	   6.0168261e-01	   5.8425176e-01	   6.1423598e-01	   5.5321422e-01	   5.5568684e-01	   5.0518582e-01	   4.9338617e-01	   4.4344290e-01	   4.0029263e-01	   3.2416814e-01	   2.9970095e-01	   2.5213660e-01	   2.6687398e-01	   2.4139146e-01	   2.1926919e-01	   2.0681400e-01	   1.8511882e-01	   1.9365467e-01	   2.5527841e-01	
             NaN	             NaN	             NaN	   1.2265375e+00	   9.3111627e-01	   7.8337252e-01	   7.9502398e-01	   6.4240796e-01	   6.3178571e-01	   5.2295566e-01	   5.7514189e-01	   5.5774596e-01	   5.3803767e-01	   5.6256396e-01	   5.6943332e-01	   6.0634519e-01	   5.6343442e-01	   5.9254134e-01	   5.5699138e-01	   4.7903317e-01	   4.6728397e-01	   4.2792835e-01	   3.7963587e-01	   3.4731317e-01	   2.9887830e-01	   2.6972415e-01	   2.4084341e-01	   2.5320834e-01	   2.1201854e-01	   1.9371507e-01	   1.9312378e-01	   1.8979080e-01	   2.1075026e-01	
             NaN	             NaN	             NaN	   1.3175245e+00	   9.2410733e-01	   8.2671547e-01	   6.7644332e-01	   6.0782318e-01	   6.1701707e-01	   5.5958089e-01	   5.2434556e-01	   5.4912470e-01	   5.5241825e-01	   5.6122935e-01	   5.8066077e-01	   5.6236671e-01	   5.9175035e-01	   5.8884951e-01	   5.2596781e-01	   5.0742714e-01	   4.5346204e-01	   4.3517838e-01	   3.5957070e-01	   3.4514593e-01	   2.9152070e-01	   2.7444765e-01	   2.3588894e-01	   2.3513404e-01	   2.1769396e-01	   1.9853761e-01	   1.7675770e-01	   1.6844526e-01	   1.9028431e-01	
             NaN	             NaN	             NaN	   1.0518060e+00	   8.8976983e-01	   7.4271738e-01	   6.7597805e-01	   6.6618200e-01	   5.6356132e-01	   5.5294550e-01	   5.3539924e-01	   5.4747492e-01	   5.1457748e-01	   5.4619358e-01	   5.6825395e-01	   5.4587497e-01	   5.6269225e-01	   5.2568750e-01	   5.3902052e-01	   5.2212909e-01	   4.7100705e-01	   4.0920582e-01	   3.5134303e-01	   3.1429589e-01	   3.1847948e-01	   2.5973832e-01	   2.6513958e-01	   2.4591095e-01	   2.0954594e-01	   2.0031866e-01	   1.9229410e-01	   1.6389917e-01	   1.7666620e-01	
             NaN	             NaN	             NaN	   1.1921278e+00	   8.8272033e-01	   7.8147433e-01	   6.7311161e-01	   5.9041129e-01	   5.7946062e-01	   5.3593078e-01	   5.0972784e-01	   5.3925907e-01	   5.3722324e-01	   5.6798515e-01	   5.3829329e-01	   5.6818413e-01	   5.5333611e-01	   5.1764337e-01	   5.2008961e-01	   4.7524355e-01	   4.3442035e-01	   4.0498768e-01	   3.5609913e-01	   3.2251328e-01	   3.0010610e-01	   2.6280307e-01	   2.6193627e-01	   2.1937795e-01	   2.3157939e-01	   2.0347049e-01	   1.7908137e-01	   1.9210488e-01	   1.7033870e-01	
             NaN	             NaN	             NaN	   1.0565351e+00	   8.5205235e-01	   6.8568885e-01	   7.2138474e-01	   6.2467160e-01	   5.2294689e-01	   5.3535227e-01	   5.3153300e-01	   4.9001118e-01	   5.2293200e-01	   5.3738165e-01	   5.4647985e-01	   5.2863152e-01	   5.1836648e-01	   4.9620911e-01	   5.1281106e-01	   4.6681140e-01	   4.3245432e-01	   3.7958410e-01	   3.6092215e-01	   3.3307622e-01	   2.7813226e-01	   2.8968505e-01	   2.4124036e-01	   2.2733167e-01	   2.2882621e-01	   2.2258537e-01	   2.0010018e-01	   1.8517353e-01	   1.6604683e-01	
             NaN	             NaN	             NaN	             NaN	   7.6625841e-01	   6.9220572e-01	   6.7517090e-01	   5.2715799e-01	   5.6617452e-01	   5.4271300e-01	   4.7991223e-01	   4.8011270e-01	   5.0616491e-01	   5.6422759e-01	   5.3188065e-01	   5.3908536e-01	   5.4018051e-01	   5.2172416e-01	   5.1102863e-01	   4.9854868e-01	   4.4515415e-01	   4.0298179e-01	   3.3294989e-01	   2.9368268e-01	   3.0204711e-01	   2.7305920e-01	   2.4739069e-01	   2.2563146e-01	   2.1942987e-01	   2.0682696e-01	   2.0402822e-01	   1.8716747e-01	   1.6393287e-01	
             NaN	             NaN	             NaN	             NaN	   9.0740078e-01	   7.7921368e-01	   6.9437100e-01	   5.4387560e-01	   5.3239432e-01	   5.1274213e-01	   5.0381056e-01	   4.5942859e-01	   4.9156795e-01	   5.2335971e-01	   5.3916186e-01	   5.3034598e-01	   5.1249888e-01	   5.2710759e-01	   4.8157148e-01	   4.4689831e-01	   4.1585085e-01	   3.6764381e-01	   3.3219903e-01	   3.1910826e-01	   3.1009722e-01	   2.5669369e-01	   2.5378123e-01	   2.2645169e-01	   2.3963242e-01	   1.9626864e-01	   1.9436142e-01	   1.5455373e-01	   1.6391445e-01	
             NaN	             NaN	             NaN	             NaN	   7.2556296e-01	   8.0960373e-01	   6.6655217e-01	   6.7403796e-01	   5.3643121e-01	   4.5405763e-01	   4.7386692e-01	   4.8020535e-01	   5.0102690e-01	   5.0461202e-01	   5.3018329e-01	   5.4386370e-01	   5.3753895e-01	   5.1957633e-01	   4.7935251e-01	   4.4824935e-01	   4.1926386e-01	   3.7179698e-01	   3.6410959e-01	   3.0587511e-01	   2.6683768e-01	   2.5532652e-01	   2.3898359e-01	   2.3811992e-01	   2.1597318e-01	   1.9350955e-01	   1.8158064e-01	   1.8114580e-01	   1.6006264e-01	
             NaN	             NaN	             NaN	             NaN	   8.7953230e-01	   7.6910117e-01	   6.2046510e-01	   5.8443875e-01	   5.8624036e-01	   5.0532449e-01	   4.5140291e-01	   4.8790607e-01	   4.5671272e-01	   5.0469933e-01	   5.0620324e-01	   4.8985655e-01	   4.7353389e-01	   4.9423685e-01	   4.7066709e-01	   4.4995555e-01	   4.1902937e-01	   3.5676338e-01	   3.4399019e-01	   3.1670887e-01	   2.7580057e-01	   2.4746934e-01	   2.4119236e-01	   2.4051181e-01	   2.1329972e-01	   2.1011443e-01	   1.8373789e-01	   1.8084436e-01	   1.6086478e-01	
             NaN	             NaN	             NaN	             NaN	   8.4202102e-01	   7.1064006e-01	   6.3601884e-01	   5.6925169e-01	   5.1686574e-01	   4.5502578e-01	   4.7954816e-01	   4.4366881e-01	   4.6135448e-01	   4.7484812e-01	   4.8150114e-01	   4.9982818e-01	   4.8930984e-01	   4.9722606e-01	   4.9275258e-01	   4.3777093e-01	   3.8479879e-01	   3.8249310e-01	   3.5052476e-01	   2.8577034e-01	   2.7001725e-01	   2.6793717e-01	   2.5303980e-01	   2.3517604e-01	   2.0807686e-01	   1.9991294e-01	   1.9703791e-01	   1.7858494e-01	   1.7635447e-01	
             NaN	             NaN	             NaN	             NaN	             NaN	   6.3004535e-01	   5.9347470e-01	   5.6425444e-01	   5.2286640e-01	   4.7734897e-01	   4.3299850e-01	   4.4913810e-01	   4.3682461e-01	   4.5171328e-01	   4.4217001e-01	   4.7676674e-01	   4.9048667e-01	   4.7699333e-01	   4.3022305e-01	   4.0331768e-01	   3.7924784e-01	   3.3640966e-01	   3.0422218e-01	   2.8658452e-01	   2.5980360e-01	   2.6153731e-01	   2.2920266e-01	   2.2670511e-01	   2.1021009e-01	   1.8690283e-01	   1.8713916e-01	   1.7230880e-01	   1.5709270e-01	
             NaN	             NaN	             NaN	             NaN	             NaN	   6.6100732e-01	   6.1051264e-01	   5.1032337e-01	   4.8517367e-01	   4.4792639e-01	   4.2535456e-01	   4.4802186e-01	   4.4567187e-01	   4.6151311e-01	   5.0135381e-01	   4.7193414e-01	   4.7807680e-01	   4.5517237e-01	   4.2703023e-01	   4.0588134e-01	   3.6571401e-01	   3.3208787e-01	   3.2906145e-01	   2.8497809e-01	   2.6662768e-01	   2.3348760e-01	   2.2311028e-01	   2.1997373e-01	   2.1641270e-01	   1.9953790e-01	   1.8902870e-01	   1.6627547e-01	   1.6185403e-01	
             NaN	             NaN	             NaN	             NaN	             NaN	   6.4119019e-01	   6.2650425e-01	   5.1020655e-01	   5.4200519e-01	   4.5931907e-01	   4.8261690e-01	   4.2206866e-01	   4.6321876e-01	   4.6692265e-01	   4.4922825e-01	   4.4099013e-01	   4.4939271e-01	   4.4417772e-01	   4.3907495e-01	   3.7864694e-01	   3.6927301e-01	   3.3387008e-01	   2.9328427e-01	   2.6647104e-01	   2.5082453e-01	   2.3839133e-01	   2.3240677e-01	   2.0702164e-01	   2.0521024e-01	   1.8745009e-01	   1.8705978e-01	   1.7363032e-01	   1.6647000e-01	
             NaN	             NaN	             NaN	             NaN	             NaN	   6.0856041e-01	   5.5729385e-01	   5.4030009e-01	   4.4522771e-01	   4.5244426e-01	   4.2816888e-01	   4.1631649e-01	   4.4700767e-01	   4.4004133e-01	   4.4409752e-01	   4.4278619e-01	   4.3854059e-01	   4.3693542e-01	   4.1609840e-01	   3.9398261e-01	   3.7817318e-01	   3.3468742e-01	   3.1448228e-01	   2.8895185e-01	   2.5891654e-01	   2.3364465e-01	   2.3993938e-01	   2.3631378e-01	   2.0905735e-01	   1.8998691e-01	   1.8133727e-01	   1.7320235e-01	   1.7418572e-01	
             NaN	             NaN	             NaN	             NaN	             NaN	   6.5783363e-01	   6.1797907e-01	   5.4274081e-01	   5.3136936e-01	   4.1138482e-01	   4.6301817e-01	   4.2078467e-01	   4.6495483e-01	   4.2745923e-01	   4.6877305e-01	   4.2277266e-01	   4.2289860e-01	   4.0993172e-01	   4.0514198e-01	   3.6673631e-01	   3.4851358e-01	   3.0200570e-01	   3.1346618e-01	   2.6202209e-01	   2.5502133e-01	   2.3237370e-01	   2.2981953e-01	   2.1334437e-01	   1.9779763e-01	   1.9167383e-01	   1.8042466e-01	   1.7723345e-01	   1.4737847e-01	
             NaN	             NaN	             NaN	             NaN	             NaN	             NaN	   5.6558388e-01	   5.2198344e-01	   4.9819798e-01	   4.4127698e-01	   4.3470087e-01	   4.1563320e-01	   3.9179943e-01	   4.4361624e-01	   3.9260304e-01	   4.4745425e-01	   4.0053520e-01	   4.2969676e-01	   3.8335883e-01	   3.4730717e-01	   3.5133530e-01	   3.1092926e-01	   2.8963190e-01	   2.5921971e-01	   2.4219506e-01	   2.2001217e-01	   2.3355555e-01	   2.1203521e-01	   1.9729843e-01	   1.8582057e-01	   1.7154281e-01	   1.6498582e-01	   1.7585381e-01	
             NaN	             NaN	             NaN	             NaN	             NaN	             NaN	   5.9630841e-01	   5.3609641e-01	   4.8679554e-01	   4.1468640e-01	   3.8441426e-01	   4.0968741e-01	   4.1470145e-01	   4.0007437e-01	   4.0065436e-01	   4.3853175e-01	   4.0161667e-01	   4.1224555e-01	   3.7730456e-01	   3.5928163e-01	   3.3304164e-01	   2.9974858e-01	   2.7903184e-01	   2.6227626e-01	   2.4784808e-01	   2.2260209e-01	   2.2343391e-01	   2.2619656e-01	   2.0141435e-01	   1.8804615e-01	   1.7629462e-01	   1.6483853e-01	   1.5420142e-01	
   0.0000000e+00	             NaN	             NaN	             NaN	             NaN	             NaN	   4.6643888e-01	   5.1548941e-01	   4.8048784e-01	   4.4493685e-01	   4.5344984e-01	   3.6073883e-01	   4.3170642e-01	   4.3719864e-01	   4.1255554e-01	   4.1118409e-01	   3.8400487e-01	   4.2163727e-01	   3.6738818e-01	   3.3127562e-01	   3.3550554e-01	   2.9083770e-01	   2.6932610e-01	   2.6366623e-01	   2.3071476e-01	   2.2946140e-01	   2.0961203e-01	   2.0142891e-01	   2.0817886e-01	   1.9796680e-01	   1.7719328e-01	   1.7272920e-01	   1.6160350e-01	
   0.0000000e+00	             NaN	             NaN	             NaN	             NaN	             NaN	   5.7160566e-01	   4.8336572e-01	   4.7749123e-01	   4.1607431e-01	   4.1077705e-01	   3.8688620e-01	   3.9327491e-01	   4.1267690e-01	   4.0973878e-01	   4.1718649e-01	   4.1882328e-01	   3.8041242e-01	   3.6391378e-01	   3.3349600e-01	   3.2037657e-01	   2.9652723e-01	   2.6067070e-01	   2.6116228e-01	   2.3188386e-01	   2.2704433e-01	   2.1184855e-01	   2.1131449e-01	   1.7349705e-01	   1.8455775e-01	   1.7583318e-01	   1.5467929e-01	   1.6174655e-01	
   0.0000000e+00	             NaN	             NaN	             NaN	             NaN	             NaN	   6.2911283e-01	   5.0730581e-01	   4.6226305e-01	   4.0664738e-01	   4.1196502e-01	   3.7423975e-01	   3.8434925e-01	   4.1483472e-01	   4.0696840e-01	   3.9414937e-01	   3.8432381e-01	   4.1463272e-01	   3.4503925e-01	   3.3798381e-01	   2.9235141e-01	   2.7200032e-01	   2.5021171e-01	   2.3734778e-01	   2.2546985e-01	   2.3466684e-01	   1.9152444e-01	   1.9664736e-01	   1.8913602e-01	   1.8850876e-01	   1.7693479e-01	   1.6302281e-01	   1.5648568e-01	
   0.0000000e+00	             NaN	             NaN	             NaN	             NaN	             NaN	             NaN	   4.9507530e-01	   4.1768244e-01	   3.9636140e-01	   3.7029082e-01	   3.6749120e-01	   3.6843136e-01	   4.0904783e-01	   3.9287976e-01	   3.9480403e-01	   3.9784156e-01	   3.4578329e-01	   3.3894556e-01	   3.2504299e-01	   3.1417657e-01	   2.7560610e-01	   2.6511587e-01	   2.3249843e-01	   2.1653392e-01	   2.2671803e-01	   1.9980218e-01	   2.1945270e-01	   1.8449077e-01	   1.6624367e-01	   1.7151863e-01	   1.6670546e-01	   1.6114447e-01	
   0.0000000e+00	             NaN	             NaN	             NaN	             NaN	             NaN	             NaN	   5.3070106e-01	   4.4528823e-01	   3.8967217e-01	   3.3682708e-01	   3.8865964e-01	   3.7681717e-01	   3.9974066e-01	   3.6007513e-01	   3.7137413e-01	   3.6125130e-01	   3.5734903e-01	   3.3930703e-01	   3.2112322e-01	   2.9103632e-01	   2.7166033e-01	   2.3947755e-01	   2.3608356e-01	   2.1162546e-01	   2.1323297e-01	   2.0478908e-01	   2.0414840e-01	   1.9453741e-01	   1.7338405e-01	   1.5948459e-01	   1.6792677e-01	   1.6239793e-01	
   0.0000000e+00	   0.0000000e+00	             NaN	             NaN	             NaN	             NaN	             NaN	   5.4983357e-01	   4.5221320e-01	   4.1273676e-01	   3.5965290e-01	   3.7786555e-01	   3.5198575e-01	   3.8170916e-01	   3.8095601e-01	   3.5785187e-01	   3.5603508e-01	   3.4850592e-01	   3.1396196e-01	   3.1357886e-01	   2.8600652e-01	   2.6169278e-01	   2.4487810e-01	   2.1385305e-01	   2.1734951e-01	   2.0631237e-01	   1.8075458e-01	   1.9701756e-01	   1.7040844e-01	   1.7396483e-01	   1.6914598e-01	   1.5191791e-01	   1.3887186e-01	
   0.0000000e+00	   0.0000000e+00	             NaN	             NaN	             NaN	             NaN	             NaN	   5.1341871e-01	   4.1692073e-01	   3.6397567e-01	   3.3624724e-01	   3.4899438e-01	   3.4338404e-01	   3.8468867e-01	   3.7963101e-01	   3.7148831e-01	   3.5387826e-01	   3.3884418e-01	   3.0901939e-01	   3.0510547e-01	   2.8350380e-01	   2.6644450e-01	   2.3989046e-01	   2.1409469e-01	   1.9950863e-01	   1.8765919e-01	   2.1049429e-01	   1.8058352e-01	   1.7898384e-01	   1.7937262e-01	   1.6765332e-01	   1.6963094e-01	   1.4642327e-01	
   0.0000000e+00	   0.0000000e+00	             NaN	             NaN	             NaN	             NaN	             NaN	   5.0138536e-01	   3.9005812e-01	   3.7589294e-01	   3.5815615e-01	   3.1180580e-01	   3.3314280e-01	   3.5460908e-01	   3.6766462e-01	   3.3748428e-01	   3.6273729e-01	   3.4983036e-01	   3.0287560e-01	   3.0739394e-01	   2.7747448e-01	   2.4742425e-01	   2.0677027e-01	   2.1229934e-01	   2.0526107e-01	   2.0207249e-01	   1.9517261e-01	   1.8290358e-01	   1.7824576e-01	   1.6190536e-01	   1.5034590e-01	   1.4859532e-01	   1.5866462e-01	
   0.0000000e+00	   0.0000000e+00	             NaN	             NaN	             NaN	             NaN	             NaN	             NaN	   4.3724627e-01	   3.7457755e-01	   3.3859082e-01	   3.3554625e-01	   3.2155595e-01	   3.4608155e-01	   3.2520540e-01	   3.2699989e-01	   3.2769247e-01	   3.0587465e-01	   2.9641139e-01	   2.8512842e-01	   2.5227174e-01	   2.4963061e-01	   2.2258338e-01	   2.0458222e-01	   1.8918038e-01	   2.0020855e-01	   1.9250239e-01	   1.7356593e-01	   1.6419704e-01	   1.6443263e-01	   1.6675191e-01	   1.5216094e-01	   1.5390405e-01	
   0.0000000e+00	   0.0000000e+00	             NaN	             NaN	             NaN	             NaN	             NaN	             NaN	   3.7450496e-01	   3.6833827e-01	   3.3116438e-01	   3.5704616e-01	   3.3004982e-01	   3.5968974e-01	   3.2819614e-01	   3.4016150e-01	   3.2922766e-01	   3.1510758e-01	   2.9652786e-01	   2.7257084e-01	   2.5219654e-01	   2.3531259e-01	   2.0825953e-01	   1.9694350e-01	   2.0695114e-01	   1.8426759e-01	   1.9171391e-01	   1.9302366e-01	   1.6712887e-01	   1.6547385e-01	   1.5408430e-01	   1.4963513e-01	   1.4407290e-01	
   0.0000000e+00	   0.0000000e+00	   0.0000000e+00	             NaN	             NaN	             NaN	             NaN	             NaN	   4.3863995e-01	   4.1205248e-01	   3.3473098e-01	   3.4216149e-01	   3.1209124e-01	   3.4757028e-01	   3.5533579e-01	   3.3830953e-01	   3.3155496e-01	   3.1394565e-01	   2.7966751e-01	   2.6931627e-01	   2.6048919e-01	   2.4425094e-01	   2.1589635e-01	   2.1774735e-01	   1.7611441e-01	   1.9954925e-01	   1.6585861e-01	   1.6726130e-01	   1.6562841e-01	   1.5155562e-01	   1.5146390e-01	   1.4504017e-01	   1.3771825e-01	
   0.0000000e+00	   0.0000000e+00	   0.0000000e+00	             NaN	             NaN	             NaN	             NaN	             NaN	   3.7345388e-01	   3.2045982e-01	   3.2969141e-01	   2.9583110e-01	   3.3376184e-01	   3.2367012e-01	   3.3602186e-01	   3.3177113e-01	   3.0640559e-01	   2.8571862e-01	   3.0682005e-01	   2.9471173e-01	   2.4481348e-01	   2.3052153e-01	   2.1140499e-01	   1.8649804e-01	   1.9047815e-01	   1.7592324e-01	   1.6130448e-01	   1.5574873e-01	   1.6161885e-01	   1.7997161e-01	   1.5747287e-01	   1.5026583e-01	   1.3114576e-01	
   0.0000000e+00	   0.0000000e+00	   0.0000000e+00	             NaN	             NaN	             NaN	             NaN	             NaN	   3.9367033e-01	   3.8541654e-01	   3.3562621e-01	   2.7558575e-01	   3.3326678e-01	   3.2038420e-01	   3.2587487e-01	   3.1062460e-01	   3.0177600e-01	   2.7285040e-01	   2.6307027e-01	   2.7647277e-01	   2.3285908e-01	   2.0862712e-01	   1.8671087e-01	   1.9855654e-01	   1.7593782e-01	   1.6132867e-01	   1.5742044e-01	   1.5624423e-01	   1.5520081e-01	   1.4481563e-01	   1.4575423e-01	   1.4615144e-01	   1.3183384e-01	
   0.0000000e+00	   0.0000000e+00	   0.0000000e+00	             NaN	             NaN	             NaN	             NaN	             NaN	   3.8688494e-01	   3.1288632e-01	   2.8269835e-01	   3.3834415e-01	   3.0641889e-01	   3.0474957e-01	   3.0594952e-01	   2.8295534e-01	   2.9898128e-01	   2.6843157e-01	   2.5552716e-01	   2.4677883e-01	   2.2864548e-01	   2.1467170e-01	   1.9770321e-01	   1.7822598e-01	   1.6878543e-01	   1.7954606e-01	   1.6808047e-01	   1.4726397e-01	   1.5236240e-01	   1.4388003e-01	   1.4059716e-01	   1.3370253e-01	   1.3852391e-01	
   0.0000000e+00	   0.0000000e+00	   0.0000000e+00	             NaN	             NaN	             NaN	             NaN	             NaN	             NaN	   3.4609280e-01	   2.9164621e-01	   3.0216586e-01	   2.7619741e-01	   3.2400116e-01	   3.2015373e-01	   2.8557590e-01	   2.7511386e-01	   2.8761834e-01	   3.1092375e-01	   2.5527684e-01	   2.1314458e-01	   2.1438348e-01	   2.0086139e-01	   1.8740945e-01	   1.7045285e-01	   1.8928352e-01	   1.5059408e-01	   1.5008902e-01	   1.7370451e-01	   1.4926327e-01	   1.3675694e-01	   1.2977405e-01	   1.3331127e-01	
   0.0000000e+00	   0.0000000e+00	   0.0000000e+00	   0.0000000e+00	             NaN	             NaN	             NaN	             NaN	             NaN	   3.1711318e-01	   2.6780470e-01	   3.1894460e-01	   2.9301729e-01	   3.0498185e-01	   2.7897933e-01	   2.8329755e-01	   2.6484863e-01	   2.6312898e-01	   2.3700674e-01	   2.4939741e-01	   2.0127461e-01	   1.9662105e-01	   1.9505040e-01	   1.7300295e-01	   1.7150383e-01	   1.7019973e-01	   1.5558401e-01	   1.4946969e-01	   1.4167772e-01	   1.4111482e-01	   1.3108016e-01	   1.3431117e-01	   1.2846748e-01	
   0.0000000e+00	   0.0000000e+00	   0.0000000e+00	   0.0000000e+00	             NaN	             NaN	             NaN	             NaN	             NaN	   3.3409455e-01	   2.6819459e-01	   2.6947532e-01	   2.4133665e-01	   3.2643283e-01	   2.7448193e-01	   2.9694414e-01	   2.6021388e-01	   2.5873786e-01	   2.5899657e-01	   2.2178381e-01	   2.0661749e-01	   2.0539312e-01	   1.7955758e-01	   1.6979404e-01	   1.7760764e-01	   1.5860891e-01	   1.5505416e-01	   1.5547574e-01	   1.6097826e-01	   1.4586321e-01	   1.3271691e-01	   1.2641398e-01	   1.2273319e-01	
   0.0000000e+00	   0.0000000e+00	   0.0000000e+00	   0.0000000e+00	             NaN	             NaN	             NaN	             NaN	             NaN	   2.8723879e-01	   3.5814375e-01	   2.8722987e-01	   2.8526798e-01	   2.9043169e-01	   2.6291925e-01	   2.6228186e-01	   2.3923561e-01	   2.3605066e-01	   2.0887196e-01	   2.0565435e-01	   2.2024293e-01	   1.8888848e-01	   1.7806366e-01	   1.6711846e-01	   1.6939920e-01	   1.5904675e-01	   1.4726424e-01	   1.2618859e-01	   1.5813640e-01	   1.5568154e-01	   1.3883751e-01	   1.3313357e-01	   1.0813134e-01	
   0.0000000e+00	   0.0000000e+00	   0.0000000e+00	   0.0000000e+00	             NaN	             NaN	             NaN	             NaN	             NaN	   2.9452764e-01	   3.1082334e-01	   2.5955886e-01	   2.6805100e-01	   2.5865943e-01	   2.9675189e-01	   2.3268630e-01	   2.3431031e-01	   2.6172868e-01	   2.3906377e-01	   2.3331781e-01	   2.0787347e-01	   1.9665057e-01	   1.8568889e-01	   1.6595395e-01	   1.6387312e-01	   1.3578853e-01	   1.6303609e-01	   1.4754391e-01	   1.4583334e-01	   1.3511764e-01	   1.2199211e-01	   1.2386703e-01	   1.3551422e-01	
   0.0000000e+00	   0.0000000e+00	   0.0000000e+00	   0.0000000e+00	             NaN	             NaN	             NaN	             NaN	             NaN	             NaN	   3.3495613e-01	   2.9961267e-01	   2.8263534e-01	   2.8954562e-01	   1.9778134e-01	   2.3504570e-01	   2.2897867e-01	   2.3897288e-01	   2.2657664e-01	   2.0106098e-01	   2.0553835e-01	   1.8267557e-01	   1.6095425e-01	   1.6856687e-01	   1.5681532e-01	   1.5591740e-01	   1.3781003e-01	   1.3516924e-01	   1.3083848e-01	   1.2571772e-01	   1.2770064e-01	   1.2701410e-01	   1.2671305e-01	
   0.0000000e+00	   0.0000000e+00	   0.0000000e+00	   0.0000000e+00	             NaN	             NaN	             NaN	             NaN	             NaN	             NaN	   2.6701957e-01	   2.4716290e-01	   2.6207863e-01	   2.5692726e-01	   2.4808429e-01	   2.5658689e-01	   2.3012963e-01	   2.0971359e-01	   2.2305001e-01	   2.2608806e-01	   1.9772978e-01	   1.7047097e-01	   1.7176231e-01	   1.7643056e-01	   1.4334197e-01	   1.4730066e-01	   1.4192742e-01	   1.3711942e-01	   1.0828341e-01	   1.2513883e-01	   1.3088881e-01	   1.1755251e-01	   1.2819451e-01	
   0.0000000e+00	   0.0000000e+00	   0.0000000e+00	   0.0000000e+00	   0.0000000e+00	             NaN	             NaN	             NaN	             NaN	             NaN	   2.4282202e-01	   2.6999907e-01	   2.3222732e-01	   1.9982222e-01	   2.7058401e-01	   2.5122480e-01	   2.5368679e-01	   2.1281826e-01	   2.1294049e-01	   1.9849022e-01	   2.0516578e-01	   1.6354436e-01	   1.4115379e-01	   1.4892632e-01	   1.5250048e-01	   1.4837083e-01	   1.2862091e-01	   1.3044261e-01	   1.2466387e-01	   1.1612133e-01	   1.1641029e-01	   1.2791969e-01	   1.1723320e-01	
   0.0000000e+00	   0.0000000e+00	   0.0000000e+00	   0.0000000e+00	   0.0000000e+00	             NaN	             NaN	             NaN	             NaN	             NaN	   2.3988696e-01	   2.6124294e-01	   2.2997980e-01	   2.6594205e-01	   2.4894157e-01	   2.5958067e-01	   2.2345003e-01	   2.5746683e-01	   2.0936276e-01	   1.9324306e-01	   1.8830653e-01	   1.5863151e-01	   1.6831119e-01	   1.5032123e-01	   1.4218756e-01	   1.2836842e-01	   1.2735714e-01	   1.3037355e-01	   1.2638427e-01	   1.0723969e-01	   1.1732192e-01	   1.1051010e-01	   1.0681909e-01	
   0.0000000e+00	   0.0000000e+00	   0.0000000e+00	   0.0000000e+00	   0.0000000e+00	             NaN	             NaN	             NaN	             NaN	             NaN	   2.6698652e-01	   2.2892405e-01	   2.6152355e-01	   2.7685569e-01	   2.0808480e-01	   2.4022190e-01	   2.4764278e-01	   2.1818138e-01	   1.9793539e-01	   1.9970599e-01	   1.7189882e-01	   1.7520307e-01	   1.4856550e-01	   1.4005045e-01	   1.4095318e-01	   1.3728034e-01	   1.3384084e-01	   1.2765611e-01	   1.2101710e-01	   1.3822568e-01	   1.1706159e-01	   1.0656280e-01	   9.8284040e-02	
   0.0000000e+00	   0.0000000e+00	   0.0000000e+00	   0.0000000e+00	   0.0000000e+00	             NaN	             NaN	             NaN	             NaN	             NaN	             NaN	   2.4514451e-01	   2.5369411e-01	   2.4477086e-01	   1.9685043e-01	   2.5747977e-01	   2.1541593e-01	   2.0458818e-01	   2.1139276e-01	   1.7627290e-01	   1.7677251e-01	   1.6117590e-01	   1.4352583e-01	   1.4790673e-01	   1.3619757e-01	   1.4373065e-01	   1.1598860e-01	   1.4522221e-01	   1.1265907e-01	   1.2147184e-01	   1.0493435e-01	   1.0464505e-01	   1.0077185e-01	
   0.0000000e+00	   0.0000000e+00	   0.0000000e+00	   0.0000000e+00	   0.0000000e+00	             NaN	             NaN	             NaN	             NaN	             NaN	             NaN	   2.6589532e-01	   2.3718437e-01	   2.3115139e-01	   2.2175216e-01	   2.6665979e-01	   2.3474285e-01	   2.1823152e-01	   1.7824426e-01	   1.7506104e-01	   1.6527168e-01	   1.4369823e-01	   1.7228561e-01	   1.3960005e-01	   1.2014431e-01	   1.3245989e-01	   1.2757318e-01	   1.1660039e-01	   1.0733280e-01	   1.0520805e-01	   1.2103529e-01	   1.1082251e-01	   1.2043392e-01	
   0.0000000e+00	   0.0000000e+00	   0.0000000e+00	   0.0000000e+00	   0.0000000e+00	   0.0000000e+00	             NaN	             NaN	             NaN	             NaN	             NaN	   2.2799352e-01	   2.3415665e-01	   2.2107134e-01	   2.0057272e-01	   2.2140016e-01	   2.2012333e-01	   2.2854758e-01	   1.9078186e-01	   1.9081281e-01	   1.5253127e-01	   1.6438925e-01	   1.4071438e-01	   1.3223991e-01	   1.3057836e-01	   1.2261107e-01	   1.0679608e-01	   1.1601850e-01	   1.1285628e-01	   1.1435620e-01	   1.1574355e-01	   9.2795551e-02	   1.0908682e-01	
   0.0000000e+00	   0.0000000e+00	   0.0000000e+00	   0.0000000e+00	   0.0000000e+00	   0.0000000e+00	             NaN	             NaN	             NaN	             NaN	             NaN	   2.7716052e-01	   2.2526481e-01	   1.9473548e-01	   2.3686572e-01	   2.2529997e-01	   2.0545168e-01	   1.8985343e-01	   1.7629208e-01	   1.8260195e-01	   1.7079386e-01	   1.5253528e-01	   1.1568057e-01	   1.3344969e-01	   1.2103313e-01	   1.0876450e-01	   1.0501496e-01	   9.3245356e-02	   1.2969336e-01	   1.0902784e-01	   9.9483705e-02	   1.1286260e-01	   1.1065444e-01	
   0.0000000e+00	   0.0000000e+00	   0.0000000e+00	   0.0000000e+00	   0.0000000e+00	   0.0000000e+00	             NaN	             NaN	             NaN	             NaN	             NaN	   1.9021758e-01	   2.0409491e-01	   2.5439367e-01	   2.1367823e-01	   2.1702660e-01	   2.0230798e-01	   2.0175986e-01	   1.7415702e-01	   1.8128275e-01	   1.6130283e-01	   1.2782561e-01	   1.3692779e-01	   1.1108830e-01	   1.3268866e-01	   1.2587843e-01	   1.1611111e-01	   1.3422710e-01	   9.4007862e-02	   1.0749328e-01	   1.1278355e-01	   1.0442615e-01	   9.7476603e-02	
   0.0000000e+00	   0.0000000e+00	   0.0000000e+00	   0.0000000e+00	   0.0000000e+00	   0.0000000e+00	             NaN	             NaN	             NaN	             NaN	             NaN	             NaN	   2.3192175e-01	   2.2932480e-01	   2.0716840e-01	   2.0952749e-01	   1.8131075e-01	   1.9353596e-01	   1.4839293e-01	   1.6281449e-01	   1.9239538e-01	   1.3891295e-01	   1.3856273e-01	   1.3473289e-01	   1.1203390e-01	   1.0897078e-01	   1.1346347e-01	   1.0994345e-01	   1.0007663e-01	   9.7516574e-02	   1.0209908e-01	   8.5801380e-02	   9.0391750e-02	
   0.0000000e+00	   0.0000000e+00	   0.0000000e+00	   0.0000000e+00	   0.0000000e+00	   0.0000000e+00	             NaN	             NaN	             NaN	             NaN	             NaN	             NaN	   2.5150658e-01	   2.3045898e-01	   2.5048186e-01	   1.8852508e-01	   1.7068050e-01	   1.6426781e-01	   1.5741972e-01	   1.4957948e-01	   1.4196255e-01	   1.3302510e-01	   1.3528469e-01	   1.1569977e-01	   1.1955258e-01	   1.2320309e-01	   1.2183061e-01	   1.0613140e-01	   1.0117370e-01	   1.0561422e-01	   9.5546418e-02	   9.1996640e-02	   9.0852111e-02	
   0.0000000e+00	   0.0000000e+00	   0.0000000e+00	   0.0000000e+00	   0.0000000e+00	   0.0000000e+00	   0.0000000e+00	             NaN	             NaN	             NaN	             NaN	             NaN	   2.0515555e-01	   2.3106285e-01	   2.2520386e-01	   1.9368362e-01	   1.8225875e-01	   1.8525997e-01	   1.4900681e-01	   1.5549505e-01	   1.5295821e-01	   1.4165932e-01	   1.2618768e-01	   1.2833517e-01	   9.7048177e-02	   1.1045953e-01	   1.0409072e-01	   1.1341133e-01	   9.6060247e-02	   1.1104664e-01	   7.5167076e-02	   9.8487005e-02	   8.5163906e-02	
   0.0000000e+00	   0.0000000e+00	   0.0000000e+00	   0.0000000e+00	   0.0000000e+00	   0.0000000e+00	   0.0000000e+00	             NaN	             NaN	             NaN	             NaN	             NaN	   2.4315660e-01	   1.9767939e-01	   2.1388743e-01	   1.8147552e-01	   1.7136638e-01	   1.5274155e-01	   1.5868904e-01	   1.7019563e-01	   1.4212001e-01	   1.3182600e-01	   1.0484944e-01	   9.8843394e-02	   1.1140880e-01	   1.2286583e-01	   9.9304055e-02	   1.0441270e-01	   1.0385108e-01	   9.8812535e-02	   9.7408954e-02	   9.1485852e-02	   8.5940608e-02	
   0.0000000e+00	   0.0000000e+00	   0.0000000e+00	   0.0000000e+00	   0.0000000e+00	   0.0000000e+00	   0.0000000e+00	             NaN	             NaN	             NaN	             NaN	             NaN	   2.5353859e-01	   2.1086706e-01	   2.0028182e-01	   1.9521489e-01	   1.8862793e-01	   1.5755461e-01	   1.6172175e-01	   1.5361085e-01	   1.2801047e-01	   1.2157027e-01	   1.2921289e-01	   1.0321251e-01	   1.0667552e-01	   9.8959395e-02	   1.0329854e-01	   8.9891385e-02	   8.8855114e-02	   1.0158597e-01	   1.0094080e-01	   9.0836096e-02	   9.0962074e-02	
   0.0000000e+00	   0.0000000e+00	   0.0000000e+00	   0.0000000e+00	   0.0000000e+00	   0.0000000e+00	   0.0000000e+00	             NaN	             NaN	             NaN	             NaN	             NaN	             NaN	   2.0811059e-01	   1.7352475e-01	   1.8488466e-01	   1.5692630e-01	   1.7482508e-01	   1.6428785e-01	   1.4860308e-01	   1.5115892e-01	   9.8248054e-02	   1.0371311e-01	   1.1120457e-01	   1.1449199e-01	   1.2165257e-01	   8.7759884e-02	   9.1464410e-02	   1.0455956e-01	   9.2250343e-02	   8.8800715e-02	   7.9006000e-02	   8.5108979e-02	
   0.0000000e+00	   0.0000000e+00	   0.0000000e+00	   0.0000000e+00	   0.0000000e+00	   0.0000000e+00	   0.0000000e+00	             NaN	             NaN	             NaN	             NaN	             NaN	             NaN	   2.0530431e-01	   1.7211350e-01	   1.5232202e-01	   1.5950294e-01	   1.4296915e-01	   1.4985178e-01	   1.4712882e-01	   1.2560996e-01	   1.1481569e-01	   9.8866371e-02	   1.0539941e-01	   9.4912736e-02	   1.0787641e-01	   1.0340917e-01	   8.3623023e-02	   1.0185112e-01	   8.5101818e-02	   8.7065737e-02	   9.5195881e-02	   7.4409433e-02	
   0.0000000e+00	   0.0000000e+00	   0.0000000e+00	   0.0000000e+00	   0.0000000e+00	   0.0000000e+00	   0.0000000e+00	   0.0000000e+00	             NaN	             NaN	             NaN	             NaN	             NaN	   2.1193411e-01	   1.7402039e-01	   1.7930175e-01	   1.4989506e-01	   1.3929439e-01	   1.4417552e-01	   1.3905740e-01	   1.4753603e-01	   1.1978242e-01	   1.0930197e-01	   1.0565872e-01	   1.0211820e-01	   8.6402481e-02	   1.1570824e-01	   8.7226104e-02	   1.0047283e-01	   8.7367892e-02	   9.7927696e-02	   8.9304744e-02	   7.2146598e-02	
   0.0000000e+00	   0.0000000e+00	   0.0000000e+00	   0.0000000e+00	   0.0000000e+00	   0.0000000e+00	   0.0000000e+00	   0.0000000e+00	             NaN	             NaN	             NaN	             NaN	             NaN	   2.1265554e-01	   1.7504926e-01	   1.3965914e-01	   1.3373360e-01	   1.4254170e-01	   1.2362744e-01	   1.3992385e-01	   1.0712674e-01	   1.3690072e-01	   1.0770183e-01	   1.2186946e-01	   9.6544385e-02	   8.6863565e-02	   8.9401815e-02	   8.1651770e-02	   1.2332917e-01	   8.0427352e-02	   9.2365988e-02	   8.5073718e-02	   7.4510783e-02	
   0.0000000e+00	   0.0000000e+00	   0.0000000e+00	   0.0000000e+00	   0.0000000e+00	   0.0000000e+00	   0.0000000e+00	   0.0000000e+00	             NaN	             NaN	             NaN	             NaN	             NaN	   2.5496189e-01	   1.9171228e-01	   1.6839115e-01	   1.3593871e-01	   1.5825328e-01	   1.2805164e-01	   1.4275792e-01	   1.0894986e-01	   1.3164240e-01	   1.1215126e-01	   1.0721294e-01	   1.0113937e-01	   7.5169353e-02	   9.5245259e-02	   8.5928241e-02	   8.3663211e-02	   8.1401203e-02	   8.2148693e-02	   7.6763809e-02	   6.8368104e-02	
   0.0000000e+00	   0.0000000e+00	   0.0000000e+00	   0.0000000e+00	   0.0000000e+00	   0.0000000e+00	   0.0000000e+00	   0.0000000e+00	             NaN	             NaN	             NaN	             NaN	             NaN	             NaN	   1.7285889e-01	   1.3810741e-01	   1.5508400e-01	   1.3651640e-01	   1.2801770e-01	   1.4360783e-01	   1.1670838e-01	   1.1233837e-01	   9.9860377e-02	   8.3907115e-02	   9.5366070e-02	   8.5260838e-02	   8.0750219e-02	   7.8474363e-02	   9.3706907e-02	   6.4668206e-02	   9.0742823e-02	   8.0709308e-02	   6.6560787e-02	
   0.0000000e+00	   0.0000000e+00	   0.0000000e+00	   0.0000000e+00	   0.0000000e+00	   0.0000000e+00	   0.0000000e+00	   0.0000000e+00	             NaN	             NaN	             NaN	             NaN	             NaN	             NaN	   1.8631837e-01	   1.6235628e-01	   1.4424844e-01	   1.7203157e-01	   1.4592423e-01	   1.2431514e-01	   1.1892439e-01	   1.2222360e-01	   1.1160909e-01	   1.0627618e-01	   8.3793271e-02	   9.5779211e-02	   8.0407571e-02	   7.2767330e-02	   8.0430996e-02	   7.8816659e-02	   7.5257441e-02	   7.8767536e-02	   6.8504283e-02	
   0.0000000e+00	   0.0000000e+00	   0.0000000e+00	   0.0000000e+00	   0.0000000e+00	   0.0000000e+00	   0.0000000e+00	   0.0000000e+00	   0.0000000e+00	             NaN	             NaN	             NaN	             NaN	             NaN	   1.6673926e-01	   1.5436396e-01	   1.6634893e-01	   1.3650412e-01	   1.2237707e-01	   1.4982017e-01	   1.1869994e-01	   1.0127721e-01	   1.0418441e-01	   9.0260797e-02	   8.8305513e-02	   9.7265014e-02	   8.2286462e-02	   7.5297733e-02	   9.0989995e-02	   8.1670168e-02	   7.3582215e-02	   7.1368240e-02	   7.4699400e-02	
   0.0000000e+00	   0.0000000e+00	   0.0000000e+00	   0.0000000e+00	   0.0000000e+00	   0.0000000e+00	   0.0000000e+00	   0.0000000e+00	   0.0000000e+00	             NaN	             NaN	             NaN	             NaN	             NaN	   1.4727330e-01	   1.6352184e-01	   1.2695754e-01	   1.2529582e-01	   1.4351114e-01	   1.0620138e-01	   1.0706805e-01	   1.1532154e-01	   7.8641709e-02	   9.3775243e-02	   9.2282400e-02	   9.5186524e-02	   7.6498178e-02	   8.3683961e-02	   7.3228260e-02	   8.1156525e-02	   6.8750355e-02	   7.9564441e-02	   6.1573792e-02	
   0.0000000e+00	   0.0000000e+00	   0.0000000e+00	   0.0000000e+00	   0.0000000e+00	   0.0000000e+00	   0.0000000e+00	   0.0000000e+00	   0.0000000e+00	             NaN	             NaN	             NaN	             NaN	             NaN	   1.4713207e-01	   1.3323969e-01	   1.0681029e-01	   1.1531051e-01	   1.2399828e-01	   1.1786734e-01	   1.0165809e-01	   9.9059959e-02	   1.0086412e-01	   7.1827300e-02	   1.0023769e-01	   7.8451086e-02	   8.6688037e-02	   8.3961259e-02	   8.4061795e-02	   6.4785268e-02	   7.5098963e-02	   7.0763740e-02	   7.7252956e-02	
   0.0000000e+00	   0.0000000e+00	   0.0000000e+00	   0.0000000e+00	   0.0000000e+00	   0.0000000e+00	   0.0000000e+00	   0.0000000e+00	   0.0000000e+00	             NaN	             NaN	             NaN	             NaN	             NaN	             NaN	   1.8577997e-01	   1.4065529e-01	   1.2497220e-01	   9.8791417e-02	   1.1173576e-01	   1.1293928e-01	   1.3350344e-01	   7.4360896e-02	   9.1109051e-02	   8.9929332e-02	   9.1313782e-02	   8.2856892e-02	   6.2744964e-02	   8.8418504e-02	   7.4127747e-02	   7.8345000e-02	   6.7091302e-02	   4.6515909e-02	
   0.0000000e+00	   0.0000000e+00	   0.0000000e+00	   0.0000000e+00	   0.0000000e+00	   0.0000000e+00	   0.0000000e+00	   0.0000000e+00	   0.0000000e+00	             NaN	             NaN	             NaN	             NaN	             NaN	             NaN	   1.2238696e-01	   1.5713012e-01	   1.5902817e-01	   1.2094930e-01	   1.2650065e-01	   1.0827280e-01	   9.0911762e-02	   8.8087304e-02	   8.2684168e-02	   9.6236834e-02	   9.5752874e-02	   8.7339629e-02	   7.7647143e-02	   7.1952885e-02	   6.8458750e-02	   5.1897027e-02	   6.1647678e-02	   5.8140119e-02	
   0.0000000e+00	   0.0000000e+00	   0.0000000e+00	   0.0000000e+00	   0.0000000e+00	   0.0000000e+00	   0.0000000e+00	   0.0000000e+00	   0.0000000e+00	   0.0000000e+00	             NaN	             NaN	             NaN	             NaN	             NaN	   1.7021433e-01	   1.5618031e-01	   1.3646143e-01	   1.1076946e-01	   1.2258388e-01	   1.0930733e-01	   9.2845981e-02	   9.6322299e-02	   6.6423086e-02	   6.1773610e-02	   7.4570898e-02	   7.4172024e-02	   6.5097118e-02	   5.7641894e-02	   6.8687175e-02	   6.0028075e-02	   6.0423474e-02	   5.8850180e-02	
