   3.9818894e+00	  -1.1532891e+00	   1.2858653e+00	             NaN	             NaN	             NaN	             NaN	             NaN	             NaN	             NaN	             NaN	             NaN	             NaN	             NaN	   0.0000000e+00	   0.0000000e+00	   0.0000000e+00	   0.0000000e+00	   0.0000000e+00	   0.0000000e+00	   0.0000000e+00	   0.0000000e+00	   0.0000000e+00	   0.0000000e+00	   0.0000000e+00	   0.0000000e+00	   0.0000000e+00	   0.0000000e+00	   0.0000000e+00	   0.0000000e+00	   0.0000000e+00	   0.0000000e+00	   0.0000000e+00	
   5.9732661e-01	   1.9756589e+00	   1.7512765e+00	             NaN	             NaN	             NaN	             NaN	             NaN	             NaN	             NaN	             NaN	             NaN	             NaN	             NaN	   0.0000000e+00	   0.0000000e+00	   0.0000000e+00	   0.0000000e+00	   0.0000000e+00	   0.0000000e+00	   0.0000000e+00	   0.0000000e+00	   0.0000000e+00	   0.0000000e+00	   0.0000000e+00	   0.0000000e+00	   0.0000000e+00	   0.0000000e+00	   0.0000000e+00	   0.0000000e+00	   0.0000000e+00	   0.0000000e+00	   0.0000000e+00	
   6.6478737e+00	   3.9738099e+00	   1.9769088e+00	             NaN	             NaN	             NaN	             NaN	             NaN	             NaN	             NaN	             NaN	             NaN	             NaN	             NaN	   0.0000000e+00	   0.0000000e+00	   0.0000000e+00	   0.0000000e+00	   0.0000000e+00	   0.0000000e+00	   0.0000000e+00	   0.0000000e+00	   0.0000000e+00	   0.0000000e+00	   0.0000000e+00	   0.0000000e+00	   0.0000000e+00	   0.0000000e+00	   0.0000000e+00	   0.0000000e+00	   0.0000000e+00	   0.0000000e+00	   0.0000000e+00	
   6.5104009e+00	   3.1839500e+00	   2.0575234e+00	   5.5459260e+00	             NaN	             NaN	             NaN	             NaN	             NaN	             NaN	             NaN	             NaN	             NaN	             NaN	             NaN	   0.0000000e+00	   0.0000000e+00	   0.0000000e+00	   0.0000000e+00	   0.0000000e+00	   0.0000000e+00	   0.0000000e+00	   0.0000000e+00	   0.0000000e+00	   0.0000000e+00	   0.0000000e+00	   0.0000000e+00	   0.0000000e+00	   0.0000000e+00	   0.0000000e+00	   0.0000000e+00	   0.0000000e+00	   0.0000000e+00	
   5.4016838e+00	   2.9140004e+00	   4.4765663e+00	   5.7035508e+00	             NaN	             NaN	             NaN	             NaN	             NaN	             NaN	             NaN	             NaN	             NaN	             NaN	             NaN	   0.0000000e+00	   0.0000000e+00	   0.0000000e+00	   0.0000000e+00	   0.0000000e+00	   0.0000000e+00	   0.0000000e+00	   0.0000000e+00	   0.0000000e+00	   0.0000000e+00	   0.0000000e+00	   0.0000000e+00	   0.0000000e+00	   0.0000000e+00	   0.0000000e+00	   0.0000000e+00	   0.0000000e+00	   0.0000000e+00	
   6.2461787e+00	   3.7003126e+00	   4.6079796e+00	   6.3850184e+00	   9.3125030e+00	             NaN	             NaN	             NaN	             NaN	             NaN	             NaN	             NaN	             NaN	             NaN	             NaN	             NaN	   0.0000000e+00	   0.0000000e+00	   0.0000000e+00	   0.0000000e+00	   0.0000000e+00	   0.0000000e+00	   0.0000000e+00	   0.0000000e+00	   0.0000000e+00	   0.0000000e+00	   0.0000000e+00	   0.0000000e+00	   0.0000000e+00	   0.0000000e+00	   0.0000000e+00	   0.0000000e+00	   0.0000000e+00	
   4.4707555e+00	   4.3200356e+00	   4.6257961e+00	   6.3940345e+00	   8.3665315e+00	             NaN	             NaN	             NaN	             NaN	             NaN	             NaN	             NaN	             NaN	             NaN	             NaN	             NaN	   0.0000000e+00	   0.0000000e+00	   0.0000000e+00	   0.0000000e+00	   0.0000000e+00	   0.0000000e+00	   0.0000000e+00	   0.0000000e+00	   0.0000000e+00	   0.0000000e+00	   0.0000000e+00	   0.0000000e+00	   0.0000000e+00	   0.0000000e+00	   0.0000000e+00	   0.0000000e+00	   0.0000000e+00	
   6.6638325e+00	   4.3927351e+00	   6.1256018e+00	   7.3826465e+00	   8.2699554e+00	             NaN	             NaN	             NaN	             NaN	             NaN	             NaN	             NaN	             NaN	             NaN	             NaN	             NaN	   0.0000000e+00	   0.0000000e+00	   0.0000000e+00	   0.0000000e+00	   0.0000000e+00	   0.0000000e+00	   0.0000000e+00	   0.0000000e+00	   0.0000000e+00	   0.0000000e+00	   0.0000000e+00	   0.0000000e+00	   0.0000000e+00	   0.0000000e+00	   0.0000000e+00	   0.0000000e+00	   0.0000000e+00	
   7.0882299e+00	   5.2202383e+00	   5.6690157e+00	   7.0318711e+00	   8.4804110e+00	   1.0526470e+01	             NaN	             NaN	             NaN	             NaN	             NaN	             NaN	             NaN	             NaN	             NaN	             NaN	             NaN	   0.0000000e+00	   0.0000000e+00	   0.0000000e+00	   0.0000000e+00	   0.0000000e+00	   0.0000000e+00	   0.0000000e+00	   0.0000000e+00	   0.0000000e+00	   0.0000000e+00	   0.0000000e+00	   0.0000000e+00	   0.0000000e+00	   0.0000000e+00	   0.0000000e+00	   0.0000000e+00	
   7.8038802e+00	   4.1754065e+00	   6.2000939e+00	   7.0566748e+00	   8.8534738e+00	   9.5572613e+00	             NaN	             NaN	             NaN	             NaN	             NaN	             NaN	             NaN	             NaN	             NaN	             NaN	             NaN	   0.0000000e+00	   0.0000000e+00	   0.0000000e+00	   0.0000000e+00	   0.0000000e+00	   0.0000000e+00	   0.0000000e+00	   0.0000000e+00	   0.0000000e+00	   0.0000000e+00	   0.0000000e+00	   0.0000000e+00	   0.0000000e+00	   0.0000000e+00	   0.0000000e+00	   0.0000000e+00	
   6.0272791e+00	   6.3573608e+00	   5.6742407e+00	   7.3612404e+00	   8.7722559e+00	   9.6010327e+00	   1.0205862e+01	             NaN	             NaN	             NaN	             NaN	             NaN	             NaN	             NaN	             NaN	             NaN	             NaN	             NaN	   0.0000000e+00	   0.0000000e+00	   0.0000000e+00	   0.0000000e+00	   0.0000000e+00	   0.0000000e+00	   0.0000000e+00	   0.0000000e+00	   0.0000000e+00	   0.0000000e+00	   0.0000000e+00	   0.0000000e+00	   0.0000000e+00	   0.0000000e+00	   0.0000000e+00	
   8.9122058e+00	   6.7204248e+00	   5.8393333e+00	   8.4446803e+00	   8.9261223e+00	   9.4986760e+00	   1.0035926e+01	             NaN	             NaN	             NaN	             NaN	             NaN	             NaN	             NaN	             NaN	             NaN	             NaN	             NaN	   0.0000000e+00	   0.0000000e+00	   0.0000000e+00	   0.0000000e+00	   0.0000000e+00	   0.0000000e+00	   0.0000000e+00	   0.0000000e+00	   0.0000000e+00	   0.0000000e+00	   0.0000000e+00	   0.0000000e+00	   0.0000000e+00	   0.0000000e+00	   0.0000000e+00	
   7.9373333e+00	   5.6873610e+00	   7.1768803e+00	   8.3585222e+00	   8.8771025e+00	   9.5271636e+00	   9.8851243e+00	             NaN	             NaN	             NaN	             NaN	             NaN	             NaN	             NaN	             NaN	             NaN	             NaN	             NaN	   0.0000000e+00	   0.0000000e+00	   0.0000000e+00	   0.0000000e+00	   0.0000000e+00	   0.0000000e+00	   0.0000000e+00	   0.0000000e+00	   0.0000000e+00	   0.0000000e+00	   0.0000000e+00	   0.0000000e+00	   0.0000000e+00	   0.0000000e+00	   0.0000000e+00	
   7.4395470e+00	   6.5178911e+00	   7.3047279e+00	   8.0012671e+00	   9.1250707e+00	   9.5492192e+00	   9.0966551e+00	   8.0688647e+00	             NaN	             NaN	             NaN	             NaN	             NaN	             NaN	             NaN	             NaN	             NaN	             NaN	             NaN	   0.0000000e+00	   0.0000000e+00	   0.0000000e+00	   0.0000000e+00	   0.0000000e+00	   0.0000000e+00	   0.0000000e+00	   0.0000000e+00	   0.0000000e+00	   0.0000000e+00	   0.0000000e+00	   0.0000000e+00	   0.0000000e+00	   0.0000000e+00	
   9.2798635e+00	   5.8669735e+00	   7.0234527e+00	   7.5792765e+00	   8.8868109e+00	   9.1081538e+00	   9.1083162e+00	   7.5006912e+00	             NaN	             NaN	             NaN	             NaN	             NaN	             NaN	             NaN	             NaN	             NaN	             NaN	             NaN	   0.0000000e+00	   0.0000000e+00	   0.0000000e+00	   0.0000000e+00	   0.0000000e+00	   0.0000000e+00	   0.0000000e+00	   0.0000000e+00	   0.0000000e+00	   0.0000000e+00	   0.0000000e+00	   0.0000000e+00	   0.0000000e+00	   0.0000000e+00	
   7.2983239e+00	   6.0291379e+00	   6.6895253e+00	   8.1496926e+00	   8.4882085e+00	   8.7440811e+00	   8.6144918e+00	   7.2696474e+00	   5.0871298e+00	             NaN	             NaN	             NaN	             NaN	             NaN	             NaN	             NaN	             NaN	             NaN	             NaN	             NaN	   0.0000000e+00	   0.0000000e+00	   0.0000000e+00	   0.0000000e+00	   0.0000000e+00	   0.0000000e+00	   0.0000000e+00	   0.0000000e+00	   0.0000000e+00	   0.0000000e+00	   0.0000000e+00	   0.0000000e+00	   0.0000000e+00	
   6.6056263e+00	   6.5584741e+00	   6.9335908e+00	   7.7324881e+00	   8.4413267e+00	   8.4520708e+00	   8.0439585e+00	   6.6966913e+00	   4.8072766e+00	             NaN	             NaN	             NaN	             NaN	             NaN	             NaN	             NaN	             NaN	             NaN	             NaN	             NaN	   0.0000000e+00	   0.0000000e+00	   0.0000000e+00	   0.0000000e+00	   0.0000000e+00	   0.0000000e+00	   0.0000000e+00	   0.0000000e+00	   0.0000000e+00	   0.0000000e+00	   0.0000000e+00	   0.0000000e+00	   0.0000000e+00	
   7.1651708e+00	   7.1061557e+00	   7.1837497e+00	   7.7581321e+00	   8.0913166e+00	   8.1991762e+00	   7.9312288e+00	   6.6066100e+00	   4.4009877e+00	             NaN	             NaN	             NaN	             NaN	             NaN	             NaN	             NaN	             NaN	             NaN	             NaN	             NaN	   0.0000000e+00	   0.0000000e+00	   0.0000000e+00	   0.0000000e+00	   0.0000000e+00	   0.0000000e+00	   0.0000000e+00	   0.0000000e+00	   0.0000000e+00	   0.0000000e+00	   0.0000000e+00	   0.0000000e+00	   0.0000000e+00	
   7.2583550e+00	   6.2816211e+00	   6.9850637e+00	   7.2168047e+00	   7.8750779e+00	   7.8505328e+00	   7.2925290e+00	   5.9976327e+00	   4.3483108e+00	   2.4753688e+00	             NaN	             NaN	             NaN	             NaN	             NaN	             NaN	             NaN	             NaN	             NaN	             NaN	             NaN	   0.0000000e+00	   0.0000000e+00	   0.0000000e+00	   0.0000000e+00	   0.0000000e+00	   0.0000000e+00	   0.0000000e+00	   0.0000000e+00	   0.0000000e+00	   0.0000000e+00	   0.0000000e+00	   0.0000000e+00	
   7.7738769e+00	   6.2704828e+00	   7.2593427e+00	   7.3437571e+00	   7.9654646e+00	   7.5095766e+00	   6.6971004e+00	   5.4819633e+00	   4.0295305e+00	   2.4701213e+00	             NaN	             NaN	             NaN	             NaN	             NaN	             NaN	             NaN	             NaN	             NaN	             NaN	             NaN	   0.0000000e+00	   0.0000000e+00	   0.0000000e+00	   0.0000000e+00	   0.0000000e+00	   0.0000000e+00	   0.0000000e+00	   0.0000000e+00	   0.0000000e+00	   0.0000000e+00	   0.0000000e+00	   0.0000000e+00	
   6.8227257e+00	   5.6485284e+00	   6.6043778e+00	   7.6193385e+00	   7.1232552e+00	   7.1210305e+00	   6.4971768e+00	   5.2794562e+00	   3.6909038e+00	   2.3350168e+00	   1.9573170e+00	             NaN	             NaN	             NaN	             NaN	             NaN	             NaN	             NaN	             NaN	             NaN	             NaN	             NaN	   0.0000000e+00	   0.0000000e+00	   0.0000000e+00	   0.0000000e+00	   0.0000000e+00	   0.0000000e+00	   0.0000000e+00	   0.0000000e+00	   0.0000000e+00	   0.0000000e+00	   0.0000000e+00	
   6.7583484e+00	   6.0807917e+00	   6.0740742e+00	   7.2167072e+00	   6.9965904e+00	   6.7272713e+00	   6.2597188e+00	   4.8876877e+00	   3.5176527e+00	   2.3304035e+00	   1.7341192e+00	             NaN	             NaN	             NaN	             NaN	             NaN	             NaN	             NaN	             NaN	             NaN	             NaN	             NaN	   0.0000000e+00	   0.0000000e+00	   0.0000000e+00	   0.0000000e+00	   0.0000000e+00	   0.0000000e+00	   0.0000000e+00	   0.0000000e+00	   0.0000000e+00	   0.0000000e+00	   0.0000000e+00	
   6.9926472e+00	   6.1967358e+00	   6.4162543e+00	   6.8951805e+00	   6.9392949e+00	   6.2836553e+00	   5.8060773e+00	   4.9380539e+00	   3.4090163e+00	   2.2682448e+00	   1.4241588e+00	             NaN	             NaN	             NaN	             NaN	             NaN	             NaN	             NaN	             NaN	             NaN	             NaN	             NaN	   0.0000000e+00	   0.0000000e+00	   0.0000000e+00	   0.0000000e+00	   0.0000000e+00	   0.0000000e+00	   0.0000000e+00	   0.0000000e+00	   0.0000000e+00	   0.0000000e+00	   0.0000000e+00	
   6.2249079e+00	   5.7197427e+00	   5.8978405e+00	   6.4667587e+00	   6.5439907e+00	   6.1695245e+00	   5.6036985e+00	   4.3212555e+00	   3.1175203e+00	   2.1312242e+00	   1.5905649e+00	   1.4290964e+00	             NaN	             NaN	             NaN	             NaN	             NaN	             NaN	             NaN	             NaN	             NaN	             NaN	             NaN	   0.0000000e+00	   0.0000000e+00	   0.0000000e+00	   0.0000000e+00	   0.0000000e+00	   0.0000000e+00	   0.0000000e+00	   0.0000000e+00	   0.0000000e+00	   0.0000000e+00	
   6.8528663e+00	   5.5371582e+00	   6.2552105e+00	   6.0575275e+00	   5.9362001e+00	   5.7399266e+00	   5.0691430e+00	   3.9775491e+00	   3.0066144e+00	   2.1290405e+00	   1.5164988e+00	   1.3203376e+00	             NaN	             NaN	             NaN	             NaN	             NaN	             NaN	             NaN	             NaN	             NaN	             NaN	             NaN	   0.0000000e+00	   0.0000000e+00	   0.0000000e+00	   0.0000000e+00	   0.0000000e+00	   0.0000000e+00	   0.0000000e+00	   0.0000000e+00	   0.0000000e+00	   0.0000000e+00	
   5.9886276e+00	   5.8044542e+00	   5.7342215e+00	   5.8990955e+00	   5.7056810e+00	   5.3744590e+00	   4.8310999e+00	   3.8136011e+00	   2.8731027e+00	   1.9059675e+00	   1.5113601e+00	   1.2596706e+00	   1.4599430e+00	             NaN	             NaN	             NaN	             NaN	             NaN	             NaN	             NaN	             NaN	             NaN	             NaN	             NaN	   0.0000000e+00	   0.0000000e+00	   0.0000000e+00	   0.0000000e+00	   0.0000000e+00	   0.0000000e+00	   0.0000000e+00	   0.0000000e+00	   0.0000000e+00	
   6.6907260e+00	   5.3979646e+00	   5.3274920e+00	   5.3834101e+00	   5.4272766e+00	   5.1648426e+00	   4.4193535e+00	   3.5665375e+00	   2.7866808e+00	   1.8477027e+00	   1.4680084e+00	   1.3012669e+00	   1.3073189e+00	             NaN	             NaN	             NaN	             NaN	             NaN	             NaN	             NaN	             NaN	             NaN	             NaN	             NaN	   0.0000000e+00	   0.0000000e+00	   0.0000000e+00	   0.0000000e+00	   0.0000000e+00	   0.0000000e+00	   0.0000000e+00	   0.0000000e+00	   0.0000000e+00	
   6.6581297e+00	   4.9670842e+00	   4.8199102e+00	   5.0789490e+00	   5.1943489e+00	   4.8216407e+00	   4.2895245e+00	   3.2776495e+00	   2.4960268e+00	   1.9094305e+00	   1.4158163e+00	   1.2156954e+00	   1.1150218e+00	             NaN	             NaN	             NaN	             NaN	             NaN	             NaN	             NaN	             NaN	             NaN	             NaN	             NaN	   0.0000000e+00	   0.0000000e+00	   0.0000000e+00	   0.0000000e+00	   0.0000000e+00	   0.0000000e+00	   0.0000000e+00	   0.0000000e+00	   0.0000000e+00	
   5.8836086e+00	   4.5072495e+00	   4.4615149e+00	   5.0588251e+00	   4.7000779e+00	   4.3786617e+00	   3.9961618e+00	   3.1855550e+00	   2.3953849e+00	   1.7235610e+00	   1.4733275e+00	   1.1746614e+00	   1.0463942e+00	   1.0816075e+00	             NaN	             NaN	             NaN	             NaN	             NaN	             NaN	             NaN	             NaN	             NaN	             NaN	             NaN	   0.0000000e+00	   0.0000000e+00	   0.0000000e+00	   0.0000000e+00	   0.0000000e+00	   0.0000000e+00	   0.0000000e+00	   0.0000000e+00	
   5.8986558e+00	   4.8475637e+00	   4.5929198e+00	   4.6573929e+00	   4.5386484e+00	   4.0441174e+00	   3.6249882e+00	   2.9066084e+00	   2.0641556e+00	   1.6958788e+00	   1.3266333e+00	   1.2324482e+00	   1.0454861e+00	   1.0261485e+00	             NaN	             NaN	             NaN	             NaN	             NaN	             NaN	             NaN	             NaN	             NaN	             NaN	             NaN	   0.0000000e+00	   0.0000000e+00	   0.0000000e+00	   0.0000000e+00	   0.0000000e+00	   0.0000000e+00	   0.0000000e+00	   0.0000000e+00	
   4.1375018e+00	   4.3660703e+00	   3.9589272e+00	   4.3348185e+00	   4.3140068e+00	   3.9167228e+00	   3.3302754e+00	   2.6182665e+00	   2.1100389e+00	   1.5454841e+00	   1.2730323e+00	   1.2076052e+00	   1.0183409e+00	   1.0098821e+00	   1.2781434e+00	             NaN	             NaN	             NaN	             NaN	             NaN	             NaN	             NaN	             NaN	             NaN	             NaN	             NaN	   0.0000000e+00	   0.0000000e+00	   0.0000000e+00	   0.0000000e+00	   0.0000000e+00	   0.0000000e+00	   0.0000000e+00	
   4.7279053e+00	   4.1201341e+00	   4.4934485e+00	   4.2619783e+00	   4.2017756e+00	   3.8125617e+00	   3.3417319e+00	   2.6972377e+00	   2.0215070e+00	   1.6341969e+00	   1.3019911e+00	   1.2109592e+00	   1.0696741e+00	   9.5009744e-01	   1.0294414e+00	             NaN	             NaN	             NaN	             NaN	             NaN	             NaN	             NaN	             NaN	             NaN	             NaN	             NaN	   0.0000000e+00	   0.0000000e+00	   0.0000000e+00	   0.0000000e+00	   0.0000000e+00	   0.0000000e+00	   0.0000000e+00	
   5.5368558e+00	   3.9259231e+00	   3.7400954e+00	   4.0748605e+00	   3.8178281e+00	   3.4089764e+00	   3.1522172e+00	   2.7133667e+00	   2.0298248e+00	   1.6043384e+00	   1.3650043e+00	   1.2038079e+00	   1.1043031e+00	   9.6261920e-01	   1.2005550e+00	             NaN	             NaN	             NaN	             NaN	             NaN	             NaN	             NaN	             NaN	             NaN	             NaN	             NaN	   0.0000000e+00	   0.0000000e+00	   0.0000000e+00	   0.0000000e+00	   0.0000000e+00	   0.0000000e+00	   0.0000000e+00	
   4.6632469e+00	   3.4334525e+00	   3.7531627e+00	   3.6745880e+00	   3.9022134e+00	   3.4036269e+00	   2.9043467e+00	   2.4301343e+00	   2.0644392e+00	   1.6100143e+00	   1.3741924e+00	   1.2588092e+00	   1.1161972e+00	   1.0223416e+00	   9.8643238e-01	   1.0837487e+00	             NaN	             NaN	             NaN	             NaN	             NaN	             NaN	             NaN	             NaN	             NaN	             NaN	             NaN	   0.0000000e+00	   0.0000000e+00	   0.0000000e+00	   0.0000000e+00	   0.0000000e+00	   0.0000000e+00	
   4.6298829e+00	   4.0425621e+00	   3.4310754e+00	   3.8488841e+00	   3.4613121e+00	   3.3177737e+00	   2.8236050e+00	   2.3281699e+00	   2.0023326e+00	   1.6441488e+00	   1.4043599e+00	   1.2893261e+00	   1.1294592e+00	   9.9658239e-01	   8.8573104e-01	   1.0878649e+00	             NaN	             NaN	             NaN	             NaN	             NaN	             NaN	             NaN	             NaN	             NaN	             NaN	             NaN	   0.0000000e+00	   0.0000000e+00	   0.0000000e+00	   0.0000000e+00	   0.0000000e+00	   0.0000000e+00	
   4.8512561e+00	   3.0061337e+00	   3.1871291e+00	   3.6926144e+00	   3.3454639e+00	   3.1245021e+00	   2.8427704e+00	   2.3367310e+00	   1.8594652e+00	   1.6303172e+00	   1.4315190e+00	   1.2074165e+00	   1.1544402e+00	   1.0428040e+00	   9.7147265e-01	   1.0410444e+00	   6.7118091e-01	             NaN	             NaN	             NaN	             NaN	             NaN	             NaN	             NaN	             NaN	             NaN	             NaN	             NaN	   0.0000000e+00	   0.0000000e+00	   0.0000000e+00	   0.0000000e+00	   0.0000000e+00	
   3.9044040e+00	   3.2171414e+00	   2.8038088e+00	   3.3934161e+00	   3.2315191e+00	   2.9871596e+00	   2.8500655e+00	   2.2143771e+00	   1.8585904e+00	   1.5566825e+00	   1.3662690e+00	   1.2875983e+00	   1.1736433e+00	   1.1455534e+00	   9.8880939e-01	   9.9029313e-01	   9.8464891e-01	             NaN	             NaN	             NaN	             NaN	             NaN	             NaN	             NaN	             NaN	             NaN	             NaN	             NaN	   0.0000000e+00	   0.0000000e+00	   0.0000000e+00	   0.0000000e+00	   0.0000000e+00	
   4.4407926e+00	   3.5837162e+00	   3.6317540e+00	   3.2658887e+00	   3.0411089e+00	   2.8796687e+00	   2.7298365e+00	   2.1810236e+00	   1.7968143e+00	   1.5884636e+00	   1.3245369e+00	   1.2877536e+00	   1.2263432e+00	   1.0904786e+00	   9.7345433e-01	   9.5922372e-01	   1.1256755e+00	             NaN	             NaN	             NaN	             NaN	             NaN	             NaN	             NaN	             NaN	             NaN	             NaN	             NaN	   0.0000000e+00	   0.0000000e+00	   0.0000000e+00	   0.0000000e+00	   0.0000000e+00	
   4.5099505e+00	   2.9044430e+00	   2.3971919e+00	   3.3756560e+00	   3.0413606e+00	   2.8513880e+00	   2.6976096e+00	   2.1392584e+00	   1.7922580e+00	   1.4775601e+00	   1.4391308e+00	   1.3321868e+00	   1.1904193e+00	   1.1188139e+00	   1.0451566e+00	   9.5941801e-01	   9.8355378e-01	   5.8145682e-01	             NaN	             NaN	             NaN	             NaN	             NaN	             NaN	             NaN	             NaN	             NaN	             NaN	             NaN	   0.0000000e+00	   0.0000000e+00	   0.0000000e+00	   0.0000000e+00	
   2.8036273e+00	   2.5897469e+00	   2.1643177e+00	   2.7108159e+00	   2.9197622e+00	   2.5641770e+00	   2.5140578e+00	   2.1420066e+00	   1.7760715e+00	   1.5547181e+00	   1.3688168e+00	   1.2881012e+00	   1.2309255e+00	   1.1186635e+00	   1.0572054e+00	   9.6650302e-01	   1.0149753e+00	   7.6271928e-01	             NaN	             NaN	             NaN	             NaN	             NaN	             NaN	             NaN	             NaN	             NaN	             NaN	             NaN	   0.0000000e+00	   0.0000000e+00	   0.0000000e+00	   0.0000000e+00	
   4.2214488e+00	   2.9958446e+00	   2.3356006e+00	   2.6632270e+00	   2.9513715e+00	   2.5962778e+00	   2.4593128e+00	   2.1220942e+00	   1.7399433e+00	   1.5991398e+00	   1.4644790e+00	   1.3893709e+00	   1.2562632e+00	   1.1958487e+00	   1.1490654e+00	   1.0100270e+00	   9.5137736e-01	   1.1230749e+00	   2.8655644e-01	             NaN	             NaN	             NaN	             NaN	             NaN	             NaN	             NaN	             NaN	             NaN	             NaN	             NaN	   0.0000000e+00	   0.0000000e+00	   0.0000000e+00	
   1.7582795e+00	   1.8573887e+00	   2.6991291e+00	   2.8125610e+00	   2.7393356e+00	   2.6626409e+00	   2.4091541e+00	   2.1542600e+00	   1.8120544e+00	   1.5020031e+00	   1.4711897e+00	   1.3869020e+00	   1.2417452e+00	   1.2140511e+00	   1.1462297e+00	   1.0493189e+00	   9.6999042e-01	   1.0455995e+00	   5.9846224e-01	             NaN	             NaN	             NaN	             NaN	             NaN	             NaN	             NaN	             NaN	             NaN	             NaN	             NaN	   0.0000000e+00	   0.0000000e+00	   0.0000000e+00	
   3.8231478e+00	   2.9252592e+00	   1.8657400e+00	   2.9620256e+00	   2.8022199e+00	   2.5641770e+00	   2.4031391e+00	   2.0963128e+00	   1.8251771e+00	   1.5342814e+00	   1.5371155e+00	   1.4187950e+00	   1.3749687e+00	   1.2825560e+00	   1.2114592e+00	   1.0756033e+00	   1.0419528e+00	   1.0867403e+00	   9.3411068e-01	             NaN	             NaN	             NaN	             NaN	             NaN	             NaN	             NaN	             NaN	             NaN	             NaN	             NaN	   0.0000000e+00	   0.0000000e+00	   0.0000000e+00	
   2.5936365e+00	   2.4400845e+00	   1.9795833e+00	   2.6568615e+00	   2.3960389e+00	   2.7344825e+00	   2.3818258e+00	   2.1832595e+00	   1.8743734e+00	   1.6871146e+00	   1.5679314e+00	   1.4923018e+00	   1.3536709e+00	   1.2598112e+00	   1.2147292e+00	   1.1292090e+00	   1.0652011e+00	   1.0980107e+00	   1.1707081e+00	   4.8952372e-01	             NaN	             NaN	             NaN	             NaN	             NaN	             NaN	             NaN	             NaN	             NaN	             NaN	             NaN	   0.0000000e+00	   0.0000000e+00	
   1.5848490e+00	   1.0453752e+00	   3.0118154e+00	   2.6113169e+00	   2.7237173e+00	   2.5042924e+00	   2.4099455e+00	   2.0794027e+00	   1.9179751e+00	   1.6689962e+00	   1.5041668e+00	   1.4899081e+00	   1.3898250e+00	   1.3357749e+00	   1.2820340e+00	   1.1397281e+00	   1.0864659e+00	   1.0856435e+00	   1.1415578e+00	   7.5828157e-01	             NaN	             NaN	             NaN	             NaN	             NaN	             NaN	             NaN	             NaN	             NaN	             NaN	             NaN	   0.0000000e+00	   0.0000000e+00	
   1.9764392e+00	   1.7152736e+00	   1.9472123e+00	   2.5285240e+00	   2.6063131e+00	   2.7027543e+00	   2.4049158e+00	   2.1842408e+00	   1.9546242e+00	   1.6691086e+00	   1.6049709e+00	   1.5161039e+00	   1.4040175e+00	   1.3678471e+00	   1.3022932e+00	   1.2223450e+00	   1.1866156e+00	   1.1084143e+00	   1.1805280e+00	   1.0359774e+00	   4.0833662e-01	             NaN	             NaN	             NaN	             NaN	             NaN	             NaN	             NaN	             NaN	             NaN	             NaN	             NaN	   0.0000000e+00	
   2.2243350e+00	   3.2075425e+00	   2.0674466e+00	   2.4750813e+00	   2.6412716e+00	   2.5665419e+00	   2.3730543e+00	   2.1472764e+00	   2.0491421e+00	   1.8627312e+00	   1.6664182e+00	   1.5373712e+00	   1.5337042e+00	   1.4246952e+00	   1.3651829e+00	   1.2756023e+00	   1.1768399e+00	   1.1853940e+00	   1.1035857e+00	   1.1005764e+00	   5.1168981e-01	             NaN	             NaN	             NaN	             NaN	             NaN	             NaN	             NaN	             NaN	             NaN	             NaN	             NaN	   0.0000000e+00	
   3.1919079e+00	   2.1829878e+00	   1.4271023e+00	   2.5893487e+00	   2.7282946e+00	   2.5563225e+00	   2.3085225e+00	   2.2248236e+00	   1.9898002e+00	   1.8358923e+00	   1.7158853e+00	   1.6006242e+00	   1.5579067e+00	   1.4565982e+00	   1.4215174e+00	   1.3039133e+00	   1.2556129e+00	   1.1697940e+00	   1.1479042e+00	   1.2485381e+00	   7.1606382e-01	             NaN	             NaN	             NaN	             NaN	             NaN	             NaN	             NaN	             NaN	             NaN	             NaN	             NaN	   0.0000000e+00	
   2.0066485e+00	   1.4599298e+00	   1.7986587e+00	   2.6929033e+00	   2.7500660e+00	   2.5719057e+00	   2.3436012e+00	   2.2665677e+00	   2.0549867e+00	   1.9266496e+00	   1.7374646e+00	   1.6599035e+00	   1.5876131e+00	   1.5295761e+00	   1.4613480e+00	   1.3808760e+00	   1.2811498e+00	   1.2096070e+00	   1.1796840e+00	   1.2018192e+00	   9.4387426e-01	   5.9761287e-01	             NaN	             NaN	             NaN	             NaN	             NaN	             NaN	             NaN	             NaN	             NaN	             NaN	             NaN	
   1.8078442e+00	   1.7098931e+00	   1.9892749e+00	   2.6207029e+00	   2.8709652e+00	   2.5559378e+00	   2.3958012e+00	   2.2629146e+00	   2.0864705e+00	   1.9613877e+00	   1.8841631e+00	   1.7466603e+00	   1.6111261e+00	   1.6294810e+00	   1.4544853e+00	   1.3998090e+00	   1.3719462e+00	   1.2413038e+00	   1.1812489e+00	   1.1473411e+00	   1.0522377e+00	   5.9364166e-01	             NaN	             NaN	             NaN	             NaN	             NaN	             NaN	             NaN	             NaN	             NaN	             NaN	             NaN	
   2.7756562e+00	   3.0143171e+00	   2.2250396e+00	   2.2097768e+00	   2.5888329e+00	   2.5552708e+00	   2.5257977e+00	   2.2734893e+00	   2.0928859e+00	   2.0072244e+00	   1.9304327e+00	   1.7822101e+00	   1.7698782e+00	   1.5947497e+00	   1.5679822e+00	   1.4591880e+00	   1.3792489e+00	   1.3127699e+00	   1.2508887e+00	   1.2168315e+00	   1.2174608e+00	   8.4021481e-01	   6.2553683e-01	             NaN	             NaN	             NaN	             NaN	             NaN	             NaN	             NaN	             NaN	             NaN	             NaN	
   1.5681820e+00	   2.3946428e+00	   2.6151612e+00	   2.2490307e+00	   2.7142083e+00	   2.7287553e+00	   2.6103899e+00	   2.3078066e+00	   2.1741936e+00	   2.0033218e+00	   1.9337905e+00	   1.8290749e+00	   1.7996752e+00	   1.7025725e+00	   1.6363336e+00	   1.5219651e+00	   1.4587841e+00	   1.4137486e+00	   1.3255635e+00	   1.2632815e+00	   1.2349184e+00	   1.0232110e+00	   6.6079167e-01	             NaN	             NaN	             NaN	             NaN	             NaN	             NaN	             NaN	             NaN	             NaN	             NaN	
   2.8323231e+00	   2.6605604e+00	   2.1567772e+00	   2.6245090e+00	   2.4984027e+00	   2.7408636e+00	   2.6494260e+00	   2.3635941e+00	   2.2063287e+00	   2.0934276e+00	   1.9149463e+00	   1.9263486e+00	   1.8632502e+00	   1.7788965e+00	   1.7030015e+00	   1.5704685e+00	   1.4753123e+00	   1.4228970e+00	   1.3715106e+00	   1.2580141e+00	   1.2805631e+00	   1.1991028e+00	   6.1216316e-01	             NaN	             NaN	             NaN	             NaN	             NaN	             NaN	             NaN	             NaN	             NaN	             NaN	
   2.8125321e+00	   2.6454405e+00	   2.1378798e+00	   2.5583917e+00	   2.8692629e+00	   2.8500172e+00	   2.6260046e+00	   2.3932676e+00	   2.3473768e+00	   2.2413009e+00	   2.0564762e+00	   1.9509134e+00	   1.8388564e+00	   1.8432695e+00	   1.6978240e+00	   1.5488257e+00	   1.5429406e+00	   1.4681417e+00	   1.4378496e+00	   1.3637965e+00	   1.2833336e+00	   1.2961416e+00	   8.4265386e-01	   7.4974078e-01	             NaN	             NaN	             NaN	             NaN	             NaN	             NaN	             NaN	             NaN	             NaN	
   2.3422235e+00	   2.2422086e+00	   2.7561179e+00	   2.4011708e+00	   2.7767698e+00	   2.8354170e+00	   2.7566129e+00	   2.4635773e+00	   2.3237371e+00	   2.1974761e+00	   2.1513267e+00	   2.1150906e+00	   1.9834707e+00	   1.9267913e+00	   1.8143512e+00	   1.7239943e+00	   1.6132468e+00	   1.5312341e+00	   1.4475001e+00	   1.4100349e+00	   1.3305137e+00	   1.3011195e+00	   1.0331742e+00	   6.7314047e-01	             NaN	             NaN	             NaN	             NaN	             NaN	             NaN	             NaN	             NaN	             NaN	
   2.2989695e+00	   2.1051866e+00	   2.8677940e+00	   2.2301938e+00	   2.9422973e+00	   2.9189481e+00	   2.8219741e+00	   2.6010825e+00	   2.3888942e+00	   2.2313637e+00	   2.2522335e+00	   2.0715375e+00	   2.0428530e+00	   1.9414636e+00	   1.8498093e+00	   1.7346183e+00	   1.6563800e+00	   1.6279768e+00	   1.4980788e+00	   1.4451350e+00	   1.3123945e+00	   1.2944465e+00	   1.1865618e+00	   7.0965259e-01	   8.1429251e-01	             NaN	             NaN	             NaN	             NaN	             NaN	             NaN	             NaN	             NaN	
   3.2096091e+00	   1.2817459e+00	   2.1771173e+00	   2.7810498e+00	   2.5508419e+00	   2.7514711e+00	   2.8481002e+00	   2.5115978e+00	   2.4637934e+00	   2.3864189e+00	   2.2292429e+00	   2.1334270e+00	   2.1276008e+00	   1.9989950e+00	   1.8941604e+00	   1.7877986e+00	   1.6510644e+00	   1.6729372e+00	   1.5259427e+00	   1.4672307e+00	   1.3664111e+00	   1.3244579e+00	   1.2810825e+00	   8.3360275e-01	   8.0576544e-01	             NaN	             NaN	             NaN	             NaN	             NaN	             NaN	             NaN	             NaN	
   2.7468245e+00	   2.6633200e+00	   2.6405155e+00	   2.6637328e+00	   3.1127359e+00	   3.0333365e+00	   2.8731277e+00	   2.6945951e+00	   2.5574479e+00	   2.4372356e+00	   2.2782209e+00	   2.1912237e+00	   2.1033034e+00	   2.0640628e+00	   1.9584585e+00	   1.8217848e+00	   1.7192574e+00	   1.6506119e+00	   1.5738314e+00	   1.4984807e+00	   1.4371807e+00	   1.3179135e+00	   1.3782847e+00	   1.0343655e+00	   7.5613031e-01	             NaN	             NaN	             NaN	             NaN	             NaN	             NaN	             NaN	             NaN	
   2.1349039e+00	   1.6422887e+00	   2.3296240e+00	   2.7094882e+00	   2.9842853e+00	   2.9209472e+00	   2.7988051e+00	   2.7616877e+00	   2.4881453e+00	   2.5146087e+00	   2.3930949e+00	   2.3069394e+00	   2.2185432e+00	   2.1390073e+00	   1.9946384e+00	   1.8957554e+00	   1.7889873e+00	   1.7132162e+00	   1.6298835e+00	   1.5827773e+00	   1.4995157e+00	   1.3769141e+00	   1.4027642e+00	   1.2532069e+00	   8.8631081e-01	   8.9437238e-01	             NaN	             NaN	             NaN	             NaN	             NaN	             NaN	             NaN	
   2.7518741e+00	   3.4168831e+00	   3.3244634e+00	   2.6873076e+00	   2.9755900e+00	   2.9873384e+00	   2.9451068e+00	   2.8693475e+00	   2.6900278e+00	   2.4595145e+00	   2.3733931e+00	   2.3525991e+00	   2.2338353e+00	   2.1123918e+00	   2.1197266e+00	   1.9374978e+00	   1.8586251e+00	   1.7510531e+00	   1.7213948e+00	   1.6356674e+00	   1.4933118e+00	   1.4219336e+00	   1.3675341e+00	   1.2860485e+00	   8.6872252e-01	   8.2890899e-01	             NaN	             NaN	             NaN	             NaN	             NaN	             NaN	             NaN	
   3.5233385e+00	   3.1231079e+00	   3.1409673e+00	   3.0849856e+00	   3.4180767e+00	   3.2771101e+00	   3.0483287e+00	   2.9492127e+00	   2.7483057e+00	   2.6182893e+00	   2.4487210e+00	   2.3796464e+00	   2.2779397e+00	   2.2162771e+00	   2.1703952e+00	   1.9851538e+00	   1.8954749e+00	   1.8332219e+00	   1.7247707e+00	   1.6412455e+00	   1.6300369e+00	   1.4596621e+00	   1.3550074e+00	   1.3786101e+00	   9.8917242e-01	   8.2467703e-01	   8.8946695e-01	             NaN	             NaN	             NaN	             NaN	             NaN	             NaN	
   3.6378660e+00	   3.7424540e+00	   3.4824128e+00	   3.3111156e+00	   3.2208019e+00	   3.1217932e+00	   3.0916309e+00	   2.8853739e+00	   2.8045187e+00	   2.6111920e+00	   2.5823529e+00	   2.4906877e+00	   2.4271269e+00	   2.2991373e+00	   2.1752698e+00	   2.0754824e+00	   1.9277295e+00	   1.8557957e+00	   1.7747703e+00	   1.6641687e+00	   1.6446484e+00	   1.5262287e+00	   1.4218374e+00	   1.3424744e+00	   1.1699558e+00	   8.8768239e-01	   8.9331099e-01	             NaN	             NaN	             NaN	             NaN	             NaN	             NaN	
   4.0284649e+00	   3.3808351e+00	   3.2313382e+00	   3.3570607e+00	   3.4290583e+00	   3.1941707e+00	   3.1471821e+00	   3.0353600e+00	   2.9157012e+00	   2.6252245e+00	   2.4975676e+00	   2.4842931e+00	   2.4495680e+00	   2.3120046e+00	   2.2247089e+00	   2.0540916e+00	   2.0046556e+00	   1.8836190e+00	   1.8490407e+00	   1.7528549e+00	   1.6372033e+00	   1.5643993e+00	   1.4593220e+00	   1.3604993e+00	   1.3210585e+00	   8.8794082e-01	   9.2250161e-01	             NaN	             NaN	             NaN	             NaN	             NaN	             NaN	
   4.3585236e+00	   3.2136216e+00	   3.8321799e+00	   3.3305380e+00	   3.4770565e+00	   3.4198249e+00	   3.0939142e+00	   3.0572272e+00	   2.9514678e+00	   2.7940408e+00	   2.6198580e+00	   2.4610176e+00	   2.4807685e+00	   2.3576563e+00	   2.2947118e+00	   2.0965985e+00	   2.0444177e+00	   1.9242857e+00	   1.8881494e+00	   1.7644950e+00	   1.7033296e+00	   1.5987590e+00	   1.4944546e+00	   1.4065994e+00	   1.4259838e+00	   1.0019433e+00	   8.9267969e-01	   9.3640302e-01	             NaN	             NaN	             NaN	             NaN	             NaN	
   4.3142045e+00	   2.8221369e+00	   2.9228837e+00	   3.4379811e+00	   3.4697321e+00	   3.2559056e+00	   3.2618950e+00	   3.1183084e+00	   2.8699434e+00	   2.7979527e+00	   2.6298202e+00	   2.5889079e+00	   2.4567692e+00	   2.3999179e+00	   2.3254034e+00	   2.1817031e+00	   2.0943771e+00	   1.9647638e+00	   1.9105695e+00	   1.8005335e+00	   1.7621122e+00	   1.5952063e+00	   1.4989798e+00	   1.4293750e+00	   1.4283885e+00	   1.1767522e+00	   8.7912639e-01	   9.2771697e-01	             NaN	             NaN	             NaN	             NaN	             NaN	
   4.1260197e+00	   2.9496056e+00	   3.6050501e+00	   3.2985646e+00	   3.6923595e+00	   3.4115828e+00	   3.4018539e+00	   3.1306696e+00	   2.9925990e+00	   2.8559576e+00	   2.6358965e+00	   2.6332853e+00	   2.5669774e+00	   2.4921715e+00	   2.4020251e+00	   2.2022242e+00	   2.0881565e+00	   2.0488940e+00	   1.9406562e+00	   1.8427475e+00	   1.7565055e+00	   1.6393838e+00	   1.5352590e+00	   1.4812564e+00	   1.3957188e+00	   1.2784517e+00	   9.0398944e-01	   9.6296113e-01	   9.2906538e-01	             NaN	             NaN	             NaN	             NaN	
   3.9315226e+00	   2.6197936e+00	   3.8190905e+00	   3.4016508e+00	   3.3786678e+00	   3.3519624e+00	   3.4994095e+00	   3.2030266e+00	   3.0474258e+00	   2.8111358e+00	   2.7833981e+00	   2.6384753e+00	   2.5963686e+00	   2.4628795e+00	   2.4033803e+00	   2.3001100e+00	   2.2062686e+00	   2.0493208e+00	   1.9287881e+00	   1.8975940e+00	   1.7994647e+00	   1.6792676e+00	   1.6014342e+00	   1.5020981e+00	   1.4278366e+00	   1.4105842e+00	   1.0695162e+00	   9.8719003e-01	   9.4414368e-01	             NaN	             NaN	             NaN	             NaN	
   4.1731104e+00	   4.0826757e+00	   4.1901848e+00	   3.5780328e+00	   3.7526033e+00	   3.7779080e+00	   3.3271807e+00	   3.3060729e+00	   3.1048248e+00	   2.9435882e+00	   2.8508397e+00	   2.7509978e+00	   2.6654284e+00	   2.5351077e+00	   2.4551011e+00	   2.3157652e+00	   2.1870733e+00	   2.1009810e+00	   2.0567309e+00	   1.9135743e+00	   1.8128198e+00	   1.7192951e+00	   1.6603249e+00	   1.5475396e+00	   1.4350461e+00	   1.4308061e+00	   1.2696654e+00	   9.7875952e-01	   9.7408337e-01	             NaN	             NaN	             NaN	             NaN	
   3.1196179e+00	   3.6739342e+00	   3.9400054e+00	   4.0849171e+00	   3.6993482e+00	   3.8061027e+00	   3.5153861e+00	   3.3050432e+00	   3.1675913e+00	   2.9419271e+00	   2.7846146e+00	   2.7264347e+00	   2.6580141e+00	   2.5396971e+00	   2.5182797e+00	   2.4211549e+00	   2.2223944e+00	   2.1458885e+00	   2.0767254e+00	   1.9366972e+00	   1.8778038e+00	   1.7497705e+00	   1.6863011e+00	   1.5671909e+00	   1.5047914e+00	   1.4316425e+00	   1.3079352e+00	   9.6485831e-01	   1.0080551e+00	   9.4394586e-01	             NaN	             NaN	             NaN	
   3.8565952e+00	   4.7013253e+00	   3.9708655e+00	   3.9142003e+00	   4.0244866e+00	   3.7356282e+00	   3.5174859e+00	   3.2589870e+00	   3.1998096e+00	   3.0953896e+00	   2.9271406e+00	   2.8378964e+00	   2.6444259e+00	   2.5669805e+00	   2.5175817e+00	   2.3858508e+00	   2.2721935e+00	   2.1199448e+00	   2.1041253e+00	   1.9758794e+00	   1.8988714e+00	   1.7579491e+00	   1.7376607e+00	   1.5758243e+00	   1.5331110e+00	   1.4493346e+00	   1.4185633e+00	   1.0188741e+00	   9.9874060e-01	   9.9753640e-01	             NaN	             NaN	             NaN	
   4.6283727e+00	   3.8789583e+00	   3.8347773e+00	   3.9284784e+00	   3.8465683e+00	   3.8916723e+00	   3.5990782e+00	   3.5681475e+00	   3.1801176e+00	   3.0134612e+00	   2.9640659e+00	   2.8116923e+00	   2.7620273e+00	   2.6068806e+00	   2.5443950e+00	   2.5002152e+00	   2.3560482e+00	   2.2099310e+00	   2.0717576e+00	   1.9702796e+00	   1.8918736e+00	   1.7886693e+00	   1.7357181e+00	   1.6473962e+00	   1.5648969e+00	   1.4860042e+00	   1.3998042e+00	   1.1000407e+00	   1.0022594e+00	   1.0107846e+00	   8.7492735e-01	             NaN	             NaN	
   5.3073157e+00	   4.2544466e+00	   3.6817069e+00	   3.8844774e+00	   3.7683224e+00	   3.8066000e+00	   3.7166741e+00	   3.4956809e+00	   3.3574501e+00	   3.1219229e+00	   3.0209630e+00	   2.8932632e+00	   2.8247554e+00	   2.6710502e+00	   2.5283562e+00	   2.4777148e+00	   2.3985526e+00	   2.2344525e+00	   2.1269685e+00	   2.0596305e+00	   1.9364766e+00	   1.8634398e+00	   1.7708042e+00	   1.6482515e+00	   1.5896399e+00	   1.5097293e+00	   1.4351146e+00	   1.1957063e+00	   1.0024372e+00	   1.0350501e+00	   9.4210064e-01	             NaN	             NaN	
   4.3409099e+00	   4.0845352e+00	   4.2380439e+00	   3.7926150e+00	   4.0894768e+00	   3.8145616e+00	   3.7239718e+00	   3.5641858e+00	   3.3087696e+00	   3.1685942e+00	   2.9931357e+00	   2.8952691e+00	   2.8573672e+00	   2.7763140e+00	   2.6861582e+00	   2.4828636e+00	   2.4171133e+00	   2.2743073e+00	   2.1877742e+00	   2.1134478e+00	   1.9783738e+00	   1.8472934e+00	   1.7551391e+00	   1.6719809e+00	   1.6073483e+00	   1.5394768e+00	   1.4635775e+00	   1.3770587e+00	   1.0770383e+00	   1.0161021e+00	   9.9302390e-01	             NaN	             NaN	
   4.5527675e+00	   4.4870015e+00	   4.1794928e+00	   4.4363104e+00	   4.0961511e+00	   4.0029153e+00	   3.7979430e+00	   3.5508992e+00	   3.4548202e+00	   3.2989427e+00	   3.1567452e+00	   2.9033692e+00	   2.8390666e+00	   2.8310103e+00	   2.6179543e+00	   2.5135349e+00	   2.4501005e+00	   2.3067981e+00	   2.2031659e+00	   2.0833917e+00	   1.9725077e+00	   1.8799615e+00	   1.7884638e+00	   1.7123987e+00	   1.6761342e+00	   1.5811695e+00	   1.5197299e+00	   1.4747903e+00	   1.1528711e+00	   1.0187275e+00	   1.0076190e+00	   9.4485086e-01	             NaN	
   4.3499475e+00	   4.7781530e+00	   4.5781913e+00	   4.1324706e+00	   4.3672119e+00	   4.0262943e+00	   3.6910875e+00	   3.6107708e+00	   3.3255207e+00	   3.2119176e+00	   3.1635170e+00	   3.0123214e+00	   2.8877251e+00	   2.8288866e+00	   2.7413232e+00	   2.6281945e+00	   2.5212785e+00	   2.3353100e+00	   2.2091677e+00	   2.1376923e+00	   1.9900467e+00	   1.9133596e+00	   1.8335467e+00	   1.7169122e+00	   1.6947912e+00	   1.5763817e+00	   1.4982449e+00	   1.4591568e+00	   1.2673467e+00	   1.0561283e+00	   1.0418517e+00	   9.9131205e-01	             NaN	
   4.4862808e+00	   3.8701511e+00	   4.1707350e+00	   4.1623680e+00	   4.2782290e+00	   4.0726995e+00	   3.7957199e+00	   3.6667052e+00	   3.5163087e+00	   3.3540687e+00	   3.1494647e+00	   2.9799922e+00	   2.9706173e+00	   2.7477798e+00	   2.7123906e+00	   2.5756846e+00	   2.5396094e+00	   2.3746348e+00	   2.2745356e+00	   2.1406010e+00	   2.0642716e+00	   1.9325611e+00	   1.8839988e+00	   1.8007141e+00	   1.7020612e+00	   1.6411017e+00	   1.5704872e+00	   1.4495442e+00	   1.3333977e+00	   1.0911999e+00	   1.0685235e+00	   1.0225383e+00	   9.5541506e-01	
   4.7190597e+00	   4.8633495e+00	   4.3650545e+00	   4.3591527e+00	   3.9680828e+00	   4.1929874e+00	   4.0123462e+00	   3.8329153e+00	   3.5808778e+00	   3.3314288e+00	   3.2416145e+00	   3.1615355e+00	   2.9615647e+00	   2.8807096e+00	   2.8063290e+00	   2.6525290e+00	   2.4801864e+00	   2.4257258e+00	   2.3083839e+00	   2.1595073e+00	   2.1056491e+00	   1.9942399e+00	   1.8606954e+00	   1.7797538e+00	   1.7538514e+00	   1.6623989e+00	   1.5831203e+00	   1.4875623e+00	   1.4232994e+00	   1.1465473e+00	   1.0799974e+00	   1.0826656e+00	   9.8005249e-01	
   5.4388219e+00	   4.2025655e+00	   4.4720984e+00	   4.4890534e+00	   4.3551280e+00	   4.1848941e+00	   3.9782815e+00	   3.7652653e+00	   3.5108057e+00	   3.3204872e+00	   3.2801381e+00	   3.1421839e+00	   3.0716542e+00	   2.9439268e+00	   2.7659671e+00	   2.6681566e+00	   2.6182459e+00	   2.4715585e+00	   2.3097287e+00	   2.2526896e+00	   2.1476939e+00	   2.0276570e+00	   1.8950599e+00	   1.8130648e+00	   1.7943671e+00	   1.7368642e+00	   1.6263190e+00	   1.5492661e+00	   1.4873867e+00	   1.2659321e+00	   1.1111991e+00	   1.0756443e+00	   1.0474231e+00	
   4.6699016e+00	   4.2115388e+00	   4.2803308e+00	   4.3906478e+00	   4.2232725e+00	   4.2303337e+00	   4.0777448e+00	   3.8612563e+00	   3.6108008e+00	   3.4739111e+00	   3.2809659e+00	   3.1728169e+00	   3.1263459e+00	   2.9907632e+00	   2.8775312e+00	   2.7216011e+00	   2.5832301e+00	   2.5000984e+00	   2.3845973e+00	   2.2927485e+00	   2.1578971e+00	   2.0219766e+00	   1.9430180e+00	   1.8534502e+00	   1.8367527e+00	   1.7260292e+00	   1.6347430e+00	   1.6164149e+00	   1.5120818e+00	   1.4182798e+00	   1.1575939e+00	   1.1279070e+00	   1.0627779e+00	
   5.0727942e+00	   5.0808934e+00	   4.7906998e+00	   4.4163262e+00	   4.3750558e+00	   4.2675469e+00	   4.0633613e+00	   4.0553407e+00	   3.6645075e+00	   3.4698565e+00	   3.3941282e+00	   3.2119790e+00	   3.1314299e+00	   3.0570730e+00	   2.9542762e+00	   2.7975351e+00	   2.6721520e+00	   2.5283855e+00	   2.3993555e+00	   2.3068223e+00	   2.2135278e+00	   2.0740519e+00	   2.0141587e+00	   1.8861714e+00	   1.8422068e+00	   1.7928994e+00	   1.6618653e+00	   1.5927465e+00	   1.5065515e+00	   1.4393060e+00	   1.1968997e+00	   1.1138584e+00	   1.1281136e+00	
   5.2550456e+00	   5.1351376e+00	   4.7470015e+00	   4.6878876e+00	   4.5945647e+00	   4.3187531e+00	   4.2475167e+00	   3.8914260e+00	   3.7436939e+00	   3.5417563e+00	   3.4669669e+00	   3.3103803e+00	   3.1934607e+00	   3.0588837e+00	   2.9297723e+00	   2.8501481e+00	   2.6644437e+00	   2.6095741e+00	   2.4694645e+00	   2.3317074e+00	   2.1969580e+00	   2.1218535e+00	   2.0210031e+00	   1.9343968e+00	   1.8333961e+00	   1.8161557e+00	   1.7278702e+00	   1.6532528e+00	   1.5646611e+00	   1.4710066e+00	   1.3639487e+00	   1.1337708e+00	   1.1570194e+00	
             NaN	   5.1560524e+00	   4.8243639e+00	   4.8151821e+00	   4.7066899e+00	   4.4791401e+00	   4.3411966e+00	   3.9258280e+00	   3.9196643e+00	   3.5745319e+00	   3.4587993e+00	   3.2721732e+00	   3.1896952e+00	   3.0825334e+00	   3.0091250e+00	   2.8399680e+00	   2.6870624e+00	   2.5843393e+00	   2.5414004e+00	   2.3858987e+00	   2.2372363e+00	   2.1436675e+00	   2.0428079e+00	   2.0036343e+00	   1.9533989e+00	   1.7930252e+00	   1.7820538e+00	   1.6716895e+00	   1.6111136e+00	   1.5321125e+00	   1.4457589e+00	   1.1688173e+00	   1.2082464e+00	
             NaN	   4.5389472e+00	   4.8445680e+00	   4.7914914e+00	   4.6486037e+00	   4.6875111e+00	   4.2437556e+00	   4.0968893e+00	   3.8933181e+00	   3.6505442e+00	   3.5471561e+00	   3.4020246e+00	   3.3134645e+00	   3.1695718e+00	   3.0516958e+00	   2.9085353e+00	   2.7473412e+00	   2.6104427e+00	   2.5334850e+00	   2.4384657e+00	   2.2742384e+00	   2.1706359e+00	   2.0869993e+00	   1.9792049e+00	   1.9036286e+00	   1.8470286e+00	   1.7655855e+00	   1.7115454e+00	   1.6018717e+00	   1.5865101e+00	   1.4854658e+00	   1.2801610e+00	   1.1915535e+00	
             NaN	   4.7394125e+00	   4.6907326e+00	   4.8021593e+00	   4.6205093e+00	   4.4791573e+00	   4.3733363e+00	   4.0883457e+00	   3.9867812e+00	   3.7288725e+00	   3.4676613e+00	   3.4657484e+00	   3.2924502e+00	   3.1665221e+00	   3.1245561e+00	   2.9474659e+00	   2.8053363e+00	   2.6756999e+00	   2.5212429e+00	   2.4434267e+00	   2.2991245e+00	   2.1912055e+00	   2.1068884e+00	   1.9962146e+00	   1.9604091e+00	   1.8901552e+00	   1.8287764e+00	   1.7392936e+00	   1.6527334e+00	   1.5800318e+00	   1.5165404e+00	   1.3391616e+00	   1.2208160e+00	
             NaN	   4.9384710e+00	   4.7712747e+00	   4.7055216e+00	   4.6753808e+00	   4.6063370e+00	   4.2748234e+00	   4.2463565e+00	   3.9045235e+00	   3.7331642e+00	   3.6160459e+00	   3.4664929e+00	   3.3904177e+00	   3.2777844e+00	   3.1308870e+00	   3.0039014e+00	   2.8493221e+00	   2.7264801e+00	   2.5987479e+00	   2.4641101e+00	   2.4017179e+00	   2.2575926e+00	   2.1502082e+00	   2.0497430e+00	   1.9830978e+00	   1.9264996e+00	   1.8987117e+00	   1.7553081e+00	   1.6951907e+00	   1.6353440e+00	   1.5950908e+00	   1.4075890e+00	   1.2896105e+00	
             NaN	   5.2338345e+00	   5.0415827e+00	   5.1326521e+00	   4.9439483e+00	   4.7254075e+00	   4.4811768e+00	   4.1850087e+00	   3.9118455e+00	   3.8287297e+00	   3.6840567e+00	   3.4924553e+00	   3.3711815e+00	   3.3541566e+00	   3.1390022e+00	   3.0406589e+00	   2.9211280e+00	   2.7383226e+00	   2.6362209e+00	   2.5324572e+00	   2.4064680e+00	   2.2787570e+00	   2.1730199e+00	   2.0963527e+00	   2.0498187e+00	   1.9443177e+00	   1.8843610e+00	   1.8270112e+00	   1.7294797e+00	   1.6429130e+00	   1.6046130e+00	   1.5288006e+00	   1.3641791e+00	
             NaN	   5.5289002e+00	   5.0671967e+00	   5.0633376e+00	   4.9772642e+00	   5.0652286e+00	   4.6715340e+00	   4.4350956e+00	   4.1234024e+00	   3.8742438e+00	   3.7363997e+00	   3.6089480e+00	   3.4228747e+00	   3.4346983e+00	   3.2852687e+00	   3.1356168e+00	   2.9594711e+00	   2.7858891e+00	   2.7174654e+00	   2.6092123e+00	   2.4341186e+00	   2.2905678e+00	   2.1760881e+00	   2.1122634e+00	   2.0705975e+00	   1.9966093e+00	   1.9203272e+00	   1.8615153e+00	   1.7932163e+00	   1.6794757e+00	   1.6423696e+00	   1.5701479e+00	   1.4279823e+00	
             NaN	             NaN	   5.1394020e+00	   5.0105287e+00	   4.8837858e+00	   4.7253123e+00	   4.5290701e+00	   4.3507018e+00	   4.1756090e+00	   4.0024873e+00	   3.7791574e+00	   3.6583632e+00	   3.5134508e+00	   3.4214376e+00	   3.2730742e+00	   3.0895431e+00	   2.9805924e+00	   2.7948326e+00	   2.7083820e+00	   2.5951306e+00	   2.4645127e+00	   2.3870189e+00	   2.1901074e+00	   2.1595224e+00	   2.0868302e+00	   2.0127955e+00	   1.9318076e+00	   1.8853468e+00	   1.8056692e+00	   1.7234409e+00	   1.6538659e+00	   1.6366464e+00	   1.4508505e+00	
             NaN	             NaN	   5.2382741e+00	   5.3315826e+00	   5.1429230e+00	   4.9163718e+00	   4.6153506e+00	   4.4167643e+00	   4.1370973e+00	   3.9928634e+00	   3.8848569e+00	   3.6869540e+00	   3.5663279e+00	   3.4464069e+00	   3.2927087e+00	   3.1982479e+00	   3.0567023e+00	   2.9716304e+00	   2.7988056e+00	   2.6217074e+00	   2.4970185e+00	   2.4256700e+00	   2.2634254e+00	   2.2043502e+00	   2.1339097e+00	   2.0069639e+00	   2.0199493e+00	   1.8973402e+00	   1.8061726e+00	   1.7944180e+00	   1.6455414e+00	   1.6487263e+00	   1.5132841e+00	
             NaN	             NaN	   5.4580075e+00	   5.1445034e+00	   5.0616416e+00	   4.9447309e+00	   4.8629747e+00	   4.5629586e+00	   4.2501224e+00	   4.0804780e+00	   3.9394435e+00	   3.7250823e+00	   3.5465345e+00	   3.6309729e+00	   3.3528711e+00	   3.2352571e+00	   3.0799688e+00	   2.9037177e+00	   2.7833027e+00	   2.6539470e+00	   2.5573686e+00	   2.4459339e+00	   2.3484337e+00	   2.1645044e+00	   2.1311734e+00	   2.1074609e+00	   2.0218698e+00	   1.9276844e+00	   1.8502638e+00	   1.8043912e+00	   1.7081939e+00	   1.6668628e+00	   1.6660902e+00	
             NaN	             NaN	   5.2430943e+00	   5.4342280e+00	   5.0887873e+00	   5.0556687e+00	   4.8326693e+00	   4.6415735e+00	   4.3916546e+00	   4.0723413e+00	   3.9338948e+00	   3.7802693e+00	   3.6901916e+00	   3.6154082e+00	   3.4120591e+00	   3.3246118e+00	   3.1326480e+00	   2.9637144e+00	   2.8998917e+00	   2.7279550e+00	   2.5480147e+00	   2.4483273e+00	   2.3488506e+00	   2.2437092e+00	   2.1884924e+00	   2.1538613e+00	   2.0552811e+00	   1.9898852e+00	   1.8975824e+00	   1.8102158e+00	   1.7973709e+00	   1.6843209e+00	   1.6676163e+00	
             NaN	             NaN	   5.5308743e+00	   5.0534148e+00	   5.3286806e+00	   5.0605060e+00	   4.8603902e+00	   4.6187662e+00	   4.4979313e+00	   4.1225239e+00	   3.9671600e+00	   3.8933585e+00	   3.7441991e+00	   3.6947163e+00	   3.4610655e+00	   3.3126214e+00	   3.1291964e+00	   3.0301168e+00	   2.9286751e+00	   2.7696899e+00	   2.6583515e+00	   2.5146498e+00	   2.3835732e+00	   2.2543260e+00	   2.1964027e+00	   2.1192552e+00	   2.0963778e+00	   1.9729747e+00	   1.9527566e+00	   1.8650584e+00	   1.8043937e+00	   1.7707705e+00	   1.6992359e+00	
             NaN	             NaN	             NaN	   5.0896004e+00	   5.3990701e+00	   4.9610198e+00	   4.9149900e+00	   4.8707891e+00	   4.4985055e+00	   4.3220824e+00	   4.0479855e+00	   3.9177215e+00	   3.6408810e+00	   3.6665366e+00	   3.4655470e+00	   3.4350795e+00	   3.2061720e+00	   3.1334613e+00	   2.9285143e+00	   2.8473838e+00	   2.6632795e+00	   2.4827549e+00	   2.4818270e+00	   2.3316230e+00	   2.2447067e+00	   2.1778256e+00	   2.1205892e+00	   2.0116030e+00	   1.9313025e+00	   1.8828145e+00	   1.8208848e+00	   1.7849970e+00	   1.7211746e+00	
             NaN	             NaN	             NaN	   5.3015330e+00	   5.3360089e+00	   5.1481000e+00	   5.0117416e+00	   4.8109731e+00	   4.4891866e+00	   4.2523238e+00	   4.1322814e+00	   3.9477402e+00	   3.8611297e+00	   3.7030965e+00	   3.5464401e+00	   3.3825612e+00	   3.2454420e+00	   3.1400101e+00	   3.0266414e+00	   2.7826375e+00	   2.6287804e+00	   2.5308955e+00	   2.4807208e+00	   2.2997765e+00	   2.2479498e+00	   2.1804672e+00	   2.1334967e+00	   1.9980987e+00	   1.9557670e+00	   1.9468677e+00	   1.8566875e+00	   1.8211132e+00	   1.7127510e+00	
             NaN	             NaN	             NaN	   5.2283333e+00	   5.3804039e+00	   5.4126485e+00	   5.0328604e+00	   4.8264577e+00	   4.5152214e+00	   4.3766968e+00	   4.2496443e+00	   3.9701919e+00	   3.8949412e+00	   3.7142306e+00	   3.6502011e+00	   3.4363792e+00	   3.2961005e+00	   3.1683094e+00	   2.9856799e+00	   2.8265622e+00	   2.7704870e+00	   2.5401807e+00	   2.4924179e+00	   2.3980644e+00	   2.3193133e+00	   2.2060988e+00	   2.1564761e+00	   2.1316037e+00	   2.0235944e+00	   1.9168651e+00	   1.8351613e+00	   1.8569677e+00	   1.7384660e+00	
             NaN	             NaN	             NaN	   5.9519515e+00	   5.3742842e+00	   5.1602707e+00	   5.1141300e+00	   4.9447374e+00	   4.6013894e+00	   4.4474722e+00	   4.2911749e+00	   4.1391274e+00	   3.8947374e+00	   3.8620375e+00	   3.6548151e+00	   3.4970465e+00	   3.3945170e+00	   3.1162629e+00	   3.0385609e+00	   2.9176338e+00	   2.6643351e+00	   2.6229527e+00	   2.5847760e+00	   2.3924587e+00	   2.3547298e+00	   2.2621996e+00	   2.1852590e+00	   2.1092810e+00	   2.0086520e+00	   1.9495367e+00	   1.8930607e+00	   1.8886754e+00	   1.7827184e+00	
             NaN	             NaN	             NaN	   5.6004048e+00	   5.5341304e+00	   5.4879893e+00	   5.3035999e+00	   4.8908089e+00	   4.6266497e+00	   4.4838715e+00	   4.3028760e+00	   4.1166889e+00	   4.0293661e+00	   3.8928882e+00	   3.7233619e+00	   3.4876907e+00	   3.4165559e+00	   3.2384847e+00	   3.0901417e+00	   2.9370212e+00	   2.7430642e+00	   2.6706972e+00	   2.5330341e+00	   2.4472243e+00	   2.3737599e+00	   2.3036322e+00	   2.2197728e+00	   2.1248073e+00	   2.0771694e+00	   1.9771143e+00	   1.9054849e+00	   1.8760415e+00	   1.8301254e+00	
             NaN	             NaN	             NaN	             NaN	   5.5720143e+00	   5.3952223e+00	   5.1429865e+00	   5.0857340e+00	   4.7518158e+00	   4.5543268e+00	   4.4041542e+00	   4.2198774e+00	   4.0940566e+00	   3.9474871e+00	   3.7498386e+00	   3.6145801e+00	   3.4847183e+00	   3.2496170e+00	   3.1702514e+00	   3.0068670e+00	   2.8597659e+00	   2.6610540e+00	   2.5744749e+00	   2.4601157e+00	   2.3563799e+00	   2.3173619e+00	   2.2261146e+00	   2.1453113e+00	   2.0831086e+00	   2.0069788e+00	   1.9536544e+00	   1.9095210e+00	   1.8723021e+00	
             NaN	             NaN	             NaN	             NaN	   5.8296582e+00	   5.5431037e+00	   5.2628230e+00	   5.0724081e+00	   4.9338231e+00	   4.6036299e+00	   4.4999086e+00	   4.3034426e+00	   4.0756441e+00	   4.0310803e+00	   3.8816570e+00	   3.6673555e+00	   3.4158471e+00	   3.3168763e+00	   3.1659322e+00	   2.9943722e+00	   2.8566407e+00	   2.7326458e+00	   2.6641180e+00	   2.4744680e+00	   2.4012268e+00	   2.3777039e+00	   2.2556743e+00	   2.1233459e+00	   2.1128005e+00	   2.0375148e+00	   1.9555162e+00	   1.9127558e+00	   1.9025769e+00	
             NaN	             NaN	             NaN	             NaN	   5.7880879e+00	   5.4798600e+00	   5.4678040e+00	   5.1379938e+00	   4.7954757e+00	   4.5780925e+00	   4.4089011e+00	   4.3013557e+00	   4.1375624e+00	   4.0382063e+00	   3.8322262e+00	   3.7241779e+00	   3.6025087e+00	   3.3403426e+00	   3.2092689e+00	   3.0529229e+00	   2.8329754e+00	   2.7259344e+00	   2.6329751e+00	   2.4811270e+00	   2.4274299e+00	   2.3846075e+00	   2.2922543e+00	   2.2064585e+00	   2.1385646e+00	   2.0558163e+00	   1.9954180e+00	   1.9484428e+00	   1.9171451e+00	
             NaN	             NaN	             NaN	             NaN	   6.0467402e+00	   5.6453293e+00	   5.5176903e+00	   5.2263749e+00	   4.9156386e+00	   4.6957342e+00	   4.4130842e+00	   4.2736254e+00	   4.2226054e+00	   3.9723030e+00	   3.8971502e+00	   3.6981456e+00	   3.5801267e+00	   3.3723630e+00	   3.1623397e+00	   3.0336612e+00	   2.9157931e+00	   2.7980923e+00	   2.6945024e+00	   2.5478753e+00	   2.4476464e+00	   2.3449465e+00	   2.3094962e+00	   2.2189232e+00	   2.1524376e+00	   2.1316846e+00	   2.0380209e+00	   1.9417214e+00	   1.9215672e+00	
             NaN	             NaN	             NaN	             NaN	   6.0191395e+00	   5.5221174e+00	   5.4351353e+00	   5.2453366e+00	   4.8631225e+00	   4.7291691e+00	   4.5097161e+00	   4.4361202e+00	   4.2421557e+00	   4.1485946e+00	   3.9200063e+00	   3.7933286e+00	   3.5982355e+00	   3.3967870e+00	   3.1792440e+00	   3.0786805e+00	   2.9600426e+00	   2.7807360e+00	   2.6916510e+00	   2.4648142e+00	   2.5077494e+00	   2.4463328e+00	   2.2680115e+00	   2.2880634e+00	   2.1487859e+00	   2.0860557e+00	   2.0197176e+00	   1.9899370e+00	   1.9758265e+00	
             NaN	             NaN	             NaN	             NaN	             NaN	   5.7236427e+00	   5.6511158e+00	   5.3548785e+00	   5.0228802e+00	   4.6591002e+00	   4.6312776e+00	   4.4061011e+00	   4.3398396e+00	   4.1302818e+00	   3.9612921e+00	   3.8378472e+00	   3.6743586e+00	   3.4171459e+00	   3.2584920e+00	   3.0803250e+00	   2.9884262e+00	   2.7943982e+00	   2.7322905e+00	   2.5756577e+00	   2.5155047e+00	   2.4452391e+00	   2.3292366e+00	   2.2897924e+00	   2.1638665e+00	   2.1046840e+00	   2.0599403e+00	   2.0074926e+00	   1.9309442e+00	
             NaN	             NaN	             NaN	             NaN	             NaN	   5.7775445e+00	   5.4524808e+00	   5.3187837e+00	   5.0522719e+00	   4.9250464e+00	   4.6364580e+00	   4.4993491e+00	   4.3061464e+00	   4.1314017e+00	   4.0652986e+00	   3.8667076e+00	   3.7881744e+00	   3.4855282e+00	   3.3111778e+00	   3.1203856e+00	   2.9675164e+00	   2.8339598e+00	   2.7002912e+00	   2.5526448e+00	   2.5421149e+00	   2.4702909e+00	   2.3806251e+00	   2.2636117e+00	   2.1713962e+00	   2.1127604e+00	   2.0536489e+00	   2.0066951e+00	   1.9695134e+00	
             NaN	             NaN	             NaN	             NaN	             NaN	   5.7897526e+00	   5.6798326e+00	   5.3630321e+00	   5.0489561e+00	   4.8796688e+00	   4.6760827e+00	   4.3541728e+00	   4.3306977e+00	   4.2519209e+00	   3.9812780e+00	   3.9420458e+00	   3.7495183e+00	   3.5399792e+00	   3.3940842e+00	   3.1768747e+00	   3.0629558e+00	   2.8534831e+00	   2.7554717e+00	   2.6091998e+00	   2.5513881e+00	   2.5059298e+00	   2.3752666e+00	   2.2932444e+00	   2.1945727e+00	   2.1664194e+00	   2.0362540e+00	   2.0282357e+00	   1.9854350e+00	
             NaN	             NaN	             NaN	             NaN	             NaN	   5.8529390e+00	   5.6915352e+00	   5.4521750e+00	   5.0224082e+00	   4.7505418e+00	   4.7977597e+00	   4.5764473e+00	   4.3294019e+00	   4.3165736e+00	   4.2181574e+00	   3.9341124e+00	   3.6717050e+00	   3.5802688e+00	   3.3089576e+00	   3.1893964e+00	   3.0158145e+00	   2.9301548e+00	   2.7212326e+00	   2.5951774e+00	   2.5154792e+00	   2.4987380e+00	   2.4245555e+00	   2.3116181e+00	   2.2135985e+00	   2.1580375e+00	   2.1194596e+00	   2.0876164e+00	   2.0158115e+00	
             NaN	             NaN	             NaN	             NaN	             NaN	   6.0024474e+00	   5.8189755e+00	   5.4658753e+00	   5.2154752e+00	   4.9563082e+00	   4.7369139e+00	   4.5760534e+00	   4.3946102e+00	   4.3160205e+00	   4.2399779e+00	   4.0493725e+00	   3.7685424e+00	   3.6820545e+00	   3.3712240e+00	   3.2451097e+00	   3.0956436e+00	   2.9094741e+00	   2.7278512e+00	   2.6578210e+00	   2.6080486e+00	   2.5621043e+00	   2.4530449e+00	   2.3351194e+00	   2.2537357e+00	   2.1736888e+00	   2.1122105e+00	   2.0746433e+00	   2.0087334e+00	
             NaN	             NaN	             NaN	             NaN	             NaN	             NaN	   5.8259084e+00	   5.4975202e+00	   5.4162031e+00	   5.0385734e+00	   4.7820871e+00	   4.5617080e+00	   4.5292332e+00	   4.4593703e+00	   4.2131082e+00	   3.9813352e+00	   3.8230890e+00	   3.6547708e+00	   3.5274664e+00	   3.3529424e+00	   3.1426512e+00	   2.9420566e+00	   2.7995388e+00	   2.6714931e+00	   2.6135056e+00	   2.5411404e+00	   2.4956788e+00	   2.3744222e+00	   2.2526948e+00	   2.2121708e+00	   2.1794826e+00	   2.0854674e+00	   2.0156925e+00	
             NaN	             NaN	             NaN	             NaN	             NaN	             NaN	   5.7400061e+00	   5.6495087e+00	   5.4118260e+00	   5.0212643e+00	   4.8478232e+00	   4.7660335e+00	   4.4437088e+00	   4.4209084e+00	   4.3302228e+00	   4.1600306e+00	   3.8643726e+00	   3.6393094e+00	   3.5107538e+00	   3.3505532e+00	   3.1085996e+00	   2.9397401e+00	   2.8431732e+00	   2.7653895e+00	   2.6549655e+00	   2.5826594e+00	   2.4765850e+00	   2.3737270e+00	   2.2673496e+00	   2.1938587e+00	   2.1273822e+00	   2.0863080e+00	   2.0543168e+00	
   0.0000000e+00	             NaN	             NaN	             NaN	             NaN	             NaN	   5.8043204e+00	   5.7245304e+00	   5.3863078e+00	   5.1613560e+00	   4.9636212e+00	   4.7435558e+00	   4.4433204e+00	   4.3842568e+00	   4.3331421e+00	   4.1511722e+00	   3.8800225e+00	   3.7613938e+00	   3.5273276e+00	   3.3230776e+00	   3.1726871e+00	   2.9976423e+00	   2.8689286e+00	   2.7128609e+00	   2.6630455e+00	   2.5391636e+00	   2.4748950e+00	   2.4167701e+00	   2.3374847e+00	   2.2782737e+00	   2.1939698e+00	   2.0933177e+00	   2.0643676e+00	
   0.0000000e+00	             NaN	             NaN	             NaN	             NaN	             NaN	   5.8978351e+00	   5.6360935e+00	   5.3908620e+00	   5.1791099e+00	   4.8511245e+00	   4.6694621e+00	   4.5995213e+00	   4.5780024e+00	   4.3244186e+00	   4.1364509e+00	   3.9295353e+00	   3.7351875e+00	   3.5111895e+00	   3.3569393e+00	   3.1536668e+00	   2.9988129e+00	   2.8241411e+00	   2.8287290e+00	   2.6826412e+00	   2.5954673e+00	   2.5157222e+00	   2.4278912e+00	   2.3190698e+00	   2.2849651e+00	   2.1242260e+00	   2.1252148e+00	   2.1265236e+00	
   0.0000000e+00	             NaN	             NaN	             NaN	             NaN	             NaN	   6.2656252e+00	   5.8354207e+00	   5.4315124e+00	   5.1528620e+00	   4.9414902e+00	   4.7869883e+00	   4.6142032e+00	   4.5175298e+00	   4.3735484e+00	   4.1235146e+00	   3.9595374e+00	   3.8008535e+00	   3.5637635e+00	   3.3654246e+00	   3.2344696e+00	   3.0873225e+00	   2.9096407e+00	   2.8028226e+00	   2.7171376e+00	   2.6366040e+00	   2.4970156e+00	   2.3822687e+00	   2.3693131e+00	   2.2713949e+00	   2.1451313e+00	   2.1490971e+00	   2.1207308e+00	
   0.0000000e+00	             NaN	             NaN	             NaN	             NaN	             NaN	             NaN	   5.8026213e+00	   5.5939483e+00	   5.2927620e+00	   4.9483888e+00	   4.8064507e+00	   4.6349600e+00	   4.6302276e+00	   4.5152620e+00	   4.2409633e+00	   3.9258236e+00	   3.7800902e+00	   3.6034337e+00	   3.3931199e+00	   3.2580861e+00	   3.0907648e+00	   2.8813519e+00	   2.7815331e+00	   2.7654156e+00	   2.6094122e+00	   2.5631793e+00	   2.4311652e+00	   2.3882191e+00	   2.2633037e+00	   2.2353970e+00	   2.1366881e+00	   2.0974310e+00	
   0.0000000e+00	             NaN	             NaN	             NaN	             NaN	             NaN	             NaN	   5.9531239e+00	   5.6416087e+00	   5.1385159e+00	   5.0148993e+00	   4.8855080e+00	   4.7106150e+00	   4.5909469e+00	   4.3364589e+00	   4.3290024e+00	   4.1068901e+00	   3.8593450e+00	   3.6448782e+00	   3.4296209e+00	   3.2930175e+00	   3.0938646e+00	   2.9146418e+00	   2.7879972e+00	   2.7203021e+00	   2.6819001e+00	   2.5605351e+00	   2.4116330e+00	   2.3719638e+00	   2.2664220e+00	   2.2068444e+00	   2.1728311e+00	   2.1237136e+00	
   0.0000000e+00	   0.0000000e+00	             NaN	             NaN	             NaN	             NaN	             NaN	   6.0420978e+00	   5.5933397e+00	   5.2354362e+00	   5.2209338e+00	   4.9611567e+00	   4.7256675e+00	   4.6576809e+00	   4.3366596e+00	   4.1715221e+00	   4.2041426e+00	   3.8530241e+00	   3.6038371e+00	   3.5111336e+00	   3.2270479e+00	   3.1169573e+00	   2.9974977e+00	   2.8573225e+00	   2.7191120e+00	   2.7130435e+00	   2.5240253e+00	   2.5126553e+00	   2.3420583e+00	   2.2945900e+00	   2.1907651e+00	   2.2344458e+00	   2.1109538e+00	
   0.0000000e+00	   0.0000000e+00	             NaN	             NaN	             NaN	             NaN	             NaN	   5.9943431e+00	   5.7091468e+00	   5.1796831e+00	   5.2239454e+00	   4.9548084e+00	   4.8169319e+00	   4.5674614e+00	   4.4463850e+00	   4.3332884e+00	   4.0839096e+00	   3.8966120e+00	   3.6613453e+00	   3.4869960e+00	   3.3297949e+00	   3.0459800e+00	   3.0089051e+00	   2.8594375e+00	   2.7398080e+00	   2.6409096e+00	   2.5403766e+00	   2.5173148e+00	   2.4081405e+00	   2.3003113e+00	   2.2656408e+00	   2.1850735e+00	   2.1263331e+00	
   0.0000000e+00	   0.0000000e+00	             NaN	             NaN	             NaN	             NaN	             NaN	   6.0686800e+00	   5.6680294e+00	   5.2526297e+00	   5.0749287e+00	   4.8790792e+00	   4.7410393e+00	   4.6026195e+00	   4.4554371e+00	   4.3080684e+00	   4.0355917e+00	   3.8222361e+00	   3.6407713e+00	   3.4397993e+00	   3.3770616e+00	   3.1389321e+00	   2.9817700e+00	   2.8654934e+00	   2.7775656e+00	   2.7291858e+00	   2.5904958e+00	   2.4464269e+00	   2.4114141e+00	   2.3401204e+00	   2.2040247e+00	   2.1551628e+00	   2.1056716e+00	
   0.0000000e+00	   0.0000000e+00	             NaN	             NaN	             NaN	             NaN	             NaN	             NaN	   5.5192752e+00	   5.3713431e+00	   5.0809751e+00	   5.0300127e+00	   4.8371910e+00	   4.7348983e+00	   4.4581918e+00	   4.2369180e+00	   4.0907454e+00	   3.8299904e+00	   3.6454351e+00	   3.4246918e+00	   3.3248863e+00	   3.1619241e+00	   3.0044209e+00	   2.8705614e+00	   2.7557814e+00	   2.6862577e+00	   2.5675268e+00	   2.5000055e+00	   2.4399431e+00	   2.2976785e+00	   2.2205034e+00	   2.1719420e+00	   2.1179188e+00	
   0.0000000e+00	   0.0000000e+00	             NaN	             NaN	             NaN	             NaN	             NaN	             NaN	   5.7759605e+00	   5.3495011e+00	   5.1160940e+00	   4.8519997e+00	   4.8808286e+00	   4.7177966e+00	   4.4742943e+00	   4.3099232e+00	   4.0823177e+00	   3.8601509e+00	   3.6968847e+00	   3.5076041e+00	   3.3480327e+00	   3.1758261e+00	   3.0119142e+00	   2.8179939e+00	   2.8194763e+00	   2.6714422e+00	   2.6434505e+00	   2.4641237e+00	   2.4027790e+00	   2.3152691e+00	   2.2334887e+00	   2.1741232e+00	   2.1227837e+00	
   0.0000000e+00	   0.0000000e+00	   0.0000000e+00	             NaN	             NaN	             NaN	             NaN	             NaN	   5.6820488e+00	   5.3493622e+00	   5.1227055e+00	   5.0287252e+00	   4.8886102e+00	   4.6307592e+00	   4.3901958e+00	   4.2932900e+00	   4.2118252e+00	   3.9212154e+00	   3.7245611e+00	   3.5599390e+00	   3.3682087e+00	   3.1721816e+00	   3.0283442e+00	   2.8547462e+00	   2.7844767e+00	   2.7425265e+00	   2.5854209e+00	   2.4938852e+00	   2.4429546e+00	   2.3184177e+00	   2.2615370e+00	   2.2065316e+00	   2.1572170e+00	
   0.0000000e+00	   0.0000000e+00	   0.0000000e+00	             NaN	             NaN	             NaN	             NaN	             NaN	   5.6640015e+00	   5.3367732e+00	   5.0458911e+00	   4.9048529e+00	   4.7943271e+00	   4.6897169e+00	   4.4994063e+00	   4.3585916e+00	   4.1165285e+00	   3.9328255e+00	   3.6983520e+00	   3.5348942e+00	   3.3790053e+00	   3.1772722e+00	   3.0531999e+00	   2.9108776e+00	   2.8538556e+00	   2.7198021e+00	   2.6398950e+00	   2.5150145e+00	   2.4229235e+00	   2.3430327e+00	   2.2394971e+00	   2.1382650e+00	   2.1434488e+00	
   0.0000000e+00	   0.0000000e+00	   0.0000000e+00	             NaN	             NaN	             NaN	             NaN	             NaN	   5.5740616e+00	   5.4237675e+00	   5.3308300e+00	   5.1084809e+00	   4.7983040e+00	   4.6981190e+00	   4.5193332e+00	   4.2839523e+00	   4.2603307e+00	   3.9801196e+00	   3.7168451e+00	   3.5412197e+00	   3.3945856e+00	   3.1534070e+00	   3.0726655e+00	   2.8886119e+00	   2.8157790e+00	   2.7374432e+00	   2.6116822e+00	   2.5188410e+00	   2.4226296e+00	   2.2995804e+00	   2.2206565e+00	   2.2039777e+00	   2.1705389e+00	
   0.0000000e+00	   0.0000000e+00	   0.0000000e+00	             NaN	             NaN	             NaN	             NaN	             NaN	   5.8688183e+00	   5.6046564e+00	   5.2054296e+00	   4.9954694e+00	   4.8154258e+00	   4.7106057e+00	   4.5561483e+00	   4.2718800e+00	   4.1355025e+00	   3.8772072e+00	   3.6925487e+00	   3.5393800e+00	   3.3752814e+00	   3.2460655e+00	   2.9976998e+00	   2.8991560e+00	   2.8376879e+00	   2.7850910e+00	   2.6196661e+00	   2.5114653e+00	   2.3969836e+00	   2.3488271e+00	   2.2398489e+00	   2.2222838e+00	   2.1371278e+00	
   0.0000000e+00	   0.0000000e+00	   0.0000000e+00	             NaN	             NaN	             NaN	             NaN	             NaN	             NaN	   5.5018806e+00	   5.3433508e+00	   5.0816284e+00	   4.8130977e+00	   4.6798395e+00	   4.4644869e+00	   4.2834812e+00	   4.1630152e+00	   3.9502321e+00	   3.6573276e+00	   3.5635943e+00	   3.3416715e+00	   3.2827589e+00	   3.1115205e+00	   3.0188033e+00	   2.7756606e+00	   2.7862073e+00	   2.6686736e+00	   2.5048888e+00	   2.3869798e+00	   2.3050869e+00	   2.2534829e+00	   2.1756222e+00	   2.1244541e+00	
   0.0000000e+00	   0.0000000e+00	   0.0000000e+00	   0.0000000e+00	             NaN	             NaN	             NaN	             NaN	             NaN	   5.4144407e+00	   5.3017076e+00	   4.9692158e+00	   4.8736727e+00	   4.6349454e+00	   4.5322894e+00	   4.1921595e+00	   4.1483740e+00	   3.8986192e+00	   3.7569766e+00	   3.5816477e+00	   3.3325422e+00	   3.2043814e+00	   3.0547588e+00	   2.8817867e+00	   2.8931791e+00	   2.6912487e+00	   2.6335731e+00	   2.5050588e+00	   2.4442646e+00	   2.3289055e+00	   2.2241085e+00	   2.1915527e+00	   2.1234967e+00	
   0.0000000e+00	   0.0000000e+00	   0.0000000e+00	   0.0000000e+00	             NaN	             NaN	             NaN	             NaN	             NaN	   5.6011664e+00	   5.3764331e+00	   5.0801651e+00	   4.8368374e+00	   4.6259845e+00	   4.5316043e+00	   4.4566637e+00	   4.2076635e+00	   3.8568855e+00	   3.7207483e+00	   3.4880420e+00	   3.3980849e+00	   3.2376691e+00	   3.1059815e+00	   2.9144003e+00	   2.8477502e+00	   2.7382094e+00	   2.6095493e+00	   2.5472287e+00	   2.3849829e+00	   2.3247345e+00	   2.2130283e+00	   2.1812155e+00	   2.1021393e+00	
   0.0000000e+00	   0.0000000e+00	   0.0000000e+00	   0.0000000e+00	             NaN	             NaN	             NaN	             NaN	             NaN	   5.4778863e+00	   5.2575373e+00	   5.0343548e+00	   4.6868968e+00	   4.5558962e+00	   4.5656183e+00	   4.2974961e+00	   4.0322502e+00	   3.8422757e+00	   3.7447333e+00	   3.5805215e+00	   3.4428342e+00	   3.1635356e+00	   3.0746872e+00	   2.8943072e+00	   2.8325429e+00	   2.7526548e+00	   2.6334278e+00	   2.5432901e+00	   2.3717466e+00	   2.3276606e+00	   2.2105087e+00	   2.1777299e+00	   2.1275837e+00	
   0.0000000e+00	   0.0000000e+00	   0.0000000e+00	   0.0000000e+00	             NaN	             NaN	             NaN	             NaN	             NaN	   5.5787625e+00	   5.1226827e+00	   5.0160584e+00	   4.8906638e+00	   4.5743937e+00	   4.5051776e+00	   4.2116137e+00	   4.1440133e+00	   3.8110281e+00	   3.7682198e+00	   3.5257983e+00	   3.4016864e+00	   3.1572889e+00	   3.1009889e+00	   2.9002627e+00	   2.7869589e+00	   2.7257457e+00	   2.6137043e+00	   2.4660622e+00	   2.3964993e+00	   2.3262125e+00	   2.2290188e+00	   2.1717654e+00	   2.1014530e+00	
   0.0000000e+00	   0.0000000e+00	   0.0000000e+00	   0.0000000e+00	             NaN	             NaN	             NaN	             NaN	             NaN	             NaN	   5.2902574e+00	   5.1380949e+00	   4.8121593e+00	   4.6175216e+00	   4.5803202e+00	   4.2459218e+00	   4.0547538e+00	   3.9646397e+00	   3.7921930e+00	   3.5544805e+00	   3.3409349e+00	   3.3104422e+00	   3.0281994e+00	   2.9342867e+00	   2.8349253e+00	   2.8064352e+00	   2.6079411e+00	   2.4654179e+00	   2.3859180e+00	   2.2338996e+00	   2.2179119e+00	   2.1597505e+00	   2.1138876e+00	
   0.0000000e+00	   0.0000000e+00	   0.0000000e+00	   0.0000000e+00	             NaN	             NaN	             NaN	             NaN	             NaN	             NaN	   5.2635441e+00	   4.9712344e+00	   4.8589000e+00	   4.6064370e+00	   4.5083013e+00	   4.3006167e+00	   4.0902061e+00	   3.8643377e+00	   3.6890013e+00	   3.5208162e+00	   3.3375056e+00	   3.1968811e+00	   3.0524350e+00	   2.9708766e+00	   2.7895336e+00	   2.7267594e+00	   2.6630235e+00	   2.4845876e+00	   2.3631238e+00	   2.3183872e+00	   2.2056676e+00	   2.0992012e+00	   2.1000846e+00	
   0.0000000e+00	   0.0000000e+00	   0.0000000e+00	   0.0000000e+00	   0.0000000e+00	             NaN	             NaN	             NaN	             NaN	             NaN	   5.4041561e+00	   4.9400376e+00	   4.8830806e+00	   4.5804791e+00	   4.5234915e+00	   4.2124118e+00	   4.1040053e+00	   3.8996722e+00	   3.7108156e+00	   3.5261616e+00	   3.4439057e+00	   3.2223634e+00	   3.0115026e+00	   2.8660028e+00	   2.8796987e+00	   2.6837531e+00	   2.6419880e+00	   2.4865445e+00	   2.3848458e+00	   2.2752166e+00	   2.2148916e+00	   2.1317936e+00	   2.0818510e+00	
   0.0000000e+00	   0.0000000e+00	   0.0000000e+00	   0.0000000e+00	   0.0000000e+00	             NaN	             NaN	             NaN	             NaN	             NaN	   5.3478758e+00	   4.9612371e+00	   4.7889552e+00	   4.6870622e+00	   4.2969822e+00	   4.2671834e+00	   4.0558773e+00	   3.8854023e+00	   3.7194422e+00	   3.4637785e+00	   3.3916068e+00	   3.2152849e+00	   3.0256292e+00	   2.9197195e+00	   2.8217089e+00	   2.6965138e+00	   2.5893994e+00	   2.4574963e+00	   2.3440714e+00	   2.2705001e+00	   2.1763308e+00	   2.1458221e+00	   2.0791841e+00	
   0.0000000e+00	   0.0000000e+00	   0.0000000e+00	   0.0000000e+00	   0.0000000e+00	             NaN	             NaN	             NaN	             NaN	             NaN	   5.3785818e+00	   4.9514003e+00	   4.8322496e+00	   4.6372006e+00	   4.5236166e+00	   4.2603742e+00	   4.0249522e+00	   3.8669204e+00	   3.6960197e+00	   3.5380913e+00	   3.2426832e+00	   3.2033098e+00	   3.0409099e+00	   2.8760832e+00	   2.7932559e+00	   2.7068875e+00	   2.6029030e+00	   2.4977481e+00	   2.3459769e+00	   2.2636435e+00	   2.2106423e+00	   2.0808715e+00	   2.0861861e+00	
   0.0000000e+00	   0.0000000e+00	   0.0000000e+00	   0.0000000e+00	   0.0000000e+00	             NaN	             NaN	             NaN	             NaN	             NaN	             NaN	   5.1161929e+00	   4.6424565e+00	   4.5419224e+00	   4.5231392e+00	   4.2993291e+00	   4.0112892e+00	   3.8229628e+00	   3.7149205e+00	   3.5836440e+00	   3.3580074e+00	   3.2286195e+00	   2.9426205e+00	   2.8656270e+00	   2.8115847e+00	   2.7107875e+00	   2.5853347e+00	   2.4720022e+00	   2.3447549e+00	   2.2758983e+00	   2.2112762e+00	   2.0618074e+00	   2.0514633e+00	
   0.0000000e+00	   0.0000000e+00	   0.0000000e+00	   0.0000000e+00	   0.0000000e+00	             NaN	             NaN	             NaN	             NaN	             NaN	             NaN	   4.9607004e+00	   4.7715840e+00	   4.6108423e+00	   4.4469619e+00	   4.1005503e+00	   3.9701076e+00	   3.8299653e+00	   3.5889517e+00	   3.4650023e+00	   3.3425043e+00	   3.1890863e+00	   2.9848137e+00	   2.8670142e+00	   2.7683424e+00	   2.7262445e+00	   2.5371491e+00	   2.4791929e+00	   2.2992371e+00	   2.2774287e+00	   2.1222024e+00	   2.1266736e+00	   2.0095703e+00	
   0.0000000e+00	   0.0000000e+00	   0.0000000e+00	   0.0000000e+00	   0.0000000e+00	   0.0000000e+00	             NaN	             NaN	             NaN	             NaN	             NaN	   4.9657187e+00	   4.8195532e+00	   4.5940253e+00	   4.2757306e+00	   4.2556599e+00	   3.9125101e+00	   3.8403906e+00	   3.5751592e+00	   3.4848332e+00	   3.2792568e+00	   3.1217807e+00	   3.0212667e+00	   2.9186578e+00	   2.7903868e+00	   2.6741975e+00	   2.5437011e+00	   2.4846981e+00	   2.3975686e+00	   2.1726125e+00	   2.1756913e+00	   2.1082120e+00	   2.0247806e+00	
   0.0000000e+00	   0.0000000e+00	   0.0000000e+00	   0.0000000e+00	   0.0000000e+00	   0.0000000e+00	             NaN	             NaN	             NaN	             NaN	             NaN	   5.0542408e+00	   4.7470480e+00	   4.4840926e+00	   4.4206977e+00	   4.3176218e+00	   3.9170639e+00	   3.7861902e+00	   3.5132740e+00	   3.4333267e+00	   3.3121598e+00	   3.1723680e+00	   2.9327591e+00	   2.7909541e+00	   2.7838118e+00	   2.6446303e+00	   2.5175856e+00	   2.4342144e+00	   2.2769131e+00	   2.2633832e+00	   2.1054545e+00	   2.0600731e+00	   1.9937217e+00	
   0.0000000e+00	   0.0000000e+00	   0.0000000e+00	   0.0000000e+00	   0.0000000e+00	   0.0000000e+00	             NaN	             NaN	             NaN	             NaN	             NaN	   5.1955658e+00	   4.7666930e+00	   4.6584285e+00	   4.3900437e+00	   4.0308031e+00	   3.9656240e+00	   3.7331470e+00	   3.5538310e+00	   3.4244901e+00	   3.2154851e+00	   3.1280811e+00	   2.9338088e+00	   2.8400503e+00	   2.7474419e+00	   2.6153266e+00	   2.4495129e+00	   2.4030534e+00	   2.2871964e+00	   2.2161006e+00	   2.1425603e+00	   2.0984102e+00	   1.9648665e+00	
   0.0000000e+00	   0.0000000e+00	   0.0000000e+00	   0.0000000e+00	   0.0000000e+00	   0.0000000e+00	             NaN	             NaN	             NaN	             NaN	             NaN	             NaN	   4.6638709e+00	   4.6512264e+00	   4.3500517e+00	   4.0240331e+00	   3.8715878e+00	   3.7328087e+00	   3.5262654e+00	   3.3765726e+00	   3.2710554e+00	   3.1300704e+00	   2.9373269e+00	   2.8592882e+00	   2.7163518e+00	   2.6215129e+00	   2.5789919e+00	   2.3922244e+00	   2.2901781e+00	   2.2146398e+00	   2.1145958e+00	   2.0583720e+00	   1.9574391e+00	
   0.0000000e+00	   0.0000000e+00	   0.0000000e+00	   0.0000000e+00	   0.0000000e+00	   0.0000000e+00	             NaN	             NaN	             NaN	             NaN	             NaN	             NaN	   4.7722660e+00	   4.4618234e+00	   4.4179081e+00	   4.0864115e+00	   3.8131762e+00	   3.7031127e+00	   3.5094873e+00	   3.3792027e+00	   3.1982462e+00	   3.0799299e+00	   2.8942889e+00	   2.8634228e+00	   2.7432531e+00	   2.5924141e+00	   2.5228704e+00	   2.4245129e+00	   2.2583965e+00	   2.2995004e+00	   2.0815876e+00	   1.9958875e+00	   1.9499783e+00	
   0.0000000e+00	   0.0000000e+00	   0.0000000e+00	   0.0000000e+00	   0.0000000e+00	   0.0000000e+00	   0.0000000e+00	             NaN	             NaN	             NaN	             NaN	             NaN	   4.8386300e+00	   4.4225277e+00	   4.2799947e+00	   3.9056057e+00	   3.9035751e+00	   3.6893538e+00	   3.5319405e+00	   3.3593996e+00	   3.1303165e+00	   3.0067907e+00	   2.8731081e+00	   2.7573414e+00	   2.6704020e+00	   2.5869348e+00	   2.5027880e+00	   2.3672319e+00	   2.3472673e+00	   2.1296762e+00	   2.0344720e+00	   2.0043111e+00	   1.9600687e+00	
   0.0000000e+00	   0.0000000e+00	   0.0000000e+00	   0.0000000e+00	   0.0000000e+00	   0.0000000e+00	   0.0000000e+00	             NaN	             NaN	             NaN	             NaN	             NaN	   4.8794654e+00	   4.3739522e+00	   4.2245239e+00	   3.9631446e+00	   3.8806574e+00	   3.6399450e+00	   3.4068009e+00	   3.3094115e+00	   3.1501295e+00	   3.0785749e+00	   2.8714737e+00	   2.8061572e+00	   2.5874004e+00	   2.5824605e+00	   2.4784668e+00	   2.3529902e+00	   2.2424208e+00	   2.1556004e+00	   2.0460664e+00	   2.0278944e+00	   1.9308476e+00	
   0.0000000e+00	   0.0000000e+00	   0.0000000e+00	   0.0000000e+00	   0.0000000e+00	   0.0000000e+00	   0.0000000e+00	             NaN	             NaN	             NaN	             NaN	             NaN	   4.7931151e+00	   4.3664447e+00	   4.2704069e+00	   3.8909861e+00	   3.7815469e+00	   3.6966078e+00	   3.4649424e+00	   3.2067732e+00	   3.1623812e+00	   3.0253064e+00	   2.8931967e+00	   2.7062772e+00	   2.6598602e+00	   2.5452835e+00	   2.4213235e+00	   2.3370772e+00	   2.2348244e+00	   2.1428441e+00	   2.0684739e+00	   2.0206391e+00	   1.8736023e+00	
   0.0000000e+00	   0.0000000e+00	   0.0000000e+00	   0.0000000e+00	   0.0000000e+00	   0.0000000e+00	   0.0000000e+00	             NaN	             NaN	             NaN	             NaN	             NaN	             NaN	   4.5375883e+00	   4.1341282e+00	   3.9131701e+00	   3.6402514e+00	   3.6219596e+00	   3.4103357e+00	   3.2626944e+00	   3.0506528e+00	   2.9171544e+00	   2.8410386e+00	   2.7611347e+00	   2.6545196e+00	   2.5531354e+00	   2.4856688e+00	   2.2636053e+00	   2.2184728e+00	   2.0971549e+00	   2.0340902e+00	   1.9673123e+00	   1.9178807e+00	
   0.0000000e+00	   0.0000000e+00	   0.0000000e+00	   0.0000000e+00	   0.0000000e+00	   0.0000000e+00	   0.0000000e+00	             NaN	             NaN	             NaN	             NaN	             NaN	             NaN	   4.4832512e+00	   4.2039910e+00	   3.9392003e+00	   3.6905844e+00	   3.5458737e+00	   3.4007310e+00	   3.2808086e+00	   3.0928973e+00	   2.9562257e+00	   2.7652180e+00	   2.6959405e+00	   2.5607862e+00	   2.4507946e+00	   2.4068470e+00	   2.2855118e+00	   2.2312514e+00	   2.1255244e+00	   2.0551523e+00	   1.9500954e+00	   1.9063654e+00	
   0.0000000e+00	   0.0000000e+00	   0.0000000e+00	   0.0000000e+00	   0.0000000e+00	   0.0000000e+00	   0.0000000e+00	   0.0000000e+00	             NaN	             NaN	             NaN	             NaN	             NaN	   4.4382852e+00	   4.0866766e+00	   3.8306899e+00	   3.7078793e+00	   3.4648719e+00	   3.3376170e+00	   3.1753948e+00	   3.1017901e+00	   2.9341735e+00	   2.8070043e+00	   2.6974908e+00	   2.5685308e+00	   2.4189769e+00	   2.4519896e+00	   2.2852805e+00	   2.1475119e+00	   2.1403828e+00	   2.0020009e+00	   1.9482370e+00	   1.8470613e+00	
   0.0000000e+00	   0.0000000e+00	   0.0000000e+00	   0.0000000e+00	   0.0000000e+00	   0.0000000e+00	   0.0000000e+00	   0.0000000e+00	             NaN	             NaN	             NaN	             NaN	             NaN	   4.3568631e+00	   4.1387273e+00	   3.8700641e+00	   3.6970989e+00	   3.3927183e+00	   3.2918137e+00	   3.1452954e+00	   3.0427263e+00	   2.9178416e+00	   2.7286931e+00	   2.7316955e+00	   2.5882549e+00	   2.4834297e+00	   2.3997826e+00	   2.2360564e+00	   2.2043760e+00	   2.0422312e+00	   1.9485045e+00	   1.9228233e+00	   1.8848905e+00	
   0.0000000e+00	   0.0000000e+00	   0.0000000e+00	   0.0000000e+00	   0.0000000e+00	   0.0000000e+00	   0.0000000e+00	   0.0000000e+00	             NaN	             NaN	             NaN	             NaN	             NaN	   4.4210137e+00	   4.0374073e+00	   3.8495116e+00	   3.6117105e+00	   3.4773244e+00	   3.3496744e+00	   3.2123274e+00	   3.0314732e+00	   2.8873686e+00	   2.6498212e+00	   2.6662510e+00	   2.5746902e+00	   2.4799527e+00	   2.3834888e+00	   2.1747937e+00	   2.0883269e+00	   2.0632843e+00	   1.9942456e+00	   1.9398269e+00	   1.8233737e+00	
   0.0000000e+00	   0.0000000e+00	   0.0000000e+00	   0.0000000e+00	   0.0000000e+00	   0.0000000e+00	   0.0000000e+00	   0.0000000e+00	             NaN	             NaN	             NaN	             NaN	             NaN	             NaN	   4.0459127e+00	   3.7366102e+00	   3.6491835e+00	   3.4497322e+00	   3.2207731e+00	   3.2216737e+00	   3.0223096e+00	   2.8457331e+00	   2.6772427e+00	   2.6481902e+00	   2.5336127e+00	   2.4786621e+00	   2.2981974e+00	   2.1708228e+00	   2.1176820e+00	   1.9960446e+00	   1.9241026e+00	   1.9257773e+00	   1.8712103e+00	
   0.0000000e+00	   0.0000000e+00	   0.0000000e+00	   0.0000000e+00	   0.0000000e+00	   0.0000000e+00	   0.0000000e+00	   0.0000000e+00	             NaN	             NaN	             NaN	             NaN	             NaN	             NaN	   4.0436827e+00	   3.7928702e+00	   3.6078529e+00	   3.3645692e+00	   3.2304941e+00	   3.1475635e+00	   3.0168648e+00	   2.8773715e+00	   2.6407513e+00	   2.5515270e+00	   2.5225145e+00	   2.3556623e+00	   2.3125061e+00	   2.1982346e+00	   2.0971391e+00	   2.0058519e+00	   1.9831342e+00	   1.8773857e+00	   1.8138738e+00	
   0.0000000e+00	   0.0000000e+00	   0.0000000e+00	   0.0000000e+00	   0.0000000e+00	   0.0000000e+00	   0.0000000e+00	   0.0000000e+00	   0.0000000e+00	             NaN	             NaN	             NaN	             NaN	             NaN	   4.0141322e+00	   3.6876400e+00	   3.4309354e+00	   3.3470957e+00	   3.2499525e+00	   3.0965294e+00	   2.9503566e+00	   2.8661214e+00	   2.5774781e+00	   2.5642526e+00	   2.5758727e+00	   2.4021913e+00	   2.3307847e+00	   2.1385060e+00	   2.0877043e+00	   1.9790590e+00	   1.9015302e+00	   1.8486071e+00	   1.7850260e+00	
   0.0000000e+00	   0.0000000e+00	   0.0000000e+00	   0.0000000e+00	   0.0000000e+00	   0.0000000e+00	   0.0000000e+00	   0.0000000e+00	   0.0000000e+00	             NaN	             NaN	             NaN	             NaN	             NaN	   4.1188898e+00	   3.8474187e+00	   3.4464930e+00	   3.2746925e+00	   3.1318048e+00	   3.0551927e+00	   2.9532534e+00	   2.6936605e+00	   2.5890807e+00	   2.5913240e+00	   2.4595573e+00	   2.3475822e+00	   2.2884320e+00	   2.1630408e+00	   2.1034986e+00	   2.0370935e+00	   1.8174306e+00	   1.8340188e+00	   1.8103088e+00	
   0.0000000e+00	   0.0000000e+00	   0.0000000e+00	   0.0000000e+00	   0.0000000e+00	   0.0000000e+00	   0.0000000e+00	   0.0000000e+00	   0.0000000e+00	             NaN	             NaN	             NaN	             NaN	             NaN	   4.0821048e+00	   3.7492522e+00	   3.5706095e+00	   3.2246560e+00	   3.1434132e+00	   2.9334816e+00	   2.9263491e+00	   2.8118602e+00	   2.5175160e+00	   2.4615628e+00	   2.4951403e+00	   2.3517653e+00	   2.1621025e+00	   2.1287074e+00	   2.0001285e+00	   1.9345183e+00	   1.8758491e+00	   1.7791236e+00	   1.7279221e+00	
   0.0000000e+00	   0.0000000e+00	   0.0000000e+00	   0.0000000e+00	   0.0000000e+00	   0.0000000e+00	   0.0000000e+00	   0.0000000e+00	   0.0000000e+00	             NaN	             NaN	             NaN	             NaN	             NaN	             NaN	   3.7813430e+00	   3.4027143e+00	   3.3920205e+00	   3.0036301e+00	   2.9384545e+00	   2.9074536e+00	   2.6620664e+00	   2.6091097e+00	   2.4819946e+00	   2.3912865e+00	   2.3352002e+00	   2.1436507e+00	   2.1823366e+00	   1.9856491e+00	   1.8961884e+00	   1.8602172e+00	   1.7706503e+00	   1.7344112e+00	
   0.0000000e+00	   0.0000000e+00	   0.0000000e+00	   0.0000000e+00	   0.0000000e+00	   0.0000000e+00	   0.0000000e+00	   0.0000000e+00	   0.0000000e+00	             NaN	             NaN	             NaN	             NaN	             NaN	             NaN	   3.8753173e+00	   3.3932864e+00	   3.2347468e+00	   3.0786523e+00	   3.0582086e+00	   2.8155936e+00	   2.6139601e+00	   2.5957207e+00	   2.4370093e+00	   2.3208992e+00	   2.3528475e+00	   2.1488736e+00	   2.0885628e+00	   2.0441945e+00	   1.9101079e+00	   1.8672770e+00	   1.8036514e+00	   1.7555416e+00	
   0.0000000e+00	   0.0000000e+00	   0.0000000e+00	   0.0000000e+00	   0.0000000e+00	   0.0000000e+00	   0.0000000e+00	   0.0000000e+00	   0.0000000e+00	   0.0000000e+00	             NaN	             NaN	             NaN	             NaN	             NaN	   3.5856226e+00	   3.4370346e+00	   3.1729950e+00	   3.0452323e+00	   2.9495152e+00	   2.8960740e+00	   2.5933301e+00	   2.5353871e+00	   2.4473582e+00	   2.2708316e+00	   2.2993838e+00	   2.1611673e+00	   2.0165449e+00	   2.0082440e+00	   1.9224648e+00	   1.8432654e+00	   1.6721016e+00	   1.7526858e+00	
