  -2.4172051e+00	  -8.1323106e+00	  -5.8745729e+00	             NaN	             NaN	             NaN	             NaN	             NaN	             NaN	             NaN	             NaN	             NaN	             NaN	             NaN	   0.0000000e+00	   0.0000000e+00	   0.0000000e+00	   0.0000000e+00	   0.0000000e+00	   0.0000000e+00	   0.0000000e+00	   0.0000000e+00	   0.0000000e+00	   0.0000000e+00	   0.0000000e+00	   0.0000000e+00	   0.0000000e+00	   0.0000000e+00	   0.0000000e+00	   0.0000000e+00	   0.0000000e+00	   0.0000000e+00	   0.0000000e+00	
  -4.0009787e+00	  -4.2098959e+00	  -3.4305700e+00	             NaN	             NaN	             NaN	             NaN	             NaN	             NaN	             NaN	             NaN	             NaN	             NaN	             NaN	   0.0000000e+00	   0.0000000e+00	   0.0000000e+00	   0.0000000e+00	   0.0000000e+00	   0.0000000e+00	   0.0000000e+00	   0.0000000e+00	   0.0000000e+00	   0.0000000e+00	   0.0000000e+00	   0.0000000e+00	   0.0000000e+00	   0.0000000e+00	   0.0000000e+00	   0.0000000e+00	   0.0000000e+00	   0.0000000e+00	   0.0000000e+00	
  -1.6209120e+00	  -3.1372146e+00	  -2.4239944e+00	             NaN	             NaN	             NaN	             NaN	             NaN	             NaN	             NaN	             NaN	             NaN	             NaN	             NaN	   0.0000000e+00	   0.0000000e+00	   0.0000000e+00	   0.0000000e+00	   0.0000000e+00	   0.0000000e+00	   0.0000000e+00	   0.0000000e+00	   0.0000000e+00	   0.0000000e+00	   0.0000000e+00	   0.0000000e+00	   0.0000000e+00	   0.0000000e+00	   0.0000000e+00	   0.0000000e+00	   0.0000000e+00	   0.0000000e+00	   0.0000000e+00	
   2.6253506e+00	  -6.3367093e-01	  -5.7562721e-02	   3.1980852e+00	             NaN	             NaN	             NaN	             NaN	             NaN	             NaN	             NaN	             NaN	             NaN	             NaN	             NaN	   0.0000000e+00	   0.0000000e+00	   0.0000000e+00	   0.0000000e+00	   0.0000000e+00	   0.0000000e+00	   0.0000000e+00	   0.0000000e+00	   0.0000000e+00	   0.0000000e+00	   0.0000000e+00	   0.0000000e+00	   0.0000000e+00	   0.0000000e+00	   0.0000000e+00	   0.0000000e+00	   0.0000000e+00	   0.0000000e+00	
   4.4126250e+00	   4.7514496e-01	   3.5452043e+00	   5.0603252e+00	             NaN	             NaN	             NaN	             NaN	             NaN	             NaN	             NaN	             NaN	             NaN	             NaN	             NaN	   0.0000000e+00	   0.0000000e+00	   0.0000000e+00	   0.0000000e+00	   0.0000000e+00	   0.0000000e+00	   0.0000000e+00	   0.0000000e+00	   0.0000000e+00	   0.0000000e+00	   0.0000000e+00	   0.0000000e+00	   0.0000000e+00	   0.0000000e+00	   0.0000000e+00	   0.0000000e+00	   0.0000000e+00	   0.0000000e+00	
   4.3456410e+00	   4.1582189e+00	   3.3714568e+00	   5.7013058e+00	   8.2092984e+00	             NaN	             NaN	             NaN	             NaN	             NaN	             NaN	             NaN	             NaN	             NaN	             NaN	             NaN	   0.0000000e+00	   0.0000000e+00	   0.0000000e+00	   0.0000000e+00	   0.0000000e+00	   0.0000000e+00	   0.0000000e+00	   0.0000000e+00	   0.0000000e+00	   0.0000000e+00	   0.0000000e+00	   0.0000000e+00	   0.0000000e+00	   0.0000000e+00	   0.0000000e+00	   0.0000000e+00	   0.0000000e+00	
   4.8945467e+00	   4.7645565e+00	   4.8646512e+00	   6.6430806e+00	   8.7606591e+00	             NaN	             NaN	             NaN	             NaN	             NaN	             NaN	             NaN	             NaN	             NaN	             NaN	             NaN	   0.0000000e+00	   0.0000000e+00	   0.0000000e+00	   0.0000000e+00	   0.0000000e+00	   0.0000000e+00	   0.0000000e+00	   0.0000000e+00	   0.0000000e+00	   0.0000000e+00	   0.0000000e+00	   0.0000000e+00	   0.0000000e+00	   0.0000000e+00	   0.0000000e+00	   0.0000000e+00	   0.0000000e+00	
   8.3477601e+00	   6.0855804e+00	   5.9546444e+00	   7.8913390e+00	   9.3126107e+00	             NaN	             NaN	             NaN	             NaN	             NaN	             NaN	             NaN	             NaN	             NaN	             NaN	             NaN	   0.0000000e+00	   0.0000000e+00	   0.0000000e+00	   0.0000000e+00	   0.0000000e+00	   0.0000000e+00	   0.0000000e+00	   0.0000000e+00	   0.0000000e+00	   0.0000000e+00	   0.0000000e+00	   0.0000000e+00	   0.0000000e+00	   0.0000000e+00	   0.0000000e+00	   0.0000000e+00	   0.0000000e+00	
   8.1965087e+00	   7.4056541e+00	   7.0332117e+00	   8.1559973e+00	   1.0075471e+01	   1.1757728e+01	             NaN	             NaN	             NaN	             NaN	             NaN	             NaN	             NaN	             NaN	             NaN	             NaN	             NaN	   0.0000000e+00	   0.0000000e+00	   0.0000000e+00	   0.0000000e+00	   0.0000000e+00	   0.0000000e+00	   0.0000000e+00	   0.0000000e+00	   0.0000000e+00	   0.0000000e+00	   0.0000000e+00	   0.0000000e+00	   0.0000000e+00	   0.0000000e+00	   0.0000000e+00	   0.0000000e+00	
   8.6490838e+00	   7.5631304e+00	   7.7100666e+00	   9.1086487e+00	   1.0578102e+01	   1.2497918e+01	             NaN	             NaN	             NaN	             NaN	             NaN	             NaN	             NaN	             NaN	             NaN	             NaN	             NaN	   0.0000000e+00	   0.0000000e+00	   0.0000000e+00	   0.0000000e+00	   0.0000000e+00	   0.0000000e+00	   0.0000000e+00	   0.0000000e+00	   0.0000000e+00	   0.0000000e+00	   0.0000000e+00	   0.0000000e+00	   0.0000000e+00	   0.0000000e+00	   0.0000000e+00	   0.0000000e+00	
   8.1226904e+00	   8.5826702e+00	   9.3098591e+00	   1.0591462e+01	   1.1448668e+01	   1.3078298e+01	   1.4625014e+01	             NaN	             NaN	             NaN	             NaN	             NaN	             NaN	             NaN	             NaN	             NaN	             NaN	             NaN	   0.0000000e+00	   0.0000000e+00	   0.0000000e+00	   0.0000000e+00	   0.0000000e+00	   0.0000000e+00	   0.0000000e+00	   0.0000000e+00	   0.0000000e+00	   0.0000000e+00	   0.0000000e+00	   0.0000000e+00	   0.0000000e+00	   0.0000000e+00	   0.0000000e+00	
   9.1218967e+00	   8.5208223e+00	   1.0238715e+01	   1.1361040e+01	   1.1794935e+01	   1.3660433e+01	   1.4956179e+01	             NaN	             NaN	             NaN	             NaN	             NaN	             NaN	             NaN	             NaN	             NaN	             NaN	             NaN	   0.0000000e+00	   0.0000000e+00	   0.0000000e+00	   0.0000000e+00	   0.0000000e+00	   0.0000000e+00	   0.0000000e+00	   0.0000000e+00	   0.0000000e+00	   0.0000000e+00	   0.0000000e+00	   0.0000000e+00	   0.0000000e+00	   0.0000000e+00	   0.0000000e+00	
   1.0250664e+01	   1.0061407e+01	   1.1165348e+01	   1.1306195e+01	   1.2663347e+01	   1.4307758e+01	   1.6028211e+01	             NaN	             NaN	             NaN	             NaN	             NaN	             NaN	             NaN	             NaN	             NaN	             NaN	             NaN	   0.0000000e+00	   0.0000000e+00	   0.0000000e+00	   0.0000000e+00	   0.0000000e+00	   0.0000000e+00	   0.0000000e+00	   0.0000000e+00	   0.0000000e+00	   0.0000000e+00	   0.0000000e+00	   0.0000000e+00	   0.0000000e+00	   0.0000000e+00	   0.0000000e+00	
   1.0234439e+01	   9.9326696e+00	   1.1238517e+01	   1.3016139e+01	   1.3247406e+01	   1.4505436e+01	   1.5819583e+01	   1.8641679e+01	             NaN	             NaN	             NaN	             NaN	             NaN	             NaN	             NaN	             NaN	             NaN	             NaN	             NaN	   0.0000000e+00	   0.0000000e+00	   0.0000000e+00	   0.0000000e+00	   0.0000000e+00	   0.0000000e+00	   0.0000000e+00	   0.0000000e+00	   0.0000000e+00	   0.0000000e+00	   0.0000000e+00	   0.0000000e+00	   0.0000000e+00	   0.0000000e+00	
   1.0194422e+01	   1.0402318e+01	   1.2248905e+01	   1.2694553e+01	   1.3158482e+01	   1.4767497e+01	   1.6069973e+01	   1.8838097e+01	             NaN	             NaN	             NaN	             NaN	             NaN	             NaN	             NaN	             NaN	             NaN	             NaN	             NaN	   0.0000000e+00	   0.0000000e+00	   0.0000000e+00	   0.0000000e+00	   0.0000000e+00	   0.0000000e+00	   0.0000000e+00	   0.0000000e+00	   0.0000000e+00	   0.0000000e+00	   0.0000000e+00	   0.0000000e+00	   0.0000000e+00	   0.0000000e+00	
   1.0908833e+01	   1.1490944e+01	   1.2245737e+01	   1.2639528e+01	   1.3405683e+01	   1.4635680e+01	   1.6531551e+01	   1.8844181e+01	   1.9716979e+01	             NaN	             NaN	             NaN	             NaN	             NaN	             NaN	             NaN	             NaN	             NaN	             NaN	             NaN	   0.0000000e+00	   0.0000000e+00	   0.0000000e+00	   0.0000000e+00	   0.0000000e+00	   0.0000000e+00	   0.0000000e+00	   0.0000000e+00	   0.0000000e+00	   0.0000000e+00	   0.0000000e+00	   0.0000000e+00	   0.0000000e+00	
   1.0815796e+01	   1.1747192e+01	   1.1824462e+01	   1.3497196e+01	   1.3949287e+01	   1.4945656e+01	   1.6382215e+01	   1.9084170e+01	   1.9761139e+01	             NaN	             NaN	             NaN	             NaN	             NaN	             NaN	             NaN	             NaN	             NaN	             NaN	             NaN	   0.0000000e+00	   0.0000000e+00	   0.0000000e+00	   0.0000000e+00	   0.0000000e+00	   0.0000000e+00	   0.0000000e+00	   0.0000000e+00	   0.0000000e+00	   0.0000000e+00	   0.0000000e+00	   0.0000000e+00	   0.0000000e+00	
   1.1478577e+01	   1.2150117e+01	   1.3014698e+01	   1.3410923e+01	   1.4224390e+01	   1.5354130e+01	   1.6880448e+01	   1.8947435e+01	   1.9875184e+01	             NaN	             NaN	             NaN	             NaN	             NaN	             NaN	             NaN	             NaN	             NaN	             NaN	             NaN	   0.0000000e+00	   0.0000000e+00	   0.0000000e+00	   0.0000000e+00	   0.0000000e+00	   0.0000000e+00	   0.0000000e+00	   0.0000000e+00	   0.0000000e+00	   0.0000000e+00	   0.0000000e+00	   0.0000000e+00	   0.0000000e+00	
   1.0817300e+01	   1.1807846e+01	   1.2739474e+01	   1.3554514e+01	   1.4280214e+01	   1.5272231e+01	   1.6807264e+01	   1.8721583e+01	   1.9439753e+01	   1.9406274e+01	             NaN	             NaN	             NaN	             NaN	             NaN	             NaN	             NaN	             NaN	             NaN	             NaN	             NaN	   0.0000000e+00	   0.0000000e+00	   0.0000000e+00	   0.0000000e+00	   0.0000000e+00	   0.0000000e+00	   0.0000000e+00	   0.0000000e+00	   0.0000000e+00	   0.0000000e+00	   0.0000000e+00	   0.0000000e+00	
   1.1337464e+01	   1.1984599e+01	   1.3039127e+01	   1.4488934e+01	   1.4286789e+01	   1.5288477e+01	   1.6697007e+01	   1.8550805e+01	   1.9602127e+01	   1.9126244e+01	             NaN	             NaN	             NaN	             NaN	             NaN	             NaN	             NaN	             NaN	             NaN	             NaN	             NaN	   0.0000000e+00	   0.0000000e+00	   0.0000000e+00	   0.0000000e+00	   0.0000000e+00	   0.0000000e+00	   0.0000000e+00	   0.0000000e+00	   0.0000000e+00	   0.0000000e+00	   0.0000000e+00	   0.0000000e+00	
   1.0583254e+01	   1.1843236e+01	   1.2628717e+01	   1.3674337e+01	   1.3943053e+01	   1.4918072e+01	   1.6370171e+01	   1.8247197e+01	   1.8983679e+01	   1.8690717e+01	   1.5512943e+01	             NaN	             NaN	             NaN	             NaN	             NaN	             NaN	             NaN	             NaN	             NaN	             NaN	             NaN	   0.0000000e+00	   0.0000000e+00	   0.0000000e+00	   0.0000000e+00	   0.0000000e+00	   0.0000000e+00	   0.0000000e+00	   0.0000000e+00	   0.0000000e+00	   0.0000000e+00	   0.0000000e+00	
   1.1125244e+01	   1.2261819e+01	   1.2733615e+01	   1.3939913e+01	   1.4084523e+01	   1.5260106e+01	   1.6358044e+01	   1.7855048e+01	   1.8660221e+01	   1.8879603e+01	   1.5513186e+01	             NaN	             NaN	             NaN	             NaN	             NaN	             NaN	             NaN	             NaN	             NaN	             NaN	             NaN	   0.0000000e+00	   0.0000000e+00	   0.0000000e+00	   0.0000000e+00	   0.0000000e+00	   0.0000000e+00	   0.0000000e+00	   0.0000000e+00	   0.0000000e+00	   0.0000000e+00	   0.0000000e+00	
   1.1201971e+01	   1.2012895e+01	   1.2675457e+01	   1.3446186e+01	   1.3977486e+01	   1.4786980e+01	   1.5902662e+01	   1.7308151e+01	   1.7982603e+01	   1.8095083e+01	   1.5164405e+01	             NaN	             NaN	             NaN	             NaN	             NaN	             NaN	             NaN	             NaN	             NaN	             NaN	             NaN	   0.0000000e+00	   0.0000000e+00	   0.0000000e+00	   0.0000000e+00	   0.0000000e+00	   0.0000000e+00	   0.0000000e+00	   0.0000000e+00	   0.0000000e+00	   0.0000000e+00	   0.0000000e+00	
   1.1786897e+01	   1.1764818e+01	   1.2685074e+01	   1.3362136e+01	   1.3858009e+01	   1.4842270e+01	   1.5659380e+01	   1.6815507e+01	   1.7775755e+01	   1.7699121e+01	   1.4757302e+01	   1.2035055e+01	             NaN	             NaN	             NaN	             NaN	             NaN	             NaN	             NaN	             NaN	             NaN	             NaN	             NaN	   0.0000000e+00	   0.0000000e+00	   0.0000000e+00	   0.0000000e+00	   0.0000000e+00	   0.0000000e+00	   0.0000000e+00	   0.0000000e+00	   0.0000000e+00	   0.0000000e+00	
   1.1274258e+01	   1.1369644e+01	   1.2488801e+01	   1.3117877e+01	   1.3520499e+01	   1.4140277e+01	   1.5537359e+01	   1.6746175e+01	   1.7307263e+01	   1.7418389e+01	   1.4646354e+01	   1.1912995e+01	             NaN	             NaN	             NaN	             NaN	             NaN	             NaN	             NaN	             NaN	             NaN	             NaN	             NaN	   0.0000000e+00	   0.0000000e+00	   0.0000000e+00	   0.0000000e+00	   0.0000000e+00	   0.0000000e+00	   0.0000000e+00	   0.0000000e+00	   0.0000000e+00	   0.0000000e+00	
   1.1507853e+01	   1.1709717e+01	   1.2330853e+01	   1.3167828e+01	   1.3206497e+01	   1.4063465e+01	   1.4827378e+01	   1.6289007e+01	   1.6641727e+01	   1.6870069e+01	   1.4395823e+01	   1.1680711e+01	   8.4166021e+00	             NaN	             NaN	             NaN	             NaN	             NaN	             NaN	             NaN	             NaN	             NaN	             NaN	             NaN	   0.0000000e+00	   0.0000000e+00	   0.0000000e+00	   0.0000000e+00	   0.0000000e+00	   0.0000000e+00	   0.0000000e+00	   0.0000000e+00	   0.0000000e+00	
   1.0969853e+01	   1.2024504e+01	   1.1939232e+01	   1.2685579e+01	   1.3500680e+01	   1.3696073e+01	   1.4474780e+01	   1.5713287e+01	   1.6116966e+01	   1.6337656e+01	   1.4223111e+01	   1.1537961e+01	   8.4352459e+00	             NaN	             NaN	             NaN	             NaN	             NaN	             NaN	             NaN	             NaN	             NaN	             NaN	             NaN	   0.0000000e+00	   0.0000000e+00	   0.0000000e+00	   0.0000000e+00	   0.0000000e+00	   0.0000000e+00	   0.0000000e+00	   0.0000000e+00	   0.0000000e+00	
   1.0775733e+01	   1.1187757e+01	   1.2013220e+01	   1.2751631e+01	   1.2981992e+01	   1.3320499e+01	   1.3964658e+01	   1.4922247e+01	   1.5494743e+01	   1.5883652e+01	   1.3921470e+01	   1.1416173e+01	   8.3361810e+00	             NaN	             NaN	             NaN	             NaN	             NaN	             NaN	             NaN	             NaN	             NaN	             NaN	             NaN	   0.0000000e+00	   0.0000000e+00	   0.0000000e+00	   0.0000000e+00	   0.0000000e+00	   0.0000000e+00	   0.0000000e+00	   0.0000000e+00	   0.0000000e+00	
   1.0338896e+01	   1.1061450e+01	   1.2078362e+01	   1.2242057e+01	   1.2855592e+01	   1.2709563e+01	   1.3874872e+01	   1.4531885e+01	   1.4891634e+01	   1.5306384e+01	   1.3409280e+01	   1.1240353e+01	   8.3650480e+00	   6.1053828e+00	             NaN	             NaN	             NaN	             NaN	             NaN	             NaN	             NaN	             NaN	             NaN	             NaN	             NaN	   0.0000000e+00	   0.0000000e+00	   0.0000000e+00	   0.0000000e+00	   0.0000000e+00	   0.0000000e+00	   0.0000000e+00	   0.0000000e+00	
   1.0550018e+01	   1.1841527e+01	   1.1718435e+01	   1.1964734e+01	   1.2158768e+01	   1.2685325e+01	   1.3282961e+01	   1.4015528e+01	   1.4385145e+01	   1.4867123e+01	   1.3046217e+01	   1.1061662e+01	   8.2523824e+00	   6.3452710e+00	             NaN	             NaN	             NaN	             NaN	             NaN	             NaN	             NaN	             NaN	             NaN	             NaN	             NaN	   0.0000000e+00	   0.0000000e+00	   0.0000000e+00	   0.0000000e+00	   0.0000000e+00	   0.0000000e+00	   0.0000000e+00	   0.0000000e+00	
   9.6719828e+00	   1.0663264e+01	   1.1479812e+01	   1.2401859e+01	   1.2285289e+01	   1.2102523e+01	   1.2711653e+01	   1.3669982e+01	   1.3762132e+01	   1.4097234e+01	   1.2710757e+01	   1.0845959e+01	   8.5950195e+00	   6.6932184e+00	   4.8443966e+00	             NaN	             NaN	             NaN	             NaN	             NaN	             NaN	             NaN	             NaN	             NaN	             NaN	             NaN	   0.0000000e+00	   0.0000000e+00	   0.0000000e+00	   0.0000000e+00	   0.0000000e+00	   0.0000000e+00	   0.0000000e+00	
   1.0417818e+01	   1.0095791e+01	   1.2113434e+01	   1.2374683e+01	   1.2041909e+01	   1.2074935e+01	   1.2594198e+01	   1.3218802e+01	   1.3705759e+01	   1.4096623e+01	   1.2570815e+01	   1.1116275e+01	   8.6539315e+00	   6.8738253e+00	   5.5140979e+00	             NaN	             NaN	             NaN	             NaN	             NaN	             NaN	             NaN	             NaN	             NaN	             NaN	             NaN	   0.0000000e+00	   0.0000000e+00	   0.0000000e+00	   0.0000000e+00	   0.0000000e+00	   0.0000000e+00	   0.0000000e+00	
   9.2828616e+00	   1.1298396e+01	   1.1297088e+01	   1.2259609e+01	   1.2137169e+01	   1.2030438e+01	   1.2637715e+01	   1.2971517e+01	   1.3418786e+01	   1.3805823e+01	   1.2674617e+01	   1.1151097e+01	   9.0028477e+00	   7.3034031e+00	   6.0482305e+00	             NaN	             NaN	             NaN	             NaN	             NaN	             NaN	             NaN	             NaN	             NaN	             NaN	             NaN	   0.0000000e+00	   0.0000000e+00	   0.0000000e+00	   0.0000000e+00	   0.0000000e+00	   0.0000000e+00	   0.0000000e+00	
   9.0296897e+00	   1.0596831e+01	   1.1875457e+01	   1.2679151e+01	   1.2423804e+01	   1.2020291e+01	   1.2211028e+01	   1.3005252e+01	   1.3134891e+01	   1.3514524e+01	   1.2392947e+01	   1.1160005e+01	   9.0774067e+00	   7.7457223e+00	   6.4006772e+00	   5.0873362e+00	             NaN	             NaN	             NaN	             NaN	             NaN	             NaN	             NaN	             NaN	             NaN	             NaN	             NaN	   0.0000000e+00	   0.0000000e+00	   0.0000000e+00	   0.0000000e+00	   0.0000000e+00	   0.0000000e+00	
   9.3625282e+00	   1.0661761e+01	   1.1970315e+01	   1.2381775e+01	   1.2387998e+01	   1.2092126e+01	   1.2082690e+01	   1.2791144e+01	   1.2961188e+01	   1.3428977e+01	   1.2253796e+01	   1.1010956e+01	   9.3897225e+00	   8.0210731e+00	   6.7466283e+00	   5.8041947e+00	             NaN	             NaN	             NaN	             NaN	             NaN	             NaN	             NaN	             NaN	             NaN	             NaN	             NaN	   0.0000000e+00	   0.0000000e+00	   0.0000000e+00	   0.0000000e+00	   0.0000000e+00	   0.0000000e+00	
   9.2221477e+00	   9.1737241e+00	   1.1634183e+01	   1.2427429e+01	   1.2909511e+01	   1.1990038e+01	   1.2100538e+01	   1.2452168e+01	   1.2387033e+01	   1.3218932e+01	   1.2143885e+01	   1.1124417e+01	   9.6298324e+00	   8.2855872e+00	   7.0779109e+00	   6.1379829e+00	   4.5691120e+00	             NaN	             NaN	             NaN	             NaN	             NaN	             NaN	             NaN	             NaN	             NaN	             NaN	             NaN	   0.0000000e+00	   0.0000000e+00	   0.0000000e+00	   0.0000000e+00	   0.0000000e+00	
   7.3421323e+00	   9.2304407e+00	   1.1075629e+01	   1.2493912e+01	   1.2116871e+01	   1.1988880e+01	   1.1963348e+01	   1.2129218e+01	   1.2544559e+01	   1.2899020e+01	   1.2031397e+01	   1.1114353e+01	   9.8247098e+00	   8.4430869e+00	   7.5245994e+00	   6.4093681e+00	   5.0569104e+00	             NaN	             NaN	             NaN	             NaN	             NaN	             NaN	             NaN	             NaN	             NaN	             NaN	             NaN	   0.0000000e+00	   0.0000000e+00	   0.0000000e+00	   0.0000000e+00	   0.0000000e+00	
   7.4851521e+00	   9.7732295e+00	   1.1993458e+01	   1.2879894e+01	   1.2568596e+01	   1.1902766e+01	   1.1730364e+01	   1.2030078e+01	   1.2170602e+01	   1.2796623e+01	   1.2031957e+01	   1.1189915e+01	   9.8789132e+00	   8.7912082e+00	   7.7723448e+00	   6.7439570e+00	   5.8468971e+00	             NaN	             NaN	             NaN	             NaN	             NaN	             NaN	             NaN	             NaN	             NaN	             NaN	             NaN	   0.0000000e+00	   0.0000000e+00	   0.0000000e+00	   0.0000000e+00	   0.0000000e+00	
   7.5226905e+00	   8.7520426e+00	   1.1202090e+01	   1.2693096e+01	   1.2616749e+01	   1.1916274e+01	   1.1840121e+01	   1.2084124e+01	   1.2221093e+01	   1.2552305e+01	   1.2013113e+01	   1.1075328e+01	   1.0073746e+01	   9.0343367e+00	   8.0335881e+00	   7.1887221e+00	   6.2741631e+00	   4.7566833e+00	             NaN	             NaN	             NaN	             NaN	             NaN	             NaN	             NaN	             NaN	             NaN	             NaN	             NaN	   0.0000000e+00	   0.0000000e+00	   0.0000000e+00	   0.0000000e+00	
   6.8158642e+00	   8.8707703e+00	   1.1409334e+01	   1.2366613e+01	   1.2645656e+01	   1.1931438e+01	   1.1870431e+01	   1.1857167e+01	   1.2100594e+01	   1.2210197e+01	   1.1881724e+01	   1.1265300e+01	   1.0268591e+01	   9.2943208e+00	   8.4122067e+00	   7.5007652e+00	   6.6228949e+00	   5.4150199e+00	             NaN	             NaN	             NaN	             NaN	             NaN	             NaN	             NaN	             NaN	             NaN	             NaN	             NaN	   0.0000000e+00	   0.0000000e+00	   0.0000000e+00	   0.0000000e+00	
   7.1959872e+00	   8.5721992e+00	   1.1098326e+01	   1.2781235e+01	   1.2723550e+01	   1.1776057e+01	   1.1570703e+01	   1.1760065e+01	   1.1895188e+01	   1.2404896e+01	   1.1879213e+01	   1.1263516e+01	   1.0439045e+01	   9.6800036e+00	   8.7858323e+00	   7.8131849e+00	   6.8106630e+00	   5.9847953e+00	   4.1725208e+00	             NaN	             NaN	             NaN	             NaN	             NaN	             NaN	             NaN	             NaN	             NaN	             NaN	             NaN	   0.0000000e+00	   0.0000000e+00	   0.0000000e+00	
   6.3348004e+00	   8.3909535e+00	   1.0710158e+01	   1.2137329e+01	   1.2828632e+01	   1.1937863e+01	   1.1660765e+01	   1.1978163e+01	   1.1878843e+01	   1.2310721e+01	   1.1892810e+01	   1.1419980e+01	   1.0655580e+01	   9.8514163e+00	   9.1259110e+00	   8.0308322e+00	   7.2784947e+00	   6.3437449e+00	   4.8859684e+00	             NaN	             NaN	             NaN	             NaN	             NaN	             NaN	             NaN	             NaN	             NaN	             NaN	             NaN	   0.0000000e+00	   0.0000000e+00	   0.0000000e+00	
   5.6671599e+00	   7.8981965e+00	   1.1343999e+01	   1.2815735e+01	   1.2939381e+01	   1.2212539e+01	   1.1676544e+01	   1.1772143e+01	   1.2056287e+01	   1.2177833e+01	   1.1867154e+01	   1.1389221e+01	   1.0900682e+01	   1.0061217e+01	   9.4288838e+00	   8.5184256e+00	   7.5781155e+00	   6.6583996e+00	   5.3943697e+00	             NaN	             NaN	             NaN	             NaN	             NaN	             NaN	             NaN	             NaN	             NaN	             NaN	             NaN	   0.0000000e+00	   0.0000000e+00	   0.0000000e+00	
   4.8875327e+00	   7.8692459e+00	   1.0658665e+01	   1.2953871e+01	   1.3324529e+01	   1.2187628e+01	   1.1734957e+01	   1.1700282e+01	   1.1752043e+01	   1.2319800e+01	   1.1848198e+01	   1.1563774e+01	   1.0892057e+01	   1.0365287e+01	   9.7135640e+00	   8.8942713e+00	   7.9025274e+00	   7.0338966e+00	   5.9118772e+00	   4.3478829e+00	             NaN	             NaN	             NaN	             NaN	             NaN	             NaN	             NaN	             NaN	             NaN	             NaN	             NaN	   0.0000000e+00	   0.0000000e+00	
   5.9211251e+00	   6.6042197e+00	   1.0982523e+01	   1.3253644e+01	   1.3609982e+01	   1.2564526e+01	   1.1838509e+01	   1.1803555e+01	   1.1897207e+01	   1.2263057e+01	   1.2041495e+01	   1.1723978e+01	   1.1172736e+01	   1.0686024e+01	   1.0004564e+01	   9.1478585e+00	   8.2541898e+00	   7.2973499e+00	   6.2705103e+00	   4.7922791e+00	             NaN	             NaN	             NaN	             NaN	             NaN	             NaN	             NaN	             NaN	             NaN	             NaN	             NaN	   0.0000000e+00	   0.0000000e+00	
   5.2142236e+00	   7.5875637e+00	   1.1003473e+01	   1.2904709e+01	   1.3365258e+01	   1.2496324e+01	   1.2097528e+01	   1.2054268e+01	   1.1824624e+01	   1.2119662e+01	   1.1903576e+01	   1.1737253e+01	   1.1294377e+01	   1.0855486e+01	   1.0175752e+01	   9.3930563e+00	   8.5924851e+00	   7.5710145e+00	   6.6641880e+00	   5.3004021e+00	   3.8196143e+00	             NaN	             NaN	             NaN	             NaN	             NaN	             NaN	             NaN	             NaN	             NaN	             NaN	             NaN	   0.0000000e+00	
   5.4557812e+00	   7.8685272e+00	   1.0539932e+01	   1.3308380e+01	   1.3473067e+01	   1.2686845e+01	   1.1982173e+01	   1.1954104e+01	   1.2068588e+01	   1.2122258e+01	   1.2177843e+01	   1.1875811e+01	   1.1534913e+01	   1.1115801e+01	   1.0600711e+01	   9.8166571e+00	   8.9403000e+00	   7.9762093e+00	   6.9736985e+00	   5.9719220e+00	   4.1538964e+00	             NaN	             NaN	             NaN	             NaN	             NaN	             NaN	             NaN	             NaN	             NaN	             NaN	             NaN	   0.0000000e+00	
   4.5974512e+00	   7.8095694e+00	   1.0820278e+01	   1.3731728e+01	   1.3732160e+01	   1.3058274e+01	   1.2441462e+01	   1.2079932e+01	   1.1973473e+01	   1.2241504e+01	   1.2370283e+01	   1.2085157e+01	   1.1727763e+01	   1.1322779e+01	   1.0902657e+01	   1.0033722e+01	   9.2008302e+00	   8.3346814e+00	   7.2253989e+00	   6.4982947e+00	   4.7189826e+00	             NaN	             NaN	             NaN	             NaN	             NaN	             NaN	             NaN	             NaN	             NaN	             NaN	             NaN	   0.0000000e+00	
   5.7758104e+00	   7.4798586e+00	   1.1206205e+01	   1.3687097e+01	   1.4017402e+01	   1.3314347e+01	   1.2508472e+01	   1.2244098e+01	   1.2278653e+01	   1.2317776e+01	   1.2377680e+01	   1.2238536e+01	   1.1874856e+01	   1.1575549e+01	   1.1214691e+01	   1.0312533e+01	   9.5352173e+00	   8.6080350e+00	   7.5877452e+00	   6.6917959e+00	   5.2951042e+00	   4.0072410e+00	             NaN	             NaN	             NaN	             NaN	             NaN	             NaN	             NaN	             NaN	             NaN	             NaN	             NaN	
   5.5480622e+00	   7.0228022e+00	   1.1061900e+01	   1.3231764e+01	   1.4325613e+01	   1.3642620e+01	   1.2735232e+01	   1.2287928e+01	   1.2290612e+01	   1.2483255e+01	   1.2407581e+01	   1.2432553e+01	   1.2147820e+01	   1.1789751e+01	   1.1336592e+01	   1.0581453e+01	   9.7382000e+00	   8.8325813e+00	   7.8484392e+00	   6.8692325e+00	   5.7568387e+00	   4.2948633e+00	             NaN	             NaN	             NaN	             NaN	             NaN	             NaN	             NaN	             NaN	             NaN	             NaN	             NaN	
   7.1404477e+00	   7.8051935e+00	   1.1371116e+01	   1.3939123e+01	   1.4651926e+01	   1.3508954e+01	   1.2847770e+01	   1.2400639e+01	   1.2410312e+01	   1.2620460e+01	   1.2663499e+01	   1.2305465e+01	   1.2316960e+01	   1.1995655e+01	   1.1519513e+01	   1.0842941e+01	   1.0112544e+01	   9.2165194e+00	   8.2332231e+00	   7.2140245e+00	   6.1883365e+00	   4.7016273e+00	   3.8346241e+00	             NaN	             NaN	             NaN	             NaN	             NaN	             NaN	             NaN	             NaN	             NaN	             NaN	
   7.3573264e+00	   8.0412620e+00	   1.1589202e+01	   1.4053688e+01	   1.5100921e+01	   1.3927758e+01	   1.2959031e+01	   1.2668088e+01	   1.2540193e+01	   1.2742152e+01	   1.2722017e+01	   1.2567064e+01	   1.2300411e+01	   1.2258149e+01	   1.1845608e+01	   1.1238944e+01	   1.0372601e+01	   9.4293728e+00	   8.4494526e+00	   7.4161773e+00	   6.5576846e+00	   5.3526709e+00	   4.1022119e+00	             NaN	             NaN	             NaN	             NaN	             NaN	             NaN	             NaN	             NaN	             NaN	             NaN	
   8.4444053e+00	   8.8899028e+00	   1.2063258e+01	   1.4543620e+01	   1.4815506e+01	   1.4181263e+01	   1.3278301e+01	   1.2946824e+01	   1.2561644e+01	   1.2831185e+01	   1.2928799e+01	   1.2785480e+01	   1.2703929e+01	   1.2542157e+01	   1.1958404e+01	   1.1363566e+01	   1.0668004e+01	   9.8105095e+00	   8.8567988e+00	   7.8848331e+00	   6.8841722e+00	   5.8660545e+00	   4.2920003e+00	             NaN	             NaN	             NaN	             NaN	             NaN	             NaN	             NaN	             NaN	             NaN	             NaN	
   8.4403318e+00	   9.7340241e+00	   1.2250002e+01	   1.4946881e+01	   1.5391853e+01	   1.4789446e+01	   1.3659121e+01	   1.2817349e+01	   1.2765213e+01	   1.2847903e+01	   1.3139569e+01	   1.3071759e+01	   1.2848986e+01	   1.2636876e+01	   1.2299576e+01	   1.1739552e+01	   1.0863702e+01	   1.0075241e+01	   9.1620697e+00	   8.1875535e+00	   7.2637784e+00	   6.3132721e+00	   4.7032506e+00	   4.0156607e+00	             NaN	             NaN	             NaN	             NaN	             NaN	             NaN	             NaN	             NaN	             NaN	
   8.9360830e+00	   1.0294148e+01	   1.2955591e+01	   1.5536141e+01	   1.5786555e+01	   1.4875484e+01	   1.3793348e+01	   1.3403453e+01	   1.2989156e+01	   1.3109863e+01	   1.3243232e+01	   1.3075831e+01	   1.2936392e+01	   1.2818267e+01	   1.2514804e+01	   1.1941698e+01	   1.1109971e+01	   1.0257703e+01	   9.3872033e+00	   8.4690241e+00	   7.5251835e+00	   6.6361315e+00	   5.2654375e+00	   4.1792397e+00	             NaN	             NaN	             NaN	             NaN	             NaN	             NaN	             NaN	             NaN	             NaN	
   9.1537189e+00	   1.0864205e+01	   1.3574241e+01	   1.5622153e+01	   1.5906688e+01	   1.5112578e+01	   1.4026163e+01	   1.3421532e+01	   1.3168885e+01	   1.3387502e+01	   1.3382862e+01	   1.3155695e+01	   1.3145065e+01	   1.3092776e+01	   1.2753518e+01	   1.2118683e+01	   1.1351453e+01	   1.0616388e+01	   9.7997957e+00	   8.8372956e+00	   7.8683162e+00	   6.8266813e+00	   5.9676166e+00	   4.3634855e+00	   3.9267017e+00	             NaN	             NaN	             NaN	             NaN	             NaN	             NaN	             NaN	             NaN	
   9.7152643e+00	   1.1600458e+01	   1.4142089e+01	   1.5699982e+01	   1.6590724e+01	   1.5536467e+01	   1.4306148e+01	   1.3543005e+01	   1.3344857e+01	   1.3386337e+01	   1.3386008e+01	   1.3399856e+01	   1.3251577e+01	   1.3096120e+01	   1.2835129e+01	   1.2309074e+01	   1.1528734e+01	   1.0808215e+01	   9.9383411e+00	   8.9533275e+00	   8.1106450e+00	   7.1990943e+00	   6.3268178e+00	   4.7925264e+00	   4.2188582e+00	             NaN	             NaN	             NaN	             NaN	             NaN	             NaN	             NaN	             NaN	
   9.0865797e+00	   1.1402015e+01	   1.4626512e+01	   1.6523394e+01	   1.6769683e+01	   1.5669491e+01	   1.4522460e+01	   1.3812237e+01	   1.3322865e+01	   1.3538224e+01	   1.3581843e+01	   1.3337724e+01	   1.3462076e+01	   1.3312019e+01	   1.3004926e+01	   1.2468625e+01	   1.1771769e+01	   1.0974759e+01	   1.0188652e+01	   9.2992011e+00	   8.4390963e+00	   7.3904894e+00	   6.5712753e+00	   5.3006252e+00	   4.3974273e+00	             NaN	             NaN	             NaN	             NaN	             NaN	             NaN	             NaN	             NaN	
   1.0303194e+01	   1.2490048e+01	   1.3980772e+01	   1.6488390e+01	   1.6694609e+01	   1.5842349e+01	   1.4833958e+01	   1.3978479e+01	   1.3546948e+01	   1.3719130e+01	   1.3697360e+01	   1.3580181e+01	   1.3494503e+01	   1.3322250e+01	   1.3141108e+01	   1.2679790e+01	   1.1894392e+01	   1.1175978e+01	   1.0471316e+01	   9.5344930e+00	   8.6351711e+00	   7.7829540e+00	   6.9103854e+00	   5.7619729e+00	   4.5698600e+00	   4.0181928e+00	             NaN	             NaN	             NaN	             NaN	             NaN	             NaN	             NaN	
   1.1362333e+01	   1.3358994e+01	   1.5522633e+01	   1.6919234e+01	   1.7479818e+01	   1.6167945e+01	   1.5066317e+01	   1.4229519e+01	   1.3820626e+01	   1.3805476e+01	   1.3797351e+01	   1.3617460e+01	   1.3536511e+01	   1.3533490e+01	   1.3330707e+01	   1.2771150e+01	   1.2165609e+01	   1.1346913e+01	   1.0539989e+01	   9.8277408e+00	   8.8588887e+00	   7.9950820e+00	   7.1364268e+00	   6.2691911e+00	   4.9590658e+00	   4.2031739e+00	             NaN	             NaN	             NaN	             NaN	             NaN	             NaN	             NaN	
   1.3098191e+01	   1.3469587e+01	   1.6241483e+01	   1.7242192e+01	   1.7959686e+01	   1.6764491e+01	   1.5273979e+01	   1.4505359e+01	   1.4051557e+01	   1.3853017e+01	   1.4005523e+01	   1.3726718e+01	   1.3492420e+01	   1.3525065e+01	   1.3308603e+01	   1.2979457e+01	   1.2312152e+01	   1.1536853e+01	   1.0860588e+01	   9.9799009e+00	   9.2419630e+00	   8.2998097e+00	   7.2949585e+00	   6.5654448e+00	   5.2690330e+00	   4.3610794e+00	   3.6669882e+00	             NaN	             NaN	             NaN	             NaN	             NaN	             NaN	
   1.3368552e+01	   1.3869758e+01	   1.6500568e+01	   1.8039864e+01	   1.8020131e+01	   1.6883299e+01	   1.5492397e+01	   1.4651800e+01	   1.3998306e+01	   1.3831869e+01	   1.4008763e+01	   1.3884927e+01	   1.3657657e+01	   1.3656134e+01	   1.3415855e+01	   1.2930707e+01	   1.2311870e+01	   1.1613979e+01	   1.1018878e+01	   1.0216773e+01	   9.4403346e+00	   8.5367523e+00	   7.6445043e+00	   6.7527709e+00	   5.7225809e+00	   4.5597602e+00	   3.8845004e+00	             NaN	             NaN	             NaN	             NaN	             NaN	             NaN	
   1.5178017e+01	   1.5193913e+01	   1.6444972e+01	   1.8030052e+01	   1.8266009e+01	   1.7221861e+01	   1.5607715e+01	   1.4843079e+01	   1.4329233e+01	   1.4044855e+01	   1.3820280e+01	   1.3901268e+01	   1.3763759e+01	   1.3803825e+01	   1.3588466e+01	   1.3162053e+01	   1.2439511e+01	   1.1833700e+01	   1.1139674e+01	   1.0423042e+01	   9.6584443e+00	   8.7388930e+00	   7.8368530e+00	   6.9930698e+00	   6.1292722e+00	   4.8591030e+00	   4.0264573e+00	             NaN	             NaN	             NaN	             NaN	             NaN	             NaN	
   1.4153198e+01	   1.5941306e+01	   1.7483026e+01	   1.8379116e+01	   1.8671136e+01	   1.7255944e+01	   1.5951014e+01	   1.4956541e+01	   1.4312801e+01	   1.4107872e+01	   1.3966260e+01	   1.3745105e+01	   1.3714749e+01	   1.3756526e+01	   1.3502651e+01	   1.3040178e+01	   1.2520314e+01	   1.1953255e+01	   1.1316762e+01	   1.0575530e+01	   9.7960460e+00	   8.9317033e+00	   8.0967896e+00	   7.2021365e+00	   6.4210377e+00	   5.1731815e+00	   4.2394180e+00	   3.5624087e+00	             NaN	             NaN	             NaN	             NaN	             NaN	
   1.4714080e+01	   1.5901826e+01	   1.6711597e+01	   1.8580526e+01	   1.8746613e+01	   1.7456455e+01	   1.6041158e+01	   1.5014741e+01	   1.4327539e+01	   1.4179998e+01	   1.4102825e+01	   1.3814598e+01	   1.3697938e+01	   1.3770351e+01	   1.3549009e+01	   1.3135315e+01	   1.2566123e+01	   1.2036886e+01	   1.1452490e+01	   1.0804298e+01	   9.9974885e+00	   9.1181858e+00	   8.3425667e+00	   7.3612594e+00	   6.6469116e+00	   5.4643049e+00	   4.3556005e+00	   3.7300221e+00	             NaN	             NaN	             NaN	             NaN	             NaN	
   1.4964183e+01	   1.5294416e+01	   1.8365192e+01	   1.8912484e+01	   1.8567948e+01	   1.7607459e+01	   1.6312628e+01	   1.5181475e+01	   1.4420598e+01	   1.4151960e+01	   1.4009653e+01	   1.3776955e+01	   1.3851871e+01	   1.3762638e+01	   1.3560960e+01	   1.3205147e+01	   1.2725098e+01	   1.2001894e+01	   1.1450140e+01	   1.0821655e+01	   1.0072494e+01	   9.2721930e+00	   8.4297102e+00	   7.5637927e+00	   6.7457724e+00	   5.7972316e+00	   4.5309745e+00	   3.8405044e+00	   3.1163747e+00	             NaN	             NaN	             NaN	             NaN	
   1.5498264e+01	   1.6484054e+01	   1.8546927e+01	   1.9083421e+01	   1.8699312e+01	   1.8224827e+01	   1.6639315e+01	   1.5377053e+01	   1.4527279e+01	   1.4301217e+01	   1.3979038e+01	   1.3833845e+01	   1.3735030e+01	   1.3699324e+01	   1.3454510e+01	   1.3261261e+01	   1.2702022e+01	   1.2140851e+01	   1.1567786e+01	   1.0972402e+01	   1.0276985e+01	   9.3998125e+00	   8.6316702e+00	   7.8133536e+00	   6.9509601e+00	   6.1245120e+00	   4.8616869e+00	   4.0088059e+00	   3.3032428e+00	             NaN	             NaN	             NaN	             NaN	
   1.5712365e+01	   1.7472672e+01	   1.8476459e+01	   1.9196405e+01	   1.9260601e+01	   1.8021839e+01	   1.7017649e+01	   1.5388196e+01	   1.4688165e+01	   1.4169609e+01	   1.4061324e+01	   1.3823873e+01	   1.3768117e+01	   1.3769521e+01	   1.3534237e+01	   1.3103071e+01	   1.2683399e+01	   1.2118501e+01	   1.1694365e+01	   1.0975873e+01	   1.0361086e+01	   9.5173764e+00	   8.7183466e+00	   7.8786000e+00	   7.0846841e+00	   6.2779512e+00	   5.1759642e+00	   4.1314598e+00	   3.4697141e+00	             NaN	             NaN	             NaN	             NaN	
   1.6098224e+01	   1.7364473e+01	   1.8996397e+01	   1.9863018e+01	   1.9645884e+01	   1.8241329e+01	   1.6807126e+01	   1.5665881e+01	   1.4601188e+01	   1.4372467e+01	   1.4174713e+01	   1.3858898e+01	   1.3648809e+01	   1.3689850e+01	   1.3551495e+01	   1.3123479e+01	   1.2682437e+01	   1.2256260e+01	   1.1665775e+01	   1.1152603e+01	   1.0413252e+01	   9.6825661e+00	   8.8933082e+00	   8.0665919e+00	   7.2691224e+00	   6.4293785e+00	   5.4378223e+00	   4.2441574e+00	   3.6329420e+00	   2.9366749e+00	             NaN	             NaN	             NaN	
   1.6424954e+01	   1.7109049e+01	   1.9441456e+01	   2.0029950e+01	   1.9444132e+01	   1.8430546e+01	   1.6930749e+01	   1.5746839e+01	   1.4544840e+01	   1.4496084e+01	   1.4001500e+01	   1.3827939e+01	   1.3585775e+01	   1.3634697e+01	   1.3533313e+01	   1.3142923e+01	   1.2608561e+01	   1.2054487e+01	   1.1645201e+01	   1.1058660e+01	   1.0464603e+01	   9.7869769e+00	   9.0602792e+00	   8.1976209e+00	   7.4629720e+00	   6.6386901e+00	   5.6882037e+00	   4.5033016e+00	   3.7337927e+00	   3.0828895e+00	             NaN	             NaN	             NaN	
   1.6650972e+01	   1.7921587e+01	   1.9775118e+01	   2.0227174e+01	   2.0102172e+01	   1.8768147e+01	   1.7054451e+01	   1.5726793e+01	   1.4805886e+01	   1.4184370e+01	   1.3950679e+01	   1.3674193e+01	   1.3652844e+01	   1.3602813e+01	   1.3415067e+01	   1.3063259e+01	   1.2627682e+01	   1.2150413e+01	   1.1689242e+01	   1.1190185e+01	   1.0569688e+01	   9.8567655e+00	   9.0395239e+00	   8.2593356e+00	   7.5226322e+00	   6.7331725e+00	   5.8182985e+00	   4.7670725e+00	   3.8620531e+00	   3.2519924e+00	   2.6169321e+00	             NaN	             NaN	
   1.6794295e+01	   1.8601880e+01	   1.9437459e+01	   2.0231232e+01	   1.9620331e+01	   1.8968702e+01	   1.6941041e+01	   1.5872364e+01	   1.4857079e+01	   1.4229808e+01	   1.4051814e+01	   1.3759278e+01	   1.3597303e+01	   1.3411307e+01	   1.3355114e+01	   1.3051453e+01	   1.2651776e+01	   1.2118337e+01	   1.1723154e+01	   1.1155955e+01	   1.0608557e+01	   9.8745189e+00	   9.1675260e+00	   8.4341923e+00	   7.6105858e+00	   6.8855138e+00	   6.0585805e+00	   4.9349623e+00	   4.0171482e+00	   3.3785455e+00	   2.7807154e+00	             NaN	             NaN	
   1.7657731e+01	   1.8166068e+01	   1.9727167e+01	   2.0295588e+01	   2.0022335e+01	   1.8828876e+01	   1.7370065e+01	   1.5837728e+01	   1.4643590e+01	   1.4236482e+01	   1.3919121e+01	   1.3594827e+01	   1.3625021e+01	   1.3400204e+01	   1.3243529e+01	   1.2979327e+01	   1.2673564e+01	   1.2111528e+01	   1.1514102e+01	   1.1192207e+01	   1.0602859e+01	   9.9784405e+00	   9.2855966e+00	   8.4673904e+00	   7.7814955e+00	   7.0022344e+00	   6.1291163e+00	   5.2551880e+00	   4.1288927e+00	   3.5095625e+00	   2.9254811e+00	             NaN	             NaN	
   1.7464102e+01	   1.8779048e+01	   1.9994818e+01	   2.0549888e+01	   2.0078587e+01	   1.8759577e+01	   1.7337795e+01	   1.6044288e+01	   1.4837252e+01	   1.4200831e+01	   1.3875806e+01	   1.3661092e+01	   1.3439313e+01	   1.3379749e+01	   1.3144167e+01	   1.2817894e+01	   1.2430447e+01	   1.1960852e+01	   1.1638792e+01	   1.1217294e+01	   1.0555593e+01	   9.9724911e+00	   9.3329262e+00	   8.5622999e+00	   7.9198974e+00	   7.1251936e+00	   6.2691704e+00	   5.3910379e+00	   4.3465933e+00	   3.6714545e+00	   3.0506441e+00	   2.4989694e+00	             NaN	
   1.7726076e+01	   1.9245611e+01	   1.9436874e+01	   2.0833543e+01	   2.0136981e+01	   1.9182014e+01	   1.7520741e+01	   1.6107964e+01	   1.4833749e+01	   1.4246949e+01	   1.4007786e+01	   1.3493876e+01	   1.3316672e+01	   1.3185023e+01	   1.3118748e+01	   1.2747374e+01	   1.2319959e+01	   1.1952175e+01	   1.1563359e+01	   1.1120167e+01	   1.0612758e+01	   9.9365852e+00	   9.3161306e+00	   8.6728269e+00	   7.9445322e+00	   7.2423210e+00	   6.3348414e+00	   5.5049505e+00	   4.5499387e+00	   3.7245227e+00	   3.1932835e+00	   2.6314571e+00	             NaN	
   1.6747919e+01	   1.8924958e+01	   2.0515107e+01	   2.0507492e+01	   2.0164301e+01	   1.8975101e+01	   1.7504436e+01	   1.6124995e+01	   1.4739844e+01	   1.4188905e+01	   1.3807369e+01	   1.3375148e+01	   1.3310819e+01	   1.3057190e+01	   1.2898966e+01	   1.2626613e+01	   1.2223700e+01	   1.1853385e+01	   1.1508479e+01	   1.1131516e+01	   1.0655070e+01	   9.9238894e+00	   9.3582512e+00	   8.6527082e+00	   7.9566386e+00	   7.2661474e+00	   6.4297435e+00	   5.6390377e+00	   4.7595358e+00	   3.8556647e+00	   3.2990064e+00	   2.7730864e+00	   2.2727567e+00	
   1.7020729e+01	   1.9027242e+01	   2.0255001e+01	   2.0665936e+01	   2.0687496e+01	   1.8969566e+01	   1.7390865e+01	   1.5968272e+01	   1.4880737e+01	   1.4291594e+01	   1.3727530e+01	   1.3537159e+01	   1.3131408e+01	   1.3130719e+01	   1.2799366e+01	   1.2526806e+01	   1.2269058e+01	   1.1678036e+01	   1.1376754e+01	   1.1133651e+01	   1.0583058e+01	   9.9773387e+00	   9.3536696e+00	   8.6442630e+00	   8.1247815e+00	   7.3841464e+00	   6.5151340e+00	   5.7114845e+00	   4.9004176e+00	   3.9263805e+00	   3.3684957e+00	   2.8996784e+00	   2.3662058e+00	
   1.8709745e+01	   1.9113168e+01	   2.0343370e+01	   2.0728244e+01	   1.9890428e+01	   1.9193173e+01	   1.7569281e+01	   1.6156547e+01	   1.4800100e+01	   1.4055535e+01	   1.3749108e+01	   1.3294041e+01	   1.3087454e+01	   1.2878206e+01	   1.2828218e+01	   1.2453528e+01	   1.2118719e+01	   1.1658488e+01	   1.1326046e+01	   1.1031250e+01	   1.0491017e+01	   9.9466010e+00	   9.3535500e+00	   8.6610133e+00	   8.0215098e+00	   7.4429572e+00	   6.6650840e+00	   5.8582364e+00	   5.1072733e+00	   4.2586027e+00	   3.4891154e+00	   2.9973692e+00	   2.5008149e+00	
   1.7680902e+01	   1.8506601e+01	   2.0474668e+01	   2.0765332e+01	   2.0400642e+01	   1.9105122e+01	   1.7535890e+01	   1.6028063e+01	   1.4683437e+01	   1.4172209e+01	   1.3634757e+01	   1.3301757e+01	   1.2963094e+01	   1.2758707e+01	   1.2630706e+01	   1.2362422e+01	   1.2025257e+01	   1.1597334e+01	   1.1253957e+01	   1.0947594e+01	   1.0482923e+01	   9.9432962e+00	   9.3233748e+00	   8.7441142e+00	   8.1036755e+00	   7.4929408e+00	   6.6858663e+00	   5.9712314e+00	   5.2420509e+00	   4.4728775e+00	   3.5792891e+00	   3.1436598e+00	   2.6580108e+00	
   1.7728518e+01	   1.9614042e+01	   2.0744143e+01	   2.0456994e+01	   2.0571950e+01	   1.9164973e+01	   1.7611176e+01	   1.6070638e+01	   1.4770113e+01	   1.4085829e+01	   1.3597507e+01	   1.3158312e+01	   1.2906081e+01	   1.2749264e+01	   1.2481152e+01	   1.2168235e+01	   1.1797779e+01	   1.1486916e+01	   1.1152053e+01	   1.0772145e+01	   1.0350808e+01	   9.8423221e+00	   9.3235097e+00	   8.6910146e+00	   8.1637382e+00	   7.5354700e+00	   6.8461377e+00	   6.0450298e+00	   5.2999193e+00	   4.5894097e+00	   3.7623919e+00	   3.1873299e+00	   2.7932066e+00	
   1.7288371e+01	   1.9452981e+01	   2.0178364e+01	   2.0540103e+01	   2.0312414e+01	   1.9408451e+01	   1.7569812e+01	   1.6214786e+01	   1.4870702e+01	   1.4025961e+01	   1.3560326e+01	   1.3084817e+01	   1.2783941e+01	   1.2606705e+01	   1.2368272e+01	   1.2028654e+01	   1.1803573e+01	   1.1440141e+01	   1.1048182e+01	   1.0754626e+01	   1.0339991e+01	   9.8394126e+00	   9.1932076e+00	   8.8072164e+00	   8.1495038e+00	   7.5475839e+00	   6.8590936e+00	   6.0261002e+00	   5.3500386e+00	   4.6927906e+00	   3.9676843e+00	   3.2921835e+00	   2.8666102e+00	
             NaN	   1.8768202e+01	   2.0103648e+01	   2.0255180e+01	   2.0314097e+01	   1.9125793e+01	   1.7799779e+01	   1.6153377e+01	   1.4773581e+01	   1.4008307e+01	   1.3519734e+01	   1.3105489e+01	   1.2546365e+01	   1.2378078e+01	   1.2229679e+01	   1.1955366e+01	   1.1666864e+01	   1.1249123e+01	   1.1012302e+01	   1.0747166e+01	   1.0282670e+01	   9.7264631e+00	   9.2291064e+00	   8.6854882e+00	   8.1528120e+00	   7.6576628e+00	   6.9290940e+00	   6.1708773e+00	   5.5144780e+00	   4.8187318e+00	   4.1606534e+00	   3.3466934e+00	   2.9491759e+00	
             NaN	   1.8246560e+01	   1.9865796e+01	   1.9966085e+01	   2.0038548e+01	   1.9011254e+01	   1.7772565e+01	   1.6203976e+01	   1.4863041e+01	   1.3907784e+01	   1.3351839e+01	   1.2882293e+01	   1.2568337e+01	   1.2361539e+01	   1.1997920e+01	   1.1848632e+01	   1.1442264e+01	   1.1152675e+01	   1.0773950e+01	   1.0490157e+01	   1.0197413e+01	   9.6939423e+00	   9.1409548e+00	   8.6515495e+00	   8.1503664e+00	   7.6011779e+00	   7.0005419e+00	   6.1987743e+00	   5.5115127e+00	   4.8887586e+00	   4.3185228e+00	   3.4484504e+00	   3.0560566e+00	
             NaN	   1.8871609e+01	   1.9766451e+01	   2.0528483e+01	   1.9906494e+01	   1.9187581e+01	   1.7622546e+01	   1.6031160e+01	   1.4671822e+01	   1.3798097e+01	   1.3279053e+01	   1.2917772e+01	   1.2463265e+01	   1.2304189e+01	   1.2043067e+01	   1.1679828e+01	   1.1305781e+01	   1.1025798e+01	   1.0698254e+01	   1.0510495e+01	   1.0054189e+01	   9.6382809e+00	   9.1519624e+00	   8.6629653e+00	   8.1835532e+00	   7.6114060e+00	   6.9919469e+00	   6.3019719e+00	   5.6097549e+00	   4.9465014e+00	   4.3408447e+00	   3.6965069e+00	   3.0982793e+00	
             NaN	   1.8840545e+01	   2.0073401e+01	   2.0210893e+01	   2.0193310e+01	   1.9260659e+01	   1.7377491e+01	   1.6039885e+01	   1.4679605e+01	   1.3908114e+01	   1.3218037e+01	   1.2660658e+01	   1.2372726e+01	   1.2232856e+01	   1.1901951e+01	   1.1499798e+01	   1.1150751e+01	   1.0996052e+01	   1.0655735e+01	   1.0415938e+01	   9.9982755e+00	   9.4884895e+00	   9.0172633e+00	   8.6541385e+00	   8.1485221e+00	   7.6806708e+00	   6.9913878e+00	   6.3883000e+00	   5.6768856e+00	   5.0534302e+00	   4.5123392e+00	   3.7725944e+00	   3.1864037e+00	
             NaN	   1.8835966e+01	   1.9513194e+01	   1.9885764e+01	   2.0004364e+01	   1.8979688e+01	   1.7868765e+01	   1.6083918e+01	   1.4538863e+01	   1.3798310e+01	   1.3265678e+01	   1.2690053e+01	   1.2317730e+01	   1.2011660e+01	   1.1645691e+01	   1.1435550e+01	   1.1032647e+01	   1.0791860e+01	   1.0546477e+01	   1.0214307e+01	   9.8411030e+00	   9.4770433e+00	   9.0728735e+00	   8.4769770e+00	   8.1059344e+00	   7.6412083e+00	   7.0383142e+00	   6.3613936e+00	   5.7448952e+00	   5.0936144e+00	   4.5772871e+00	   3.9574889e+00	   3.3015408e+00	
             NaN	   1.9360114e+01	   2.0012811e+01	   1.9739938e+01	   1.9874950e+01	   1.8831819e+01	   1.7388696e+01	   1.6107453e+01	   1.4636892e+01	   1.3734671e+01	   1.3240351e+01	   1.2684960e+01	   1.2219108e+01	   1.1883089e+01	   1.1452058e+01	   1.1215961e+01	   1.0956219e+01	   1.0670106e+01	   1.0371882e+01	   1.0089969e+01	   9.7800369e+00	   9.5054728e+00	   8.9308204e+00	   8.4935227e+00	   8.0712061e+00	   7.6590574e+00	   7.0543664e+00	   6.3926382e+00	   5.8570930e+00	   5.2077416e+00	   4.6079124e+00	   4.1225582e+00	   3.4765742e+00	
             NaN	             NaN	   1.9341316e+01	   1.9629594e+01	   1.9663848e+01	   1.8877497e+01	   1.7493764e+01	   1.6118356e+01	   1.4665004e+01	   1.3677782e+01	   1.3095756e+01	   1.2545304e+01	   1.2080409e+01	   1.1792824e+01	   1.1460130e+01	   1.1142058e+01	   1.0736160e+01	   1.0400030e+01	   1.0115615e+01	   9.9891175e+00	   9.7477482e+00	   9.3121861e+00	   8.8318504e+00	   8.4734608e+00	   7.9670522e+00	   7.6288252e+00	   7.0411875e+00	   6.4528723e+00	   5.8443883e+00	   5.2333018e+00	   4.6660801e+00	   4.1446051e+00	   3.6323425e+00	
             NaN	             NaN	   1.9036538e+01	   1.9916157e+01	   1.9820384e+01	   1.8994782e+01	   1.7340917e+01	   1.6165848e+01	   1.4660755e+01	   1.3703234e+01	   1.2995102e+01	   1.2331334e+01	   1.1979849e+01	   1.1612966e+01	   1.1243174e+01	   1.1027938e+01	   1.0677031e+01	   1.0296700e+01	   1.0111239e+01	   9.8466434e+00	   9.5443465e+00	   9.1989046e+00	   8.7847620e+00	   8.3611956e+00	   8.0085105e+00	   7.5604856e+00	   7.0976089e+00	   6.4776134e+00	   5.8498938e+00	   5.2765272e+00	   4.6977749e+00	   4.1886130e+00	   3.7053450e+00	
             NaN	             NaN	   1.9243654e+01	   1.9700717e+01	   1.9650492e+01	   1.8881827e+01	   1.7446479e+01	   1.5763438e+01	   1.4513727e+01	   1.3326269e+01	   1.2978133e+01	   1.2207844e+01	   1.1984623e+01	   1.1658780e+01	   1.1076436e+01	   1.0748019e+01	   1.0449322e+01	   1.0223041e+01	   9.8975008e+00	   9.6632373e+00	   9.3918972e+00	   9.0682269e+00	   8.5496379e+00	   8.1937066e+00	   7.9088044e+00	   7.5764853e+00	   7.0504181e+00	   6.4739299e+00	   5.9248722e+00	   5.3159894e+00	   4.8017649e+00	   4.2602034e+00	   3.8558783e+00	
             NaN	             NaN	   1.9115492e+01	   1.9227782e+01	   1.9013161e+01	   1.8537582e+01	   1.7164353e+01	   1.5760482e+01	   1.4437029e+01	   1.3488829e+01	   1.2887873e+01	   1.2300946e+01	   1.1691991e+01	   1.1369038e+01	   1.0975001e+01	   1.0576306e+01	   1.0348628e+01	   1.0049292e+01	   9.7357912e+00	   9.5159651e+00	   9.2447917e+00	   8.8691788e+00	   8.5228882e+00	   8.1570939e+00	   7.8264568e+00	   7.4608071e+00	   6.9533648e+00	   6.4509381e+00	   5.9192060e+00	   5.2867509e+00	   4.8222470e+00	   4.3625264e+00	   3.8760395e+00	
             NaN	             NaN	   1.8368435e+01	   1.8987088e+01	   1.8959689e+01	   1.8548881e+01	   1.7259181e+01	   1.5754964e+01	   1.4395769e+01	   1.3510564e+01	   1.2761398e+01	   1.2241104e+01	   1.1662646e+01	   1.1251603e+01	   1.0874875e+01	   1.0542938e+01	   1.0230441e+01	   9.9393131e+00	   9.5391190e+00	   9.3801414e+00	   9.1529535e+00	   8.8329943e+00	   8.4428211e+00	   8.0387811e+00	   7.7654706e+00	   7.4167010e+00	   6.9530993e+00	   6.3600928e+00	   5.8861443e+00	   5.3998987e+00	   4.8818085e+00	   4.3884238e+00	   3.9591955e+00	
             NaN	             NaN	             NaN	   1.8995596e+01	   1.9188229e+01	   1.8045636e+01	   1.6993889e+01	   1.5668956e+01	   1.4267214e+01	   1.3400017e+01	   1.2616089e+01	   1.2192008e+01	   1.1538479e+01	   1.1216915e+01	   1.0752349e+01	   1.0426767e+01	   1.0049356e+01	   9.8145969e+00	   9.5590855e+00	   9.3181974e+00	   9.0364302e+00	   8.7649319e+00	   8.3836764e+00	   8.0955700e+00	   7.6764593e+00	   7.3851913e+00	   6.8662116e+00	   6.4440817e+00	   5.9030612e+00	   5.4103815e+00	   4.8778026e+00	   4.4059430e+00	   3.9714975e+00	
             NaN	             NaN	             NaN	   1.8986961e+01	   1.8613625e+01	   1.8332499e+01	   1.6872877e+01	   1.5545263e+01	   1.4008508e+01	   1.3275637e+01	   1.2671449e+01	   1.2014805e+01	   1.1508987e+01	   1.1030096e+01	   1.0664930e+01	   1.0257015e+01	   9.8770226e+00	   9.6007805e+00	   9.3566770e+00	   9.1535601e+00	   8.8753503e+00	   8.6000023e+00	   8.2742575e+00	   7.8465060e+00	   7.6443126e+00	   7.3210691e+00	   6.8590459e+00	   6.3872313e+00	   5.8540847e+00	   5.3743273e+00	   4.9157020e+00	   4.4456586e+00	   4.0268890e+00	
             NaN	             NaN	             NaN	   1.8486766e+01	   1.8768942e+01	   1.7786647e+01	   1.6722240e+01	   1.5780765e+01	   1.4047088e+01	   1.3093390e+01	   1.2463311e+01	   1.1794663e+01	   1.1342351e+01	   1.0795609e+01	   1.0504202e+01	   1.0048822e+01	   9.6988454e+00	   9.4243247e+00	   9.2006528e+00	   9.0403956e+00	   8.8044154e+00	   8.4076100e+00	   8.0969834e+00	   7.8190775e+00	   7.5525802e+00	   7.2234143e+00	   6.7837758e+00	   6.3710840e+00	   5.8500542e+00	   5.3854798e+00	   4.9220897e+00	   4.4549392e+00	   4.0086106e+00	
             NaN	             NaN	             NaN	   1.8559164e+01	   1.8532702e+01	   1.7378593e+01	   1.6595714e+01	   1.5340456e+01	   1.3935332e+01	   1.3013760e+01	   1.2382535e+01	   1.1764419e+01	   1.1327458e+01	   1.0728020e+01	   1.0322606e+01	   9.8518423e+00	   9.5833909e+00	   9.3470558e+00	   9.0750053e+00	   8.8273744e+00	   8.6256459e+00	   8.3155606e+00	   8.0262238e+00	   7.7246065e+00	   7.4911308e+00	   7.1493824e+00	   6.7806588e+00	   6.3139550e+00	   5.9236272e+00	   5.3796251e+00	   4.9627520e+00	   4.5060866e+00	   4.0701430e+00	
             NaN	             NaN	             NaN	   1.7891901e+01	   1.8188970e+01	   1.7430523e+01	   1.6248383e+01	   1.5188769e+01	   1.3813412e+01	   1.2939926e+01	   1.2270103e+01	   1.1573311e+01	   1.1132749e+01	   1.0673886e+01	   1.0239014e+01	   9.8362936e+00	   9.4398470e+00	   9.1885573e+00	   8.8796607e+00	   8.6708319e+00	   8.4672055e+00	   8.2465954e+00	   7.8876986e+00	   7.5899065e+00	   7.3776702e+00	   7.0869418e+00	   6.7050976e+00	   6.3057914e+00	   5.8235045e+00	   5.3892857e+00	   4.9480578e+00	   4.4881527e+00	   4.1028509e+00	
             NaN	             NaN	             NaN	             NaN	   1.7783408e+01	   1.7320781e+01	   1.6349601e+01	   1.4955364e+01	   1.3635991e+01	   1.2824055e+01	   1.2045134e+01	   1.1464784e+01	   1.0909437e+01	   1.0600590e+01	   9.9816671e+00	   9.6572070e+00	   9.3258829e+00	   9.0525298e+00	   8.7449580e+00	   8.5959993e+00	   8.3568529e+00	   8.1336689e+00	   7.7645090e+00	   7.5012328e+00	   7.3314142e+00	   7.0299438e+00	   6.7312522e+00	   6.2562348e+00	   5.8165721e+00	   5.3747237e+00	   4.9328227e+00	   4.5103515e+00	   4.1343835e+00	
             NaN	             NaN	             NaN	             NaN	   1.7678259e+01	   1.6936998e+01	   1.5858366e+01	   1.5030256e+01	   1.3574133e+01	   1.2597517e+01	   1.2119576e+01	   1.1423540e+01	   1.0842922e+01	   1.0242057e+01	   9.8813712e+00	   9.5920316e+00	   9.1283054e+00	   8.8867302e+00	   8.6630766e+00	   8.3614545e+00	   8.1110226e+00	   7.9369226e+00	   7.6399483e+00	   7.3702927e+00	   7.1634283e+00	   6.9155281e+00	   6.5485290e+00	   6.2113722e+00	   5.8070716e+00	   5.2953705e+00	   4.9277434e+00	   4.5222289e+00	   4.1418694e+00	
             NaN	             NaN	             NaN	             NaN	   1.7233763e+01	   1.6974062e+01	   1.6113053e+01	   1.4671237e+01	   1.3341180e+01	   1.2636108e+01	   1.1913480e+01	   1.1232056e+01	   1.0734934e+01	   1.0266550e+01	   9.7427304e+00	   9.2732953e+00	   9.0463523e+00	   8.6901058e+00	   8.4743623e+00	   8.2981156e+00	   8.0983759e+00	   7.8485977e+00	   7.5172082e+00	   7.1922139e+00	   7.0578174e+00	   6.7972561e+00	   6.4559159e+00	   6.0512599e+00	   5.7176242e+00	   5.3024488e+00	   4.8705051e+00	   4.4995802e+00	   4.1452931e+00	
             NaN	             NaN	             NaN	             NaN	   1.7258007e+01	   1.6855330e+01	   1.5661745e+01	   1.4447455e+01	   1.3288172e+01	   1.2259221e+01	   1.1712823e+01	   1.0950490e+01	   1.0516926e+01	   1.0060785e+01	   9.5358227e+00	   9.1580162e+00	   8.7370014e+00	   8.4859582e+00	   8.2908964e+00	   8.1206209e+00	   7.9487417e+00	   7.5821785e+00	   7.3537572e+00	   7.0922311e+00	   6.8467684e+00	   6.6888183e+00	   6.3608949e+00	   6.0373842e+00	   5.6431973e+00	   5.2832696e+00	   4.8081559e+00	   4.4832263e+00	   4.1331015e+00	
             NaN	             NaN	             NaN	             NaN	   1.6915469e+01	   1.6554507e+01	   1.5426648e+01	   1.4361205e+01	   1.3053075e+01	   1.2301447e+01	   1.1627991e+01	   1.0898877e+01	   1.0381850e+01	   9.9618491e+00	   9.3175224e+00	   8.8837314e+00	   8.5813671e+00	   8.3351908e+00	   8.1422337e+00	   7.9344668e+00	   7.8016739e+00	   7.5709632e+00	   7.2429954e+00	   7.0113884e+00	   6.7601707e+00	   6.5646025e+00	   6.2707203e+00	   5.9379529e+00	   5.6287706e+00	   5.1840098e+00	   4.8093274e+00	   4.4766158e+00	   4.1689517e+00	
             NaN	             NaN	             NaN	             NaN	             NaN	   1.6565871e+01	   1.5189463e+01	   1.4284605e+01	   1.2972914e+01	   1.2158187e+01	   1.1383418e+01	   1.0598024e+01	   1.0178929e+01	   9.7661857e+00	   9.1665708e+00	   8.8340151e+00	   8.4601734e+00	   8.2483039e+00	   7.9599882e+00	   7.7799966e+00	   7.5672079e+00	   7.3354669e+00	   7.1183545e+00	   6.8409286e+00	   6.6729352e+00	   6.5274983e+00	   6.1603166e+00	   5.8108346e+00	   5.5122709e+00	   5.1761010e+00	   4.8104272e+00	   4.4704728e+00	   4.1007823e+00	
             NaN	             NaN	             NaN	             NaN	             NaN	   1.6090778e+01	   1.5063208e+01	   1.3906884e+01	   1.2765680e+01	   1.1778361e+01	   1.1255442e+01	   1.0511528e+01	   9.9660165e+00	   9.5489746e+00	   9.1492157e+00	   8.5821955e+00	   8.3642537e+00	   8.0168705e+00	   7.7578523e+00	   7.6901299e+00	   7.4193031e+00	   7.1925367e+00	   6.9632077e+00	   6.7981428e+00	   6.5682491e+00	   6.3785350e+00	   6.1281761e+00	   5.8354734e+00	   5.4570013e+00	   5.0997659e+00	   4.7714292e+00	   4.4300442e+00	   4.1414721e+00	
             NaN	             NaN	             NaN	             NaN	             NaN	   1.6102172e+01	   1.4977695e+01	   1.3756119e+01	   1.2543318e+01	   1.1543340e+01	   1.1178019e+01	   1.0286066e+01	   9.8308895e+00	   9.4364587e+00	   8.9142562e+00	   8.5871058e+00	   8.1542025e+00	   7.7856949e+00	   7.6486157e+00	   7.4519816e+00	   7.2560732e+00	   7.0552925e+00	   6.8438020e+00	   6.6475099e+00	   6.4417092e+00	   6.2832915e+00	   6.0424606e+00	   5.7568424e+00	   5.3553138e+00	   4.9971376e+00	   4.7004123e+00	   4.3830126e+00	   4.0585372e+00	
             NaN	             NaN	             NaN	             NaN	             NaN	   1.5356675e+01	   1.4582272e+01	   1.3617887e+01	   1.2518014e+01	   1.1450268e+01	   1.0911217e+01	   1.0228647e+01	   9.7653927e+00	   9.2263781e+00	   8.7567539e+00	   8.3664163e+00	   7.9750338e+00	   7.7210367e+00	   7.5077078e+00	   7.2993980e+00	   7.0432137e+00	   6.8785134e+00	   6.6970826e+00	   6.5118721e+00	   6.2708681e+00	   6.1950172e+00	   5.8981041e+00	   5.6091687e+00	   5.2544185e+00	   4.9896225e+00	   4.6710092e+00	   4.3825185e+00	   4.0848194e+00	
             NaN	             NaN	             NaN	             NaN	             NaN	   1.5392316e+01	   1.4560975e+01	   1.3361102e+01	   1.2373003e+01	   1.1499513e+01	   1.0879080e+01	   1.0090711e+01	   9.6635271e+00	   9.1511861e+00	   8.6195638e+00	   8.1548986e+00	   7.8943702e+00	   7.5479846e+00	   7.4202620e+00	   7.1457762e+00	   7.0030634e+00	   6.8447202e+00	   6.5520767e+00	   6.4296482e+00	   6.2569015e+00	   6.0081398e+00	   5.8844308e+00	   5.5923190e+00	   5.2663674e+00	   4.9550327e+00	   4.6016660e+00	   4.3333115e+00	   4.0013738e+00	
             NaN	             NaN	             NaN	             NaN	             NaN	             NaN	   1.4548133e+01	   1.3315904e+01	   1.2099852e+01	   1.1491928e+01	   1.0754984e+01	   1.0156700e+01	   9.4450400e+00	   8.9415624e+00	   8.4772837e+00	   8.1223904e+00	   7.5938433e+00	   7.4447717e+00	   7.1819395e+00	   7.0201945e+00	   6.7816843e+00	   6.6973117e+00	   6.4502368e+00	   6.2368286e+00	   6.0795778e+00	   5.9415964e+00	   5.7988916e+00	   5.4436907e+00	   5.1255818e+00	   4.8754967e+00	   4.5641494e+00	   4.2492716e+00	   4.0542723e+00	
             NaN	             NaN	             NaN	             NaN	             NaN	             NaN	   1.3965311e+01	   1.3129044e+01	   1.1968973e+01	   1.1097920e+01	   1.0455922e+01	   9.8234580e+00	   9.2493692e+00	   8.7368788e+00	   8.3101562e+00	   7.9354469e+00	   7.5221209e+00	   7.3454029e+00	   6.9798075e+00	   6.9476235e+00	   6.8070198e+00	   6.5479986e+00	   6.3357607e+00	   6.1407932e+00	   6.0426578e+00	   5.8616406e+00	   5.6528496e+00	   5.3961682e+00	   5.0902523e+00	   4.8189828e+00	   4.5220167e+00	   4.2517180e+00	   4.0364381e+00	
   0.0000000e+00	             NaN	             NaN	             NaN	             NaN	             NaN	   1.3849595e+01	   1.2811888e+01	   1.1903057e+01	   1.0869784e+01	   1.0441648e+01	   9.7903053e+00	   9.1542820e+00	   8.6564028e+00	   8.2363655e+00	   7.8075328e+00	   7.4835947e+00	   7.1377920e+00	   6.9373582e+00	   6.7933829e+00	   6.6409718e+00	   6.4059948e+00	   6.0896699e+00	   6.0355009e+00	   5.8776049e+00	   5.7775035e+00	   5.5138335e+00	   5.3113962e+00	   5.0501317e+00	   4.7690728e+00	   4.4956882e+00	   4.1774846e+00	   3.9524028e+00	
   0.0000000e+00	             NaN	             NaN	             NaN	             NaN	             NaN	   1.3647257e+01	   1.2762912e+01	   1.1557709e+01	   1.0767891e+01	   1.0037161e+01	   9.5343551e+00	   9.0512425e+00	   8.4819639e+00	   8.0106516e+00	   7.5774661e+00	   7.2873689e+00	   7.0244010e+00	   6.8074174e+00	   6.6415562e+00	   6.4640315e+00	   6.1605142e+00	   6.0699183e+00	   5.9259331e+00	   5.7445699e+00	   5.6251390e+00	   5.4760216e+00	   5.1702224e+00	   4.9225410e+00	   4.6616099e+00	   4.4258415e+00	   4.1075508e+00	   3.8830074e+00	
   0.0000000e+00	             NaN	             NaN	             NaN	             NaN	             NaN	   1.3655366e+01	   1.2438329e+01	   1.1401191e+01	   1.0488788e+01	   1.0004299e+01	   9.3410429e+00	   8.8916573e+00	   8.4568031e+00	   7.9473586e+00	   7.4536833e+00	   7.1256774e+00	   6.8430647e+00	   6.6995277e+00	   6.4697939e+00	   6.3074101e+00	   6.1120999e+00	   5.9964393e+00	   5.7493074e+00	   5.6656314e+00	   5.5873001e+00	   5.3693678e+00	   5.1581099e+00	   4.8150689e+00	   4.5928749e+00	   4.3621475e+00	   4.0718145e+00	   3.8239568e+00	
   0.0000000e+00	             NaN	             NaN	             NaN	             NaN	             NaN	             NaN	   1.2365455e+01	   1.1198887e+01	   1.0540716e+01	   9.9445280e+00	   9.0914054e+00	   8.8099113e+00	   8.2105974e+00	   7.7678803e+00	   7.3210149e+00	   7.0308088e+00	   6.7278505e+00	   6.5461537e+00	   6.3059699e+00	   6.1862081e+00	   6.0132482e+00	   5.7860996e+00	   5.6470658e+00	   5.5597279e+00	   5.4327896e+00	   5.2469229e+00	   5.0281002e+00	   4.7894492e+00	   4.4860119e+00	   4.2509055e+00	   4.0377197e+00	   3.8324050e+00	
   0.0000000e+00	             NaN	             NaN	             NaN	             NaN	             NaN	             NaN	   1.1952855e+01	   1.0954668e+01	   1.0123529e+01	   9.7575822e+00	   9.0677737e+00	   8.5635577e+00	   8.1457442e+00	   7.5800722e+00	   7.1921681e+00	   6.7496984e+00	   6.5831943e+00	   6.3898049e+00	   6.2049723e+00	   6.0966221e+00	   5.8621726e+00	   5.6980516e+00	   5.5237932e+00	   5.4770546e+00	   5.3034800e+00	   5.1062187e+00	   4.9659457e+00	   4.7434062e+00	   4.4170296e+00	   4.2088448e+00	   3.9647191e+00	   3.7429364e+00	
   0.0000000e+00	   0.0000000e+00	             NaN	             NaN	             NaN	             NaN	             NaN	   1.2112839e+01	   1.0875066e+01	   1.0000720e+01	   9.4892224e+00	   8.9736098e+00	   8.4479676e+00	   7.8792102e+00	   7.5099364e+00	   6.9923694e+00	   6.6431547e+00	   6.5121217e+00	   6.3359590e+00	   6.0803257e+00	   5.9363892e+00	   5.7607962e+00	   5.5532222e+00	   5.3936982e+00	   5.2897807e+00	   5.1791354e+00	   5.0002159e+00	   4.9002756e+00	   4.6113243e+00	   4.3885200e+00	   4.1275590e+00	   3.9271603e+00	   3.7329665e+00	
   0.0000000e+00	   0.0000000e+00	             NaN	             NaN	             NaN	             NaN	             NaN	   1.1727047e+01	   1.0770965e+01	   9.8140662e+00	   9.2031121e+00	   8.8395522e+00	   8.1225531e+00	   7.7496206e+00	   7.3539889e+00	   6.9809725e+00	   6.5695641e+00	   6.3057558e+00	   6.1130572e+00	   5.9871667e+00	   5.7458065e+00	   5.6732315e+00	   5.4275543e+00	   5.3362935e+00	   5.1784901e+00	   5.0711001e+00	   4.9450064e+00	   4.7059358e+00	   4.5483754e+00	   4.2605254e+00	   4.0501949e+00	   3.8642873e+00	   3.6660319e+00	
   0.0000000e+00	   0.0000000e+00	             NaN	             NaN	             NaN	             NaN	             NaN	   1.1565913e+01	   1.0321729e+01	   9.7654942e+00	   9.2400143e+00	   8.6252663e+00	   8.1052069e+00	   7.6223809e+00	   7.1649835e+00	   6.8096759e+00	   6.4653820e+00	   6.0999500e+00	   5.9467200e+00	   5.8532573e+00	   5.6121036e+00	   5.5331912e+00	   5.3027501e+00	   5.1859094e+00	   5.0374089e+00	   4.9192610e+00	   4.8127779e+00	   4.5973282e+00	   4.4064944e+00	   4.1194077e+00	   3.9828985e+00	   3.7725593e+00	   3.5924977e+00	
   0.0000000e+00	   0.0000000e+00	             NaN	             NaN	             NaN	             NaN	             NaN	             NaN	   1.0192109e+01	   9.5108989e+00	   8.9651857e+00	   8.4068335e+00	   7.8550540e+00	   7.3918301e+00	   6.9879658e+00	   6.5524144e+00	   6.2068522e+00	   6.0495211e+00	   5.9129881e+00	   5.6949940e+00	   5.5278090e+00	   5.2912937e+00	   5.0940927e+00	   5.0485948e+00	   4.9054236e+00	   4.8290474e+00	   4.6414455e+00	   4.5120948e+00	   4.2463643e+00	   4.1163723e+00	   3.8742615e+00	   3.7104049e+00	   3.5054240e+00	
   0.0000000e+00	   0.0000000e+00	             NaN	             NaN	             NaN	             NaN	             NaN	             NaN	   9.9385779e+00	   9.4249891e+00	   8.7179355e+00	   8.2436370e+00	   7.7595597e+00	   7.1862977e+00	   6.8189607e+00	   6.5125679e+00	   6.0240655e+00	   5.8016309e+00	   5.6695039e+00	   5.5044386e+00	   5.3390093e+00	   5.2730157e+00	   5.0510143e+00	   4.8330341e+00	   4.7895161e+00	   4.6959893e+00	   4.5865636e+00	   4.4551981e+00	   4.2109313e+00	   4.0252097e+00	   3.8309374e+00	   3.5723401e+00	   3.4355890e+00	
   0.0000000e+00	   0.0000000e+00	   0.0000000e+00	             NaN	             NaN	             NaN	             NaN	             NaN	   1.0024139e+01	   9.2676535e+00	   8.6293429e+00	   8.2244395e+00	   7.5241537e+00	   7.1806515e+00	   6.6776528e+00	   6.3009193e+00	   6.0477977e+00	   5.8060915e+00	   5.4952919e+00	   5.4175067e+00	   5.2661152e+00	   5.0839586e+00	   4.9504033e+00	   4.7934557e+00	   4.7361191e+00	   4.6320484e+00	   4.5165404e+00	   4.3555158e+00	   4.1826033e+00	   3.9573298e+00	   3.7641397e+00	   3.5266963e+00	   3.4152140e+00	
   0.0000000e+00	   0.0000000e+00	   0.0000000e+00	             NaN	             NaN	             NaN	             NaN	             NaN	   9.8093354e+00	   8.9786033e+00	   8.5480270e+00	   7.8321574e+00	   7.4710708e+00	   6.9931546e+00	   6.6873964e+00	   6.2357956e+00	   5.9337046e+00	   5.5624895e+00	   5.3935539e+00	   5.2540591e+00	   5.0612094e+00	   4.8786211e+00	   4.8290225e+00	   4.6478777e+00	   4.6621729e+00	   4.4949179e+00	   4.4181148e+00	   4.2426500e+00	   4.1208803e+00	   3.9228451e+00	   3.6466526e+00	   3.5602239e+00	   3.3655849e+00	
   0.0000000e+00	   0.0000000e+00	   0.0000000e+00	             NaN	             NaN	             NaN	             NaN	             NaN	   9.4941610e+00	   8.9106780e+00	   8.5043429e+00	   7.8335510e+00	   7.3796769e+00	   6.9062566e+00	   6.4205819e+00	   6.1099395e+00	   5.7901528e+00	   5.5332205e+00	   5.3889688e+00	   5.1795600e+00	   5.0415634e+00	   4.8376010e+00	   4.6707961e+00	   4.5820276e+00	   4.4652503e+00	   4.4197263e+00	   4.3214319e+00	   4.1549837e+00	   3.9455465e+00	   3.7911963e+00	   3.6035661e+00	   3.5004425e+00	   3.2792496e+00	
   0.0000000e+00	   0.0000000e+00	   0.0000000e+00	             NaN	             NaN	             NaN	             NaN	             NaN	   9.2518334e+00	   8.7084503e+00	   8.1403989e+00	   7.5140686e+00	   6.9753528e+00	   6.7871581e+00	   6.3177618e+00	   5.9216672e+00	   5.6123569e+00	   5.3627122e+00	   5.1801097e+00	   5.1110147e+00	   4.9633438e+00	   4.7517945e+00	   4.5829010e+00	   4.5251724e+00	   4.4524424e+00	   4.3685695e+00	   4.1823472e+00	   4.0269436e+00	   3.8617699e+00	   3.6896946e+00	   3.5231637e+00	   3.3273673e+00	   3.2243955e+00	
   0.0000000e+00	   0.0000000e+00	   0.0000000e+00	             NaN	             NaN	             NaN	             NaN	             NaN	             NaN	   8.6531858e+00	   8.0375863e+00	   7.4890495e+00	   7.0160727e+00	   6.5987830e+00	   6.1032478e+00	   5.7632568e+00	   5.4077091e+00	   5.2417626e+00	   4.9821680e+00	   4.9494906e+00	   4.7736075e+00	   4.6027682e+00	   4.4957482e+00	   4.3780264e+00	   4.3232596e+00	   4.1986325e+00	   4.0801076e+00	   3.9592817e+00	   3.7755004e+00	   3.6257640e+00	   3.4326811e+00	   3.3292009e+00	   3.1651867e+00	
   0.0000000e+00	   0.0000000e+00	   0.0000000e+00	   0.0000000e+00	             NaN	             NaN	             NaN	             NaN	             NaN	   8.3362397e+00	   7.7496977e+00	   7.3057919e+00	   6.9796221e+00	   6.4601823e+00	   6.0248821e+00	   5.5627734e+00	   5.4042532e+00	   5.0626546e+00	   4.9007023e+00	   4.7869314e+00	   4.5843104e+00	   4.4955102e+00	   4.3252688e+00	   4.2822180e+00	   4.1706956e+00	   4.1321264e+00	   4.0114534e+00	   3.8343326e+00	   3.6905485e+00	   3.5092670e+00	   3.3483981e+00	   3.2088337e+00	   3.0854287e+00	
   0.0000000e+00	   0.0000000e+00	   0.0000000e+00	   0.0000000e+00	             NaN	             NaN	             NaN	             NaN	             NaN	   8.1658486e+00	   7.6575216e+00	   7.1587309e+00	   6.6540735e+00	   6.1856000e+00	   5.8267678e+00	   5.5215951e+00	   5.1687185e+00	   5.0303985e+00	   4.8201907e+00	   4.6693594e+00	   4.5013332e+00	   4.3430719e+00	   4.2165879e+00	   4.2137331e+00	   4.0408720e+00	   3.9707165e+00	   3.8997643e+00	   3.7862161e+00	   3.5787160e+00	   3.4206001e+00	   3.3031878e+00	   3.1276171e+00	   3.0196519e+00	
   0.0000000e+00	   0.0000000e+00	   0.0000000e+00	   0.0000000e+00	             NaN	             NaN	             NaN	             NaN	             NaN	   7.7946543e+00	   7.4574845e+00	   7.0948429e+00	   6.5925201e+00	   6.1053843e+00	   5.8202561e+00	   5.3661923e+00	   5.0709875e+00	   4.7981148e+00	   4.7053138e+00	   4.5792894e+00	   4.3717892e+00	   4.2647502e+00	   4.1179973e+00	   4.0422252e+00	   3.9240638e+00	   3.8878636e+00	   3.7746880e+00	   3.6540540e+00	   3.4897031e+00	   3.3637643e+00	   3.1973019e+00	   3.1050813e+00	   2.9676406e+00	
   0.0000000e+00	   0.0000000e+00	   0.0000000e+00	   0.0000000e+00	             NaN	             NaN	             NaN	             NaN	             NaN	   7.8095850e+00	   7.4056207e+00	   6.7967064e+00	   6.2756941e+00	   6.0374664e+00	   5.5020675e+00	   5.3097105e+00	   5.0377746e+00	   4.7140253e+00	   4.6239196e+00	   4.4364561e+00	   4.2775336e+00	   4.1310405e+00	   4.0721193e+00	   3.8934586e+00	   3.8372101e+00	   3.7329837e+00	   3.7133547e+00	   3.5711204e+00	   3.3968804e+00	   3.2645720e+00	   3.1197944e+00	   3.0095212e+00	   2.8768249e+00	
   0.0000000e+00	   0.0000000e+00	   0.0000000e+00	   0.0000000e+00	             NaN	             NaN	             NaN	             NaN	             NaN	             NaN	   7.0258126e+00	   6.8273378e+00	   6.1837398e+00	   5.9060583e+00	   5.5509189e+00	   5.1486574e+00	   4.8075899e+00	   4.6221123e+00	   4.4538831e+00	   4.3002012e+00	   4.1802185e+00	   4.0860042e+00	   3.9535976e+00	   3.8528229e+00	   3.7884976e+00	   3.7123819e+00	   3.5723968e+00	   3.4795652e+00	   3.3291201e+00	   3.1662489e+00	   3.0748421e+00	   2.9810188e+00	   2.7983586e+00	
   0.0000000e+00	   0.0000000e+00	   0.0000000e+00	   0.0000000e+00	             NaN	             NaN	             NaN	             NaN	             NaN	             NaN	   6.8271651e+00	   6.5212528e+00	   6.2382831e+00	   5.7390743e+00	   5.3904701e+00	   4.9259682e+00	   4.7012573e+00	   4.5613376e+00	   4.3711717e+00	   4.2576507e+00	   4.1158969e+00	   3.9721834e+00	   3.8268296e+00	   3.7730282e+00	   3.6560163e+00	   3.6072199e+00	   3.5645749e+00	   3.3832546e+00	   3.2493037e+00	   3.1436939e+00	   3.0006941e+00	   2.8599622e+00	   2.7518819e+00	
   0.0000000e+00	   0.0000000e+00	   0.0000000e+00	   0.0000000e+00	   0.0000000e+00	             NaN	             NaN	             NaN	             NaN	             NaN	   6.8185411e+00	   6.1428457e+00	   5.8970249e+00	   5.5411711e+00	   5.1772431e+00	   4.9150712e+00	   4.6199346e+00	   4.3701820e+00	   4.2756858e+00	   4.1060704e+00	   3.9724776e+00	   3.8307828e+00	   3.7320439e+00	   3.6039360e+00	   3.5778130e+00	   3.4710650e+00	   3.3765800e+00	   3.2535446e+00	   3.1770514e+00	   3.0316688e+00	   2.8965519e+00	   2.7778388e+00	   2.7099033e+00	
   0.0000000e+00	   0.0000000e+00	   0.0000000e+00	   0.0000000e+00	   0.0000000e+00	             NaN	             NaN	             NaN	             NaN	             NaN	   6.6233206e+00	   6.1533684e+00	   5.8491442e+00	   5.2824462e+00	   5.1151420e+00	   4.6855764e+00	   4.5238031e+00	   4.2869161e+00	   4.1241084e+00	   4.0262222e+00	   3.8621115e+00	   3.7472424e+00	   3.6444553e+00	   3.5384835e+00	   3.4438767e+00	   3.3345611e+00	   3.2978128e+00	   3.2515299e+00	   3.0659712e+00	   2.9688375e+00	   2.8639427e+00	   2.7406934e+00	   2.6083330e+00	
   0.0000000e+00	   0.0000000e+00	   0.0000000e+00	   0.0000000e+00	   0.0000000e+00	             NaN	             NaN	             NaN	             NaN	             NaN	   6.5045648e+00	   6.0174061e+00	   5.6363506e+00	   5.2662132e+00	   4.9163422e+00	   4.5636682e+00	   4.4073827e+00	   4.2429921e+00	   4.0665365e+00	   3.9796053e+00	   3.8005371e+00	   3.6706558e+00	   3.5492982e+00	   3.4655071e+00	   3.4021309e+00	   3.2738138e+00	   3.2685888e+00	   3.1744927e+00	   2.9857397e+00	   2.9439223e+00	   2.7547090e+00	   2.6578258e+00	   2.5326200e+00	
   0.0000000e+00	   0.0000000e+00	   0.0000000e+00	   0.0000000e+00	   0.0000000e+00	             NaN	             NaN	             NaN	             NaN	             NaN	             NaN	   6.0002686e+00	   5.5241102e+00	   5.2440944e+00	   4.8316059e+00	   4.4948777e+00	   4.2852861e+00	   4.0297110e+00	   3.9033012e+00	   3.7858051e+00	   3.6173289e+00	   3.4932092e+00	   3.4405313e+00	   3.4071882e+00	   3.2787116e+00	   3.2315711e+00	   3.1507054e+00	   3.0613127e+00	   2.8859340e+00	   2.7676444e+00	   2.7144530e+00	   2.5786032e+00	   2.4833989e+00	
   0.0000000e+00	   0.0000000e+00	   0.0000000e+00	   0.0000000e+00	   0.0000000e+00	             NaN	             NaN	             NaN	             NaN	             NaN	             NaN	   5.6972694e+00	   5.2972310e+00	   5.1224889e+00	   4.7502873e+00	   4.3510229e+00	   4.1286963e+00	   3.9839356e+00	   3.7461442e+00	   3.7274642e+00	   3.5301278e+00	   3.4154413e+00	   3.2447294e+00	   3.2687595e+00	   3.1816251e+00	   3.1071415e+00	   3.0724115e+00	   2.9809891e+00	   2.8261577e+00	   2.7024928e+00	   2.6356563e+00	   2.4706505e+00	   2.4810578e+00	
   0.0000000e+00	   0.0000000e+00	   0.0000000e+00	   0.0000000e+00	   0.0000000e+00	   0.0000000e+00	             NaN	             NaN	             NaN	             NaN	             NaN	   5.6133118e+00	   5.1239411e+00	   4.9151037e+00	   4.5813930e+00	   4.2484830e+00	   4.0726076e+00	   3.9184303e+00	   3.7619463e+00	   3.5808227e+00	   3.5113563e+00	   3.4468285e+00	   3.2593648e+00	   3.1371845e+00	   3.0844839e+00	   2.9642904e+00	   2.9845907e+00	   2.8413275e+00	   2.7327985e+00	   2.6317125e+00	   2.5467069e+00	   2.4203746e+00	   2.3283962e+00	
   0.0000000e+00	   0.0000000e+00	   0.0000000e+00	   0.0000000e+00	   0.0000000e+00	   0.0000000e+00	             NaN	             NaN	             NaN	             NaN	             NaN	   5.5447730e+00	   5.0449536e+00	   4.6941768e+00	   4.4562040e+00	   4.1371671e+00	   3.9266537e+00	   3.6932389e+00	   3.6223611e+00	   3.4806422e+00	   3.3574985e+00	   3.2706324e+00	   3.1680513e+00	   3.0326600e+00	   2.9959478e+00	   2.9410683e+00	   2.8379417e+00	   2.8074491e+00	   2.6873801e+00	   2.6053672e+00	   2.4730297e+00	   2.3910106e+00	   2.2551679e+00	
   0.0000000e+00	   0.0000000e+00	   0.0000000e+00	   0.0000000e+00	   0.0000000e+00	   0.0000000e+00	             NaN	             NaN	             NaN	             NaN	             NaN	   5.3141675e+00	   4.8880868e+00	   4.7154815e+00	   4.3422377e+00	   4.0638335e+00	   3.8644690e+00	   3.7157107e+00	   3.5335298e+00	   3.4838519e+00	   3.3362936e+00	   3.0928369e+00	   3.1118466e+00	   2.9821041e+00	   2.9037450e+00	   2.9102883e+00	   2.8232300e+00	   2.7208529e+00	   2.5637736e+00	   2.4800297e+00	   2.4636373e+00	   2.3614573e+00	   2.2557573e+00	
   0.0000000e+00	   0.0000000e+00	   0.0000000e+00	   0.0000000e+00	   0.0000000e+00	   0.0000000e+00	             NaN	             NaN	             NaN	             NaN	             NaN	             NaN	   4.7985429e+00	   4.6623045e+00	   4.2468756e+00	   4.0758333e+00	   3.7422704e+00	   3.5033573e+00	   3.4052420e+00	   3.2819682e+00	   3.1502791e+00	   3.1118397e+00	   2.9901441e+00	   2.9061304e+00	   2.8566229e+00	   2.7796260e+00	   2.7332300e+00	   2.6508514e+00	   2.5490120e+00	   2.4397995e+00	   2.3413522e+00	   2.2558885e+00	   2.1698647e+00	
   0.0000000e+00	   0.0000000e+00	   0.0000000e+00	   0.0000000e+00	   0.0000000e+00	   0.0000000e+00	             NaN	             NaN	             NaN	             NaN	             NaN	             NaN	   4.7332958e+00	   4.4952924e+00	   4.0621148e+00	   3.8615244e+00	   3.6189664e+00	   3.5304820e+00	   3.3450642e+00	   3.3393319e+00	   3.0894981e+00	   3.0188491e+00	   2.9235969e+00	   2.8638028e+00	   2.7613324e+00	   2.7236909e+00	   2.6542849e+00	   2.5499211e+00	   2.4197189e+00	   2.3292544e+00	   2.2615998e+00	   2.1769514e+00	   2.1108599e+00	
   0.0000000e+00	   0.0000000e+00	   0.0000000e+00	   0.0000000e+00	   0.0000000e+00	   0.0000000e+00	   0.0000000e+00	             NaN	             NaN	             NaN	             NaN	             NaN	   4.5428291e+00	   4.2657954e+00	   3.9779342e+00	   3.7918527e+00	   3.5297808e+00	   3.3404371e+00	   3.2217955e+00	   3.1497426e+00	   3.0183809e+00	   2.9100753e+00	   2.7882932e+00	   2.6620106e+00	   2.7130603e+00	   2.6832116e+00	   2.5475313e+00	   2.4832514e+00	   2.3861607e+00	   2.3391248e+00	   2.1980973e+00	   2.1419906e+00	   2.0864726e+00	
   0.0000000e+00	   0.0000000e+00	   0.0000000e+00	   0.0000000e+00	   0.0000000e+00	   0.0000000e+00	   0.0000000e+00	             NaN	             NaN	             NaN	             NaN	             NaN	   4.3839591e+00	   4.1095689e+00	   3.8961623e+00	   3.7286461e+00	   3.4469500e+00	   3.2912450e+00	   3.1288225e+00	   2.9962013e+00	   2.9393901e+00	   2.8311850e+00	   2.7208620e+00	   2.6667348e+00	   2.6226474e+00	   2.5860894e+00	   2.4931999e+00	   2.3918841e+00	   2.3061902e+00	   2.2121127e+00	   2.1208430e+00	   2.1068695e+00	   1.9842080e+00	
   0.0000000e+00	   0.0000000e+00	   0.0000000e+00	   0.0000000e+00	   0.0000000e+00	   0.0000000e+00	   0.0000000e+00	             NaN	             NaN	             NaN	             NaN	             NaN	   4.3549856e+00	   4.0191121e+00	   3.8566966e+00	   3.5863671e+00	   3.3801871e+00	   3.1825536e+00	   3.0620573e+00	   2.9788367e+00	   2.8689438e+00	   2.7871886e+00	   2.6901222e+00	   2.5398414e+00	   2.5781279e+00	   2.5191114e+00	   2.3767801e+00	   2.3575916e+00	   2.2062452e+00	   2.1752869e+00	   2.0993325e+00	   2.0309413e+00	   1.9041303e+00	
   0.0000000e+00	   0.0000000e+00	   0.0000000e+00	   0.0000000e+00	   0.0000000e+00	   0.0000000e+00	   0.0000000e+00	             NaN	             NaN	             NaN	             NaN	             NaN	             NaN	   3.9120069e+00	   3.6866807e+00	   3.5108272e+00	   3.3477198e+00	   3.1191568e+00	   2.9733190e+00	   2.8952113e+00	   2.6966401e+00	   2.6296402e+00	   2.5950288e+00	   2.4987868e+00	   2.4989867e+00	   2.4443269e+00	   2.3491653e+00	   2.2768567e+00	   2.1438731e+00	   2.1186659e+00	   2.0205379e+00	   1.9702171e+00	   1.8696424e+00	
   0.0000000e+00	   0.0000000e+00	   0.0000000e+00	   0.0000000e+00	   0.0000000e+00	   0.0000000e+00	   0.0000000e+00	             NaN	             NaN	             NaN	             NaN	             NaN	             NaN	   3.8516450e+00	   3.6347662e+00	   3.3413651e+00	   3.2183171e+00	   3.0589185e+00	   2.8943957e+00	   2.7721454e+00	   2.6590289e+00	   2.6142226e+00	   2.4936298e+00	   2.3973000e+00	   2.4460288e+00	   2.3159416e+00	   2.2517192e+00	   2.1655970e+00	   2.1344034e+00	   2.0056160e+00	   1.9664708e+00	   1.8674523e+00	   1.8258962e+00	
   0.0000000e+00	   0.0000000e+00	   0.0000000e+00	   0.0000000e+00	   0.0000000e+00	   0.0000000e+00	   0.0000000e+00	   0.0000000e+00	             NaN	             NaN	             NaN	             NaN	             NaN	   3.7261883e+00	   3.5424057e+00	   3.2643803e+00	   3.1406722e+00	   2.9064999e+00	   2.7666324e+00	   2.7160115e+00	   2.5653846e+00	   2.5363859e+00	   2.4381929e+00	   2.3747599e+00	   2.2952210e+00	   2.2214312e+00	   2.2083022e+00	   2.0802338e+00	   2.0620246e+00	   1.9219105e+00	   1.9156602e+00	   1.8272786e+00	   1.7671962e+00	
   0.0000000e+00	   0.0000000e+00	   0.0000000e+00	   0.0000000e+00	   0.0000000e+00	   0.0000000e+00	   0.0000000e+00	   0.0000000e+00	             NaN	             NaN	             NaN	             NaN	             NaN	   3.7703302e+00	   3.3807092e+00	   3.1955247e+00	   2.9757932e+00	   2.7843377e+00	   2.7250698e+00	   2.5742107e+00	   2.5729676e+00	   2.4648602e+00	   2.3212326e+00	   2.3137205e+00	   2.2495763e+00	   2.1639328e+00	   2.1046854e+00	   2.0286172e+00	   1.9708533e+00	   1.9127002e+00	   1.8290859e+00	   1.7703385e+00	   1.7392564e+00	
   0.0000000e+00	   0.0000000e+00	   0.0000000e+00	   0.0000000e+00	   0.0000000e+00	   0.0000000e+00	   0.0000000e+00	   0.0000000e+00	             NaN	             NaN	             NaN	             NaN	             NaN	   3.5098857e+00	   3.2895743e+00	   3.0569335e+00	   2.9298171e+00	   2.7507256e+00	   2.6919103e+00	   2.5488931e+00	   2.4988868e+00	   2.3641611e+00	   2.2499797e+00	   2.2385338e+00	   2.1611121e+00	   2.0708531e+00	   2.0140762e+00	   2.0101398e+00	   1.9150978e+00	   1.8475410e+00	   1.7729134e+00	   1.6953116e+00	   1.6740126e+00	
   0.0000000e+00	   0.0000000e+00	   0.0000000e+00	   0.0000000e+00	   0.0000000e+00	   0.0000000e+00	   0.0000000e+00	   0.0000000e+00	             NaN	             NaN	             NaN	             NaN	             NaN	             NaN	   3.2815142e+00	   2.9464335e+00	   2.8782488e+00	   2.7072147e+00	   2.6099895e+00	   2.4512879e+00	   2.3781321e+00	   2.2932448e+00	   2.1800436e+00	   2.1493753e+00	   2.0607896e+00	   2.1285741e+00	   1.9829662e+00	   1.9549117e+00	   1.8525581e+00	   1.7896113e+00	   1.7510356e+00	   1.6784056e+00	   1.6427419e+00	
   0.0000000e+00	   0.0000000e+00	   0.0000000e+00	   0.0000000e+00	   0.0000000e+00	   0.0000000e+00	   0.0000000e+00	   0.0000000e+00	             NaN	             NaN	             NaN	             NaN	             NaN	             NaN	   3.1468385e+00	   2.8973437e+00	   2.7011603e+00	   2.6396269e+00	   2.4668413e+00	   2.3740753e+00	   2.3120249e+00	   2.2475777e+00	   2.1341742e+00	   2.0625251e+00	   2.0331303e+00	   1.9784100e+00	   1.9555694e+00	   1.8794889e+00	   1.8410614e+00	   1.7611051e+00	   1.6356989e+00	   1.6388655e+00	   1.5665263e+00	
   0.0000000e+00	   0.0000000e+00	   0.0000000e+00	   0.0000000e+00	   0.0000000e+00	   0.0000000e+00	   0.0000000e+00	   0.0000000e+00	   0.0000000e+00	             NaN	             NaN	             NaN	             NaN	             NaN	   3.0419802e+00	   2.8092214e+00	   2.6885289e+00	   2.5077191e+00	   2.4461925e+00	   2.3140774e+00	   2.2327255e+00	   2.1433214e+00	   2.0419922e+00	   1.9965541e+00	   1.9974444e+00	   1.9955709e+00	   1.8672893e+00	   1.8222251e+00	   1.7432199e+00	   1.7070836e+00	   1.6352725e+00	   1.6122285e+00	   1.4640312e+00	
   0.0000000e+00	   0.0000000e+00	   0.0000000e+00	   0.0000000e+00	   0.0000000e+00	   0.0000000e+00	   0.0000000e+00	   0.0000000e+00	   0.0000000e+00	             NaN	             NaN	             NaN	             NaN	             NaN	   2.8901850e+00	   2.8333933e+00	   2.5310345e+00	   2.4306755e+00	   2.4029337e+00	   2.2045380e+00	   2.1304035e+00	   2.0931984e+00	   2.0144323e+00	   1.9720515e+00	   1.9329700e+00	   1.9052795e+00	   1.8498506e+00	   1.7479944e+00	   1.6866727e+00	   1.6482586e+00	   1.5680421e+00	   1.5178891e+00	   1.4643095e+00	
   0.0000000e+00	   0.0000000e+00	   0.0000000e+00	   0.0000000e+00	   0.0000000e+00	   0.0000000e+00	   0.0000000e+00	   0.0000000e+00	   0.0000000e+00	             NaN	             NaN	             NaN	             NaN	             NaN	   2.9167747e+00	   2.6350101e+00	   2.5015380e+00	   2.3072514e+00	   2.3009910e+00	   2.2419861e+00	   2.1103854e+00	   1.9511996e+00	   1.8982899e+00	   1.8663895e+00	   1.8506794e+00	   1.8503475e+00	   1.7857506e+00	   1.7683632e+00	   1.5975926e+00	   1.6037924e+00	   1.5181329e+00	   1.4755152e+00	   1.5224773e+00	
   0.0000000e+00	   0.0000000e+00	   0.0000000e+00	   0.0000000e+00	   0.0000000e+00	   0.0000000e+00	   0.0000000e+00	   0.0000000e+00	   0.0000000e+00	             NaN	             NaN	             NaN	             NaN	             NaN	             NaN	   2.6491995e+00	   2.4016902e+00	   2.3459396e+00	   2.1495492e+00	   2.0754931e+00	   2.0709388e+00	   1.9918249e+00	   1.8928606e+00	   1.8391393e+00	   1.8067803e+00	   1.7861275e+00	   1.7435920e+00	   1.6349202e+00	   1.6305121e+00	   1.5729800e+00	   1.4644952e+00	   1.3849176e+00	   1.3845257e+00	
   0.0000000e+00	   0.0000000e+00	   0.0000000e+00	   0.0000000e+00	   0.0000000e+00	   0.0000000e+00	   0.0000000e+00	   0.0000000e+00	   0.0000000e+00	             NaN	             NaN	             NaN	             NaN	             NaN	             NaN	   2.5509356e+00	   2.4131732e+00	   2.2141589e+00	   2.1666512e+00	   2.0532330e+00	   1.9337685e+00	   1.8967826e+00	   1.8011824e+00	   1.7830146e+00	   1.7359150e+00	   1.7004831e+00	   1.6048021e+00	   1.6392570e+00	   1.5915529e+00	   1.4554747e+00	   1.4321936e+00	   1.3732908e+00	   1.3260548e+00	
   0.0000000e+00	   0.0000000e+00	   0.0000000e+00	   0.0000000e+00	   0.0000000e+00	   0.0000000e+00	   0.0000000e+00	   0.0000000e+00	   0.0000000e+00	   0.0000000e+00	             NaN	             NaN	             NaN	             NaN	             NaN	   2.4555912e+00	   2.2180979e+00	   2.2328941e+00	   2.0518518e+00	   2.0149910e+00	   1.9139856e+00	   1.7735098e+00	   1.7538316e+00	   1.6795611e+00	   1.6612154e+00	   1.6135544e+00	   1.5855639e+00	   1.5493854e+00	   1.4879600e+00	   1.4187165e+00	   1.3661075e+00	   1.3655685e+00	   1.3023901e+00	
