   6.2973288e+00	   1.6869967e+00	   5.3778328e+00	             NaN	             NaN	             NaN	             NaN	             NaN	             NaN	             NaN	             NaN	             NaN	             NaN	             NaN	   0.0000000e+00	   0.0000000e+00	   0.0000000e+00	   0.0000000e+00	   0.0000000e+00	   0.0000000e+00	   0.0000000e+00	   0.0000000e+00	   0.0000000e+00	   0.0000000e+00	   0.0000000e+00	   0.0000000e+00	   0.0000000e+00	   0.0000000e+00	   0.0000000e+00	   0.0000000e+00	   0.0000000e+00	   0.0000000e+00	   0.0000000e+00	
   2.5586360e+00	   4.2444124e+00	   6.4628157e+00	             NaN	             NaN	             NaN	             NaN	             NaN	             NaN	             NaN	             NaN	             NaN	             NaN	             NaN	   0.0000000e+00	   0.0000000e+00	   0.0000000e+00	   0.0000000e+00	   0.0000000e+00	   0.0000000e+00	   0.0000000e+00	   0.0000000e+00	   0.0000000e+00	   0.0000000e+00	   0.0000000e+00	   0.0000000e+00	   0.0000000e+00	   0.0000000e+00	   0.0000000e+00	   0.0000000e+00	   0.0000000e+00	   0.0000000e+00	   0.0000000e+00	
   5.2671671e+00	   5.1980892e+00	   5.6075577e+00	             NaN	             NaN	             NaN	             NaN	             NaN	             NaN	             NaN	             NaN	             NaN	             NaN	             NaN	   0.0000000e+00	   0.0000000e+00	   0.0000000e+00	   0.0000000e+00	   0.0000000e+00	   0.0000000e+00	   0.0000000e+00	   0.0000000e+00	   0.0000000e+00	   0.0000000e+00	   0.0000000e+00	   0.0000000e+00	   0.0000000e+00	   0.0000000e+00	   0.0000000e+00	   0.0000000e+00	   0.0000000e+00	   0.0000000e+00	   0.0000000e+00	
   8.8193697e+00	   3.7274374e+00	   9.7790289e+00	   1.4717212e+01	             NaN	             NaN	             NaN	             NaN	             NaN	             NaN	             NaN	             NaN	             NaN	             NaN	             NaN	   0.0000000e+00	   0.0000000e+00	   0.0000000e+00	   0.0000000e+00	   0.0000000e+00	   0.0000000e+00	   0.0000000e+00	   0.0000000e+00	   0.0000000e+00	   0.0000000e+00	   0.0000000e+00	   0.0000000e+00	   0.0000000e+00	   0.0000000e+00	   0.0000000e+00	   0.0000000e+00	   0.0000000e+00	   0.0000000e+00	
   8.1564041e+00	   6.7509664e+00	   1.1545405e+01	   1.4769184e+01	             NaN	             NaN	             NaN	             NaN	             NaN	             NaN	             NaN	             NaN	             NaN	             NaN	             NaN	   0.0000000e+00	   0.0000000e+00	   0.0000000e+00	   0.0000000e+00	   0.0000000e+00	   0.0000000e+00	   0.0000000e+00	   0.0000000e+00	   0.0000000e+00	   0.0000000e+00	   0.0000000e+00	   0.0000000e+00	   0.0000000e+00	   0.0000000e+00	   0.0000000e+00	   0.0000000e+00	   0.0000000e+00	   0.0000000e+00	
   8.4019951e+00	   7.9114041e+00	   1.0122327e+01	   1.5454960e+01	   2.2738421e+01	             NaN	             NaN	             NaN	             NaN	             NaN	             NaN	             NaN	             NaN	             NaN	             NaN	             NaN	   0.0000000e+00	   0.0000000e+00	   0.0000000e+00	   0.0000000e+00	   0.0000000e+00	   0.0000000e+00	   0.0000000e+00	   0.0000000e+00	   0.0000000e+00	   0.0000000e+00	   0.0000000e+00	   0.0000000e+00	   0.0000000e+00	   0.0000000e+00	   0.0000000e+00	   0.0000000e+00	   0.0000000e+00	
   6.7157204e+00	   6.6709622e+00	   1.0783032e+01	   1.5285186e+01	   2.2607316e+01	             NaN	             NaN	             NaN	             NaN	             NaN	             NaN	             NaN	             NaN	             NaN	             NaN	             NaN	   0.0000000e+00	   0.0000000e+00	   0.0000000e+00	   0.0000000e+00	   0.0000000e+00	   0.0000000e+00	   0.0000000e+00	   0.0000000e+00	   0.0000000e+00	   0.0000000e+00	   0.0000000e+00	   0.0000000e+00	   0.0000000e+00	   0.0000000e+00	   0.0000000e+00	   0.0000000e+00	   0.0000000e+00	
   1.0324139e+01	   8.5341092e+00	   1.0909389e+01	   1.5163802e+01	   2.2685916e+01	             NaN	             NaN	             NaN	             NaN	             NaN	             NaN	             NaN	             NaN	             NaN	             NaN	             NaN	   0.0000000e+00	   0.0000000e+00	   0.0000000e+00	   0.0000000e+00	   0.0000000e+00	   0.0000000e+00	   0.0000000e+00	   0.0000000e+00	   0.0000000e+00	   0.0000000e+00	   0.0000000e+00	   0.0000000e+00	   0.0000000e+00	   0.0000000e+00	   0.0000000e+00	   0.0000000e+00	   0.0000000e+00	
   1.1003254e+01	   1.0192897e+01	   1.1766954e+01	   1.5467041e+01	   2.2427122e+01	   2.9217513e+01	             NaN	             NaN	             NaN	             NaN	             NaN	             NaN	             NaN	             NaN	             NaN	             NaN	             NaN	   0.0000000e+00	   0.0000000e+00	   0.0000000e+00	   0.0000000e+00	   0.0000000e+00	   0.0000000e+00	   0.0000000e+00	   0.0000000e+00	   0.0000000e+00	   0.0000000e+00	   0.0000000e+00	   0.0000000e+00	   0.0000000e+00	   0.0000000e+00	   0.0000000e+00	   0.0000000e+00	
   1.0706202e+01	   8.9069894e+00	   1.0942196e+01	   1.5334470e+01	   2.1086175e+01	   2.8499785e+01	             NaN	             NaN	             NaN	             NaN	             NaN	             NaN	             NaN	             NaN	             NaN	             NaN	             NaN	   0.0000000e+00	   0.0000000e+00	   0.0000000e+00	   0.0000000e+00	   0.0000000e+00	   0.0000000e+00	   0.0000000e+00	   0.0000000e+00	   0.0000000e+00	   0.0000000e+00	   0.0000000e+00	   0.0000000e+00	   0.0000000e+00	   0.0000000e+00	   0.0000000e+00	   0.0000000e+00	
   9.7949336e+00	   9.9202649e+00	   1.1404813e+01	   1.5792225e+01	   2.0511088e+01	   2.6665911e+01	   3.1315446e+01	             NaN	             NaN	             NaN	             NaN	             NaN	             NaN	             NaN	             NaN	             NaN	             NaN	             NaN	   0.0000000e+00	   0.0000000e+00	   0.0000000e+00	   0.0000000e+00	   0.0000000e+00	   0.0000000e+00	   0.0000000e+00	   0.0000000e+00	   0.0000000e+00	   0.0000000e+00	   0.0000000e+00	   0.0000000e+00	   0.0000000e+00	   0.0000000e+00	   0.0000000e+00	
   1.1107097e+01	   1.1145580e+01	   1.2618721e+01	   1.6344308e+01	   2.0988050e+01	   2.5963356e+01	   3.0593593e+01	             NaN	             NaN	             NaN	             NaN	             NaN	             NaN	             NaN	             NaN	             NaN	             NaN	             NaN	   0.0000000e+00	   0.0000000e+00	   0.0000000e+00	   0.0000000e+00	   0.0000000e+00	   0.0000000e+00	   0.0000000e+00	   0.0000000e+00	   0.0000000e+00	   0.0000000e+00	   0.0000000e+00	   0.0000000e+00	   0.0000000e+00	   0.0000000e+00	   0.0000000e+00	
   1.0835276e+01	   1.0401743e+01	   1.2914991e+01	   1.7023603e+01	   2.1017378e+01	   2.6054947e+01	   2.9165751e+01	             NaN	             NaN	             NaN	             NaN	             NaN	             NaN	             NaN	             NaN	             NaN	             NaN	             NaN	   0.0000000e+00	   0.0000000e+00	   0.0000000e+00	   0.0000000e+00	   0.0000000e+00	   0.0000000e+00	   0.0000000e+00	   0.0000000e+00	   0.0000000e+00	   0.0000000e+00	   0.0000000e+00	   0.0000000e+00	   0.0000000e+00	   0.0000000e+00	   0.0000000e+00	
   1.1673248e+01	   1.0888089e+01	   1.2873603e+01	   1.6497378e+01	   2.0224377e+01	   2.4555472e+01	   2.7887218e+01	   2.6332510e+01	             NaN	             NaN	             NaN	             NaN	             NaN	             NaN	             NaN	             NaN	             NaN	             NaN	             NaN	   0.0000000e+00	   0.0000000e+00	   0.0000000e+00	   0.0000000e+00	   0.0000000e+00	   0.0000000e+00	   0.0000000e+00	   0.0000000e+00	   0.0000000e+00	   0.0000000e+00	   0.0000000e+00	   0.0000000e+00	   0.0000000e+00	   0.0000000e+00	
   1.0695608e+01	   1.1071919e+01	   1.3008834e+01	   1.6734402e+01	   1.9997717e+01	   2.3883060e+01	   2.5991811e+01	   2.4282810e+01	             NaN	             NaN	             NaN	             NaN	             NaN	             NaN	             NaN	             NaN	             NaN	             NaN	             NaN	   0.0000000e+00	   0.0000000e+00	   0.0000000e+00	   0.0000000e+00	   0.0000000e+00	   0.0000000e+00	   0.0000000e+00	   0.0000000e+00	   0.0000000e+00	   0.0000000e+00	   0.0000000e+00	   0.0000000e+00	   0.0000000e+00	   0.0000000e+00	
   9.4550146e+00	   1.1030646e+01	   1.3290866e+01	   1.5726257e+01	   1.9137597e+01	   2.1576177e+01	   2.4450518e+01	   2.2712787e+01	   1.7804889e+01	             NaN	             NaN	             NaN	             NaN	             NaN	             NaN	             NaN	             NaN	             NaN	             NaN	             NaN	   0.0000000e+00	   0.0000000e+00	   0.0000000e+00	   0.0000000e+00	   0.0000000e+00	   0.0000000e+00	   0.0000000e+00	   0.0000000e+00	   0.0000000e+00	   0.0000000e+00	   0.0000000e+00	   0.0000000e+00	   0.0000000e+00	
   9.9450617e+00	   1.0438393e+01	   1.2265178e+01	   1.4564216e+01	   1.8570084e+01	   2.1146310e+01	   2.3126073e+01	   2.1304743e+01	   1.6438094e+01	             NaN	             NaN	             NaN	             NaN	             NaN	             NaN	             NaN	             NaN	             NaN	             NaN	             NaN	   0.0000000e+00	   0.0000000e+00	   0.0000000e+00	   0.0000000e+00	   0.0000000e+00	   0.0000000e+00	   0.0000000e+00	   0.0000000e+00	   0.0000000e+00	   0.0000000e+00	   0.0000000e+00	   0.0000000e+00	   0.0000000e+00	
   9.6574379e+00	   1.0510300e+01	   1.3025724e+01	   1.5666541e+01	   1.7856115e+01	   2.0417083e+01	   2.1825520e+01	   1.9912517e+01	   1.5773902e+01	             NaN	             NaN	             NaN	             NaN	             NaN	             NaN	             NaN	             NaN	             NaN	             NaN	             NaN	   0.0000000e+00	   0.0000000e+00	   0.0000000e+00	   0.0000000e+00	   0.0000000e+00	   0.0000000e+00	   0.0000000e+00	   0.0000000e+00	   0.0000000e+00	   0.0000000e+00	   0.0000000e+00	   0.0000000e+00	   0.0000000e+00	
   9.0908721e+00	   1.0684047e+01	   1.2170395e+01	   1.5081304e+01	   1.7167172e+01	   1.8982376e+01	   1.9857423e+01	   1.9182686e+01	   1.4696085e+01	   8.9341355e+00	             NaN	             NaN	             NaN	             NaN	             NaN	             NaN	             NaN	             NaN	             NaN	             NaN	             NaN	   0.0000000e+00	   0.0000000e+00	   0.0000000e+00	   0.0000000e+00	   0.0000000e+00	   0.0000000e+00	   0.0000000e+00	   0.0000000e+00	   0.0000000e+00	   0.0000000e+00	   0.0000000e+00	   0.0000000e+00	
   8.9896202e+00	   1.0090762e+01	   1.2227283e+01	   1.4347503e+01	   1.6711624e+01	   1.7673267e+01	   1.8857612e+01	   1.7484818e+01	   1.3449425e+01	   8.1491664e+00	             NaN	             NaN	             NaN	             NaN	             NaN	             NaN	             NaN	             NaN	             NaN	             NaN	             NaN	   0.0000000e+00	   0.0000000e+00	   0.0000000e+00	   0.0000000e+00	   0.0000000e+00	   0.0000000e+00	   0.0000000e+00	   0.0000000e+00	   0.0000000e+00	   0.0000000e+00	   0.0000000e+00	   0.0000000e+00	
   9.4650952e+00	   9.5927983e+00	   1.1294288e+01	   1.3383586e+01	   1.5642269e+01	   1.6762033e+01	   1.7685920e+01	   1.6443409e+01	   1.2770868e+01	   7.6702742e+00	   4.5371904e+00	             NaN	             NaN	             NaN	             NaN	             NaN	             NaN	             NaN	             NaN	             NaN	             NaN	             NaN	   0.0000000e+00	   0.0000000e+00	   0.0000000e+00	   0.0000000e+00	   0.0000000e+00	   0.0000000e+00	   0.0000000e+00	   0.0000000e+00	   0.0000000e+00	   0.0000000e+00	   0.0000000e+00	
   8.5180877e+00	   9.5168510e+00	   1.1705193e+01	   1.3528183e+01	   1.4290806e+01	   1.5688386e+01	   1.6355734e+01	   1.4999330e+01	   1.1770505e+01	   7.4823025e+00	   4.2767203e+00	             NaN	             NaN	             NaN	             NaN	             NaN	             NaN	             NaN	             NaN	             NaN	             NaN	             NaN	   0.0000000e+00	   0.0000000e+00	   0.0000000e+00	   0.0000000e+00	   0.0000000e+00	   0.0000000e+00	   0.0000000e+00	   0.0000000e+00	   0.0000000e+00	   0.0000000e+00	   0.0000000e+00	
   8.6383217e+00	   9.4990530e+00	   1.1137070e+01	   1.2414366e+01	   1.3952446e+01	   1.4920365e+01	   1.5483188e+01	   1.3827058e+01	   1.0771550e+01	   6.8582929e+00	   4.1100454e+00	             NaN	             NaN	             NaN	             NaN	             NaN	             NaN	             NaN	             NaN	             NaN	             NaN	             NaN	   0.0000000e+00	   0.0000000e+00	   0.0000000e+00	   0.0000000e+00	   0.0000000e+00	   0.0000000e+00	   0.0000000e+00	   0.0000000e+00	   0.0000000e+00	   0.0000000e+00	   0.0000000e+00	
   8.1326192e+00	   8.7516924e+00	   9.9988632e+00	   1.1438955e+01	   1.2981999e+01	   1.3836959e+01	   1.4490725e+01	   1.2461107e+01	   9.8451391e+00	   6.6027565e+00	   3.7712557e+00	   2.5135861e+00	             NaN	             NaN	             NaN	             NaN	             NaN	             NaN	             NaN	             NaN	             NaN	             NaN	             NaN	   0.0000000e+00	   0.0000000e+00	   0.0000000e+00	   0.0000000e+00	   0.0000000e+00	   0.0000000e+00	   0.0000000e+00	   0.0000000e+00	   0.0000000e+00	   0.0000000e+00	
   7.3158816e+00	   8.3190925e+00	   9.9627307e+00	   1.0891295e+01	   1.2511973e+01	   1.2977682e+01	   1.2942700e+01	   1.1791695e+01	   9.2430879e+00	   6.0853558e+00	   3.6770723e+00	   2.5809330e+00	             NaN	             NaN	             NaN	             NaN	             NaN	             NaN	             NaN	             NaN	             NaN	             NaN	             NaN	   0.0000000e+00	   0.0000000e+00	   0.0000000e+00	   0.0000000e+00	   0.0000000e+00	   0.0000000e+00	   0.0000000e+00	   0.0000000e+00	   0.0000000e+00	   0.0000000e+00	
   7.3723882e+00	   7.8544880e+00	   9.2427437e+00	   1.0725449e+01	   1.1317930e+01	   1.1970570e+01	   1.1904997e+01	   1.0925934e+01	   8.6072030e+00	   5.5449054e+00	   3.4903516e+00	   2.2787979e+00	   2.1202010e+00	             NaN	             NaN	             NaN	             NaN	             NaN	             NaN	             NaN	             NaN	             NaN	             NaN	             NaN	   0.0000000e+00	   0.0000000e+00	   0.0000000e+00	   0.0000000e+00	   0.0000000e+00	   0.0000000e+00	   0.0000000e+00	   0.0000000e+00	   0.0000000e+00	
   6.8263613e+00	   6.9819358e+00	   8.6860571e+00	   9.5490941e+00	   1.0980154e+01	   1.1203943e+01	   1.0962072e+01	   9.9195428e+00	   7.8934720e+00	   5.2339580e+00	   3.3054144e+00	   2.1705537e+00	   1.7526662e+00	             NaN	             NaN	             NaN	             NaN	             NaN	             NaN	             NaN	             NaN	             NaN	             NaN	             NaN	   0.0000000e+00	   0.0000000e+00	   0.0000000e+00	   0.0000000e+00	   0.0000000e+00	   0.0000000e+00	   0.0000000e+00	   0.0000000e+00	   0.0000000e+00	
   5.3393349e+00	   6.2881254e+00	   7.8069453e+00	   8.9433251e+00	   9.8740617e+00	   1.0130716e+01	   1.0523868e+01	   8.9605331e+00	   7.2185521e+00	   4.9124983e+00	   3.0809072e+00	   2.0043091e+00	   1.5390192e+00	             NaN	             NaN	             NaN	             NaN	             NaN	             NaN	             NaN	             NaN	             NaN	             NaN	             NaN	   0.0000000e+00	   0.0000000e+00	   0.0000000e+00	   0.0000000e+00	   0.0000000e+00	   0.0000000e+00	   0.0000000e+00	   0.0000000e+00	   0.0000000e+00	
   5.4501280e+00	   6.1887881e+00	   7.1387426e+00	   8.4033183e+00	   8.8798848e+00	   9.3534368e+00	   9.4253315e+00	   8.3380475e+00	   6.4038684e+00	   4.5614679e+00	   2.9295461e+00	   2.0484606e+00	   1.4920833e+00	   1.0935042e+00	             NaN	             NaN	             NaN	             NaN	             NaN	             NaN	             NaN	             NaN	             NaN	             NaN	             NaN	   0.0000000e+00	   0.0000000e+00	   0.0000000e+00	   0.0000000e+00	   0.0000000e+00	   0.0000000e+00	   0.0000000e+00	   0.0000000e+00	
   4.9284321e+00	   5.5930749e+00	   6.8738514e+00	   7.4210754e+00	   8.3909983e+00	   8.4959698e+00	   8.5397828e+00	   7.6459904e+00	   6.0339541e+00	   4.2077425e+00	   2.7037531e+00	   1.8929480e+00	   1.4189045e+00	   1.0593051e+00	             NaN	             NaN	             NaN	             NaN	             NaN	             NaN	             NaN	             NaN	             NaN	             NaN	             NaN	   0.0000000e+00	   0.0000000e+00	   0.0000000e+00	   0.0000000e+00	   0.0000000e+00	   0.0000000e+00	   0.0000000e+00	   0.0000000e+00	
   4.5622911e+00	   5.1746665e+00	   6.1168966e+00	   6.7034809e+00	   7.5061949e+00	   7.7636321e+00	   7.8934156e+00	   6.9175104e+00	   5.4398508e+00	   3.8633658e+00	   2.5931239e+00	   1.8553364e+00	   1.3544615e+00	   1.0224393e+00	   1.0653960e+00	             NaN	             NaN	             NaN	             NaN	             NaN	             NaN	             NaN	             NaN	             NaN	             NaN	             NaN	   0.0000000e+00	   0.0000000e+00	   0.0000000e+00	   0.0000000e+00	   0.0000000e+00	   0.0000000e+00	   0.0000000e+00	
   4.5887473e+00	   5.1224716e+00	   5.6050093e+00	   6.6025974e+00	   6.9403307e+00	   7.3665296e+00	   7.3211752e+00	   6.3310018e+00	   5.1631081e+00	   3.6749655e+00	   2.4325061e+00	   1.7976226e+00	   1.3536793e+00	   9.7374353e-01	   9.5039052e-01	             NaN	             NaN	             NaN	             NaN	             NaN	             NaN	             NaN	             NaN	             NaN	             NaN	             NaN	   0.0000000e+00	   0.0000000e+00	   0.0000000e+00	   0.0000000e+00	   0.0000000e+00	   0.0000000e+00	   0.0000000e+00	
   3.9187200e+00	   4.4500359e+00	   5.1602580e+00	   5.8292268e+00	   6.7091803e+00	   6.7177085e+00	   6.7528288e+00	   6.0166721e+00	   4.8769249e+00	   3.5069584e+00	   2.3605705e+00	   1.7784717e+00	   1.3367923e+00	   1.0372202e+00	   9.3808751e-01	             NaN	             NaN	             NaN	             NaN	             NaN	             NaN	             NaN	             NaN	             NaN	             NaN	             NaN	   0.0000000e+00	   0.0000000e+00	   0.0000000e+00	   0.0000000e+00	   0.0000000e+00	   0.0000000e+00	   0.0000000e+00	
   3.8071575e+00	   3.8929883e+00	   4.6086700e+00	   5.3821340e+00	   5.9369196e+00	   6.4140608e+00	   6.0758885e+00	   5.4792375e+00	   4.3716719e+00	   3.3722899e+00	   2.2777848e+00	   1.7428661e+00	   1.3344532e+00	   1.0632927e+00	   7.8513786e-01	   8.3409840e-01	             NaN	             NaN	             NaN	             NaN	             NaN	             NaN	             NaN	             NaN	             NaN	             NaN	             NaN	   0.0000000e+00	   0.0000000e+00	   0.0000000e+00	   0.0000000e+00	   0.0000000e+00	   0.0000000e+00	
   3.7272023e+00	   4.5155669e+00	   4.4550298e+00	   5.1099445e+00	   5.6527091e+00	   5.6091939e+00	   5.6090976e+00	   5.0014218e+00	   4.0719892e+00	   2.9763542e+00	   2.1836788e+00	   1.6289192e+00	   1.3015706e+00	   1.0184865e+00	   7.2802381e-01	   8.5134863e-01	             NaN	             NaN	             NaN	             NaN	             NaN	             NaN	             NaN	             NaN	             NaN	             NaN	             NaN	   0.0000000e+00	   0.0000000e+00	   0.0000000e+00	   0.0000000e+00	   0.0000000e+00	   0.0000000e+00	
   3.0086477e+00	   2.4066413e+00	   3.7322245e+00	   4.6322041e+00	   5.0750550e+00	   5.2461386e+00	   4.9667091e+00	   4.5408457e+00	   3.6663723e+00	   2.7477918e+00	   1.9538110e+00	   1.5792612e+00	   1.2159309e+00	   1.0314267e+00	   7.6407400e-01	   6.6760011e-01	   6.2581685e-01	             NaN	             NaN	             NaN	             NaN	             NaN	             NaN	             NaN	             NaN	             NaN	             NaN	             NaN	   0.0000000e+00	   0.0000000e+00	   0.0000000e+00	   0.0000000e+00	   0.0000000e+00	
   1.9013215e+00	   1.9544824e+00	   2.9227110e+00	   4.3834425e+00	   4.7846846e+00	   4.7057920e+00	   4.8505972e+00	   4.3080717e+00	   3.4083104e+00	   2.7475928e+00	   1.9768042e+00	   1.5765597e+00	   1.2566180e+00	   1.0338075e+00	   7.8034504e-01	   5.9321951e-01	   4.6205089e-01	             NaN	             NaN	             NaN	             NaN	             NaN	             NaN	             NaN	             NaN	             NaN	             NaN	             NaN	   0.0000000e+00	   0.0000000e+00	   0.0000000e+00	   0.0000000e+00	   0.0000000e+00	
   2.4818936e+00	   2.8114184e+00	   3.4754470e+00	   3.7676260e+00	   4.1533835e+00	   4.3055130e+00	   4.4180010e+00	   3.9099394e+00	   3.1612597e+00	   2.5381634e+00	   1.9672998e+00	   1.5290758e+00	   1.2998179e+00	   1.0033979e+00	   7.8569880e-01	   6.0479198e-01	   6.1810258e-01	             NaN	             NaN	             NaN	             NaN	             NaN	             NaN	             NaN	             NaN	             NaN	             NaN	             NaN	   0.0000000e+00	   0.0000000e+00	   0.0000000e+00	   0.0000000e+00	   0.0000000e+00	
   1.8967252e+00	   1.8787060e+00	   2.2312834e+00	   3.5034774e+00	   3.9207240e+00	   3.9794913e+00	   4.0234695e+00	   3.5868043e+00	   3.0740358e+00	   2.3418480e+00	   1.8344756e+00	   1.5113935e+00	   1.2188060e+00	   1.0023030e+00	   8.0598557e-01	   5.9672147e-01	   5.5964114e-01	   4.4177618e-01	             NaN	             NaN	             NaN	             NaN	             NaN	             NaN	             NaN	             NaN	             NaN	             NaN	             NaN	   0.0000000e+00	   0.0000000e+00	   0.0000000e+00	   0.0000000e+00	
   1.1403209e+00	   1.1117881e+00	   2.3317759e+00	   3.1176862e+00	   3.4741931e+00	   3.8417758e+00	   3.8537884e+00	   3.3583856e+00	   2.7949265e+00	   2.3564882e+00	   1.7762169e+00	   1.5025346e+00	   1.2763808e+00	   9.9930011e-01	   8.1316819e-01	   6.1289857e-01	   5.3454948e-01	   4.3356188e-01	             NaN	             NaN	             NaN	             NaN	             NaN	             NaN	             NaN	             NaN	             NaN	             NaN	             NaN	   0.0000000e+00	   0.0000000e+00	   0.0000000e+00	   0.0000000e+00	
   1.4693358e+00	   8.6364157e-01	   1.9509770e+00	   2.9025726e+00	   3.2996793e+00	   3.4650209e+00	   3.4874815e+00	   3.1880455e+00	   2.7466549e+00	   2.1517439e+00	   1.7946610e+00	   1.5473496e+00	   1.2679969e+00	   1.0541032e+00	   8.0952894e-01	   6.5669490e-01	   4.9721292e-01	   5.9405965e-01	   2.4688785e-03	             NaN	             NaN	             NaN	             NaN	             NaN	             NaN	             NaN	             NaN	             NaN	             NaN	             NaN	   0.0000000e+00	   0.0000000e+00	   0.0000000e+00	
   8.3188471e-02	   7.9764097e-01	   1.3856813e+00	   2.4201149e+00	   3.1481755e+00	   3.1436789e+00	   3.1340983e+00	   2.9265555e+00	   2.5560117e+00	   2.1577201e+00	   1.7389078e+00	   1.4760948e+00	   1.2822710e+00	   1.0571096e+00	   8.9173488e-01	   6.4933612e-01	   5.1312671e-01	   5.1586334e-01	   3.1704924e-01	             NaN	             NaN	             NaN	             NaN	             NaN	             NaN	             NaN	             NaN	             NaN	             NaN	             NaN	   0.0000000e+00	   0.0000000e+00	   0.0000000e+00	
   3.7577038e-01	   1.4053720e+00	   1.0827327e+00	   2.6534743e+00	   3.0026011e+00	   2.9146265e+00	   2.9919485e+00	   2.7504700e+00	   2.3851146e+00	   2.0117088e+00	   1.7283977e+00	   1.5233515e+00	   1.3462244e+00	   1.1667829e+00	   8.8089471e-01	   6.6341130e-01	   4.9254489e-01	   4.4602101e-01	   5.0336256e-01	             NaN	             NaN	             NaN	             NaN	             NaN	             NaN	             NaN	             NaN	             NaN	             NaN	             NaN	   0.0000000e+00	   0.0000000e+00	   0.0000000e+00	
   6.8025577e-01	   5.7843675e-01	   8.8871110e-01	   2.0486333e+00	   2.6094762e+00	   2.7714109e+00	   2.7140590e+00	   2.6274546e+00	   2.3991587e+00	   2.0299503e+00	   1.7331866e+00	   1.5588104e+00	   1.3646121e+00	   1.1438091e+00	   9.3578979e-01	   7.0760780e-01	   5.3916611e-01	   4.8740473e-01	   4.5630617e-01	   1.6009589e-01	             NaN	             NaN	             NaN	             NaN	             NaN	             NaN	             NaN	             NaN	             NaN	             NaN	             NaN	   0.0000000e+00	   0.0000000e+00	
   2.5348353e-01	  -1.0350687e+00	   1.3291376e+00	   1.6992133e+00	   2.5002068e+00	   2.4559536e+00	   2.4724160e+00	   2.3883649e+00	   2.2182513e+00	   1.9271765e+00	   1.7363145e+00	   1.6087197e+00	   1.4341074e+00	   1.1920994e+00	   9.5426846e-01	   7.0974125e-01	   5.7257650e-01	   4.6247185e-01	   4.3156840e-01	   3.3359799e-01	             NaN	             NaN	             NaN	             NaN	             NaN	             NaN	             NaN	             NaN	             NaN	             NaN	             NaN	   0.0000000e+00	   0.0000000e+00	
  -3.7017985e-01	  -4.0169566e-01	   9.3489325e-01	   1.7145347e+00	   2.3814846e+00	   2.3832002e+00	   2.3980049e+00	   2.2722436e+00	   2.2065435e+00	   1.9303797e+00	   1.7513620e+00	   1.6870589e+00	   1.5102300e+00	   1.2641765e+00	   1.0295430e+00	   7.5867754e-01	   5.4856738e-01	   4.7960187e-01	   4.9144610e-01	   3.7857999e-01	   4.7067195e-03	             NaN	             NaN	             NaN	             NaN	             NaN	             NaN	             NaN	             NaN	             NaN	             NaN	             NaN	   0.0000000e+00	
   6.9816852e-01	   9.8792211e-01	   6.3356698e-01	   1.5618058e+00	   1.9631811e+00	   2.2313662e+00	   2.3234157e+00	   2.3545559e+00	   1.9859164e+00	   1.9384205e+00	   1.7540902e+00	   1.6794724e+00	   1.5577457e+00	   1.2986936e+00	   1.0466957e+00	   8.0213325e-01	   5.9655032e-01	   4.9177809e-01	   4.3017665e-01	   5.1718216e-01	   1.2769433e-02	             NaN	             NaN	             NaN	             NaN	             NaN	             NaN	             NaN	             NaN	             NaN	             NaN	             NaN	   0.0000000e+00	
  -1.8621208e-02	  -1.7575617e-01	  -1.5353616e-01	   1.4690707e+00	   2.0745332e+00	   2.0318945e+00	   2.2342258e+00	   2.2753693e+00	   1.9899519e+00	   1.8680168e+00	   1.7888466e+00	   1.7821645e+00	   1.6505785e+00	   1.4072533e+00	   1.0571724e+00	   8.2625463e-01	   6.6296081e-01	   5.2036091e-01	   3.8712650e-01	   5.2235154e-01	   1.4337989e-01	             NaN	             NaN	             NaN	             NaN	             NaN	             NaN	             NaN	             NaN	             NaN	             NaN	             NaN	   0.0000000e+00	
  -5.6252745e-01	  -3.0813358e-01	   4.5141535e-01	   1.4078625e+00	   1.9810340e+00	   1.9417950e+00	   2.1016339e+00	   2.0222788e+00	   2.0198331e+00	   1.9096882e+00	   1.9046240e+00	   1.7402791e+00	   1.6820505e+00	   1.4315737e+00	   1.1419406e+00	   8.6518186e-01	   6.4091685e-01	   5.4724132e-01	   4.0456135e-01	   4.3225573e-01	   2.6160880e-01	  -4.1693797e-02	             NaN	             NaN	             NaN	             NaN	             NaN	             NaN	             NaN	             NaN	             NaN	             NaN	             NaN	
  -1.1207317e+00	  -1.1813851e+00	  -3.4976153e-03	   6.9294966e-01	   1.8181697e+00	   1.9280123e+00	   1.8356616e+00	   2.0126610e+00	   1.9608873e+00	   1.8268088e+00	   1.8947403e+00	   1.8861344e+00	   1.7418231e+00	   1.4972515e+00	   1.1641158e+00	   9.0861301e-01	   6.9103649e-01	   5.3886453e-01	   4.3487677e-01	   3.8457660e-01	   3.3041531e-01	   1.4843191e-02	             NaN	             NaN	             NaN	             NaN	             NaN	             NaN	             NaN	             NaN	             NaN	             NaN	             NaN	
   4.3974899e-01	   4.3590071e-02	  -2.5955168e-01	   6.6765921e-01	   1.6993235e+00	   1.7712505e+00	   1.9277348e+00	   1.9179783e+00	   1.9201528e+00	   1.9025795e+00	   1.8566355e+00	   1.8962697e+00	   1.8064478e+00	   1.5416947e+00	   1.2107252e+00	   9.0607096e-01	   6.8326517e-01	   5.6613055e-01	   4.4360537e-01	   3.6653103e-01	   4.0904326e-01	   1.5106946e-01	  -1.6360582e-03	             NaN	             NaN	             NaN	             NaN	             NaN	             NaN	             NaN	             NaN	             NaN	             NaN	
  -6.5892070e-01	  -8.9059636e-01	   5.9849639e-01	   1.3776022e+00	   1.7150882e+00	   1.6771431e+00	   1.7839458e+00	   1.8344716e+00	   1.8464990e+00	   1.8645867e+00	   1.9245087e+00	   1.9389835e+00	   1.8886544e+00	   1.6078189e+00	   1.2831355e+00	   9.5385159e-01	   7.5367203e-01	   5.7599796e-01	   4.4833162e-01	   3.3710742e-01	   3.8282585e-01	   2.6048945e-01	   4.3935289e-02	             NaN	             NaN	             NaN	             NaN	             NaN	             NaN	             NaN	             NaN	             NaN	             NaN	
   4.9241687e-01	  -3.7141948e-01	   3.1833929e-02	   9.9404229e-01	   1.2784268e+00	   1.6582358e+00	   1.7267433e+00	   1.8721055e+00	   1.8657306e+00	   2.0199758e+00	   1.9830376e+00	   1.9732482e+00	   1.8785077e+00	   1.6627699e+00	   1.3338945e+00	   1.0215188e+00	   7.5753800e-01	   5.9957253e-01	   4.7765510e-01	   3.6081540e-01	   3.4218338e-01	   4.0283046e-01	   3.5669656e-02	             NaN	             NaN	             NaN	             NaN	             NaN	             NaN	             NaN	             NaN	             NaN	             NaN	
  -7.6501383e-02	  -1.0882059e-01	   4.2903129e-02	   5.1415929e-01	   1.3992557e+00	   1.5355649e+00	   1.6902229e+00	   1.7948531e+00	   1.8666128e+00	   1.9264576e+00	   2.0347109e+00	   1.9655563e+00	   1.8633709e+00	   1.6829179e+00	   1.3592890e+00	   1.0254832e+00	   8.1757798e-01	   6.1655567e-01	   5.0720843e-01	   3.9115288e-01	   3.4687261e-01	   4.8712170e-01	   1.7012497e-01	   9.8869466e-03	             NaN	             NaN	             NaN	             NaN	             NaN	             NaN	             NaN	             NaN	             NaN	
   1.0504187e+00	   1.0863437e-01	   3.6837370e-02	   8.8924173e-01	   1.4252303e+00	   1.5856087e+00	   1.7437210e+00	   1.8304163e+00	   1.8099115e+00	   1.9179536e+00	   2.0919837e+00	   2.0065445e+00	   1.9439996e+00	   1.7204936e+00	   1.3727126e+00	   1.0773386e+00	   8.0842864e-01	   6.7732348e-01	   5.1790203e-01	   4.2567138e-01	   3.5447612e-01	   3.1681934e-01	   2.9381340e-01	   2.1114229e-02	             NaN	             NaN	             NaN	             NaN	             NaN	             NaN	             NaN	             NaN	             NaN	
   6.0107477e-01	  -9.8650035e-01	   1.0900470e-01	   4.8234067e-01	   1.4356114e+00	   1.5595039e+00	   1.6948028e+00	   1.7851501e+00	   1.8401451e+00	   1.9755691e+00	   2.0184654e+00	   2.1416546e+00	   1.9561152e+00	   1.7481078e+00	   1.4511161e+00	   1.1124465e+00	   8.4763239e-01	   6.4754261e-01	   5.7110976e-01	   4.1694951e-01	   3.5285402e-01	   2.8812912e-01	   3.3190680e-01	   7.8073334e-02	   1.1184672e-01	             NaN	             NaN	             NaN	             NaN	             NaN	             NaN	             NaN	             NaN	
   1.0871475e+00	  -9.4721450e-01	  -2.6464860e-01	   1.1523218e+00	   1.2839779e+00	   1.4755641e+00	   1.6795292e+00	   1.7233021e+00	   1.7278963e+00	   1.9442902e+00	   1.9934151e+00	   2.1057014e+00	   2.0547524e+00	   1.7460831e+00	   1.4386940e+00	   1.1325779e+00	   8.5048842e-01	   6.6794646e-01	   5.6233204e-01	   4.1528797e-01	   3.7002376e-01	   2.9116755e-01	   3.7893912e-01	   1.0252538e-01	   8.8125867e-02	             NaN	             NaN	             NaN	             NaN	             NaN	             NaN	             NaN	             NaN	
   4.4127351e-01	  -6.2413246e-01	   1.9401367e-01	   7.6162187e-01	   1.3403768e+00	   1.3342254e+00	   1.5638044e+00	   1.6774648e+00	   1.7949359e+00	   1.9329402e+00	   2.0050281e+00	   2.0821252e+00	   2.0482376e+00	   1.8498938e+00	   1.4673659e+00	   1.1940936e+00	   8.8814243e-01	   6.9854073e-01	   5.7834710e-01	   4.3975168e-01	   3.7023486e-01	   3.4079261e-01	   3.8900584e-01	   2.6127978e-01	   8.3052480e-02	             NaN	             NaN	             NaN	             NaN	             NaN	             NaN	             NaN	             NaN	
  -7.8005952e-01	  -4.8441750e-01	   2.4664173e-01	   1.1583972e+00	   1.1143827e+00	   1.4788771e+00	   1.5322151e+00	   1.6798902e+00	   1.8168323e+00	   1.9181370e+00	   2.0400309e+00	   2.0692620e+00	   2.0491439e+00	   1.8246959e+00	   1.4382737e+00	   1.1169487e+00	   8.9868606e-01	   6.9917696e-01	   5.8072626e-01	   4.7200778e-01	   4.0806562e-01	   3.3228124e-01	   3.7923037e-01	   3.3965950e-01	   1.2091099e-01	   1.0614657e-01	             NaN	             NaN	             NaN	             NaN	             NaN	             NaN	             NaN	
   7.8814728e-01	   4.0336379e-01	   6.3887424e-01	   6.0139679e-01	   9.6513647e-01	   1.3321030e+00	   1.4472115e+00	   1.7179482e+00	   1.6996815e+00	   1.8993765e+00	   2.0423707e+00	   2.0969860e+00	   2.0103842e+00	   1.8567296e+00	   1.4721633e+00	   1.1651703e+00	   8.9551081e-01	   7.2004555e-01	   6.2410484e-01	   5.0011424e-01	   3.8637190e-01	   3.2533849e-01	   3.0147177e-01	   3.3031513e-01	   5.1130664e-02	   1.0124294e-01	             NaN	             NaN	             NaN	             NaN	             NaN	             NaN	             NaN	
   1.0543405e+00	  -5.4799335e-01	   8.2243467e-01	   8.5009243e-01	   1.3891921e+00	   1.5298987e+00	   1.3895303e+00	   1.6602951e+00	   1.7732021e+00	   1.8780664e+00	   1.9820839e+00	   2.0412191e+00	   2.0111117e+00	   1.8721460e+00	   1.5198769e+00	   1.1415341e+00	   8.9524166e-01	   7.3917754e-01	   6.1923648e-01	   4.7084864e-01	   4.1429933e-01	   3.3817093e-01	   3.2373230e-01	   3.1668487e-01	   1.3361538e-01	   8.8219286e-02	   1.1696461e-01	             NaN	             NaN	             NaN	             NaN	             NaN	             NaN	
   2.0412767e+00	   1.5617610e-01	   8.6296110e-01	   1.1297004e+00	   1.2321931e+00	   1.2600957e+00	   1.3969569e+00	   1.5497807e+00	   1.7013576e+00	   1.8864317e+00	   2.0411721e+00	   2.1234511e+00	   2.0364326e+00	   1.8085211e+00	   1.4537851e+00	   1.1906543e+00	   9.3474307e-01	   7.8304493e-01	   6.1901898e-01	   5.0761060e-01	   4.0457427e-01	   3.7772597e-01	   2.9782739e-01	   2.7852456e-01	   2.2593679e-01	   6.7798059e-02	   9.6305406e-02	             NaN	             NaN	             NaN	             NaN	             NaN	             NaN	
  -4.0168827e-02	   8.2487793e-01	   8.5103417e-01	   4.7732111e-01	   1.2286044e+00	   1.2022211e+00	   1.4034760e+00	   1.5465543e+00	   1.6542867e+00	   1.8695558e+00	   1.9335502e+00	   2.0217785e+00	   1.9602171e+00	   1.7443495e+00	   1.4362786e+00	   1.1830651e+00	   9.4050211e-01	   7.6175476e-01	   6.3460886e-01	   5.1475142e-01	   4.2295959e-01	   3.7382306e-01	   3.0285749e-01	   3.1247516e-01	   2.9015147e-01	   5.5194492e-02	   1.0333532e-01	             NaN	             NaN	             NaN	             NaN	             NaN	             NaN	
   8.8355470e-01	   9.8925221e-01	   4.9996993e-01	   7.4852448e-01	   1.1170164e+00	   1.2720305e+00	   1.4179207e+00	   1.4678358e+00	   1.5739286e+00	   1.7692361e+00	   1.9613788e+00	   1.9804026e+00	   1.8985021e+00	   1.7757893e+00	   1.4513935e+00	   1.1991047e+00	   9.4239624e-01	   7.8035002e-01	   6.3270192e-01	   5.1460053e-01	   4.4127994e-01	   3.7996725e-01	   3.0570358e-01	   2.7458142e-01	   2.8791432e-01	   1.1021224e-01	   4.0174836e-02	   1.1080140e-01	             NaN	             NaN	             NaN	             NaN	             NaN	
   6.3430763e-01	   5.3922672e-01	   6.5677559e-01	   7.4209586e-01	   1.0178133e+00	   1.2360020e+00	   1.3193301e+00	   1.4425094e+00	   1.6304847e+00	   1.7946658e+00	   1.8705921e+00	   1.9456015e+00	   1.9470163e+00	   1.7452618e+00	   1.4073496e+00	   1.1823393e+00	   9.5560192e-01	   8.1068860e-01	   6.6591937e-01	   5.3247087e-01	   4.2200039e-01	   3.8115953e-01	   3.1466858e-01	   3.0115039e-01	   2.7508236e-01	   2.3103534e-01	   7.2576023e-02	   1.0331879e-01	             NaN	             NaN	             NaN	             NaN	             NaN	
   1.2132468e+00	  -4.6040074e-02	   1.1010531e+00	   7.7006629e-01	   1.1919226e+00	   1.1997358e+00	   1.3463680e+00	   1.4753897e+00	   1.5257410e+00	   1.6757714e+00	   1.8058336e+00	   1.8778200e+00	   1.9560511e+00	   1.7419225e+00	   1.4438263e+00	   1.1721341e+00	   9.1169772e-01	   7.8384906e-01	   6.5222289e-01	   5.4764859e-01	   4.7462971e-01	   3.9220347e-01	   3.2819889e-01	   2.8745429e-01	   2.4060532e-01	   2.9689282e-01	   3.0217462e-02	   1.0850255e-01	   1.1485363e-01	             NaN	             NaN	             NaN	             NaN	
   1.2898778e+00	  -1.3011294e-02	   5.6822620e-01	   1.0351710e+00	   1.0625649e+00	   1.2680629e+00	   1.3513798e+00	   1.3442450e+00	   1.5441033e+00	   1.7130995e+00	   1.7263348e+00	   1.8424030e+00	   1.7760506e+00	   1.6291233e+00	   1.4375850e+00	   1.1481364e+00	   9.1139456e-01	   7.6158125e-01	   6.4805736e-01	   5.6714179e-01	   4.5171691e-01	   4.1074898e-01	   3.4248933e-01	   2.7433647e-01	   2.3329582e-01	   2.9629662e-01	   1.7190882e-01	   1.3807726e-01	   1.1107350e-01	             NaN	             NaN	             NaN	             NaN	
   1.2281651e+00	   6.3885231e-01	   1.4681273e+00	   9.9347018e-01	   1.1023869e+00	   1.2611597e+00	   1.2431522e+00	   1.3785019e+00	   1.5191293e+00	   1.6185348e+00	   1.7608397e+00	   1.8906060e+00	   1.8090401e+00	   1.6336574e+00	   1.4071118e+00	   1.1572341e+00	   9.2693868e-01	   8.3294611e-01	   6.5308750e-01	   5.5300061e-01	   4.6128576e-01	   4.1895662e-01	   3.4384402e-01	   2.7327336e-01	   2.7163053e-01	   2.4685225e-01	   3.2164389e-01	   4.4960466e-02	   1.1297731e-01	             NaN	             NaN	             NaN	             NaN	
   5.2583044e-01	   1.1490556e+00	   7.8741260e-01	   1.0805064e+00	   1.1338924e+00	   1.1056974e+00	   1.1724724e+00	   1.3589615e+00	   1.4363808e+00	   1.5965063e+00	   1.7728338e+00	   1.7894490e+00	   1.7388564e+00	   1.6059324e+00	   1.3930867e+00	   1.0928024e+00	   9.0681728e-01	   8.0470493e-01	   6.9792438e-01	   5.5480096e-01	   4.4887408e-01	   4.0027115e-01	   3.4092074e-01	   2.9521290e-01	   2.5289392e-01	   2.6946041e-01	   3.4507643e-01	   1.1884001e-01	   9.6559067e-02	   1.0305780e-01	             NaN	             NaN	             NaN	
   5.1052010e-01	   7.0845845e-01	   1.0191010e+00	   1.1141621e+00	   1.0892387e+00	   1.0960031e+00	   1.2175399e+00	   1.3164704e+00	   1.4440794e+00	   1.5822833e+00	   1.7121923e+00	   1.7723594e+00	   1.6923119e+00	   1.5671963e+00	   1.3099836e+00	   1.1051054e+00	   9.1086112e-01	   7.8627270e-01	   6.9731589e-01	   5.7773683e-01	   4.9191866e-01	   4.1100646e-01	   3.4260879e-01	   2.9701965e-01	   2.6594223e-01	   2.3710807e-01	   2.6106650e-01	   1.3050509e-01	   9.5808751e-02	   1.1276764e-01	             NaN	             NaN	             NaN	
   1.3002162e+00	   1.3215151e+00	   1.1886782e+00	   8.7130652e-01	   1.0637463e+00	   1.0689926e+00	   1.1695309e+00	   1.2436486e+00	   1.3527122e+00	   1.5719304e+00	   1.6565474e+00	   1.6465761e+00	   1.6679402e+00	   1.5280935e+00	   1.3191036e+00	   1.0958286e+00	   8.9892812e-01	   7.8946187e-01	   6.9181662e-01	   5.6648869e-01	   4.8646638e-01	   4.2616934e-01	   3.7933915e-01	   3.2021025e-01	   2.5466322e-01	   2.4599042e-01	   2.4659036e-01	   1.8423443e-01	   8.8643202e-02	   1.0644489e-01	   8.9973832e-02	             NaN	             NaN	
   1.7750982e+00	   1.2140859e+00	   7.4109057e-01	   1.1623977e+00	   1.0725301e+00	   1.1682665e+00	   1.0678394e+00	   1.2574067e+00	   1.4355026e+00	   1.4786944e+00	   1.5629977e+00	   1.6070922e+00	   1.6241947e+00	   1.4947242e+00	   1.3298970e+00	   1.1002795e+00	   8.9958973e-01	   7.4450373e-01	   6.7659593e-01	   5.7652437e-01	   5.4097146e-01	   4.3729135e-01	   3.6932212e-01	   3.1799958e-01	   2.7332067e-01	   2.3555545e-01	   2.6674759e-01	   2.1108423e-01	   1.4035831e-01	   1.0156396e-01	   1.0127434e-01	             NaN	             NaN	
   1.6871848e+00	   3.8442750e-01	   8.6503985e-01	   9.3134215e-01	   1.0456136e+00	   1.0763997e+00	   1.0292187e+00	   1.1281269e+00	   1.3043462e+00	   1.4379473e+00	   1.5202143e+00	   1.5218442e+00	   1.5760461e+00	   1.4399746e+00	   1.2666855e+00	   1.0615593e+00	   9.0880270e-01	   7.7482683e-01	   6.7959967e-01	   5.6867612e-01	   5.2191128e-01	   4.3011001e-01	   3.6717136e-01	   3.1499525e-01	   2.6994408e-01	   2.5884249e-01	   2.4821987e-01	   2.4242261e-01	   7.9227661e-02	   9.9906889e-02	   1.0450514e-01	             NaN	             NaN	
   1.0980125e+00	   1.1581281e+00	   9.0224787e-01	   1.0563061e+00	   1.0651090e+00	   1.1164427e+00	   1.0065724e+00	   1.1586514e+00	   1.2734749e+00	   1.3306883e+00	   1.4633946e+00	   1.5129028e+00	   1.5131739e+00	   1.4669349e+00	   1.2231168e+00	   1.0427836e+00	   9.1993549e-01	   7.7039671e-01	   6.6523973e-01	   5.8694787e-01	   5.0711320e-01	   4.3569885e-01	   3.9692829e-01	   3.3868982e-01	   3.1501831e-01	   2.6197467e-01	   2.3396025e-01	   2.2645166e-01	   1.6059855e-01	   5.7981989e-02	   1.1116563e-01	   8.7735281e-02	             NaN	
   1.4934762e+00	   1.4154803e+00	   1.0314918e+00	   8.6706978e-01	   1.1302630e+00	   1.0673876e+00	   1.0843407e+00	   1.1024123e+00	   1.2416097e+00	   1.3258914e+00	   1.4414696e+00	   1.5031366e+00	   1.5030475e+00	   1.4036005e+00	   1.1667052e+00	   9.9301892e-01	   9.0503382e-01	   7.8925203e-01	   6.6620252e-01	   5.7961299e-01	   5.1798421e-01	   4.5299536e-01	   3.6928421e-01	   3.2619140e-01	   3.0864228e-01	   2.8578838e-01	   2.5271196e-01	   2.2539186e-01	   1.6299256e-01	   6.0700558e-02	   1.0169588e-01	   9.8004444e-02	             NaN	
   1.3990693e+00	   1.0438033e+00	   1.2201233e+00	   8.6702057e-01	   9.7155852e-01	   9.3834732e-01	   1.0072424e+00	   1.0510099e+00	   1.1684682e+00	   1.2659453e+00	   1.3707545e+00	   1.4069666e+00	   1.3763394e+00	   1.3066091e+00	   1.1645759e+00	   1.0249636e+00	   8.2875502e-01	   7.6488520e-01	   6.5124488e-01	   5.6842321e-01	   5.1031119e-01	   4.6314190e-01	   4.2908355e-01	   3.5758536e-01	   3.0536547e-01	   2.7587360e-01	   2.3430329e-01	   2.0922181e-01	   2.3936822e-01	   9.5618346e-02	   8.6074313e-02	   9.4255095e-02	   8.3661787e-02	
   9.8187601e-01	   1.2914912e+00	   8.5504183e-01	   9.9742193e-01	   1.1186877e+00	   9.8918547e-01	   1.0274207e+00	   1.0936667e+00	   1.1270125e+00	   1.2503547e+00	   1.3152292e+00	   1.3099940e+00	   1.3861065e+00	   1.2823152e+00	   1.1526374e+00	   1.0231014e+00	   8.4197156e-01	   7.3983990e-01	   7.0099905e-01	   6.0728235e-01	   5.1034391e-01	   4.4475216e-01	   4.0837668e-01	   3.6175819e-01	   2.9960340e-01	   2.8304415e-01	   2.6334554e-01	   2.2216461e-01	   2.4324254e-01	   1.0366187e-01	   8.3384003e-02	   1.0725853e-01	   8.8142101e-02	
   1.5531815e+00	   8.2484229e-01	   1.1100453e+00	   8.6607785e-01	   1.0086922e+00	   1.0091139e+00	   9.8909783e-01	   1.0089199e+00	   1.1060049e+00	   1.1805328e+00	   1.2783157e+00	   1.3853935e+00	   1.2868474e+00	   1.2524835e+00	   1.1369646e+00	   9.5357548e-01	   8.2358921e-01	   7.6137593e-01	   6.7629808e-01	   6.2755279e-01	   5.3062458e-01	   4.6992399e-01	   3.8791128e-01	   3.5735412e-01	   3.1386172e-01	   2.8942547e-01	   2.6257236e-01	   2.3397197e-01	   2.2682602e-01	   1.8607078e-01	   8.6977507e-02	   8.1897934e-02	   9.1134542e-02	
   7.2203906e-01	   9.3681392e-01	   7.7300967e-01	   1.2087591e+00	   9.6575902e-01	   9.7565249e-01	   9.8776283e-01	   9.7306189e-01	   1.0130620e+00	   1.1187230e+00	   1.1992505e+00	   1.2812868e+00	   1.2411774e+00	   1.2259678e+00	   1.0636193e+00	   9.5078411e-01	   8.5523255e-01	   7.4549291e-01	   6.9592044e-01	   6.1677710e-01	   5.1904387e-01	   4.7262169e-01	   4.0172621e-01	   3.7609881e-01	   3.1080905e-01	   2.8464123e-01	   2.6394052e-01	   2.2684157e-01	   2.6147897e-01	   2.3385736e-01	   8.8432850e-02	   1.0014336e-01	   8.6389851e-02	
   1.1570417e+00	   1.5905538e+00	   1.2977945e+00	   8.5359679e-01	   1.0530621e+00	   9.6008934e-01	   9.7816090e-01	   1.1018775e+00	   1.0172733e+00	   1.0731446e+00	   1.1608242e+00	   1.2499780e+00	   1.2301793e+00	   1.1471155e+00	   1.0938936e+00	   8.8703317e-01	   7.9044856e-01	   7.3079964e-01	   6.6548499e-01	   5.9580907e-01	   5.3069609e-01	   4.7785040e-01	   4.3364110e-01	   3.5763258e-01	   3.4486598e-01	   2.9108793e-01	   2.7128471e-01	   2.3212579e-01	   2.0942857e-01	   2.3948158e-01	   1.1667031e-01	   9.8163228e-02	   1.1004673e-01	
   5.6761501e-01	   1.2247770e+00	   1.1508786e+00	   1.0172633e+00	   1.0991872e+00	   9.7866014e-01	   8.6888944e-01	   9.6506522e-01	   1.0379043e+00	   1.0601059e+00	   1.0563682e+00	   1.1759533e+00	   1.1930983e+00	   1.1220374e+00	   1.0144000e+00	   8.8369352e-01	   8.1001044e-01	   7.4436918e-01	   6.8024303e-01	   6.1009677e-01	   5.4904394e-01	   4.5513699e-01	   4.2515372e-01	   3.6757126e-01	   3.2346509e-01	   2.9692917e-01	   2.7400904e-01	   2.3247988e-01	   2.0718981e-01	   2.3752438e-01	   1.5928115e-01	   1.2598964e-01	   1.0279858e-01	
             NaN	   1.4805534e+00	   1.2384693e+00	   9.3195832e-01	   1.1334750e+00	   8.8884243e-01	   8.8910364e-01	   9.2237917e-01	   1.0247100e+00	   1.0135751e+00	   1.1021436e+00	   1.1343614e+00	   1.1633178e+00	   1.1211812e+00	   9.9173721e-01	   8.7670551e-01	   7.7066489e-01	   7.2884773e-01	   6.7852412e-01	   5.9412427e-01	   5.3755765e-01	   4.6698888e-01	   4.1221552e-01	   3.9064413e-01	   3.5283239e-01	   3.1024433e-01	   2.6979405e-01	   2.4519667e-01	   2.3030581e-01	   2.4366132e-01	   2.0523709e-01	   1.0363562e-01	   1.0446734e-01	
             NaN	   9.5870616e-01	   1.0600509e+00	   9.4141501e-01	   9.8381424e-01	   1.0174657e+00	   8.6126962e-01	   8.6287317e-01	   9.5143192e-01	   1.0063384e+00	   1.0557536e+00	   1.1061394e+00	   1.1374858e+00	   1.0529548e+00	   9.7233454e-01	   8.6232969e-01	   7.8572367e-01	   7.3596220e-01	   6.5587498e-01	   5.9429227e-01	   5.4625247e-01	   4.9107881e-01	   4.2461462e-01	   3.9115749e-01	   3.5092942e-01	   3.0207187e-01	   2.8130674e-01	   2.4570423e-01	   2.2421454e-01	   2.2088266e-01	   2.1789859e-01	   6.9716940e-02	   7.4217019e-02	
             NaN	   8.2980430e-01	   1.0396177e+00	   1.0721529e+00	   8.1300138e-01	   8.6536170e-01	   9.5743268e-01	   8.8239130e-01	   9.4455380e-01	   9.4820482e-01	   1.0373452e+00	   1.0844892e+00	   1.0727621e+00	   1.0439920e+00	   9.4714705e-01	   8.4468878e-01	   7.7583885e-01	   7.3739228e-01	   6.5374613e-01	   6.1620532e-01	   5.2703198e-01	   4.8198509e-01	   4.2459301e-01	   3.7636790e-01	   3.6516402e-01	   3.1575250e-01	   2.7565320e-01	   2.7461553e-01	   2.2133293e-01	   2.1107009e-01	   2.1520649e-01	   1.2483383e-01	   8.4034928e-02	
             NaN	   8.2562301e-01	   1.1478253e+00	   9.8681275e-01	   9.1993888e-01	   8.5524125e-01	   8.0118200e-01	   8.5703187e-01	   8.7349773e-01	   9.3312428e-01	   9.1403495e-01	   1.0390661e+00	   1.0398110e+00	   9.9314623e-01	   8.8898713e-01	   8.3685200e-01	   7.4594208e-01	   6.8012226e-01	   6.6006042e-01	   5.9942715e-01	   5.1110840e-01	   4.9612162e-01	   4.4428440e-01	   3.9221289e-01	   3.6727512e-01	   3.2405091e-01	   3.0625434e-01	   2.6619974e-01	   2.2455677e-01	   2.0330758e-01	   2.3270082e-01	   1.6163779e-01	   1.2997420e-01	
             NaN	   8.2417941e-01	   9.1092505e-01	   9.7782385e-01	   9.5803272e-01	   8.7190474e-01	   8.6103358e-01	   8.5466160e-01	   8.1384589e-01	   9.2780643e-01	   9.8088819e-01	   9.7008937e-01	   1.0148966e+00	   9.9431206e-01	   9.5160524e-01	   8.1215239e-01	   7.5810958e-01	   6.7802595e-01	   6.5820175e-01	   5.9177039e-01	   5.3423157e-01	   4.9216202e-01	   4.2100919e-01	   3.7574497e-01	   3.5394046e-01	   3.1597780e-01	   2.9317895e-01	   2.5317785e-01	   2.2586772e-01	   2.1222472e-01	   2.1627794e-01	   1.9664594e-01	   1.1217022e-01	
             NaN	   1.0757048e+00	   8.4029605e-01	   9.0790496e-01	   8.4026852e-01	   8.2531795e-01	   7.3391169e-01	   7.4604169e-01	   8.1932270e-01	   9.0063478e-01	   9.3931349e-01	   9.5475333e-01	   9.6521823e-01	   9.4485293e-01	   8.8839015e-01	   8.0210573e-01	   7.2532764e-01	   7.3060810e-01	   6.3763632e-01	   5.8982333e-01	   5.2396591e-01	   4.8481385e-01	   4.2184851e-01	   3.6980856e-01	   3.6704731e-01	   3.0261508e-01	   2.9534244e-01	   2.5840948e-01	   2.5037298e-01	   2.2231860e-01	   2.0376658e-01	   2.1655886e-01	   1.1574752e-01	
             NaN	             NaN	   9.1960344e-01	   9.9924329e-01	   7.9397482e-01	   8.6587938e-01	   7.6689001e-01	   7.9854469e-01	   8.0746992e-01	   8.5805649e-01	   8.7647385e-01	   9.3994385e-01	   9.3969500e-01	   9.1051603e-01	   8.2185704e-01	   7.6939209e-01	   6.9921245e-01	   6.6096096e-01	   6.4872810e-01	   5.8314237e-01	   5.3064021e-01	   4.7690513e-01	   4.4018689e-01	   3.7696266e-01	   3.7878946e-01	   3.4110292e-01	   2.9920312e-01	   2.6578868e-01	   2.3952212e-01	   2.4102545e-01	   2.0403147e-01	   2.0699673e-01	   1.6094528e-01	
             NaN	             NaN	   1.0386204e+00	   7.7015069e-01	   7.9840018e-01	   7.2534929e-01	   8.1895108e-01	   7.5938729e-01	   8.1221482e-01	   7.7458812e-01	   8.2709354e-01	   8.8692031e-01	   9.0424096e-01	   8.6946158e-01	   8.3135566e-01	   7.7138020e-01	   6.7351011e-01	   6.6700426e-01	   6.4013064e-01	   5.7404684e-01	   5.2846492e-01	   4.9657635e-01	   4.4124421e-01	   3.9271890e-01	   3.4907861e-01	   3.2228166e-01	   2.9964024e-01	   2.6952604e-01	   2.4583305e-01	   2.1781504e-01	   2.0209439e-01	   1.6692481e-01	   1.8728657e-01	
             NaN	             NaN	   1.1279876e+00	   8.1672354e-01	   8.2921344e-01	   8.1026520e-01	   7.6795536e-01	   7.8399168e-01	   7.5445981e-01	   7.9051889e-01	   8.1967801e-01	   8.4938412e-01	   8.6593546e-01	   8.3526399e-01	   8.2122326e-01	   7.5579137e-01	   6.8382133e-01	   6.3126819e-01	   5.8920855e-01	   5.5552753e-01	   5.3066956e-01	   4.6267816e-01	   4.3440394e-01	   3.9737937e-01	   3.6901119e-01	   3.2547190e-01	   3.0986226e-01	   2.8734750e-01	   2.5450464e-01	   2.1199616e-01	   2.1868850e-01	   1.9832897e-01	   2.2393040e-01	
             NaN	             NaN	   1.1346932e+00	   9.5609106e-01	   8.5864975e-01	   7.0759386e-01	   6.7751352e-01	   6.7696640e-01	   7.3691609e-01	   7.5600860e-01	   7.8314351e-01	   8.9982205e-01	   8.4506521e-01	   8.1551615e-01	   7.8530979e-01	   7.3964221e-01	   6.7520328e-01	   6.5185699e-01	   6.3104291e-01	   5.4021685e-01	   5.2119250e-01	   4.7728377e-01	   4.3863576e-01	   3.7070204e-01	   3.7064792e-01	   3.4030477e-01	   2.9300188e-01	   2.9035957e-01	   2.6291970e-01	   2.3170922e-01	   2.0748736e-01	   1.9078260e-01	   1.9278231e-01	
             NaN	             NaN	   7.4905537e-01	   6.7283445e-01	   8.1723880e-01	   8.1273252e-01	   8.2380088e-01	   7.6708556e-01	   7.2895285e-01	   7.5270479e-01	   7.2830545e-01	   8.3615390e-01	   7.8319119e-01	   8.0883478e-01	   7.2165246e-01	   7.0188688e-01	   6.7837609e-01	   6.1800338e-01	   5.8026956e-01	   5.4058126e-01	   5.0325977e-01	   4.7894408e-01	   4.3643903e-01	   3.6706675e-01	   3.4638635e-01	   3.4092291e-01	   3.0321003e-01	   2.7366289e-01	   2.4631845e-01	   2.3681447e-01	   2.1485054e-01	   1.8458061e-01	   1.9374545e-01	
             NaN	             NaN	             NaN	   9.4184823e-01	   8.0608414e-01	   6.4785078e-01	   7.5419816e-01	   7.0641167e-01	   7.0370466e-01	   7.0820332e-01	   7.1886066e-01	   7.9318642e-01	   7.8900707e-01	   7.6340506e-01	   7.5066762e-01	   7.0325743e-01	   6.4485555e-01	   6.0046202e-01	   5.8246307e-01	   5.3911417e-01	   5.0965719e-01	   4.6278192e-01	   4.0437724e-01	   3.8403650e-01	   3.5738748e-01	   3.2122251e-01	   3.0730959e-01	   2.9130766e-01	   2.6224337e-01	   2.1705803e-01	   2.0711380e-01	   1.8489937e-01	   1.7871848e-01	
             NaN	             NaN	             NaN	   6.8598628e-01	   7.5613633e-01	   7.4061863e-01	   6.3339311e-01	   6.8398560e-01	   6.2381212e-01	   6.8649973e-01	   7.2734533e-01	   7.3197062e-01	   7.7386735e-01	   7.3596654e-01	   7.1450213e-01	   7.2053642e-01	   6.3128331e-01	   5.9928040e-01	   5.6160270e-01	   5.6356397e-01	   5.0221802e-01	   4.5744877e-01	   4.2504981e-01	   3.9819829e-01	   3.4302110e-01	   3.1757912e-01	   3.0083028e-01	   2.7709671e-01	   2.5817454e-01	   2.2849422e-01	   2.1827027e-01	   1.8928847e-01	   1.9067694e-01	
             NaN	             NaN	             NaN	   7.1706296e-01	   6.8645050e-01	   7.4766258e-01	   6.7183442e-01	   7.4164389e-01	   6.8779220e-01	   7.0271512e-01	   7.0798125e-01	   7.3051375e-01	   7.3726149e-01	   7.0567052e-01	   7.3804469e-01	   6.6091149e-01	   6.3135429e-01	   5.9583097e-01	   5.5777382e-01	   5.2844014e-01	   5.0275246e-01	   4.3377406e-01	   4.2972921e-01	   3.7769882e-01	   3.4318345e-01	   3.2951108e-01	   3.0156035e-01	   2.7746543e-01	   2.5597702e-01	   2.4074741e-01	   2.0458460e-01	   1.9365399e-01	   1.6707385e-01	
             NaN	             NaN	             NaN	   8.7725228e-01	   7.7884867e-01	   7.2053463e-01	   6.8424980e-01	   6.1039411e-01	   6.6968289e-01	   6.5780643e-01	   6.3668583e-01	   7.1149538e-01	   6.7381076e-01	   7.4064868e-01	   7.0013193e-01	   6.4865374e-01	   6.0450431e-01	   5.9042321e-01	   5.6443654e-01	   5.4292865e-01	   4.8675317e-01	   4.5646154e-01	   4.1640079e-01	   3.7621216e-01	   3.4758882e-01	   3.2116845e-01	   3.1503489e-01	   2.6995634e-01	   2.5561054e-01	   2.3726807e-01	   2.1758088e-01	   1.8888232e-01	   1.7979170e-01	
             NaN	             NaN	             NaN	   6.2959081e-01	   9.2045271e-01	   7.3715569e-01	   7.5138935e-01	   6.2606433e-01	   6.0258759e-01	   6.1010930e-01	   6.3666507e-01	   6.7926863e-01	   6.6007961e-01	   6.5635292e-01	   6.2778556e-01	   6.4201993e-01	   5.7208541e-01	   5.6641692e-01	   5.5888097e-01	   5.2454935e-01	   4.8213514e-01	   4.4135453e-01	   3.8483839e-01	   3.7133099e-01	   3.4030476e-01	   3.0487818e-01	   2.8793954e-01	   2.8397740e-01	   2.7486605e-01	   2.4214555e-01	   2.1891622e-01	   1.8760483e-01	   1.8619343e-01	
             NaN	             NaN	             NaN	             NaN	   7.2450201e-01	   6.4379904e-01	   6.4901057e-01	   6.0083511e-01	   6.3990751e-01	   6.0459084e-01	   6.1484477e-01	   6.0706400e-01	   6.7659823e-01	   6.6679060e-01	   6.2197935e-01	   6.1098828e-01	   5.8022549e-01	   5.6018032e-01	   5.0360731e-01	   5.3669312e-01	   4.5466393e-01	   4.4475593e-01	   3.9526620e-01	   3.6769198e-01	   3.4861328e-01	   3.3235505e-01	   2.9676266e-01	   2.7282669e-01	   2.5149843e-01	   2.3965927e-01	   2.3061651e-01	   2.0305943e-01	   1.7191022e-01	
             NaN	             NaN	             NaN	             NaN	   6.9257044e-01	   7.1117264e-01	   5.5781269e-01	   6.1508990e-01	   5.6407436e-01	   6.2061945e-01	   6.1440867e-01	   6.2819284e-01	   6.2655877e-01	   6.2171043e-01	   6.4112497e-01	   5.9777091e-01	   5.9514995e-01	   5.5518402e-01	   5.2664535e-01	   4.6100511e-01	   4.6086796e-01	   4.2834377e-01	   3.7875954e-01	   3.6745874e-01	   3.3284639e-01	   3.3904138e-01	   3.0200321e-01	   2.7500395e-01	   2.6828211e-01	   2.3896399e-01	   2.2887790e-01	   1.9810617e-01	   1.7722452e-01	
             NaN	             NaN	             NaN	             NaN	   6.7726415e-01	   5.9042183e-01	   6.1177964e-01	   6.1637012e-01	   6.0542571e-01	   5.9759710e-01	   5.9176208e-01	   6.5435555e-01	   5.9193321e-01	   6.2291025e-01	   6.1998992e-01	   5.8915948e-01	   5.7436659e-01	   4.9839851e-01	   4.9800465e-01	   4.5854282e-01	   4.3433362e-01	   4.3215527e-01	   3.9569765e-01	   3.5730257e-01	   3.3368813e-01	   3.1719897e-01	   2.9467546e-01	   2.8216793e-01	   2.5534938e-01	   2.4647325e-01	   2.2198339e-01	   2.0271277e-01	   1.9496030e-01	
             NaN	             NaN	             NaN	             NaN	   6.3589248e-01	   6.9122177e-01	   6.1437172e-01	   5.5433151e-01	   5.4418307e-01	   6.0257283e-01	   5.6683634e-01	   5.9499751e-01	   6.2076970e-01	   6.3225363e-01	   5.7661252e-01	   5.6352520e-01	   5.2142480e-01	   4.9731597e-01	   5.1657226e-01	   4.5904524e-01	   4.4586966e-01	   4.0230078e-01	   3.9639096e-01	   3.6328888e-01	   3.2875922e-01	   3.1101651e-01	   2.9627634e-01	   2.9402509e-01	   2.5391083e-01	   2.3957248e-01	   2.1826577e-01	   2.1316105e-01	   1.7885513e-01	
             NaN	             NaN	             NaN	             NaN	   7.6283979e-01	   6.8868447e-01	   6.1011386e-01	   5.8007962e-01	   5.4520020e-01	   5.1957734e-01	   5.2846730e-01	   5.8285763e-01	   5.9107395e-01	   6.0081860e-01	   5.7222273e-01	   5.6450061e-01	   5.4544831e-01	   5.1644528e-01	   4.6724273e-01	   4.4899725e-01	   4.2831266e-01	   4.0717310e-01	   3.6202320e-01	   3.4243201e-01	   3.2874580e-01	   3.2877244e-01	   2.9813093e-01	   2.7334158e-01	   2.5284971e-01	   2.3933791e-01	   2.3643755e-01	   2.1224996e-01	   1.9400171e-01	
             NaN	             NaN	             NaN	             NaN	             NaN	   6.0351522e-01	   5.4689279e-01	   5.5814008e-01	   5.5309559e-01	   5.5110192e-01	   5.6658709e-01	   5.3957640e-01	   5.6078448e-01	   5.4799349e-01	   5.0895411e-01	   5.3674522e-01	   5.0403978e-01	   4.8742284e-01	   4.5520034e-01	   4.4831068e-01	   4.2715402e-01	   3.7554753e-01	   3.4472053e-01	   3.3465276e-01	   3.1609752e-01	   3.0475453e-01	   2.7541156e-01	   2.6487783e-01	   2.4600899e-01	   2.2867700e-01	   2.1604245e-01	   2.1201176e-01	   1.8473955e-01	
             NaN	             NaN	             NaN	             NaN	             NaN	   5.4510869e-01	   6.2147378e-01	   5.0416436e-01	   5.0588726e-01	   5.0762069e-01	   4.8403320e-01	   5.4971744e-01	   5.4716072e-01	   5.4932998e-01	   5.2811274e-01	   5.3353755e-01	   4.9417997e-01	   4.7621395e-01	   4.6790108e-01	   4.2143249e-01	   4.0228861e-01	   4.0094660e-01	   3.6780303e-01	   3.4649044e-01	   3.2693088e-01	   3.1878172e-01	   2.8129454e-01	   2.6858381e-01	   2.4654655e-01	   2.4985231e-01	   2.3228710e-01	   2.0595563e-01	   1.9110522e-01	
             NaN	             NaN	             NaN	             NaN	             NaN	   6.4816399e-01	   5.2276613e-01	   5.0533870e-01	   5.5973621e-01	   4.7514764e-01	   5.0419462e-01	   4.7230673e-01	   4.9982678e-01	   5.4001472e-01	   5.3441813e-01	   4.8534931e-01	   4.6479279e-01	   4.5818765e-01	   4.2755048e-01	   4.0156772e-01	   3.9185858e-01	   3.7165412e-01	   3.4519826e-01	   3.1905336e-01	   3.0982206e-01	   3.0953285e-01	   2.7806863e-01	   2.7988089e-01	   2.6090482e-01	   2.5006879e-01	   2.2994560e-01	   2.0735119e-01	   1.9572216e-01	
             NaN	             NaN	             NaN	             NaN	             NaN	   5.5971235e-01	   5.6970391e-01	   5.1680228e-01	   4.3752889e-01	   4.8568592e-01	   4.8367939e-01	   4.9029890e-01	   5.2011981e-01	   5.2694720e-01	   5.3101342e-01	   4.9057760e-01	   4.5838779e-01	   4.5964248e-01	   4.5921788e-01	   3.8262356e-01	   3.6970753e-01	   3.8414864e-01	   3.2420682e-01	   3.2906545e-01	   2.9650961e-01	   2.9076287e-01	   2.7050804e-01	   2.6848485e-01	   2.5526476e-01	   2.1453388e-01	   2.3236681e-01	   2.0677799e-01	   2.1162359e-01	
             NaN	             NaN	             NaN	             NaN	             NaN	   5.5049098e-01	   6.1577097e-01	   4.7210495e-01	   4.8226188e-01	   4.9417302e-01	   4.7643054e-01	   4.9080338e-01	   4.6816968e-01	   5.1243783e-01	   5.2600002e-01	   4.5715365e-01	   4.8026248e-01	   4.7105141e-01	   4.4101979e-01	   3.8802882e-01	   3.7243946e-01	   3.5063091e-01	   3.4086927e-01	   3.2589431e-01	   3.0124464e-01	   2.9808420e-01	   2.8234559e-01	   2.7247628e-01	   2.5145880e-01	   2.2236635e-01	   2.2557979e-01	   2.0875569e-01	   1.7992227e-01	
             NaN	             NaN	             NaN	             NaN	             NaN	             NaN	   5.5375269e-01	   5.4598194e-01	   5.1471262e-01	   4.7935854e-01	   4.7136847e-01	   4.8861549e-01	   4.9247302e-01	   4.9828662e-01	   4.4761955e-01	   4.6285149e-01	   4.3617263e-01	   4.1616040e-01	   4.0466369e-01	   3.9394670e-01	   3.7689883e-01	   3.4911131e-01	   3.4041875e-01	   2.9562575e-01	   3.0089169e-01	   2.9487405e-01	   2.7707863e-01	   2.4893968e-01	   2.3745049e-01	   2.3900814e-01	   2.1073341e-01	   2.0834135e-01	   1.8922638e-01	
             NaN	             NaN	             NaN	             NaN	             NaN	             NaN	   4.8773088e-01	   5.5444574e-01	   4.8245989e-01	   4.3874362e-01	   4.6888254e-01	   4.4506428e-01	   4.3889647e-01	   4.9605199e-01	   4.3590991e-01	   4.6257402e-01	   4.5411470e-01	   4.1077113e-01	   4.0089006e-01	   3.7896873e-01	   3.5422779e-01	   3.5284610e-01	   3.1465670e-01	   2.9575864e-01	   3.0691533e-01	   3.0133170e-01	   2.7984251e-01	   2.5753262e-01	   2.3349789e-01	   2.5337205e-01	   2.1979072e-01	   1.9788954e-01	   2.0272619e-01	
   0.0000000e+00	             NaN	             NaN	             NaN	             NaN	             NaN	   5.1976868e-01	   4.3937747e-01	   4.6364377e-01	   4.4749525e-01	   4.3955256e-01	   4.5408173e-01	   4.0318675e-01	   4.5257137e-01	   4.5250182e-01	   4.2697543e-01	   4.2012059e-01	   4.0059764e-01	   3.7087565e-01	   3.5327735e-01	   3.7822791e-01	   3.3528865e-01	   3.0369100e-01	   3.0857032e-01	   3.0383860e-01	   2.8538479e-01	   2.4166191e-01	   2.4494660e-01	   2.4871076e-01	   2.3324847e-01	   2.1863873e-01	   2.0687191e-01	   2.0780754e-01	
   0.0000000e+00	             NaN	             NaN	             NaN	             NaN	             NaN	   5.0591167e-01	   4.5415089e-01	   4.6906974e-01	   4.9450563e-01	   4.1449986e-01	   4.2862295e-01	   4.1320304e-01	   4.3976761e-01	   4.2496971e-01	   4.3391213e-01	   4.0959776e-01	   3.9605099e-01	   3.7132756e-01	   3.6736734e-01	   3.3712669e-01	   3.2720445e-01	   3.0602543e-01	   2.8697812e-01	   2.9301259e-01	   2.8055891e-01	   2.6039535e-01	   2.6833650e-01	   2.3985476e-01	   2.2788359e-01	   2.1999151e-01	   2.1175115e-01	   1.9901475e-01	
   0.0000000e+00	             NaN	             NaN	             NaN	             NaN	             NaN	   5.2831733e-01	   4.7758932e-01	   4.4257292e-01	   4.1672369e-01	   4.4833276e-01	   4.0202751e-01	   4.7187074e-01	   4.3415698e-01	   3.9618639e-01	   4.0598524e-01	   4.1665375e-01	   3.6448360e-01	   3.6036825e-01	   3.5253764e-01	   3.5735054e-01	   3.2388861e-01	   2.9759175e-01	   2.9625988e-01	   2.8375255e-01	   2.8318881e-01	   2.6821195e-01	   2.4967680e-01	   2.3540108e-01	   2.3340817e-01	   2.1111658e-01	   1.9106517e-01	   1.8654774e-01	
   0.0000000e+00	             NaN	             NaN	             NaN	             NaN	             NaN	             NaN	   4.9702746e-01	   4.4996365e-01	   3.8300600e-01	   4.2319764e-01	   4.2431293e-01	   3.7719988e-01	   4.0062408e-01	   3.9473182e-01	   3.9352402e-01	   3.6453832e-01	   3.5725593e-01	   3.4085650e-01	   3.3271478e-01	   3.1245888e-01	   3.1051740e-01	   3.0427927e-01	   2.9286546e-01	   2.6799705e-01	   2.7675748e-01	   2.6877364e-01	   2.5697681e-01	   2.4074558e-01	   2.3233344e-01	   2.1240115e-01	   1.8062072e-01	   1.8000116e-01	
   0.0000000e+00	             NaN	             NaN	             NaN	             NaN	             NaN	             NaN	   4.7313403e-01	   3.8728382e-01	   3.7516389e-01	   3.5384250e-01	   3.7632620e-01	   3.9979786e-01	   3.6394838e-01	   3.9149666e-01	   3.9198945e-01	   3.8562246e-01	   3.5364010e-01	   3.5669468e-01	   3.2538608e-01	   3.3925830e-01	   2.9437021e-01	   2.8107756e-01	   2.5514121e-01	   2.6362339e-01	   2.5385486e-01	   2.5661702e-01	   2.4018993e-01	   2.3459427e-01	   2.0767378e-01	   2.1980919e-01	   1.9889654e-01	   1.9109094e-01	
   0.0000000e+00	   0.0000000e+00	             NaN	             NaN	             NaN	             NaN	             NaN	   3.8429729e-01	   4.0183130e-01	   4.1677227e-01	   3.8535521e-01	   3.8105634e-01	   3.5633461e-01	   3.9974559e-01	   3.7674344e-01	   3.8101310e-01	   3.5165584e-01	   3.3814384e-01	   3.3454994e-01	   3.4366304e-01	   2.9163561e-01	   2.9946876e-01	   2.8108864e-01	   2.6533354e-01	   2.5495710e-01	   2.8725114e-01	   2.3084983e-01	   2.3832270e-01	   2.2390556e-01	   2.2094761e-01	   2.2207660e-01	   1.9699679e-01	   1.8710637e-01	
   0.0000000e+00	   0.0000000e+00	             NaN	             NaN	             NaN	             NaN	             NaN	   4.0448609e-01	   4.6928323e-01	   3.2877863e-01	   3.7155348e-01	   3.5300479e-01	   3.5686156e-01	   3.7259964e-01	   3.5657655e-01	   3.5087686e-01	   3.4381872e-01	   3.1707831e-01	   3.1681941e-01	   3.2143831e-01	   3.0891180e-01	   2.8767919e-01	   2.6184300e-01	   2.5032421e-01	   2.4727472e-01	   2.4624926e-01	   2.4343675e-01	   2.2921226e-01	   2.4154645e-01	   2.1556383e-01	   1.9822940e-01	   1.9569909e-01	   1.7652552e-01	
   0.0000000e+00	   0.0000000e+00	             NaN	             NaN	             NaN	             NaN	             NaN	   4.3507813e-01	   3.5473824e-01	   3.3220863e-01	   3.7324734e-01	   3.0217685e-01	   3.5703949e-01	   3.8958587e-01	   3.8170206e-01	   3.3432223e-01	   3.7659248e-01	   3.2456577e-01	   3.1790486e-01	   3.1908546e-01	   2.8985594e-01	   2.9928815e-01	   2.7730269e-01	   2.5872365e-01	   2.5923291e-01	   2.5119093e-01	   2.5174953e-01	   2.2352266e-01	   2.1930059e-01	   1.9371313e-01	   2.0705403e-01	   1.8123186e-01	   1.7754559e-01	
   0.0000000e+00	   0.0000000e+00	             NaN	             NaN	             NaN	             NaN	             NaN	             NaN	   3.3896282e-01	   3.5899546e-01	   3.4958094e-01	   3.6930332e-01	   3.7759892e-01	   3.6391608e-01	   3.3497930e-01	   3.1752300e-01	   3.3496997e-01	   3.2178095e-01	   3.0729022e-01	   2.8697769e-01	   3.0341276e-01	   2.8863100e-01	   2.5106282e-01	   2.3562250e-01	   2.2872858e-01	   2.3188646e-01	   2.1937094e-01	   2.1533177e-01	   1.9741344e-01	   2.1744599e-01	   1.9120963e-01	   1.9414091e-01	   1.8824682e-01	
   0.0000000e+00	   0.0000000e+00	             NaN	             NaN	             NaN	             NaN	             NaN	             NaN	   3.4822052e-01	   3.3767352e-01	   3.1964080e-01	   3.2395501e-01	   3.3394434e-01	   3.5166384e-01	   3.3516734e-01	   3.3304726e-01	   3.1469674e-01	   2.9030488e-01	   2.8921408e-01	   2.9733107e-01	   2.6620036e-01	   2.8823071e-01	   2.7153015e-01	   2.5288959e-01	   2.3036823e-01	   2.3866089e-01	   2.2930633e-01	   2.2780462e-01	   2.2195123e-01	   1.7568387e-01	   1.7980049e-01	   1.7568151e-01	   1.9119181e-01	
   0.0000000e+00	   0.0000000e+00	   0.0000000e+00	             NaN	             NaN	             NaN	             NaN	             NaN	   3.3138530e-01	   3.3109989e-01	   3.1620063e-01	   3.4468149e-01	   3.0722186e-01	   3.2064273e-01	   3.2165393e-01	   3.0256589e-01	   3.4547151e-01	   3.0289791e-01	   2.8861091e-01	   2.7904767e-01	   2.5971677e-01	   2.6504580e-01	   2.4740591e-01	   2.3860175e-01	   2.4028987e-01	   2.3482874e-01	   2.0647867e-01	   2.1852183e-01	   2.0106278e-01	   1.9438072e-01	   1.8558035e-01	   1.8413913e-01	   1.8718522e-01	
   0.0000000e+00	   0.0000000e+00	   0.0000000e+00	             NaN	             NaN	             NaN	             NaN	             NaN	   3.6144842e-01	   3.7588877e-01	   3.0502496e-01	   2.9193307e-01	   3.1138193e-01	   3.0976812e-01	   3.2528464e-01	   3.1977846e-01	   2.9578246e-01	   2.9688364e-01	   2.7778774e-01	   2.8843668e-01	   2.6967103e-01	   2.4297979e-01	   2.5460859e-01	   2.1614173e-01	   2.2506938e-01	   2.2764038e-01	   2.1760157e-01	   2.1393656e-01	   2.1018603e-01	   1.9836370e-01	   1.8605097e-01	   1.8770519e-01	   1.9626040e-01	
   0.0000000e+00	   0.0000000e+00	   0.0000000e+00	             NaN	             NaN	             NaN	             NaN	             NaN	   3.5243448e-01	   2.7032292e-01	   3.2305642e-01	   3.3042079e-01	   3.0878422e-01	   3.2127267e-01	   3.1842704e-01	   2.8297457e-01	   2.9081202e-01	   2.7892967e-01	   2.7985348e-01	   2.8341633e-01	   2.4936069e-01	   2.4016786e-01	   2.2376066e-01	   2.4003675e-01	   2.1622732e-01	   2.1180508e-01	   2.1246235e-01	   2.1338813e-01	   2.1204989e-01	   2.0170104e-01	   1.9120592e-01	   1.6324652e-01	   1.7021605e-01	
   0.0000000e+00	   0.0000000e+00	   0.0000000e+00	             NaN	             NaN	             NaN	             NaN	             NaN	   3.2543506e-01	   3.2475073e-01	   3.1961225e-01	   3.2459161e-01	   2.9296861e-01	   3.2084509e-01	   2.8468826e-01	   2.8841321e-01	   2.6543197e-01	   2.7770545e-01	   2.4528243e-01	   2.4879597e-01	   2.8374880e-01	   2.4580625e-01	   2.2335584e-01	   2.1206182e-01	   2.2394045e-01	   2.0543295e-01	   2.1557506e-01	   1.8265800e-01	   1.9014543e-01	   1.7927533e-01	   1.7266639e-01	   1.6385035e-01	   1.6750881e-01	
   0.0000000e+00	   0.0000000e+00	   0.0000000e+00	             NaN	             NaN	             NaN	             NaN	             NaN	             NaN	   3.1882103e-01	   2.9496143e-01	   2.9598207e-01	   2.9759749e-01	   2.8600054e-01	   2.9583619e-01	   2.9068958e-01	   2.4177922e-01	   2.5458154e-01	   2.5308568e-01	   2.2509273e-01	   2.5101095e-01	   2.4418269e-01	   2.1093612e-01	   2.1659658e-01	   2.0609138e-01	   1.9578471e-01	   1.9676480e-01	   1.9208164e-01	   1.8964188e-01	   1.9110264e-01	   1.7257676e-01	   1.7706062e-01	   1.6439117e-01	
   0.0000000e+00	   0.0000000e+00	   0.0000000e+00	   0.0000000e+00	             NaN	             NaN	             NaN	             NaN	             NaN	   3.0069266e-01	   2.5117694e-01	   2.8331669e-01	   2.8199799e-01	   2.5987307e-01	   2.7225223e-01	   2.6626386e-01	   2.5471964e-01	   2.3806190e-01	   2.4459449e-01	   2.4822213e-01	   2.1225291e-01	   2.1351496e-01	   2.0281698e-01	   1.9959629e-01	   2.1256920e-01	   2.0453362e-01	   2.0997065e-01	   1.8686509e-01	   1.8492945e-01	   1.8520927e-01	   1.7631748e-01	   1.6313036e-01	   1.5185642e-01	
   0.0000000e+00	   0.0000000e+00	   0.0000000e+00	   0.0000000e+00	             NaN	             NaN	             NaN	             NaN	             NaN	   3.3625150e-01	   2.9947439e-01	   2.6602354e-01	   3.0694255e-01	   2.6980487e-01	   2.8533031e-01	   2.4793600e-01	   2.8400212e-01	   2.6488366e-01	   2.3319091e-01	   2.5128934e-01	   2.2097907e-01	   2.2305725e-01	   2.1427724e-01	   1.9024946e-01	   2.0142321e-01	   1.9999965e-01	   1.8009148e-01	   1.8439035e-01	   1.8570858e-01	   1.8898669e-01	   1.6563161e-01	   1.5684661e-01	   1.5352128e-01	
   0.0000000e+00	   0.0000000e+00	   0.0000000e+00	   0.0000000e+00	             NaN	             NaN	             NaN	             NaN	             NaN	   2.5442922e-01	   2.5253422e-01	   2.7448326e-01	   2.4281724e-01	   3.2054751e-01	   2.8348178e-01	   2.5710040e-01	   2.4221090e-01	   2.5015675e-01	   2.4322798e-01	   2.2222962e-01	   2.3653491e-01	   2.3154155e-01	   2.1595938e-01	   2.1185928e-01	   2.1655352e-01	   2.0617846e-01	   1.9367965e-01	   1.7207692e-01	   1.6710801e-01	   1.7794615e-01	   1.5758979e-01	   1.6094481e-01	   1.5333746e-01	
   0.0000000e+00	   0.0000000e+00	   0.0000000e+00	   0.0000000e+00	             NaN	             NaN	             NaN	             NaN	             NaN	   3.1331829e-01	   2.7261513e-01	   2.6625898e-01	   2.4137299e-01	   2.5179039e-01	   2.7265313e-01	   2.6854822e-01	   2.4798677e-01	   2.2793794e-01	   2.1446651e-01	   2.3790908e-01	   2.0185957e-01	   2.0630820e-01	   1.9055877e-01	   1.9166281e-01	   1.8503604e-01	   1.9618038e-01	   1.6945969e-01	   1.6686774e-01	   1.7341688e-01	   1.5740770e-01	   1.6247104e-01	   1.5896941e-01	   1.3336834e-01	
   0.0000000e+00	   0.0000000e+00	   0.0000000e+00	   0.0000000e+00	             NaN	             NaN	             NaN	             NaN	             NaN	             NaN	   2.4805145e-01	   2.5333612e-01	   2.3392975e-01	   2.5925212e-01	   2.6131168e-01	   2.0920092e-01	   2.5281302e-01	   2.2585575e-01	   2.2463659e-01	   2.1073443e-01	   2.1716934e-01	   1.9369104e-01	   1.9823533e-01	   2.0564596e-01	   2.0125444e-01	   1.8701334e-01	   1.7524227e-01	   1.8780512e-01	   1.8018207e-01	   1.5169273e-01	   1.5739842e-01	   1.4393334e-01	   1.6432409e-01	
   0.0000000e+00	   0.0000000e+00	   0.0000000e+00	   0.0000000e+00	             NaN	             NaN	             NaN	             NaN	             NaN	             NaN	   2.5525106e-01	   2.5193703e-01	   2.2202238e-01	   2.6712993e-01	   2.1876336e-01	   2.3943890e-01	   2.1326429e-01	   2.1886989e-01	   2.3368608e-01	   2.1675463e-01	   1.9111879e-01	   1.9226891e-01	   1.9899772e-01	   1.7603232e-01	   1.9768882e-01	   1.9152495e-01	   1.7947042e-01	   1.6002343e-01	   1.4157484e-01	   1.6542297e-01	   1.6967355e-01	   1.4184512e-01	   1.4272913e-01	
   0.0000000e+00	   0.0000000e+00	   0.0000000e+00	   0.0000000e+00	   0.0000000e+00	             NaN	             NaN	             NaN	             NaN	             NaN	   2.2455314e-01	   2.6209170e-01	   2.3475709e-01	   2.1121914e-01	   2.1109695e-01	   2.3528583e-01	   2.2032336e-01	   1.9955693e-01	   1.9720502e-01	   1.7895257e-01	   2.0989627e-01	   1.9872600e-01	   1.6714123e-01	   1.8025807e-01	   1.6437762e-01	   1.7165287e-01	   1.5759731e-01	   1.6410494e-01	   1.6892001e-01	   1.4709180e-01	   1.3070559e-01	   1.4680950e-01	   1.3509052e-01	
   0.0000000e+00	   0.0000000e+00	   0.0000000e+00	   0.0000000e+00	   0.0000000e+00	             NaN	             NaN	             NaN	             NaN	             NaN	   2.1089078e-01	   2.0229068e-01	   2.7826316e-01	   2.0089101e-01	   2.2553847e-01	   2.5558838e-01	   2.0066690e-01	   1.9319536e-01	   1.9369289e-01	   1.9521705e-01	   1.7682007e-01	   1.7207507e-01	   1.6087731e-01	   1.7975405e-01	   1.6602981e-01	   1.8402386e-01	   1.5627536e-01	   1.8436501e-01	   1.4638375e-01	   1.3051350e-01	   1.2653497e-01	   1.3342901e-01	   1.3186004e-01	
   0.0000000e+00	   0.0000000e+00	   0.0000000e+00	   0.0000000e+00	   0.0000000e+00	             NaN	             NaN	             NaN	             NaN	             NaN	   2.3490784e-01	   2.3383056e-01	   2.0616411e-01	   2.3441824e-01	   2.0366237e-01	   2.3664109e-01	   2.0002865e-01	   2.0350653e-01	   1.7864712e-01	   1.8760897e-01	   1.7406941e-01	   1.7780328e-01	   1.5457060e-01	   1.7894596e-01	   1.7062709e-01	   1.6113929e-01	   1.4406231e-01	   1.5687939e-01	   1.4619227e-01	   1.6314578e-01	   1.3258673e-01	   1.2528198e-01	   1.2553278e-01	
   0.0000000e+00	   0.0000000e+00	   0.0000000e+00	   0.0000000e+00	   0.0000000e+00	             NaN	             NaN	             NaN	             NaN	             NaN	             NaN	   2.1711538e-01	   2.0268306e-01	   2.2684779e-01	   1.5892677e-01	   2.1309427e-01	   1.9716261e-01	   1.8638690e-01	   1.8401486e-01	   1.9715245e-01	   1.9642961e-01	   1.5614036e-01	   1.6482722e-01	   1.7598103e-01	   1.5729837e-01	   1.5287972e-01	   1.6161378e-01	   1.5173262e-01	   1.3856701e-01	   1.2583236e-01	   1.4153837e-01	   1.2878418e-01	   1.4046639e-01	
   0.0000000e+00	   0.0000000e+00	   0.0000000e+00	   0.0000000e+00	   0.0000000e+00	             NaN	             NaN	             NaN	             NaN	             NaN	             NaN	   1.9463634e-01	   2.0142489e-01	   2.1040636e-01	   1.8895636e-01	   2.1175631e-01	   1.6933199e-01	   1.8437766e-01	   1.8024793e-01	   1.6109024e-01	   1.7505982e-01	   1.6068473e-01	   1.6209423e-01	   1.6994690e-01	   1.7514760e-01	   1.5061340e-01	   1.5563082e-01	   1.5549345e-01	   1.6873990e-01	   1.2958599e-01	   1.4111394e-01	   1.2875515e-01	   1.2952141e-01	
   0.0000000e+00	   0.0000000e+00	   0.0000000e+00	   0.0000000e+00	   0.0000000e+00	   0.0000000e+00	             NaN	             NaN	             NaN	             NaN	             NaN	   1.9553066e-01	   1.9252298e-01	   1.8058018e-01	   1.7325100e-01	   2.3194566e-01	   1.9074784e-01	   1.9037231e-01	   1.8520278e-01	   1.8526915e-01	   1.6722120e-01	   1.5208643e-01	   1.6019809e-01	   1.5723706e-01	   1.5004076e-01	   1.4968667e-01	   1.4402850e-01	   1.4064034e-01	   1.4011610e-01	   1.3273030e-01	   1.4057190e-01	   1.0785163e-01	   1.2006022e-01	
   0.0000000e+00	   0.0000000e+00	   0.0000000e+00	   0.0000000e+00	   0.0000000e+00	   0.0000000e+00	             NaN	             NaN	             NaN	             NaN	             NaN	   1.9941435e-01	   1.8758294e-01	   1.8522053e-01	   1.7771526e-01	   1.8316121e-01	   1.8024236e-01	   1.8423509e-01	   1.5927660e-01	   1.3692084e-01	   1.8146559e-01	   1.4392262e-01	   1.3861189e-01	   1.4946111e-01	   1.5841359e-01	   1.2339282e-01	   1.5308514e-01	   1.4888745e-01	   1.5407764e-01	   1.2748157e-01	   1.2758774e-01	   1.2745228e-01	   1.0892184e-01	
   0.0000000e+00	   0.0000000e+00	   0.0000000e+00	   0.0000000e+00	   0.0000000e+00	   0.0000000e+00	             NaN	             NaN	             NaN	             NaN	             NaN	   2.1116367e-01	   1.6633464e-01	   2.1150255e-01	   1.6834257e-01	   1.5556108e-01	   1.6505183e-01	   1.6619618e-01	   1.5332871e-01	   1.4058382e-01	   1.3389522e-01	   1.5924370e-01	   1.4426449e-01	   1.3013931e-01	   1.3689445e-01	   1.3640475e-01	   1.3165599e-01	   1.3605140e-01	   1.3122462e-01	   1.3194968e-01	   1.2566075e-01	   1.0072259e-01	   1.1122767e-01	
   0.0000000e+00	   0.0000000e+00	   0.0000000e+00	   0.0000000e+00	   0.0000000e+00	   0.0000000e+00	             NaN	             NaN	             NaN	             NaN	             NaN	             NaN	   2.0115491e-01	   2.2633280e-01	   2.2059709e-01	   1.8932669e-01	   1.6776518e-01	   1.6933019e-01	   1.5122838e-01	   1.5703770e-01	   1.6346493e-01	   1.4893399e-01	   1.4272514e-01	   1.3609558e-01	   1.2472972e-01	   1.4170314e-01	   1.2625198e-01	   1.3886933e-01	   1.2350427e-01	   1.1356693e-01	   1.1709142e-01	   1.0402928e-01	   9.8831698e-02	
   0.0000000e+00	   0.0000000e+00	   0.0000000e+00	   0.0000000e+00	   0.0000000e+00	   0.0000000e+00	             NaN	             NaN	             NaN	             NaN	             NaN	             NaN	   2.1397949e-01	   1.9285303e-01	   1.8475523e-01	   1.4033183e-01	   2.0541377e-01	   1.6730449e-01	   1.6341966e-01	   1.6062642e-01	   1.3820394e-01	   1.4189942e-01	   1.3742465e-01	   1.3560128e-01	   1.3431060e-01	   1.2817233e-01	   1.1630094e-01	   1.2285575e-01	   1.3341254e-01	   1.2228329e-01	   1.0702881e-01	   1.0505725e-01	   1.0152621e-01	
   0.0000000e+00	   0.0000000e+00	   0.0000000e+00	   0.0000000e+00	   0.0000000e+00	   0.0000000e+00	   0.0000000e+00	             NaN	             NaN	             NaN	             NaN	             NaN	   1.7526972e-01	   1.7164124e-01	   1.4971335e-01	   1.7465455e-01	   1.4669098e-01	   1.7019883e-01	   1.4085223e-01	   1.3852928e-01	   1.1637348e-01	   1.3996402e-01	   1.3511714e-01	   1.2041551e-01	   1.3244655e-01	   1.3270573e-01	   1.2983910e-01	   1.4297895e-01	   1.0268207e-01	   1.3018091e-01	   8.7071057e-02	   1.0605868e-01	   8.6228073e-02	
   0.0000000e+00	   0.0000000e+00	   0.0000000e+00	   0.0000000e+00	   0.0000000e+00	   0.0000000e+00	   0.0000000e+00	             NaN	             NaN	             NaN	             NaN	             NaN	   1.5619807e-01	   1.5734964e-01	   1.4181592e-01	   1.6708967e-01	   1.5885447e-01	   1.4577075e-01	   1.5431898e-01	   1.4366627e-01	   1.2039869e-01	   1.4149194e-01	   1.3075445e-01	   1.3792008e-01	   1.2967515e-01	   1.2344350e-01	   1.1839509e-01	   1.2468171e-01	   1.2476477e-01	   1.2104412e-01	   1.1179143e-01	   9.7254917e-02	   9.2609197e-02	
   0.0000000e+00	   0.0000000e+00	   0.0000000e+00	   0.0000000e+00	   0.0000000e+00	   0.0000000e+00	   0.0000000e+00	             NaN	             NaN	             NaN	             NaN	             NaN	   1.6747538e-01	   1.5704774e-01	   1.6603598e-01	   1.8000820e-01	   1.4916481e-01	   1.4896932e-01	   1.5080737e-01	   1.4275133e-01	   1.2246880e-01	   1.3184454e-01	   1.4270146e-01	   1.2292770e-01	   1.1169318e-01	   1.2487642e-01	   1.0979825e-01	   1.2068044e-01	   1.2244045e-01	   1.1349565e-01	   1.2322985e-01	   9.9853308e-02	   1.0150378e-01	
   0.0000000e+00	   0.0000000e+00	   0.0000000e+00	   0.0000000e+00	   0.0000000e+00	   0.0000000e+00	   0.0000000e+00	             NaN	             NaN	             NaN	             NaN	             NaN	             NaN	   1.8213926e-01	   1.7726552e-01	   1.5203413e-01	   1.6870004e-01	   1.3749714e-01	   1.6956142e-01	   1.4628244e-01	   1.1544672e-01	   1.0137859e-01	   1.2516949e-01	   1.2805768e-01	   1.1971918e-01	   1.0496077e-01	   1.0684261e-01	   1.1113291e-01	   1.2702526e-01	   1.2343197e-01	   9.0770960e-02	   1.0453237e-01	   1.0142854e-01	
   0.0000000e+00	   0.0000000e+00	   0.0000000e+00	   0.0000000e+00	   0.0000000e+00	   0.0000000e+00	   0.0000000e+00	             NaN	             NaN	             NaN	             NaN	             NaN	             NaN	   1.8529148e-01	   1.7232055e-01	   1.3968451e-01	   1.4154837e-01	   1.0709247e-01	   1.2910015e-01	   1.3125772e-01	   1.1258611e-01	   1.1898501e-01	   1.1164174e-01	   1.2324201e-01	   1.1961345e-01	   1.2278342e-01	   1.1215134e-01	   1.0985266e-01	   1.0958474e-01	   1.0578218e-01	   1.0137015e-01	   8.0794613e-02	   8.0528803e-02	
   0.0000000e+00	   0.0000000e+00	   0.0000000e+00	   0.0000000e+00	   0.0000000e+00	   0.0000000e+00	   0.0000000e+00	   0.0000000e+00	             NaN	             NaN	             NaN	             NaN	             NaN	   1.7064672e-01	   1.4579642e-01	   1.3175610e-01	   1.2916106e-01	   1.0270839e-01	   1.0997190e-01	   1.4085410e-01	   1.2003454e-01	   1.0219884e-01	   1.2629468e-01	   1.2428627e-01	   1.0401476e-01	   1.2220733e-01	   1.0209642e-01	   1.0228002e-01	   1.1106298e-01	   1.1270451e-01	   1.0319957e-01	   9.2823348e-02	   7.8795113e-02	
   0.0000000e+00	   0.0000000e+00	   0.0000000e+00	   0.0000000e+00	   0.0000000e+00	   0.0000000e+00	   0.0000000e+00	   0.0000000e+00	             NaN	             NaN	             NaN	             NaN	             NaN	   1.5484636e-01	   1.3969153e-01	   1.5579400e-01	   1.4856564e-01	   1.3162432e-01	   1.3745468e-01	   1.2137241e-01	   1.1888760e-01	   1.3362627e-01	   1.2410395e-01	   1.0861634e-01	   1.0904537e-01	   1.0141923e-01	   9.9887650e-02	   1.1142910e-01	   1.1009929e-01	   9.9731467e-02	   8.7452880e-02	   1.0217699e-01	   8.8946164e-02	
   0.0000000e+00	   0.0000000e+00	   0.0000000e+00	   0.0000000e+00	   0.0000000e+00	   0.0000000e+00	   0.0000000e+00	   0.0000000e+00	             NaN	             NaN	             NaN	             NaN	             NaN	   1.3415923e-01	   1.5568638e-01	   1.3858542e-01	   1.2661365e-01	   1.3108522e-01	   1.0778635e-01	   1.3862260e-01	   1.2622557e-01	   1.1053638e-01	   1.0211849e-01	   1.3876497e-01	   1.1469002e-01	   1.0716312e-01	   1.0699973e-01	   1.0314157e-01	   1.1894613e-01	   1.0380076e-01	   8.4087651e-02	   8.6531311e-02	   8.1451134e-02	
   0.0000000e+00	   0.0000000e+00	   0.0000000e+00	   0.0000000e+00	   0.0000000e+00	   0.0000000e+00	   0.0000000e+00	   0.0000000e+00	             NaN	             NaN	             NaN	             NaN	             NaN	             NaN	   1.4518802e-01	   1.2197753e-01	   1.1560451e-01	   1.0532226e-01	   1.3319761e-01	   1.1666099e-01	   1.1059549e-01	   1.1665511e-01	   9.4113326e-02	   1.0110204e-01	   1.0240627e-01	   9.7049743e-02	   9.2530986e-02	   9.8402828e-02	   9.2534717e-02	   9.5840169e-02	   8.2861680e-02	   8.3484993e-02	   9.6773734e-02	
   0.0000000e+00	   0.0000000e+00	   0.0000000e+00	   0.0000000e+00	   0.0000000e+00	   0.0000000e+00	   0.0000000e+00	   0.0000000e+00	             NaN	             NaN	             NaN	             NaN	             NaN	             NaN	   1.3087537e-01	   1.4215491e-01	   1.1463710e-01	   1.2229235e-01	   1.2327414e-01	   9.0085652e-02	   1.2087925e-01	   1.3028140e-01	   1.0882196e-01	   1.1618052e-01	   8.7595985e-02	   1.0444571e-01	   8.5615232e-02	   8.3870630e-02	   1.0231497e-01	   7.1019047e-02	   7.1797138e-02	   8.9430882e-02	   6.7947101e-02	
   0.0000000e+00	   0.0000000e+00	   0.0000000e+00	   0.0000000e+00	   0.0000000e+00	   0.0000000e+00	   0.0000000e+00	   0.0000000e+00	   0.0000000e+00	             NaN	             NaN	             NaN	             NaN	             NaN	   1.4710280e-01	   1.2028075e-01	   1.2411072e-01	   1.2493142e-01	   1.1587512e-01	   1.2452260e-01	   8.1757259e-02	   1.0579043e-01	   8.9213078e-02	   8.8894887e-02	   9.6230935e-02	   1.1447858e-01	   9.5233566e-02	   9.8136042e-02	   7.1203990e-02	   8.9541085e-02	   8.6423235e-02	   7.4794837e-02	   7.8692672e-02	
   0.0000000e+00	   0.0000000e+00	   0.0000000e+00	   0.0000000e+00	   0.0000000e+00	   0.0000000e+00	   0.0000000e+00	   0.0000000e+00	   0.0000000e+00	             NaN	             NaN	             NaN	             NaN	             NaN	   1.5415407e-01	   8.0095446e-02	   1.0279356e-01	   5.7831839e-02	   1.2356112e-01	   1.0610278e-01	   9.6369200e-02	   9.1200507e-02	   9.2005703e-02	   9.7299569e-02	   1.0348989e-01	   9.4346361e-02	   8.2015011e-02	   9.5553470e-02	   7.0723431e-02	   8.6145955e-02	   8.0617660e-02	   7.9275526e-02	   5.9782453e-02	
   0.0000000e+00	   0.0000000e+00	   0.0000000e+00	   0.0000000e+00	   0.0000000e+00	   0.0000000e+00	   0.0000000e+00	   0.0000000e+00	   0.0000000e+00	             NaN	             NaN	             NaN	             NaN	             NaN	   1.2809493e-01	   8.4736584e-02	   9.4915351e-02	   8.8652093e-02	   1.2262446e-01	   1.1515507e-01	   8.3549495e-02	   1.0704128e-01	   9.7028700e-02	   7.7180628e-02	   8.0492537e-02	   9.1738320e-02	   9.3330370e-02	   8.0055107e-02	   8.1163627e-02	   5.4750068e-02	   7.3773231e-02	   6.8461818e-02	   6.9338197e-02	
   0.0000000e+00	   0.0000000e+00	   0.0000000e+00	   0.0000000e+00	   0.0000000e+00	   0.0000000e+00	   0.0000000e+00	   0.0000000e+00	   0.0000000e+00	             NaN	             NaN	             NaN	             NaN	             NaN	             NaN	   1.5669625e-01	   1.0680715e-01	   1.1342113e-01	   1.2052776e-01	   1.0663403e-01	   9.7563276e-02	   1.0155163e-01	   1.0222337e-01	   9.6489491e-02	   1.1023112e-01	   8.4983653e-02	   9.5972757e-02	   7.4858877e-02	   8.0221739e-02	   6.8382177e-02	   6.9139944e-02	   5.9304051e-02	   7.7234017e-02	
   0.0000000e+00	   0.0000000e+00	   0.0000000e+00	   0.0000000e+00	   0.0000000e+00	   0.0000000e+00	   0.0000000e+00	   0.0000000e+00	   0.0000000e+00	             NaN	             NaN	             NaN	             NaN	             NaN	             NaN	   1.1339536e-01	   1.0425465e-01	   9.9733363e-02	   1.0992673e-01	   1.0205714e-01	   1.1014757e-01	   7.1735336e-02	   9.5528603e-02	   8.3342148e-02	   8.4942197e-02	   8.7371263e-02	   7.8045408e-02	   7.7970702e-02	   7.2053176e-02	   7.1445089e-02	   7.7074234e-02	   6.9389319e-02	   6.1903409e-02	
   0.0000000e+00	   0.0000000e+00	   0.0000000e+00	   0.0000000e+00	   0.0000000e+00	   0.0000000e+00	   0.0000000e+00	   0.0000000e+00	   0.0000000e+00	   0.0000000e+00	             NaN	             NaN	             NaN	             NaN	             NaN	   1.2620605e-01	   1.0568192e-01	   9.7829795e-02	   8.6978988e-02	   7.9329405e-02	   9.2560053e-02	   8.5593962e-02	   7.2131858e-02	   9.7713432e-02	   7.5893957e-02	   7.7358161e-02	   9.1122958e-02	   6.7156598e-02	   6.5360204e-02	   5.5199645e-02	   6.0725424e-02	   6.7794159e-02	   5.5995265e-02	
