  -2.1999164e+00	  -6.5718905e+00	  -3.5497865e+00	             NaN	             NaN	             NaN	             NaN	             NaN	             NaN	             NaN	             NaN	             NaN	             NaN	             NaN	   0.0000000e+00	   0.0000000e+00	   0.0000000e+00	   0.0000000e+00	   0.0000000e+00	   0.0000000e+00	   0.0000000e+00	   0.0000000e+00	   0.0000000e+00	   0.0000000e+00	   0.0000000e+00	   0.0000000e+00	   0.0000000e+00	   0.0000000e+00	   0.0000000e+00	   0.0000000e+00	   0.0000000e+00	   0.0000000e+00	   0.0000000e+00	
  -3.2882536e+00	  -1.9218382e+00	  -3.4796362e+00	             NaN	             NaN	             NaN	             NaN	             NaN	             NaN	             NaN	             NaN	             NaN	             NaN	             NaN	   0.0000000e+00	   0.0000000e+00	   0.0000000e+00	   0.0000000e+00	   0.0000000e+00	   0.0000000e+00	   0.0000000e+00	   0.0000000e+00	   0.0000000e+00	   0.0000000e+00	   0.0000000e+00	   0.0000000e+00	   0.0000000e+00	   0.0000000e+00	   0.0000000e+00	   0.0000000e+00	   0.0000000e+00	   0.0000000e+00	   0.0000000e+00	
  -1.2193083e+00	  -6.8421987e-01	  -2.5009314e+00	             NaN	             NaN	             NaN	             NaN	             NaN	             NaN	             NaN	             NaN	             NaN	             NaN	             NaN	   0.0000000e+00	   0.0000000e+00	   0.0000000e+00	   0.0000000e+00	   0.0000000e+00	   0.0000000e+00	   0.0000000e+00	   0.0000000e+00	   0.0000000e+00	   0.0000000e+00	   0.0000000e+00	   0.0000000e+00	   0.0000000e+00	   0.0000000e+00	   0.0000000e+00	   0.0000000e+00	   0.0000000e+00	   0.0000000e+00	   0.0000000e+00	
   8.8657875e-01	  -1.5231532e+00	  -6.7155323e-01	   1.7145282e+00	             NaN	             NaN	             NaN	             NaN	             NaN	             NaN	             NaN	             NaN	             NaN	             NaN	             NaN	   0.0000000e+00	   0.0000000e+00	   0.0000000e+00	   0.0000000e+00	   0.0000000e+00	   0.0000000e+00	   0.0000000e+00	   0.0000000e+00	   0.0000000e+00	   0.0000000e+00	   0.0000000e+00	   0.0000000e+00	   0.0000000e+00	   0.0000000e+00	   0.0000000e+00	   0.0000000e+00	   0.0000000e+00	   0.0000000e+00	
   1.1791358e+00	  -1.6053937e+00	   2.1885485e+00	   3.0764129e+00	             NaN	             NaN	             NaN	             NaN	             NaN	             NaN	             NaN	             NaN	             NaN	             NaN	             NaN	   0.0000000e+00	   0.0000000e+00	   0.0000000e+00	   0.0000000e+00	   0.0000000e+00	   0.0000000e+00	   0.0000000e+00	   0.0000000e+00	   0.0000000e+00	   0.0000000e+00	   0.0000000e+00	   0.0000000e+00	   0.0000000e+00	   0.0000000e+00	   0.0000000e+00	   0.0000000e+00	   0.0000000e+00	   0.0000000e+00	
   1.5883603e+00	   9.9588378e-02	   2.1727407e+00	   3.6555133e+00	   6.1351915e+00	             NaN	             NaN	             NaN	             NaN	             NaN	             NaN	             NaN	             NaN	             NaN	             NaN	             NaN	   0.0000000e+00	   0.0000000e+00	   0.0000000e+00	   0.0000000e+00	   0.0000000e+00	   0.0000000e+00	   0.0000000e+00	   0.0000000e+00	   0.0000000e+00	   0.0000000e+00	   0.0000000e+00	   0.0000000e+00	   0.0000000e+00	   0.0000000e+00	   0.0000000e+00	   0.0000000e+00	   0.0000000e+00	
   2.1009263e+00	   4.3591085e-01	   2.4094419e+00	   3.7857985e+00	   6.0412699e+00	             NaN	             NaN	             NaN	             NaN	             NaN	             NaN	             NaN	             NaN	             NaN	             NaN	             NaN	   0.0000000e+00	   0.0000000e+00	   0.0000000e+00	   0.0000000e+00	   0.0000000e+00	   0.0000000e+00	   0.0000000e+00	   0.0000000e+00	   0.0000000e+00	   0.0000000e+00	   0.0000000e+00	   0.0000000e+00	   0.0000000e+00	   0.0000000e+00	   0.0000000e+00	   0.0000000e+00	   0.0000000e+00	
   2.6397698e+00	   2.5653142e+00	   2.7752154e+00	   5.1224392e+00	   6.4887808e+00	             NaN	             NaN	             NaN	             NaN	             NaN	             NaN	             NaN	             NaN	             NaN	             NaN	             NaN	   0.0000000e+00	   0.0000000e+00	   0.0000000e+00	   0.0000000e+00	   0.0000000e+00	   0.0000000e+00	   0.0000000e+00	   0.0000000e+00	   0.0000000e+00	   0.0000000e+00	   0.0000000e+00	   0.0000000e+00	   0.0000000e+00	   0.0000000e+00	   0.0000000e+00	   0.0000000e+00	   0.0000000e+00	
   2.4449974e+00	   2.7362647e+00	   3.2402393e+00	   4.7019461e+00	   6.3902489e+00	   7.6424510e+00	             NaN	             NaN	             NaN	             NaN	             NaN	             NaN	             NaN	             NaN	             NaN	             NaN	             NaN	   0.0000000e+00	   0.0000000e+00	   0.0000000e+00	   0.0000000e+00	   0.0000000e+00	   0.0000000e+00	   0.0000000e+00	   0.0000000e+00	   0.0000000e+00	   0.0000000e+00	   0.0000000e+00	   0.0000000e+00	   0.0000000e+00	   0.0000000e+00	   0.0000000e+00	   0.0000000e+00	
   4.0892353e+00	   2.2110418e+00	   4.0801434e+00	   4.8987394e+00	   6.0944282e+00	   7.5275717e+00	             NaN	             NaN	             NaN	             NaN	             NaN	             NaN	             NaN	             NaN	             NaN	             NaN	             NaN	   0.0000000e+00	   0.0000000e+00	   0.0000000e+00	   0.0000000e+00	   0.0000000e+00	   0.0000000e+00	   0.0000000e+00	   0.0000000e+00	   0.0000000e+00	   0.0000000e+00	   0.0000000e+00	   0.0000000e+00	   0.0000000e+00	   0.0000000e+00	   0.0000000e+00	   0.0000000e+00	
   2.4609637e+00	   3.3471062e+00	   4.4990985e+00	   5.9990885e+00	   6.6657272e+00	   7.4651921e+00	   7.8265484e+00	             NaN	             NaN	             NaN	             NaN	             NaN	             NaN	             NaN	             NaN	             NaN	             NaN	             NaN	   0.0000000e+00	   0.0000000e+00	   0.0000000e+00	   0.0000000e+00	   0.0000000e+00	   0.0000000e+00	   0.0000000e+00	   0.0000000e+00	   0.0000000e+00	   0.0000000e+00	   0.0000000e+00	   0.0000000e+00	   0.0000000e+00	   0.0000000e+00	   0.0000000e+00	
   3.6134210e+00	   3.8327328e+00	   4.5866177e+00	   6.1161870e+00	   6.8044412e+00	   7.5616512e+00	   7.6161880e+00	             NaN	             NaN	             NaN	             NaN	             NaN	             NaN	             NaN	             NaN	             NaN	             NaN	             NaN	   0.0000000e+00	   0.0000000e+00	   0.0000000e+00	   0.0000000e+00	   0.0000000e+00	   0.0000000e+00	   0.0000000e+00	   0.0000000e+00	   0.0000000e+00	   0.0000000e+00	   0.0000000e+00	   0.0000000e+00	   0.0000000e+00	   0.0000000e+00	   0.0000000e+00	
   4.7565890e+00	   3.6404995e+00	   5.8535361e+00	   6.6923608e+00	   7.4992914e+00	   7.5845166e+00	   7.4215598e+00	             NaN	             NaN	             NaN	             NaN	             NaN	             NaN	             NaN	             NaN	             NaN	             NaN	             NaN	   0.0000000e+00	   0.0000000e+00	   0.0000000e+00	   0.0000000e+00	   0.0000000e+00	   0.0000000e+00	   0.0000000e+00	   0.0000000e+00	   0.0000000e+00	   0.0000000e+00	   0.0000000e+00	   0.0000000e+00	   0.0000000e+00	   0.0000000e+00	   0.0000000e+00	
   3.7237406e+00	   3.7960943e+00	   5.5929927e+00	   6.5927951e+00	   6.9786922e+00	   7.7062256e+00	   7.3406615e+00	   6.2360802e+00	             NaN	             NaN	             NaN	             NaN	             NaN	             NaN	             NaN	             NaN	             NaN	             NaN	             NaN	   0.0000000e+00	   0.0000000e+00	   0.0000000e+00	   0.0000000e+00	   0.0000000e+00	   0.0000000e+00	   0.0000000e+00	   0.0000000e+00	   0.0000000e+00	   0.0000000e+00	   0.0000000e+00	   0.0000000e+00	   0.0000000e+00	   0.0000000e+00	
   4.7013662e+00	   4.3149026e+00	   5.5518935e+00	   6.7619989e+00	   7.3687965e+00	   7.5500439e+00	   7.1605799e+00	   5.9771770e+00	             NaN	             NaN	             NaN	             NaN	             NaN	             NaN	             NaN	             NaN	             NaN	             NaN	             NaN	   0.0000000e+00	   0.0000000e+00	   0.0000000e+00	   0.0000000e+00	   0.0000000e+00	   0.0000000e+00	   0.0000000e+00	   0.0000000e+00	   0.0000000e+00	   0.0000000e+00	   0.0000000e+00	   0.0000000e+00	   0.0000000e+00	   0.0000000e+00	
   4.5476101e+00	   3.7667646e+00	   5.3159408e+00	   6.5443362e+00	   6.8640738e+00	   6.7352105e+00	   6.6039834e+00	   5.7211842e+00	   3.9928033e+00	             NaN	             NaN	             NaN	             NaN	             NaN	             NaN	             NaN	             NaN	             NaN	             NaN	             NaN	   0.0000000e+00	   0.0000000e+00	   0.0000000e+00	   0.0000000e+00	   0.0000000e+00	   0.0000000e+00	   0.0000000e+00	   0.0000000e+00	   0.0000000e+00	   0.0000000e+00	   0.0000000e+00	   0.0000000e+00	   0.0000000e+00	
   3.5591916e+00	   4.1215036e+00	   5.6153947e+00	   6.7615450e+00	   6.8980691e+00	   6.8470263e+00	   6.5865140e+00	   5.3532613e+00	   3.8143958e+00	             NaN	             NaN	             NaN	             NaN	             NaN	             NaN	             NaN	             NaN	             NaN	             NaN	             NaN	   0.0000000e+00	   0.0000000e+00	   0.0000000e+00	   0.0000000e+00	   0.0000000e+00	   0.0000000e+00	   0.0000000e+00	   0.0000000e+00	   0.0000000e+00	   0.0000000e+00	   0.0000000e+00	   0.0000000e+00	   0.0000000e+00	
   3.9039444e+00	   4.5182425e+00	   5.4855148e+00	   6.5944187e+00	   6.7754011e+00	   6.6615807e+00	   6.0536864e+00	   5.0862479e+00	   3.4650300e+00	             NaN	             NaN	             NaN	             NaN	             NaN	             NaN	             NaN	             NaN	             NaN	             NaN	             NaN	   0.0000000e+00	   0.0000000e+00	   0.0000000e+00	   0.0000000e+00	   0.0000000e+00	   0.0000000e+00	   0.0000000e+00	   0.0000000e+00	   0.0000000e+00	   0.0000000e+00	   0.0000000e+00	   0.0000000e+00	   0.0000000e+00	
   2.8196132e+00	   4.6755091e+00	   5.5319742e+00	   6.1463038e+00	   6.5410248e+00	   6.4089938e+00	   5.9690344e+00	   4.5883210e+00	   3.3295631e+00	   2.0018641e+00	             NaN	             NaN	             NaN	             NaN	             NaN	             NaN	             NaN	             NaN	             NaN	             NaN	             NaN	   0.0000000e+00	   0.0000000e+00	   0.0000000e+00	   0.0000000e+00	   0.0000000e+00	   0.0000000e+00	   0.0000000e+00	   0.0000000e+00	   0.0000000e+00	   0.0000000e+00	   0.0000000e+00	   0.0000000e+00	
   4.0903600e+00	   4.2553376e+00	   5.9486806e+00	   6.6574864e+00	   6.3256323e+00	   6.4037167e+00	   5.5909622e+00	   4.4548123e+00	   3.0488425e+00	   1.6988414e+00	             NaN	             NaN	             NaN	             NaN	             NaN	             NaN	             NaN	             NaN	             NaN	             NaN	             NaN	   0.0000000e+00	   0.0000000e+00	   0.0000000e+00	   0.0000000e+00	   0.0000000e+00	   0.0000000e+00	   0.0000000e+00	   0.0000000e+00	   0.0000000e+00	   0.0000000e+00	   0.0000000e+00	   0.0000000e+00	
   3.2589100e+00	   4.5616848e+00	   5.5408822e+00	   5.8823457e+00	   6.0693158e+00	   5.9206216e+00	   5.5102928e+00	   4.2703761e+00	   2.9863736e+00	   1.7680433e+00	   1.4399693e+00	             NaN	             NaN	             NaN	             NaN	             NaN	             NaN	             NaN	             NaN	             NaN	             NaN	             NaN	   0.0000000e+00	   0.0000000e+00	   0.0000000e+00	   0.0000000e+00	   0.0000000e+00	   0.0000000e+00	   0.0000000e+00	   0.0000000e+00	   0.0000000e+00	   0.0000000e+00	   0.0000000e+00	
   3.6610769e+00	   4.4924431e+00	   5.1823761e+00	   5.6954952e+00	   6.0747083e+00	   5.7702611e+00	   4.9497512e+00	   3.9597937e+00	   2.8181074e+00	   1.6885663e+00	   1.1640697e+00	             NaN	             NaN	             NaN	             NaN	             NaN	             NaN	             NaN	             NaN	             NaN	             NaN	             NaN	   0.0000000e+00	   0.0000000e+00	   0.0000000e+00	   0.0000000e+00	   0.0000000e+00	   0.0000000e+00	   0.0000000e+00	   0.0000000e+00	   0.0000000e+00	   0.0000000e+00	   0.0000000e+00	
   3.8277078e+00	   4.6399446e+00	   4.9071729e+00	   5.2202585e+00	   5.2676158e+00	   5.3566406e+00	   4.9500350e+00	   3.7828410e+00	   2.4463391e+00	   1.6121326e+00	   1.1484205e+00	             NaN	             NaN	             NaN	             NaN	             NaN	             NaN	             NaN	             NaN	             NaN	             NaN	             NaN	   0.0000000e+00	   0.0000000e+00	   0.0000000e+00	   0.0000000e+00	   0.0000000e+00	   0.0000000e+00	   0.0000000e+00	   0.0000000e+00	   0.0000000e+00	   0.0000000e+00	   0.0000000e+00	
   3.8970947e+00	   4.6387921e+00	   4.8958164e+00	   5.1288122e+00	   5.3668428e+00	   4.9671280e+00	   4.4033911e+00	   3.4275826e+00	   2.5543198e+00	   1.5701748e+00	   9.8736300e-01	   1.1585124e+00	             NaN	             NaN	             NaN	             NaN	             NaN	             NaN	             NaN	             NaN	             NaN	             NaN	             NaN	   0.0000000e+00	   0.0000000e+00	   0.0000000e+00	   0.0000000e+00	   0.0000000e+00	   0.0000000e+00	   0.0000000e+00	   0.0000000e+00	   0.0000000e+00	   0.0000000e+00	
   4.1718028e+00	   4.0558371e+00	   4.8374425e+00	   5.1632182e+00	   5.0062503e+00	   4.6495232e+00	   3.8269492e+00	   3.2588466e+00	   2.3637648e+00	   1.5621613e+00	   1.0520792e+00	   8.7193876e-01	             NaN	             NaN	             NaN	             NaN	             NaN	             NaN	             NaN	             NaN	             NaN	             NaN	             NaN	   0.0000000e+00	   0.0000000e+00	   0.0000000e+00	   0.0000000e+00	   0.0000000e+00	   0.0000000e+00	   0.0000000e+00	   0.0000000e+00	   0.0000000e+00	   0.0000000e+00	
   3.9143504e+00	   3.9321882e+00	   4.4169199e+00	   4.5021277e+00	   4.8376514e+00	   4.3610994e+00	   3.7934639e+00	   2.9988832e+00	   2.0821879e+00	   1.4756556e+00	   1.0498977e+00	   8.2431595e-01	   1.3763692e+00	             NaN	             NaN	             NaN	             NaN	             NaN	             NaN	             NaN	             NaN	             NaN	             NaN	             NaN	   0.0000000e+00	   0.0000000e+00	   0.0000000e+00	   0.0000000e+00	   0.0000000e+00	   0.0000000e+00	   0.0000000e+00	   0.0000000e+00	   0.0000000e+00	
   3.7289023e+00	   3.2761713e+00	   4.0960446e+00	   4.3498112e+00	   4.3451897e+00	   3.8786684e+00	   3.6098832e+00	   2.7384657e+00	   1.9873331e+00	   1.2727356e+00	   1.0061848e+00	   8.5766824e-01	   9.8059467e-01	             NaN	             NaN	             NaN	             NaN	             NaN	             NaN	             NaN	             NaN	             NaN	             NaN	             NaN	   0.0000000e+00	   0.0000000e+00	   0.0000000e+00	   0.0000000e+00	   0.0000000e+00	   0.0000000e+00	   0.0000000e+00	   0.0000000e+00	   0.0000000e+00	
   2.5205350e+00	   3.5340119e+00	   3.9369074e+00	   3.9034820e+00	   3.9917384e+00	   3.7931633e+00	   3.2521095e+00	   2.7545578e+00	   1.8618371e+00	   1.3175313e+00	   9.6816460e-01	   8.0915385e-01	   7.3914876e-01	             NaN	             NaN	             NaN	             NaN	             NaN	             NaN	             NaN	             NaN	             NaN	             NaN	             NaN	   0.0000000e+00	   0.0000000e+00	   0.0000000e+00	   0.0000000e+00	   0.0000000e+00	   0.0000000e+00	   0.0000000e+00	   0.0000000e+00	   0.0000000e+00	
   2.5594498e+00	   3.1687764e+00	   3.7074074e+00	   3.5913798e+00	   3.7863883e+00	   3.4855591e+00	   3.0795374e+00	   2.4580259e+00	   1.7304573e+00	   1.3091965e+00	   1.0132313e+00	   8.1968378e-01	   6.7977491e-01	   8.7341558e-01	             NaN	             NaN	             NaN	             NaN	             NaN	             NaN	             NaN	             NaN	             NaN	             NaN	             NaN	   0.0000000e+00	   0.0000000e+00	   0.0000000e+00	   0.0000000e+00	   0.0000000e+00	   0.0000000e+00	   0.0000000e+00	   0.0000000e+00	
   3.0958458e+00	   2.8022692e+00	   3.5336202e+00	   3.5379194e+00	   3.4338528e+00	   3.0805732e+00	   2.8163653e+00	   2.3704891e+00	   1.5891372e+00	   1.2198219e+00	   9.6107101e-01	   7.9429149e-01	   6.2579067e-01	   7.3290502e-01	             NaN	             NaN	             NaN	             NaN	             NaN	             NaN	             NaN	             NaN	             NaN	             NaN	             NaN	   0.0000000e+00	   0.0000000e+00	   0.0000000e+00	   0.0000000e+00	   0.0000000e+00	   0.0000000e+00	   0.0000000e+00	   0.0000000e+00	
   2.3071567e+00	   2.3920983e+00	   2.8451798e+00	   2.8237245e+00	   3.2168652e+00	   2.8074880e+00	   2.4446294e+00	   1.9233090e+00	   1.5786853e+00	   1.1766896e+00	   8.4049518e-01	   7.2833326e-01	   6.0843837e-01	   6.5555947e-01	   6.0728639e-01	             NaN	             NaN	             NaN	             NaN	             NaN	             NaN	             NaN	             NaN	             NaN	             NaN	             NaN	   0.0000000e+00	   0.0000000e+00	   0.0000000e+00	   0.0000000e+00	   0.0000000e+00	   0.0000000e+00	   0.0000000e+00	
   1.4152250e+00	   1.6951983e+00	   2.8642028e+00	   2.8496360e+00	   3.0164709e+00	   2.6762954e+00	   2.3355779e+00	   1.9557429e+00	   1.5414400e+00	   1.1026883e+00	   9.0439004e-01	   7.4943605e-01	   6.3100999e-01	   5.7087517e-01	   7.0683763e-01	             NaN	             NaN	             NaN	             NaN	             NaN	             NaN	             NaN	             NaN	             NaN	             NaN	             NaN	   0.0000000e+00	   0.0000000e+00	   0.0000000e+00	   0.0000000e+00	   0.0000000e+00	   0.0000000e+00	   0.0000000e+00	
   1.5786605e+00	   2.3067261e+00	   2.2203683e+00	   2.6839558e+00	   2.7651157e+00	   2.6403675e+00	   2.1327681e+00	   1.7473728e+00	   1.3567402e+00	   9.9403010e-01	   8.7381354e-01	   7.6310652e-01	   6.6315141e-01	   5.5925896e-01	   7.0998340e-01	             NaN	             NaN	             NaN	             NaN	             NaN	             NaN	             NaN	             NaN	             NaN	             NaN	             NaN	   0.0000000e+00	   0.0000000e+00	   0.0000000e+00	   0.0000000e+00	   0.0000000e+00	   0.0000000e+00	   0.0000000e+00	
   6.2760074e-01	   1.1054455e+00	   2.4449726e+00	   2.3203694e+00	   2.6497008e+00	   2.2069101e+00	   2.0606528e+00	   1.6293738e+00	   1.2590491e+00	   1.0203850e+00	   8.5551906e-01	   7.6200641e-01	   6.3869892e-01	   5.4674554e-01	   5.8127720e-01	   7.7651890e-01	             NaN	             NaN	             NaN	             NaN	             NaN	             NaN	             NaN	             NaN	             NaN	             NaN	             NaN	   0.0000000e+00	   0.0000000e+00	   0.0000000e+00	   0.0000000e+00	   0.0000000e+00	   0.0000000e+00	
   7.1502495e-01	   1.7332037e+00	   1.9750645e+00	   2.2957622e+00	   2.2020257e+00	   2.1612748e+00	   1.9256116e+00	   1.5636269e+00	   1.2089126e+00	   1.0340030e+00	   8.9138396e-01	   7.3481835e-01	   6.4688793e-01	   5.5013173e-01	   4.7502929e-01	   7.4028566e-01	             NaN	             NaN	             NaN	             NaN	             NaN	             NaN	             NaN	             NaN	             NaN	             NaN	             NaN	   0.0000000e+00	   0.0000000e+00	   0.0000000e+00	   0.0000000e+00	   0.0000000e+00	   0.0000000e+00	
   4.9345462e-01	   2.9462542e-01	   1.6793793e+00	   1.9026164e+00	   2.1609726e+00	   1.9879427e+00	   1.6359490e+00	   1.4624460e+00	   1.1082915e+00	   1.0196322e+00	   8.2122387e-01	   7.2935724e-01	   6.1596824e-01	   5.0272865e-01	   4.6634201e-01	   5.6559008e-01	   2.7047257e-01	             NaN	             NaN	             NaN	             NaN	             NaN	             NaN	             NaN	             NaN	             NaN	             NaN	             NaN	   0.0000000e+00	   0.0000000e+00	   0.0000000e+00	   0.0000000e+00	   0.0000000e+00	
  -3.9307684e-01	  -7.7652275e-02	   6.8522739e-01	   1.9058987e+00	   2.0830114e+00	   1.8082435e+00	   1.7544002e+00	   1.4134384e+00	   1.1484885e+00	   9.7225799e-01	   7.9857346e-01	   7.3451098e-01	   6.1254947e-01	   5.5073271e-01	   4.2789243e-01	   4.6285444e-01	   5.5415928e-01	             NaN	             NaN	             NaN	             NaN	             NaN	             NaN	             NaN	             NaN	             NaN	             NaN	             NaN	   0.0000000e+00	   0.0000000e+00	   0.0000000e+00	   0.0000000e+00	   0.0000000e+00	
  -6.6872501e-01	   1.0705522e-01	   1.1472504e+00	   1.4974360e+00	   1.6523407e+00	   1.5574111e+00	   1.5523053e+00	   1.3227986e+00	   1.0428827e+00	   9.5757554e-01	   7.8407075e-01	   7.4750860e-01	   6.3903850e-01	   4.9943512e-01	   4.4882580e-01	   4.2799992e-01	   5.9423021e-01	             NaN	             NaN	             NaN	             NaN	             NaN	             NaN	             NaN	             NaN	             NaN	             NaN	             NaN	   0.0000000e+00	   0.0000000e+00	   0.0000000e+00	   0.0000000e+00	   0.0000000e+00	
  -6.4057107e-01	  -1.0430978e+00	   5.1992673e-02	   1.2304553e+00	   1.8666188e+00	   1.7315324e+00	   1.4720724e+00	   1.2248188e+00	   1.0182495e+00	   9.1936268e-01	   7.6323636e-01	   7.1680345e-01	   6.1546633e-01	   5.5861284e-01	   4.6244631e-01	   4.3390218e-01	   5.0685294e-01	   7.1166346e-02	             NaN	             NaN	             NaN	             NaN	             NaN	             NaN	             NaN	             NaN	             NaN	             NaN	             NaN	   0.0000000e+00	   0.0000000e+00	   0.0000000e+00	   0.0000000e+00	
  -2.8038385e+00	  -9.0082082e-01	   1.1123429e-01	   8.3358931e-01	   1.3224622e+00	   1.6072011e+00	   1.3857287e+00	   1.1610694e+00	   8.9999628e-01	   8.3302621e-01	   7.7455915e-01	   7.2479513e-01	   6.2447573e-01	   5.5173545e-01	   4.6462634e-01	   3.7730555e-01	   4.9644088e-01	   5.2152434e-01	             NaN	             NaN	             NaN	             NaN	             NaN	             NaN	             NaN	             NaN	             NaN	             NaN	             NaN	   0.0000000e+00	   0.0000000e+00	   0.0000000e+00	   0.0000000e+00	
  -2.7522001e+00	  -2.9056331e+00	  -5.5495184e-01	   9.0506519e-01	   1.3903654e+00	   1.3115720e+00	   1.2905425e+00	   1.0915678e+00	   9.2747025e-01	   8.6687264e-01	   7.7625812e-01	   6.7800408e-01	   6.4825618e-01	   5.2885283e-01	   4.5741577e-01	   4.1150647e-01	   3.4882604e-01	   6.7105644e-01	  -1.2159942e-01	             NaN	             NaN	             NaN	             NaN	             NaN	             NaN	             NaN	             NaN	             NaN	             NaN	             NaN	   0.0000000e+00	   0.0000000e+00	   0.0000000e+00	
  -2.6108663e+00	  -2.6235205e+00	  -1.0485588e+00	   5.9643933e-01	   1.1895785e+00	   1.3625594e+00	   1.1297840e+00	   1.0426477e+00	   9.3270798e-01	   8.0515795e-01	   8.0322115e-01	   6.7942440e-01	   5.7197613e-01	   5.3978748e-01	   4.6723697e-01	   4.1632672e-01	   3.5759973e-01	   5.2919506e-01	   1.9371395e-01	             NaN	             NaN	             NaN	             NaN	             NaN	             NaN	             NaN	             NaN	             NaN	             NaN	             NaN	   0.0000000e+00	   0.0000000e+00	   0.0000000e+00	
  -1.3839776e+00	  -2.7124773e+00	  -7.8556329e-01	   4.3035641e-01	   1.1136466e+00	   1.1030283e+00	   1.1892401e+00	   1.0009929e+00	   8.9434877e-01	   8.0236148e-01	   7.7867495e-01	   6.5555790e-01	   6.2595765e-01	   5.6574122e-01	   4.6431757e-01	   3.9677654e-01	   3.2820584e-01	   3.9557760e-01	   3.3121027e-01	             NaN	             NaN	             NaN	             NaN	             NaN	             NaN	             NaN	             NaN	             NaN	             NaN	             NaN	   0.0000000e+00	   0.0000000e+00	   0.0000000e+00	
  -3.4158325e+00	  -2.3834560e+00	  -1.5801722e+00	  -4.5235653e-02	   9.2651838e-01	   1.2113220e+00	   1.0974136e+00	   9.7538311e-01	   8.5422663e-01	   8.4352868e-01	   7.5080588e-01	   6.8665493e-01	   6.2387130e-01	   5.4409071e-01	   4.8028314e-01	   4.2386345e-01	   3.6524450e-01	   3.9003040e-01	   5.1369098e-01	   7.5480731e-02	             NaN	             NaN	             NaN	             NaN	             NaN	             NaN	             NaN	             NaN	             NaN	             NaN	             NaN	   0.0000000e+00	   0.0000000e+00	
  -2.9875617e+00	  -3.7403786e+00	  -1.3544227e+00	   1.5414831e-01	   9.0391329e-01	   1.1324781e+00	   1.0431647e+00	   9.3886044e-01	   8.7513540e-01	   8.1413451e-01	   7.5088071e-01	   6.8631583e-01	   6.5367067e-01	   5.6228721e-01	   5.0804444e-01	   4.3069734e-01	   3.7952132e-01	   3.7244707e-01	   4.1040634e-01	   2.0561455e-01	             NaN	             NaN	             NaN	             NaN	             NaN	             NaN	             NaN	             NaN	             NaN	             NaN	             NaN	   0.0000000e+00	   0.0000000e+00	
  -4.2007995e+00	  -3.0098616e+00	  -1.8831735e+00	  -3.8926946e-01	   8.4726123e-01	   9.8633487e-01	   1.0109161e+00	   9.3063091e-01	   8.2579565e-01	   7.7721955e-01	   7.6635794e-01	   6.8134499e-01	   6.4953450e-01	   5.5671584e-01	   5.1821856e-01	   4.0900490e-01	   3.7832288e-01	   3.7734486e-01	   4.6917730e-01	   3.6809998e-01	  -1.1458322e-01	             NaN	             NaN	             NaN	             NaN	             NaN	             NaN	             NaN	             NaN	             NaN	             NaN	             NaN	   0.0000000e+00	
  -3.0993445e+00	  -3.6595073e+00	  -2.3652291e+00	  -3.7902695e-01	   5.0468166e-01	   8.9813256e-01	   9.4342506e-01	   9.0650803e-01	   8.3578700e-01	   7.6566512e-01	   7.3142970e-01	   6.8499186e-01	   6.4122784e-01	   5.9999744e-01	   5.4260482e-01	   4.6688935e-01	   3.9504045e-01	   3.7267796e-01	   3.3421513e-01	   5.2913625e-01	  -1.8770746e-01	             NaN	             NaN	             NaN	             NaN	             NaN	             NaN	             NaN	             NaN	             NaN	             NaN	             NaN	   0.0000000e+00	
  -4.2182579e+00	  -2.9375122e+00	  -2.6126330e+00	  -9.5631881e-01	   6.9232659e-01	   9.2665523e-01	   9.9025687e-01	   9.4803489e-01	   8.0340900e-01	   7.9744073e-01	   7.6877300e-01	   6.9858867e-01	   7.1279064e-01	   6.0362165e-01	   5.4464198e-01	   4.7577868e-01	   4.1300127e-01	   3.7508988e-01	   3.8158642e-01	   5.0987604e-01	   7.7608373e-02	             NaN	             NaN	             NaN	             NaN	             NaN	             NaN	             NaN	             NaN	             NaN	             NaN	             NaN	   0.0000000e+00	
  -4.7745114e+00	  -4.2187174e+00	  -2.7727442e+00	  -6.5582482e-01	   5.2013621e-01	   7.6491481e-01	   8.9757334e-01	   7.4674097e-01	   8.6784229e-01	   7.3796826e-01	   7.4392811e-01	   7.2542002e-01	   6.9106893e-01	   6.4545752e-01	   5.6422094e-01	   5.2915331e-01	   4.2983018e-01	   3.9048762e-01	   3.7382595e-01	   4.4995501e-01	   3.1045316e-01	  -1.2988625e-01	             NaN	             NaN	             NaN	             NaN	             NaN	             NaN	             NaN	             NaN	             NaN	             NaN	             NaN	
  -5.7260687e+00	  -4.4967763e+00	  -3.3199155e+00	  -9.6654567e-01	   4.4013545e-01	   8.0793789e-01	   8.5722239e-01	   9.0533412e-01	   7.9130875e-01	   7.3226551e-01	   7.8844018e-01	   6.8984326e-01	   6.9167305e-01	   6.3499924e-01	   5.2767935e-01	   4.9203051e-01	   4.3454648e-01	   4.0222764e-01	   3.6838677e-01	   3.8604600e-01	   3.6023688e-01	  -5.7546952e-02	             NaN	             NaN	             NaN	             NaN	             NaN	             NaN	             NaN	             NaN	             NaN	             NaN	             NaN	
  -4.6249791e+00	  -4.5229916e+00	  -2.8017328e+00	  -1.0849483e+00	   3.5782137e-01	   7.9315257e-01	   9.0001549e-01	   8.1113262e-01	   8.2787785e-01	   7.4795938e-01	   8.0676753e-01	   7.3596361e-01	   6.8365977e-01	   6.4783673e-01	   5.4809892e-01	   4.9375020e-01	   4.6024318e-01	   4.2543788e-01	   3.8082823e-01	   3.5651590e-01	   5.0900075e-01	   8.0172057e-03	   1.6960064e-02	             NaN	             NaN	             NaN	             NaN	             NaN	             NaN	             NaN	             NaN	             NaN	             NaN	
  -4.4672066e+00	  -4.4075167e+00	  -2.6511981e+00	  -6.4655411e-01	   2.5265162e-01	   8.4734627e-01	   8.4264602e-01	   8.0211890e-01	   7.8610939e-01	   8.2869901e-01	   7.6777116e-01	   7.3071126e-01	   6.8863799e-01	   6.3974969e-01	   5.9662265e-01	   5.0411858e-01	   4.6149576e-01	   4.2719293e-01	   4.0039586e-01	   3.3675969e-01	   4.4885513e-01	   3.5081313e-01	  -2.6716139e-02	             NaN	             NaN	             NaN	             NaN	             NaN	             NaN	             NaN	             NaN	             NaN	             NaN	
  -4.6712414e+00	  -4.4606618e+00	  -3.7188640e+00	  -8.5733953e-01	   6.1498306e-03	   6.9351417e-01	   8.2441573e-01	   8.4395905e-01	   7.8207694e-01	   7.9794109e-01	   7.7703408e-01	   7.5755629e-01	   7.1855765e-01	   6.7732214e-01	   5.5020149e-01	   5.1945567e-01	   5.1270345e-01	   4.5127877e-01	   4.1591517e-01	   3.5120216e-01	   3.7039300e-01	   4.4372443e-01	  -9.9857653e-02	             NaN	             NaN	             NaN	             NaN	             NaN	             NaN	             NaN	             NaN	             NaN	             NaN	
  -2.3930645e+00	  -4.1511471e+00	  -2.8672095e+00	  -1.2505838e+00	   2.3186447e-01	   5.9094159e-01	   8.1913071e-01	   8.4417724e-01	   8.2174718e-01	   8.0952361e-01	   7.8492057e-01	   7.7242030e-01	   7.0550857e-01	   6.9387780e-01	   6.1353881e-01	   5.5416967e-01	   5.1475453e-01	   4.9059003e-01	   3.9920782e-01	   3.8512967e-01	   3.9183579e-01	   5.4593264e-01	   9.1164579e-02	   8.6255322e-02	             NaN	             NaN	             NaN	             NaN	             NaN	             NaN	             NaN	             NaN	             NaN	
  -3.3650982e+00	  -4.2809055e+00	  -2.5552664e+00	  -7.4531790e-01	   2.3137699e-01	   7.1354948e-01	   7.9404406e-01	   8.6939729e-01	   8.8708184e-01	   8.0256568e-01	   7.7266959e-01	   7.9581197e-01	   7.3955028e-01	   6.9341715e-01	   6.2801894e-01	   5.3753818e-01	   5.1893018e-01	   4.8750107e-01	   4.4192048e-01	   4.0611448e-01	   3.5947442e-01	   4.4743120e-01	   2.6475746e-01	  -3.1814620e-02	             NaN	             NaN	             NaN	             NaN	             NaN	             NaN	             NaN	             NaN	             NaN	
  -4.1236902e+00	  -3.5631114e+00	  -2.5063033e+00	  -9.5250098e-01	   2.4910793e-01	   6.9926248e-01	   8.3918601e-01	   8.3033288e-01	   8.0118699e-01	   8.5440192e-01	   8.0229784e-01	   7.7096143e-01	   7.5852570e-01	   7.0363687e-01	   6.4956986e-01	   5.6589999e-01	   5.1853500e-01	   4.9412323e-01	   4.6671657e-01	   4.0095492e-01	   4.0950196e-01	   4.2903275e-01	   4.7693037e-01	   2.8884559e-03	   1.5357125e-01	             NaN	             NaN	             NaN	             NaN	             NaN	             NaN	             NaN	             NaN	
  -3.7656993e+00	  -4.0684747e+00	  -2.5073030e+00	  -7.4859511e-01	   2.0680708e-01	   7.8192777e-01	   8.5148712e-01	   8.4478255e-01	   8.2441197e-01	   8.2949341e-01	   8.4451299e-01	   7.9152015e-01	   7.6551989e-01	   6.9357667e-01	   6.3946195e-01	   6.0131076e-01	   5.1810385e-01	   5.1534455e-01	   4.8827353e-01	   4.3410274e-01	   4.0097895e-01	   3.9950880e-01	   5.1403513e-01	   5.2725663e-02	   8.7929284e-02	             NaN	             NaN	             NaN	             NaN	             NaN	             NaN	             NaN	             NaN	
  -3.5712974e+00	  -3.1886900e+00	  -2.4180612e+00	  -8.3701712e-01	   2.6604103e-01	   7.1334966e-01	   8.0358721e-01	   8.2884879e-01	   8.0682723e-01	   7.9328246e-01	   8.0664713e-01	   7.6560463e-01	   7.3596676e-01	   7.3310342e-01	   6.3742486e-01	   6.3577049e-01	   5.4555388e-01	   5.1975337e-01	   4.9789574e-01	   4.2931807e-01	   4.1549903e-01	   3.8821373e-01	   4.6697052e-01	   2.8524574e-01	   1.3087460e-01	             NaN	             NaN	             NaN	             NaN	             NaN	             NaN	             NaN	             NaN	
  -3.1047737e+00	  -3.7616199e+00	  -2.6381490e+00	  -7.5017789e-01	   3.6314574e-01	   6.3502722e-01	   7.9606420e-01	   8.8255456e-01	   8.6430824e-01	   8.1332313e-01	   8.2888836e-01	   7.9992840e-01	   7.3933353e-01	   7.8187248e-01	   6.6209314e-01	   5.9995855e-01	   5.4508946e-01	   5.3361308e-01	   5.2203359e-01	   4.4594311e-01	   4.4549943e-01	   4.0322570e-01	   4.6938291e-01	   3.2715809e-01	   4.4129549e-02	   1.9039837e-01	             NaN	             NaN	             NaN	             NaN	             NaN	             NaN	             NaN	
  -3.1156367e+00	  -2.4307225e+00	  -1.7983326e+00	  -6.2684346e-01	  -2.8469640e-03	   5.9771218e-01	   8.2492468e-01	   8.5523464e-01	   8.3829511e-01	   7.7506271e-01	   8.5961332e-01	   8.1988199e-01	   8.1608554e-01	   7.6756032e-01	   6.6681774e-01	   6.4319096e-01	   5.6581895e-01	   5.6087331e-01	   4.8338507e-01	   4.7804717e-01	   4.3703924e-01	   4.2211665e-01	   3.9821774e-01	   5.0057217e-01	   1.6240826e-01	   1.3535684e-01	             NaN	             NaN	             NaN	             NaN	             NaN	             NaN	             NaN	
  -2.7530980e+00	  -3.0650429e+00	  -1.0823176e+00	  -6.7381715e-01	   5.8687625e-01	   7.8172728e-01	   8.4877197e-01	   8.5345153e-01	   8.8582891e-01	   8.7314476e-01	   7.8249093e-01	   8.3471361e-01	   7.3556204e-01	   7.0562816e-01	   7.1878877e-01	   6.3464442e-01	   5.8719765e-01	   5.8176153e-01	   5.1824270e-01	   4.8828598e-01	   4.4488854e-01	   4.0084930e-01	   3.9002490e-01	   4.3917638e-01	   1.8487847e-01	   1.1269733e-01	   1.9409465e-01	             NaN	             NaN	             NaN	             NaN	             NaN	             NaN	
  -1.0417224e+00	  -2.3022967e+00	  -1.0860548e+00	  -4.3952292e-01	   3.3307732e-01	   8.5846070e-01	   8.6253725e-01	   8.4206448e-01	   8.5168722e-01	   8.5578023e-01	   8.5052406e-01	   8.4269436e-01	   8.0382091e-01	   7.3670963e-01	   6.9675596e-01	   6.2460604e-01	   6.0913472e-01	   5.7886135e-01	   5.3187090e-01	   4.7567848e-01	   4.6683797e-01	   4.1217045e-01	   3.9290395e-01	   4.1051593e-01	   3.4351688e-01	   4.8595253e-02	   1.6836202e-01	             NaN	             NaN	             NaN	             NaN	             NaN	             NaN	
  -9.7455443e-01	  -1.8625473e+00	  -1.4640712e+00	  -5.4176678e-01	   4.4631691e-01	   7.1530363e-01	   8.9118712e-01	   9.3383361e-01	   7.9306621e-01	   8.3281357e-01	   8.5483736e-01	   8.1748398e-01	   8.2502277e-01	   7.4008879e-01	   6.5924291e-01	   6.4840504e-01	   6.0326931e-01	   5.5393677e-01	   5.3871835e-01	   4.9761777e-01	   4.6707759e-01	   4.3809725e-01	   4.1232296e-01	   4.3448322e-01	   4.3652219e-01	   4.9714688e-02	   1.4976946e-01	             NaN	             NaN	             NaN	             NaN	             NaN	             NaN	
  -7.2922306e-01	  -2.4183924e+00	  -7.4989737e-01	  -3.2563512e-01	   3.9872270e-01	   7.2030590e-01	   9.2586417e-01	   9.0346630e-01	   8.4327759e-01	   8.5175611e-01	   8.4535654e-01	   8.3872157e-01	   8.0434497e-01	   7.6015562e-01	   7.0928154e-01	   6.4651415e-01	   5.9524422e-01	   5.6834174e-01	   5.4532398e-01	   5.0343159e-01	   4.7537300e-01	   4.1766453e-01	   4.1260982e-01	   3.7299955e-01	   4.2609358e-01	   1.2480504e-01	   6.2459595e-02	   2.1326701e-01	             NaN	             NaN	             NaN	             NaN	             NaN	
  -1.9528910e+00	  -2.1335509e+00	  -1.1812614e+00	  -3.1958877e-01	   3.8849712e-01	   7.7075514e-01	   9.4563412e-01	   8.1345345e-01	   9.4318243e-01	   8.6884260e-01	   8.4188364e-01	   8.3734741e-01	   7.9942300e-01	   7.5198632e-01	   6.8726415e-01	   6.6873315e-01	   6.3699249e-01	   5.8014776e-01	   5.5499803e-01	   5.1890065e-01	   4.9007654e-01	   4.4214150e-01	   4.1108761e-01	   3.6971442e-01	   4.1847656e-01	   3.3143258e-01	   1.0736414e-01	   1.8271062e-01	             NaN	             NaN	             NaN	             NaN	             NaN	
  -1.6468594e+00	  -1.3894682e+00	  -4.4400736e-01	  -1.4825172e-01	   6.1897914e-01	   7.7210161e-01	   9.7665658e-01	   8.9810386e-01	   8.3841833e-01	   8.8651039e-01	   8.4894572e-01	   8.3375058e-01	   7.8452426e-01	   7.3439556e-01	   7.0630035e-01	   6.8760825e-01	   6.2627428e-01	   6.0658437e-01	   5.6893001e-01	   5.3748845e-01	   4.9022323e-01	   4.6945992e-01	   4.1129020e-01	   3.9845384e-01	   4.0623872e-01	   4.0087578e-01	   7.8615583e-02	   1.8765269e-01	   2.1621765e-01	             NaN	             NaN	             NaN	             NaN	
   1.7367776e-01	  -1.5434055e+00	  -6.0067280e-01	   6.6301084e-02	   4.4968099e-01	   7.4356968e-01	   8.2012757e-01	   8.7096381e-01	   9.0814285e-01	   8.6361682e-01	   8.6008777e-01	   8.7387614e-01	   8.0009571e-01	   7.8416305e-01	   7.1777009e-01	   6.7501744e-01	   6.2218474e-01	   6.2368853e-01	   5.4523252e-01	   5.4726534e-01	   5.2021499e-01	   4.6676443e-01	   4.2581404e-01	   4.0196727e-01	   3.2701020e-01	   4.3083932e-01	   1.7698682e-01	   1.8002520e-01	   2.0203138e-01	             NaN	             NaN	             NaN	             NaN	
  -8.0944245e-01	  -5.8730520e-01	  -5.4159627e-01	   8.9627010e-02	   7.4677847e-01	   8.9872146e-01	   8.7601801e-01	   9.3151749e-01	   8.4229815e-01	   8.4380579e-01	   8.1614230e-01	   8.2114400e-01	   8.2471163e-01	   7.7447096e-01	   7.1646572e-01	   6.7427725e-01	   6.4631831e-01	   6.3199927e-01	   6.0953807e-01	   5.3340536e-01	   5.1430946e-01	   4.6701611e-01	   4.5946309e-01	   3.8055135e-01	   3.7772757e-01	   3.7498598e-01	   2.7981928e-01	   1.3325592e-01	   1.7775420e-01	             NaN	             NaN	             NaN	             NaN	
  -1.4556719e+00	  -1.3643825e+00	  -2.0429877e-01	   4.0257899e-01	   6.9208198e-01	   9.2819577e-01	   8.8927503e-01	   9.1748576e-01	   8.7453145e-01	   8.9861879e-01	   8.1464432e-01	   8.6829141e-01	   8.2402454e-01	   7.6852252e-01	   7.1710451e-01	   6.6140600e-01	   6.4450259e-01	   6.6820638e-01	   5.7189230e-01	   5.7649185e-01	   5.1611586e-01	   4.6863198e-01	   4.3528099e-01	   4.1152102e-01	   3.6284409e-01	   3.8554200e-01	   3.3649444e-01	   1.2325220e-01	   1.7223311e-01	   1.8372034e-01	             NaN	             NaN	             NaN	
  -1.1627129e+00	  -3.9002310e-01	  -3.2924818e-01	   4.2466165e-01	   8.1658293e-01	   8.6457000e-01	   9.3570035e-01	   8.9309501e-01	   8.9117108e-01	   8.6580326e-01	   8.8628497e-01	   8.3840351e-01	   8.1352605e-01	   7.8489861e-01	   7.6843829e-01	   6.5209037e-01	   6.3307197e-01	   6.2707148e-01	   6.0462725e-01	   5.7182574e-01	   5.0919845e-01	   4.4694331e-01	   4.6797531e-01	   4.0463174e-01	   4.0923304e-01	   3.6881131e-01	   4.2707791e-01	   1.7571402e-01	   1.4154350e-01	   2.0715346e-01	             NaN	             NaN	             NaN	
  -9.6231632e-02	   2.1501274e-01	   1.1914404e-01	   3.5001322e-01	   7.6669842e-01	   9.2417045e-01	   9.6871364e-01	   9.2368023e-01	   8.2874239e-01	   8.3626586e-01	   8.6497501e-01	   8.5275437e-01	   7.9145368e-01	   7.7384866e-01	   7.4837607e-01	   7.1873322e-01	   6.4883820e-01	   6.3271171e-01	   5.7741888e-01	   5.6009431e-01	   5.4085226e-01	   4.8988715e-01	   4.8090206e-01	   4.0988141e-01	   3.8686462e-01	   3.6757603e-01	   3.7333844e-01	   2.5377893e-01	   9.0736117e-02	   1.8398150e-01	   1.8619255e-01	             NaN	             NaN	
   5.4895977e-01	  -3.0886137e-01	   4.4679687e-02	   4.0839833e-01	   6.8708517e-01	   9.5660851e-01	   8.8917505e-01	   9.5863032e-01	   8.8727574e-01	   8.8254537e-01	   8.3801299e-01	   8.0821457e-01	   7.8220106e-01	   7.7346834e-01	   7.1377290e-01	   6.6536840e-01	   6.6541077e-01	   6.3277747e-01	   5.9733711e-01	   5.7351541e-01	   5.3010333e-01	   5.0464346e-01	   4.6593983e-01	   4.2443429e-01	   3.9974106e-01	   3.6634380e-01	   4.2308055e-01	   3.1593898e-01	   1.0568781e-01	   1.6976609e-01	   1.8704705e-01	             NaN	             NaN	
   6.0114566e-01	  -2.6963769e-01	   1.7078991e-01	   5.6850647e-01	   8.2569506e-01	   8.6687263e-01	   9.4183852e-01	   8.6706705e-01	   9.0665218e-01	   8.6743969e-01	   8.6363922e-01	   7.7706483e-01	   8.0234406e-01	   7.3515630e-01	   7.1923946e-01	   6.9037629e-01	   6.3976837e-01	   6.3122732e-01	   5.9686154e-01	   5.4702459e-01	   5.5335038e-01	   5.1990105e-01	   4.8530903e-01	   4.3577390e-01	   4.2264902e-01	   3.8654301e-01	   3.8803264e-01	   3.5602958e-01	   1.6606847e-01	   1.9500154e-01	   2.0726309e-01	             NaN	             NaN	
  -1.1936357e-01	   1.7036387e-01	   7.6292235e-02	   6.6572603e-01	   8.8101184e-01	   9.1801028e-01	   1.0014615e+00	   9.1358169e-01	   8.3447966e-01	   8.2853163e-01	   9.1167665e-01	   7.8446062e-01	   8.4190729e-01	   7.6364153e-01	   7.4219665e-01	   6.9027409e-01	   6.6672051e-01	   6.2431217e-01	   5.7548571e-01	   5.7803902e-01	   5.4479176e-01	   4.9547989e-01	   4.8019542e-01	   4.3814659e-01	   3.9242047e-01	   3.9803016e-01	   3.7632728e-01	   3.9739130e-01	   2.8581811e-01	   1.0163148e-01	   2.1183188e-01	   1.9026802e-01	             NaN	
  -2.4697884e-02	   7.3349092e-02	   4.1701748e-01	   4.4744367e-01	   9.7868136e-01	   9.7495520e-01	   1.0113742e+00	   9.5148753e-01	   8.8048973e-01	   9.1157822e-01	   8.6323631e-01	   8.3651901e-01	   8.1917600e-01	   7.7978776e-01	   7.2123839e-01	   6.8382685e-01	   6.5643270e-01	   6.4877171e-01	   6.0842050e-01	   5.6708686e-01	   5.4916579e-01	   5.2915357e-01	   5.0679003e-01	   4.3032978e-01	   4.4422841e-01	   4.0353869e-01	   3.8291207e-01	   3.6784905e-01	   2.4010631e-01	   1.3475521e-01	   2.1295221e-01	   1.9881167e-01	             NaN	
  -1.0085773e-02	  -1.6938158e-02	   5.5659949e-01	   6.3571823e-01	   9.6965262e-01	   1.0387180e+00	   9.3325332e-01	   8.9243204e-01	   9.0511318e-01	   8.6924931e-01	   8.4977091e-01	   8.4650990e-01	   7.7812068e-01	   7.8448439e-01	   6.9242458e-01	   7.2476115e-01	   6.5701379e-01	   6.0644862e-01	   6.1498329e-01	   5.9035683e-01	   5.6314133e-01	   5.1072005e-01	   4.9256411e-01	   4.4686696e-01	   4.1357995e-01	   4.1416171e-01	   3.8300972e-01	   3.6420605e-01	   3.5178184e-01	   1.3899722e-01	   1.7490649e-01	   1.9502531e-01	   1.9341273e-01	
   5.3353644e-01	  -7.6270871e-02	   6.3871043e-01	   9.0460683e-01	   8.3081438e-01	   1.0189872e+00	   1.0233878e+00	   9.5028020e-01	   8.4234043e-01	   8.8018076e-01	   8.9523046e-01	   8.3942650e-01	   8.0946381e-01	   7.1989077e-01	   7.2740367e-01	   7.0545212e-01	   6.4921476e-01	   6.4461838e-01	   6.0631314e-01	   5.6130228e-01	   5.5348451e-01	   5.1891510e-01	   4.8852708e-01	   4.6257123e-01	   4.3405720e-01	   4.1102787e-01	   3.6108273e-01	   3.6558973e-01	   3.3026020e-01	   1.4972906e-01	   1.1923842e-01	   2.1041128e-01	   1.9675435e-01	
   7.2413795e-01	   8.9893955e-02	   5.8354579e-01	   7.7146598e-01	   9.1043831e-01	   9.7287942e-01	   1.0119922e+00	   9.5434811e-01	   8.6596330e-01	   8.3064825e-01	   8.3304587e-01	   7.8565216e-01	   8.4104802e-01	   7.6111036e-01	   7.2022061e-01	   7.0924420e-01	   6.6509549e-01	   6.5689030e-01	   6.2838762e-01	   5.8389972e-01	   5.5185690e-01	   5.5625898e-01	   4.8808925e-01	   4.6015922e-01	   4.2321796e-01	   4.1682412e-01	   3.8762085e-01	   3.6814909e-01	   4.3203972e-01	   2.8915280e-01	   1.3517397e-01	   2.0413334e-01	   2.0761583e-01	
   9.0319155e-01	   4.8968398e-01	   6.7143339e-01	   6.8014220e-01	   8.9139593e-01	   1.0410629e+00	   9.7161326e-01	   9.1365254e-01	   8.9275263e-01	   8.8654369e-01	   8.1428765e-01	   8.2316736e-01	   8.0060734e-01	   7.7064700e-01	   7.4273140e-01	   7.0465236e-01	   6.9490161e-01	   6.4723725e-01	   6.2976757e-01	   6.0151962e-01	   5.6202017e-01	   5.1220810e-01	   5.0390415e-01	   4.6465366e-01	   4.5422476e-01	   4.2524258e-01	   4.0325227e-01	   3.6698800e-01	   3.9018695e-01	   3.9039273e-01	   1.2215745e-01	   2.2389576e-01	   2.3039725e-01	
   1.1442497e+00	   5.3755696e-01	   8.9348241e-01	   9.2603564e-01	   8.6798064e-01	   9.6995939e-01	   9.6197076e-01	   9.7546518e-01	   8.9261080e-01	   8.8417267e-01	   7.8309551e-01	   8.1065756e-01	   7.7835695e-01	   7.4963520e-01	   7.0575461e-01	   6.8100130e-01	   6.5387806e-01	   6.6470258e-01	   6.3494784e-01	   5.8659210e-01	   5.6157551e-01	   5.1426102e-01	   5.2266388e-01	   4.5793506e-01	   4.3919343e-01	   4.2062594e-01	   3.9637387e-01	   3.7820012e-01	   3.5714877e-01	   3.6842299e-01	   1.9977249e-01	   1.9322540e-01	   2.2402906e-01	
   5.4699876e-01	   4.5700689e-01	   7.7449085e-01	   8.7944315e-01	   9.1239571e-01	   1.0936005e+00	   9.5142358e-01	   9.4234818e-01	   8.7074695e-01	   8.1125379e-01	   8.6832867e-01	   8.0404134e-01	   7.6521037e-01	   7.7585167e-01	   7.4366293e-01	   7.0344543e-01	   6.7104300e-01	   6.7586876e-01	   6.3596057e-01	   5.8165305e-01	   5.7616578e-01	   5.3928904e-01	   5.0845751e-01	   4.8488537e-01	   4.5812288e-01	   4.2471733e-01	   4.0099646e-01	   3.8145748e-01	   3.6344557e-01	   3.6397361e-01	   2.9289430e-01	   1.7862300e-01	   2.2511323e-01	
             NaN	   7.2170827e-01	   8.7779580e-01	   8.7411926e-01	   1.0846152e+00	   1.0163427e+00	   9.7118460e-01	   9.6035224e-01	   9.1268809e-01	   9.2881548e-01	   8.2187358e-01	   8.4107767e-01	   7.6593514e-01	   7.3649664e-01	   7.3670869e-01	   6.8824913e-01	   6.7218343e-01	   6.3057228e-01	   6.3058711e-01	   6.0024969e-01	   5.8470468e-01	   5.3242699e-01	   5.1879018e-01	   4.9706451e-01	   4.7613111e-01	   4.3598011e-01	   4.1100692e-01	   3.6984476e-01	   3.7676827e-01	   3.5134122e-01	   3.2274169e-01	   1.9333879e-01	   2.0686238e-01	
             NaN	   8.4744792e-01	   7.6339309e-01	   9.7660028e-01	   1.0917519e+00	   1.0582992e+00	   9.5094828e-01	   9.3270917e-01	   8.6625190e-01	   8.1354074e-01	   7.7846092e-01	   8.3457743e-01	   7.7649995e-01	   7.6536419e-01	   6.9691954e-01	   6.9062926e-01	   6.9377244e-01	   6.4676582e-01	   6.3099373e-01	   5.9117340e-01	   5.8302743e-01	   5.5122025e-01	   5.4061263e-01	   4.8847587e-01	   4.6308660e-01	   4.3910055e-01	   4.2909937e-01	   3.9851722e-01	   3.8548409e-01	   3.6534200e-01	   3.3077700e-01	   1.9591985e-01	   1.7817117e-01	
             NaN	   9.0601448e-01	   6.9415648e-01	   8.5112736e-01	   9.8604324e-01	   9.8063208e-01	   9.6463056e-01	   9.1726737e-01	   8.8207609e-01	   8.2639517e-01	   8.4544071e-01	   8.2353447e-01	   7.7041238e-01	   7.8897641e-01	   7.1984854e-01	   7.3509829e-01	   6.5765366e-01	   6.4943809e-01	   6.5436373e-01	   6.2367422e-01	   5.7911723e-01	   5.5283754e-01	   5.1716652e-01	   4.8456094e-01	   4.6537546e-01	   4.4842022e-01	   4.2352113e-01	   4.0754228e-01	   3.6053408e-01	   3.5169804e-01	   3.4523256e-01	   2.4673460e-01	   1.9062609e-01	
             NaN	   6.7644682e-01	   8.6199354e-01	   1.1333250e+00	   1.0951042e+00	   1.1020434e+00	   1.0262382e+00	   9.2629245e-01	   9.3028946e-01	   8.7201070e-01	   8.4392638e-01	   7.6619089e-01	   7.7340866e-01	   7.3468625e-01	   7.3173328e-01	   6.8926338e-01	   6.8361848e-01	   6.6161390e-01	   6.2362745e-01	   6.0902079e-01	   5.7201115e-01	   5.6177874e-01	   5.2817790e-01	   5.1921409e-01	   4.7000397e-01	   4.6331665e-01	   4.4914542e-01	   4.3451828e-01	   3.8880452e-01	   3.6136397e-01	   4.0347478e-01	   2.8787577e-01	   1.9305751e-01	
             NaN	   6.8738296e-01	   1.0093439e+00	   9.8444290e-01	   1.0641996e+00	   1.1503471e+00	   1.0331493e+00	   9.9631497e-01	   9.1050362e-01	   8.4706296e-01	   8.5823363e-01	   8.4291345e-01	   7.9155511e-01	   7.5777519e-01	   7.1208065e-01	   7.2640713e-01	   6.8860224e-01	   6.5851907e-01	   6.2348425e-01	   6.0473414e-01	   5.8410054e-01	   5.6378815e-01	   5.2694778e-01	   4.8099702e-01	   4.8881369e-01	   4.3225692e-01	   4.2271443e-01	   3.9795813e-01	   3.9410250e-01	   3.5587205e-01	   3.5259198e-01	   4.0408735e-01	   2.0768722e-01	
             NaN	   8.5625492e-01	   1.0097933e+00	   8.5180743e-01	   1.0174441e+00	   1.0427351e+00	   1.0033233e+00	   9.1227722e-01	   9.5113840e-01	   8.5755946e-01	   8.2377921e-01	   8.0240434e-01	   7.9907323e-01	   7.7029533e-01	   7.2508974e-01	   6.7176990e-01	   6.8254007e-01	   6.6445996e-01	   6.1729729e-01	   5.9843007e-01	   5.8559028e-01	   5.4800236e-01	   5.2591619e-01	   5.0199751e-01	   4.6914803e-01	   4.6100160e-01	   4.3741379e-01	   4.1170534e-01	   3.7789316e-01	   3.7486468e-01	   3.7310535e-01	   3.7850529e-01	   2.5098963e-01	
             NaN	             NaN	   1.2199575e+00	   9.9544943e-01	   1.0994247e+00	   1.0407049e+00	   1.0045541e+00	   1.0097588e+00	   8.7556345e-01	   8.7571147e-01	   7.9969158e-01	   8.5598497e-01	   7.7703191e-01	   7.4981362e-01	   7.1059861e-01	   6.8358091e-01	   6.7545724e-01	   6.6184243e-01	   6.2511167e-01	   6.0427415e-01	   5.7440341e-01	   5.6085166e-01	   5.3878328e-01	   4.7476637e-01	   4.8461645e-01	   4.7659158e-01	   4.3931810e-01	   4.2039443e-01	   3.9754501e-01	   3.6960524e-01	   3.3275982e-01	   3.6685301e-01	   2.8066531e-01	
             NaN	             NaN	   1.1026422e+00	   1.0848731e+00	   1.0590104e+00	   1.0770863e+00	   9.9452935e-01	   1.0281336e+00	   8.8129971e-01	   8.5698618e-01	   8.3936921e-01	   7.6869602e-01	   7.8659768e-01	   7.5656564e-01	   7.5538977e-01	   6.9799250e-01	   6.5184136e-01	   6.4207314e-01	   6.2108657e-01	   6.1757706e-01	   5.9421802e-01	   5.4320200e-01	   5.1466328e-01	   4.9276394e-01	   4.8390157e-01	   4.9729563e-01	   4.6000740e-01	   4.4459386e-01	   3.8807059e-01	   3.6887073e-01	   3.6174935e-01	   3.1931049e-01	   2.9973899e-01	
             NaN	             NaN	   1.1544173e+00	   1.0336652e+00	   1.0168028e+00	   1.0314660e+00	   1.0148989e+00	   9.5249068e-01	   8.9732663e-01	   8.9497488e-01	   8.4819091e-01	   8.0826730e-01	   7.7632605e-01	   7.9296770e-01	   7.2815825e-01	   7.3904448e-01	   6.8984749e-01	   6.4880015e-01	   6.4598934e-01	   6.2038548e-01	   6.0093393e-01	   5.7002165e-01	   5.4476151e-01	   5.1878996e-01	   4.7022050e-01	   4.7049979e-01	   4.5561669e-01	   4.3723148e-01	   4.0675345e-01	   3.8144602e-01	   3.7692893e-01	   3.5984862e-01	   3.6207534e-01	
             NaN	             NaN	   1.1885238e+00	   1.0739167e+00	   1.0251337e+00	   1.0462973e+00	   1.0018625e+00	   9.6086200e-01	   9.1099925e-01	   8.8919820e-01	   8.8544378e-01	   8.0621082e-01	   7.8754591e-01	   7.5950681e-01	   7.1956962e-01	   7.3341359e-01	   6.8312529e-01	   6.4844171e-01	   6.2160185e-01	   6.2931307e-01	   5.8115404e-01	   5.7387788e-01	   5.5682092e-01	   5.1552602e-01	   5.0949376e-01	   4.6917021e-01	   4.6494919e-01	   4.4218476e-01	   4.2610714e-01	   3.9522187e-01	   3.8931440e-01	   3.7915934e-01	   3.5964061e-01	
             NaN	             NaN	   1.0926246e+00	   1.1535409e+00	   1.0957975e+00	   1.1655641e+00	   1.0701372e+00	   9.8882480e-01	   9.7079500e-01	   8.7266782e-01	   8.2775796e-01	   8.7061937e-01	   7.9603648e-01	   7.6753162e-01	   7.0447725e-01	   6.8898005e-01	   6.7219932e-01	   6.5080261e-01	   6.3880477e-01	   6.0448830e-01	   5.9459273e-01	   5.5625434e-01	   5.3893995e-01	   5.1069118e-01	   5.1126609e-01	   4.7131285e-01	   4.6164568e-01	   4.4470653e-01	   4.1654669e-01	   3.9518658e-01	   3.7739458e-01	   3.7439375e-01	   3.6197634e-01	
             NaN	             NaN	             NaN	   1.1888245e+00	   1.0921079e+00	   9.9801788e-01	   1.0725887e+00	   1.0407355e+00	   9.0968774e-01	   8.3477800e-01	   8.9223912e-01	   7.6580853e-01	   7.9952165e-01	   7.9066711e-01	   7.5744652e-01	   7.3834260e-01	   6.9665475e-01	   6.3502504e-01	   6.3565925e-01	   6.0638302e-01	   5.8258340e-01	   5.7510522e-01	   5.3640074e-01	   5.2797583e-01	   4.6573832e-01	   4.8235897e-01	   4.4753497e-01	   4.3486843e-01	   4.1908517e-01	   4.1606958e-01	   3.7446261e-01	   3.8726036e-01	   3.6143241e-01	
             NaN	             NaN	             NaN	   1.1087285e+00	   1.0790448e+00	   1.0962693e+00	   1.0693321e+00	   9.7604139e-01	   9.1098666e-01	   8.9920895e-01	   8.6661770e-01	   8.2689633e-01	   7.8476062e-01	   7.3305765e-01	   7.2984525e-01	   7.0256952e-01	   6.6310697e-01	   6.7222547e-01	   6.2873808e-01	   6.4048707e-01	   5.9477639e-01	   5.2739980e-01	   5.6812203e-01	   5.1839713e-01	   4.9516609e-01	   4.9186590e-01	   4.5682033e-01	   4.4139031e-01	   4.3170749e-01	   4.0085900e-01	   3.9253767e-01	   3.5275479e-01	   3.5397241e-01	
             NaN	             NaN	             NaN	   1.0696108e+00	   1.1485442e+00	   1.0896720e+00	   1.0393555e+00	   1.0040115e+00	   9.1911819e-01	   9.0027693e-01	   8.5647399e-01	   7.9961799e-01	   7.8151487e-01	   8.2520436e-01	   7.4359033e-01	   6.9859598e-01	   6.7946757e-01	   6.6432212e-01	   6.4038198e-01	   6.1460522e-01	   5.8703408e-01	   5.5262708e-01	   5.3910420e-01	   5.0151854e-01	   5.1175618e-01	   5.1610366e-01	   4.9066452e-01	   4.4449776e-01	   4.3242898e-01	   4.0438206e-01	   3.8903547e-01	   3.7408219e-01	   3.6915468e-01	
             NaN	             NaN	             NaN	   1.1350494e+00	   1.0989425e+00	   1.0860327e+00	   1.0307698e+00	   1.0126995e+00	   9.5697399e-01	   8.6118814e-01	   8.8668926e-01	   8.1455298e-01	   7.9399356e-01	   7.8611488e-01	   7.7393309e-01	   7.2227836e-01	   6.9600040e-01	   6.6758653e-01	   6.0542959e-01	   6.1850693e-01	   5.9803140e-01	   5.5857637e-01	   5.1983586e-01	   5.1251956e-01	   5.0376714e-01	   4.8545209e-01	   4.5860890e-01	   4.5723778e-01	   4.3256835e-01	   4.0240115e-01	   3.9373397e-01	   3.7187113e-01	   3.6980057e-01	
             NaN	             NaN	             NaN	   9.7880330e-01	   1.0529094e+00	   1.1701494e+00	   1.1943501e+00	   1.0300692e+00	   9.0462652e-01	   8.6946706e-01	   8.5623957e-01	   8.6538100e-01	   7.7471150e-01	   7.9868450e-01	   7.5766188e-01	   7.0364492e-01	   7.0990548e-01	   6.8280106e-01	   6.4688548e-01	   6.2916307e-01	   6.0721352e-01	   5.5485950e-01	   5.5338402e-01	   5.4853851e-01	   4.9412599e-01	   4.9238075e-01	   4.6139430e-01	   4.5784475e-01	   4.3916201e-01	   4.0582884e-01	   3.9036059e-01	   3.8062478e-01	   3.6542166e-01	
             NaN	             NaN	             NaN	             NaN	   1.1836777e+00	   1.0840014e+00	   9.9845313e-01	   9.5933873e-01	   9.5905369e-01	   9.0176747e-01	   8.6871436e-01	   8.2329486e-01	   8.0336954e-01	   7.6471897e-01	   7.7446555e-01	   7.1557301e-01	   7.0971205e-01	   6.6601377e-01	   6.2544205e-01	   6.3486923e-01	   5.7258603e-01	   5.6897537e-01	   5.3574505e-01	   5.1371204e-01	   4.8448683e-01	   4.9116277e-01	   4.6010484e-01	   4.5588738e-01	   4.4765809e-01	   4.3694217e-01	   4.1343084e-01	   3.6745881e-01	   3.6509162e-01	
             NaN	             NaN	             NaN	             NaN	   1.0741976e+00	   1.1116078e+00	   9.8847754e-01	   9.7310657e-01	   9.4990883e-01	   9.1723634e-01	   8.2789752e-01	   7.9223243e-01	   8.4718882e-01	   8.0072662e-01	   7.6715361e-01	   7.1666234e-01	   6.7624444e-01	   6.6420086e-01	   6.4107108e-01	   5.9222283e-01	   5.9385130e-01	   5.4338657e-01	   5.1286303e-01	   5.0744424e-01	   5.2823596e-01	   4.8996766e-01	   4.5975335e-01	   4.5333167e-01	   4.5135817e-01	   4.2607782e-01	   4.1949375e-01	   4.0503746e-01	   3.6230238e-01	
             NaN	             NaN	             NaN	             NaN	   1.0258610e+00	   1.2097400e+00	   1.0874460e+00	   9.9878898e-01	   9.3516728e-01	   8.9467288e-01	   8.7440445e-01	   8.5020577e-01	   7.9004964e-01	   7.9425679e-01	   7.4871949e-01	   7.0791785e-01	   6.9816986e-01	   6.5547552e-01	   6.2162976e-01	   6.0076557e-01	   6.0261695e-01	   5.6756856e-01	   5.3364703e-01	   5.1557157e-01	   5.0630787e-01	   5.0026562e-01	   4.7246903e-01	   4.6596767e-01	   4.3148161e-01	   4.2128637e-01	   4.1657043e-01	   3.8999952e-01	   3.7504874e-01	
             NaN	             NaN	             NaN	             NaN	   1.1911904e+00	   1.1608745e+00	   9.7632964e-01	   1.0522112e+00	   9.4891025e-01	   8.8339232e-01	   8.3385212e-01	   8.5482584e-01	   8.0117810e-01	   7.8185537e-01	   7.2279813e-01	   7.2702579e-01	   6.8681213e-01	   6.4343136e-01	   6.2144886e-01	   6.1963521e-01	   5.8902051e-01	   5.5593764e-01	   5.2677286e-01	   5.4403367e-01	   5.1845729e-01	   5.0467417e-01	   4.7644492e-01	   4.4034190e-01	   4.5827851e-01	   4.2467179e-01	   4.0994350e-01	   3.9461500e-01	   3.8104942e-01	
             NaN	             NaN	             NaN	             NaN	   1.1099109e+00	   1.0569055e+00	   1.0537388e+00	   1.0187122e+00	   9.4167367e-01	   9.0494689e-01	   8.6063951e-01	   8.7186325e-01	   8.1120474e-01	   7.5942319e-01	   7.7104345e-01	   6.9752537e-01	   6.8431058e-01	   6.4205873e-01	   6.5856618e-01	   6.1732550e-01	   5.5477501e-01	   5.5778445e-01	   5.3037823e-01	   5.2028981e-01	   5.0127917e-01	   4.7135797e-01	   4.7827262e-01	   4.5045408e-01	   4.1793423e-01	   4.2899280e-01	   4.1112974e-01	   3.9630741e-01	   3.8589871e-01	
             NaN	             NaN	             NaN	             NaN	             NaN	   9.9018026e-01	   1.1148700e+00	   1.0160594e+00	   9.2814949e-01	   9.1010476e-01	   8.9387430e-01	   8.3431639e-01	   7.4545593e-01	   7.4218662e-01	   6.7757781e-01	   7.0955003e-01	   7.0265158e-01	   6.4216327e-01	   6.0481124e-01	   5.8200743e-01	   5.8166427e-01	   5.1769389e-01	   5.2409493e-01	   5.2307915e-01	   4.8147359e-01	   4.7381214e-01	   4.5898214e-01	   4.2279032e-01	   4.2501388e-01	   4.1690832e-01	   3.9173649e-01	   3.8740013e-01	   3.9205519e-01	
             NaN	             NaN	             NaN	             NaN	             NaN	   1.1136665e+00	   9.9329757e-01	   1.0622670e+00	   9.4254795e-01	   8.7753588e-01	   8.6964723e-01	   7.8416866e-01	   8.0618148e-01	   7.5105834e-01	   7.5722398e-01	   7.2144909e-01	   6.6811285e-01	   6.0427274e-01	   6.5791798e-01	   5.9643284e-01	   6.2775084e-01	   5.4784883e-01	   5.1673325e-01	   5.0964637e-01	   4.8865113e-01	   4.7932331e-01	   4.6114953e-01	   4.5566249e-01	   4.3948757e-01	   4.1018037e-01	   4.1532920e-01	   3.9123702e-01	   3.8606376e-01	
             NaN	             NaN	             NaN	             NaN	             NaN	   1.0977579e+00	   1.0782183e+00	   9.9263029e-01	   9.5932839e-01	   8.1753886e-01	   7.8781116e-01	   8.0911593e-01	   7.7808130e-01	   7.6372933e-01	   7.2405397e-01	   6.7109986e-01	   6.7699840e-01	   6.3789230e-01	   5.9443089e-01	   5.6744187e-01	   5.7004405e-01	   5.4111486e-01	   5.2158268e-01	   4.9555259e-01	   4.7446105e-01	   4.8334232e-01	   4.5854004e-01	   4.5456988e-01	   4.5574783e-01	   4.2311783e-01	   4.0807420e-01	   3.7808503e-01	   3.6625993e-01	
             NaN	             NaN	             NaN	             NaN	             NaN	   1.1715589e+00	   9.7850077e-01	   1.0991506e+00	   9.2807070e-01	   8.4195455e-01	   8.4379468e-01	   8.4667446e-01	   7.8080155e-01	   7.7834950e-01	   7.2048102e-01	   6.8953845e-01	   6.8007320e-01	   6.4244038e-01	   6.4425072e-01	   5.8262126e-01	   5.6512624e-01	   5.4491912e-01	   5.0137171e-01	   5.0121274e-01	   5.1623306e-01	   4.6203634e-01	   4.6314338e-01	   4.4908675e-01	   4.4056649e-01	   4.2009422e-01	   4.0180582e-01	   3.9146733e-01	   3.8123048e-01	
             NaN	             NaN	             NaN	             NaN	             NaN	   1.0124228e+00	   1.0075124e+00	   1.0268142e+00	   9.3252838e-01	   8.8191117e-01	   8.6752885e-01	   8.0641609e-01	   7.8545500e-01	   7.5548522e-01	   7.3905040e-01	   6.7728175e-01	   6.5233317e-01	   6.8554186e-01	   6.1580259e-01	   5.7504668e-01	   5.6712956e-01	   5.1086167e-01	   5.2615754e-01	   4.9974555e-01	   4.9373224e-01	   4.6554415e-01	   4.6349126e-01	   4.3784379e-01	   4.3530282e-01	   4.2180060e-01	   4.0547612e-01	   3.9747039e-01	   3.6481611e-01	
             NaN	             NaN	             NaN	             NaN	             NaN	             NaN	   1.0364419e+00	   1.0457899e+00	   9.6313096e-01	   9.1518884e-01	   8.5450617e-01	   8.8302222e-01	   7.6841639e-01	   8.0357630e-01	   7.0544192e-01	   7.1156200e-01	   6.5285183e-01	   6.5726140e-01	   6.1924040e-01	   6.1164441e-01	   5.6605909e-01	   5.2660427e-01	   5.0874766e-01	   4.6727103e-01	   5.0041881e-01	   4.8432448e-01	   4.8429888e-01	   4.5155225e-01	   4.1778055e-01	   4.0603236e-01	   4.1142897e-01	   3.9024262e-01	   3.7161111e-01	
             NaN	             NaN	             NaN	             NaN	             NaN	             NaN	   1.0189450e+00	   1.0504748e+00	   9.3551650e-01	   8.8461968e-01	   7.9376810e-01	   8.4721783e-01	   7.8123072e-01	   7.4673162e-01	   7.0567860e-01	   7.1939583e-01	   6.9253748e-01	   6.0276729e-01	   6.0287025e-01	   5.9561775e-01	   5.7245390e-01	   5.3804574e-01	   5.2964647e-01	   4.7137933e-01	   4.8699945e-01	   4.7643960e-01	   4.6669675e-01	   4.4918725e-01	   4.0998093e-01	   4.0820142e-01	   4.1823103e-01	   3.8770251e-01	   4.0388348e-01	
   0.0000000e+00	             NaN	             NaN	             NaN	             NaN	             NaN	   9.7159698e-01	   9.7323853e-01	   8.9971649e-01	   9.3892795e-01	   8.4961469e-01	   8.3069856e-01	   8.1436836e-01	   7.8482194e-01	   7.1864919e-01	   6.8283780e-01	   6.6412953e-01	   6.4080653e-01	   6.1020194e-01	   5.6554243e-01	   5.5081762e-01	   5.3704301e-01	   5.0811018e-01	   4.8614457e-01	   4.9833841e-01	   4.8200349e-01	   4.6705051e-01	   4.3678119e-01	   4.2380075e-01	   4.0933600e-01	   4.1830544e-01	   4.1202566e-01	   3.8162554e-01	
   0.0000000e+00	             NaN	             NaN	             NaN	             NaN	             NaN	   1.0484017e+00	   9.4221532e-01	   9.0799362e-01	   8.7507738e-01	   8.3913445e-01	   7.9913300e-01	   7.6720914e-01	   7.5579882e-01	   7.5158782e-01	   7.0526043e-01	   6.6621778e-01	   6.3623783e-01	   6.1246310e-01	   5.8906195e-01	   5.5840173e-01	   5.1989704e-01	   5.3411974e-01	   5.2065140e-01	   4.6330207e-01	   4.6865385e-01	   4.6689765e-01	   4.6928771e-01	   4.2637375e-01	   3.9879053e-01	   4.0789835e-01	   3.9326314e-01	   3.7233533e-01	
   0.0000000e+00	             NaN	             NaN	             NaN	             NaN	             NaN	   1.1232407e+00	   9.3784492e-01	   9.3021922e-01	   8.5267880e-01	   8.5351374e-01	   8.2997555e-01	   8.1613836e-01	   8.0072058e-01	   7.3274384e-01	   7.1255515e-01	   6.5993014e-01	   6.5761409e-01	   5.7876868e-01	   5.6429868e-01	   5.6581628e-01	   5.2334403e-01	   5.1219453e-01	   4.9986301e-01	   4.7028602e-01	   4.8826430e-01	   4.6515112e-01	   4.5140920e-01	   4.2784248e-01	   4.4098299e-01	   4.0038049e-01	   4.0127136e-01	   3.8265138e-01	
   0.0000000e+00	             NaN	             NaN	             NaN	             NaN	             NaN	             NaN	   9.3566301e-01	   9.6492452e-01	   7.8847900e-01	   8.2128278e-01	   7.8643169e-01	   8.0389139e-01	   7.9014049e-01	   7.2912811e-01	   7.0952705e-01	   6.5654981e-01	   6.1204101e-01	   5.9868959e-01	   5.9045656e-01	   5.5691812e-01	   5.2335778e-01	   5.2237960e-01	   4.9978831e-01	   4.8921053e-01	   4.6734612e-01	   4.3266895e-01	   4.5697265e-01	   4.2587593e-01	   4.0390391e-01	   4.1160791e-01	   3.9336655e-01	   3.7718397e-01	
   0.0000000e+00	             NaN	             NaN	             NaN	             NaN	             NaN	             NaN	   9.9239092e-01	   9.4326154e-01	   9.0121729e-01	   8.2898449e-01	   8.4027776e-01	   8.1603964e-01	   7.6448260e-01	   7.0672923e-01	   6.8172586e-01	   6.5105186e-01	   6.2004134e-01	   6.1614095e-01	   5.7638475e-01	   5.7682996e-01	   5.3946394e-01	   4.9726152e-01	   4.8495304e-01	   4.7465315e-01	   4.5490116e-01	   4.9650955e-01	   4.3904599e-01	   4.1170768e-01	   3.8441356e-01	   3.8562113e-01	   4.0320928e-01	   3.8251361e-01	
   0.0000000e+00	   0.0000000e+00	             NaN	             NaN	             NaN	             NaN	             NaN	   1.0191892e+00	   9.7786329e-01	   8.4374691e-01	   8.2491524e-01	   8.0452438e-01	   7.7495635e-01	   7.5314240e-01	   7.2038691e-01	   6.6417018e-01	   6.5549055e-01	   6.2082029e-01	   5.8299852e-01	   6.0761228e-01	   5.3360800e-01	   5.1488121e-01	   5.0135458e-01	   4.8463525e-01	   4.8746171e-01	   4.6399246e-01	   4.4058464e-01	   4.4550965e-01	   4.0120955e-01	   4.0861954e-01	   3.9817270e-01	   3.9013371e-01	   3.7677174e-01	
   0.0000000e+00	   0.0000000e+00	             NaN	             NaN	             NaN	             NaN	             NaN	   9.5782299e-01	   8.9937292e-01	   9.4473962e-01	   7.9049032e-01	   7.6742890e-01	   7.4715409e-01	   7.2905969e-01	   7.2570628e-01	   6.7053644e-01	   6.3802662e-01	   6.4152138e-01	   6.1467627e-01	   5.6682853e-01	   5.7064335e-01	   5.4013451e-01	   5.0829813e-01	   4.7312413e-01	   4.8935326e-01	   4.6493446e-01	   4.1512688e-01	   4.3005247e-01	   3.9670141e-01	   4.1699692e-01	   3.8776771e-01	   3.9626453e-01	   3.7706240e-01	
   0.0000000e+00	   0.0000000e+00	             NaN	             NaN	             NaN	             NaN	             NaN	   1.0071951e+00	   9.0546128e-01	   8.3205832e-01	   7.8865938e-01	   8.5768542e-01	   8.0267529e-01	   7.8089868e-01	   7.3773718e-01	   7.0410531e-01	   6.6101303e-01	   6.0958646e-01	   5.8869452e-01	   5.8101394e-01	   5.6522221e-01	   5.3218951e-01	   5.1163428e-01	   4.9520151e-01	   4.7168718e-01	   4.5486875e-01	   4.5769181e-01	   4.2371739e-01	   3.9402072e-01	   3.9334237e-01	   3.9976200e-01	   3.9446084e-01	   3.6437458e-01	
   0.0000000e+00	   0.0000000e+00	             NaN	             NaN	             NaN	             NaN	             NaN	             NaN	   9.0027498e-01	   8.3848368e-01	   8.4841486e-01	   7.2444273e-01	   7.6471132e-01	   6.9784343e-01	   7.2811164e-01	   6.7038722e-01	   6.7156601e-01	   6.1762680e-01	   5.8920340e-01	   5.8274199e-01	   5.7182293e-01	   5.0822000e-01	   4.9695615e-01	   4.8085980e-01	   4.5387206e-01	   4.4259683e-01	   4.3246419e-01	   4.3846390e-01	   3.8915026e-01	   4.1375754e-01	   3.8547367e-01	   3.6523858e-01	   3.7450138e-01	
   0.0000000e+00	   0.0000000e+00	             NaN	             NaN	             NaN	             NaN	             NaN	             NaN	   9.3337533e-01	   8.5268248e-01	   8.6109602e-01	   7.8319858e-01	   7.8222911e-01	   7.2281797e-01	   7.2508828e-01	   6.9510947e-01	   6.5796135e-01	   6.2029669e-01	   6.3008941e-01	   5.4943273e-01	   5.4074495e-01	   5.2249948e-01	   4.7125619e-01	   4.6730480e-01	   4.6822582e-01	   4.4231206e-01	   4.4852199e-01	   4.0967399e-01	   4.0000238e-01	   3.9429593e-01	   4.0094533e-01	   3.7659937e-01	   3.4145358e-01	
   0.0000000e+00	   0.0000000e+00	   0.0000000e+00	             NaN	             NaN	             NaN	             NaN	             NaN	   9.4472130e-01	   8.4824067e-01	   7.7337589e-01	   7.2412396e-01	   7.7846003e-01	   7.3947781e-01	   6.6498579e-01	   6.8653964e-01	   6.6557481e-01	   5.7100600e-01	   5.7052282e-01	   5.8015134e-01	   5.3346232e-01	   5.2420040e-01	   4.8732262e-01	   4.6122631e-01	   4.6200267e-01	   4.6610300e-01	   4.1784402e-01	   4.1151515e-01	   4.1811291e-01	   4.0242147e-01	   3.7578657e-01	   3.6329487e-01	   3.7571399e-01	
   0.0000000e+00	   0.0000000e+00	   0.0000000e+00	             NaN	             NaN	             NaN	             NaN	             NaN	   8.6742690e-01	   8.1447878e-01	   8.1753125e-01	   7.5379467e-01	   7.7233233e-01	   7.4546161e-01	   7.2131653e-01	   6.8722985e-01	   6.6132605e-01	   5.8034481e-01	   6.0082841e-01	   5.3872558e-01	   5.3347941e-01	   5.2314599e-01	   4.8899608e-01	   4.5465773e-01	   4.6091950e-01	   4.5486378e-01	   4.2929960e-01	   4.1724923e-01	   3.9064041e-01	   3.9284364e-01	   3.9613334e-01	   3.7939629e-01	   3.4599279e-01	
   0.0000000e+00	   0.0000000e+00	   0.0000000e+00	             NaN	             NaN	             NaN	             NaN	             NaN	   9.4525432e-01	   7.8850634e-01	   8.3919473e-01	   7.9016911e-01	   7.2714979e-01	   7.5984707e-01	   6.9640502e-01	   6.8568646e-01	   6.0694531e-01	   6.4228372e-01	   5.6760251e-01	   5.7156340e-01	   5.4306612e-01	   5.0959746e-01	   4.7954316e-01	   4.5366202e-01	   4.5445689e-01	   4.4966004e-01	   4.3910029e-01	   4.1827296e-01	   3.9541147e-01	   3.7384789e-01	   3.7003340e-01	   3.6422753e-01	   3.6978574e-01	
   0.0000000e+00	   0.0000000e+00	   0.0000000e+00	             NaN	             NaN	             NaN	             NaN	             NaN	   8.9526704e-01	   8.1484607e-01	   7.8782527e-01	   8.0873353e-01	   6.7466976e-01	   7.1384773e-01	   7.0904344e-01	   6.5793387e-01	   6.1720274e-01	   6.1542098e-01	   5.7654141e-01	   5.3787874e-01	   5.2433081e-01	   5.0692574e-01	   4.9604278e-01	   4.4853297e-01	   4.4679066e-01	   4.4518307e-01	   4.3700227e-01	   4.3047518e-01	   3.7351926e-01	   3.8185414e-01	   3.7770413e-01	   3.6440118e-01	   3.6350282e-01	
   0.0000000e+00	   0.0000000e+00	   0.0000000e+00	             NaN	             NaN	             NaN	             NaN	             NaN	             NaN	   8.3487794e-01	   7.5040013e-01	   8.0045147e-01	   7.5824791e-01	   7.2866628e-01	   7.0030011e-01	   6.5956920e-01	   5.9843940e-01	   6.0572902e-01	   5.9241545e-01	   5.3708012e-01	   5.2104044e-01	   5.0234155e-01	   4.9050579e-01	   4.4952858e-01	   4.6775767e-01	   4.4818935e-01	   4.5383502e-01	   3.9797243e-01	   4.0640025e-01	   3.6622453e-01	   3.8552895e-01	   3.5152535e-01	   3.4834764e-01	
   0.0000000e+00	   0.0000000e+00	   0.0000000e+00	   0.0000000e+00	             NaN	             NaN	             NaN	             NaN	             NaN	   8.9522098e-01	   7.9330584e-01	   8.0614953e-01	   6.9115267e-01	   7.1156263e-01	   7.1093312e-01	   6.5919993e-01	   6.5183814e-01	   6.1915058e-01	   5.4506512e-01	   5.5380888e-01	   5.2866997e-01	   4.9388789e-01	   4.7667544e-01	   4.4637361e-01	   4.3465398e-01	   4.3546394e-01	   4.1285154e-01	   4.0821027e-01	   3.8524856e-01	   3.8529028e-01	   3.6970940e-01	   3.7289949e-01	   3.5763142e-01	
   0.0000000e+00	   0.0000000e+00	   0.0000000e+00	   0.0000000e+00	             NaN	             NaN	             NaN	             NaN	             NaN	   7.8939933e-01	   7.2906933e-01	   7.2673647e-01	   6.9899343e-01	   7.0082505e-01	   6.9012516e-01	   6.5107733e-01	   6.2236139e-01	   5.6212090e-01	   5.5617223e-01	   5.3669407e-01	   5.0514751e-01	   4.7561346e-01	   4.8145518e-01	   4.5289732e-01	   4.0237871e-01	   4.3000859e-01	   4.0773192e-01	   4.0876137e-01	   3.9099651e-01	   3.5790433e-01	   3.5686722e-01	   3.5462445e-01	   3.4877622e-01	
   0.0000000e+00	   0.0000000e+00	   0.0000000e+00	   0.0000000e+00	             NaN	             NaN	             NaN	             NaN	             NaN	   8.6878531e-01	   8.0175956e-01	   7.4423409e-01	   6.8777336e-01	   6.7351735e-01	   6.9878172e-01	   6.6742219e-01	   5.7879642e-01	   6.1321963e-01	   5.7901379e-01	   5.4175822e-01	   5.4139445e-01	   4.8028441e-01	   4.7286235e-01	   4.3904660e-01	   4.5381353e-01	   4.3728454e-01	   3.9729736e-01	   3.7381633e-01	   3.6344087e-01	   3.8799605e-01	   3.4700389e-01	   3.4794966e-01	   3.5336303e-01	
   0.0000000e+00	   0.0000000e+00	   0.0000000e+00	   0.0000000e+00	             NaN	             NaN	             NaN	             NaN	             NaN	   8.4371781e-01	   8.3777870e-01	   6.9753618e-01	   6.6270610e-01	   6.6893273e-01	   6.8717788e-01	   6.2372527e-01	   6.1805510e-01	   5.7451669e-01	   5.7129007e-01	   5.4190698e-01	   5.1214268e-01	   5.2267408e-01	   4.7521854e-01	   4.5421764e-01	   4.2235146e-01	   4.1611676e-01	   3.9608233e-01	   3.8729904e-01	   3.7425385e-01	   3.7662568e-01	   3.4064788e-01	   3.5667845e-01	   3.2085719e-01	
   0.0000000e+00	   0.0000000e+00	   0.0000000e+00	   0.0000000e+00	             NaN	             NaN	             NaN	             NaN	             NaN	             NaN	   8.4212671e-01	   7.2335965e-01	   7.2667579e-01	   6.8072773e-01	   6.3096069e-01	   6.1963690e-01	   6.0280922e-01	   5.2174009e-01	   5.5480517e-01	   5.2474821e-01	   4.9066262e-01	   4.6750218e-01	   4.7845586e-01	   4.6821109e-01	   4.3508354e-01	   4.2010382e-01	   4.1153503e-01	   3.8519726e-01	   3.8310792e-01	   3.5800667e-01	   3.3352321e-01	   3.3694253e-01	   3.4772594e-01	
   0.0000000e+00	   0.0000000e+00	   0.0000000e+00	   0.0000000e+00	             NaN	             NaN	             NaN	             NaN	             NaN	             NaN	   7.9426804e-01	   7.3741593e-01	   7.4510973e-01	   6.7771995e-01	   6.6087411e-01	   6.4737965e-01	   5.8695391e-01	   5.9763598e-01	   5.5390496e-01	   5.2531159e-01	   4.6731624e-01	   4.5780386e-01	   4.6299780e-01	   4.4595187e-01	   4.3134794e-01	   3.9495936e-01	   3.9220185e-01	   3.7584984e-01	   3.6209560e-01	   3.3972838e-01	   3.4211059e-01	   3.2230286e-01	   3.3626176e-01	
   0.0000000e+00	   0.0000000e+00	   0.0000000e+00	   0.0000000e+00	   0.0000000e+00	             NaN	             NaN	             NaN	             NaN	             NaN	   7.9497603e-01	   7.0686407e-01	   6.8110259e-01	   7.3341843e-01	   6.2465174e-01	   6.0335761e-01	   6.1519912e-01	   5.4912109e-01	   5.5169465e-01	   5.1028389e-01	   5.1449918e-01	   4.6893414e-01	   4.5054489e-01	   4.1538459e-01	   4.3604429e-01	   4.0660425e-01	   3.7622662e-01	   3.8115015e-01	   3.6495982e-01	   3.4322133e-01	   3.3388471e-01	   3.5433288e-01	   3.2395750e-01	
   0.0000000e+00	   0.0000000e+00	   0.0000000e+00	   0.0000000e+00	   0.0000000e+00	             NaN	             NaN	             NaN	             NaN	             NaN	   8.2552880e-01	   7.5199107e-01	   7.5878889e-01	   6.4093381e-01	   6.5875850e-01	   5.8828770e-01	   5.9234588e-01	   6.0335330e-01	   5.4736694e-01	   5.3401528e-01	   5.1381789e-01	   4.8227265e-01	   4.6953650e-01	   4.5080447e-01	   4.1074621e-01	   3.9713091e-01	   3.9910737e-01	   4.0164553e-01	   3.7042575e-01	   3.6540938e-01	   3.3862680e-01	   3.2604185e-01	   3.0881770e-01	
   0.0000000e+00	   0.0000000e+00	   0.0000000e+00	   0.0000000e+00	   0.0000000e+00	             NaN	             NaN	             NaN	             NaN	             NaN	   7.9167661e-01	   6.9347388e-01	   7.1594645e-01	   6.6151224e-01	   6.4750801e-01	   6.1238143e-01	   6.0741338e-01	   5.7431926e-01	   5.2923428e-01	   5.2509642e-01	   4.7669954e-01	   4.2145256e-01	   4.0794777e-01	   4.3444791e-01	   3.9709877e-01	   4.1318936e-01	   3.7819412e-01	   3.6344755e-01	   3.4336287e-01	   3.3427691e-01	   3.3570394e-01	   3.5063383e-01	   3.1398486e-01	
   0.0000000e+00	   0.0000000e+00	   0.0000000e+00	   0.0000000e+00	   0.0000000e+00	             NaN	             NaN	             NaN	             NaN	             NaN	             NaN	   7.0259997e-01	   6.9880109e-01	   6.2621206e-01	   5.8478335e-01	   5.8894633e-01	   5.9412447e-01	   5.4540779e-01	   5.3411655e-01	   5.2050663e-01	   4.8932910e-01	   4.5252734e-01	   4.4158507e-01	   4.4943484e-01	   4.0484223e-01	   4.0456467e-01	   3.9254457e-01	   3.5949182e-01	   3.3129895e-01	   3.4090756e-01	   3.2459975e-01	   3.0212018e-01	   3.2392103e-01	
   0.0000000e+00	   0.0000000e+00	   0.0000000e+00	   0.0000000e+00	   0.0000000e+00	             NaN	             NaN	             NaN	             NaN	             NaN	             NaN	   7.8123946e-01	   7.0472396e-01	   6.4645206e-01	   6.0085547e-01	   6.1325904e-01	   5.9607298e-01	   5.5542007e-01	   5.1316708e-01	   5.1066312e-01	   4.7381168e-01	   4.4846390e-01	   4.3697233e-01	   4.1467063e-01	   4.1491875e-01	   3.9450072e-01	   3.8666795e-01	   3.4391707e-01	   3.4566610e-01	   3.2473516e-01	   3.4014789e-01	   3.0586105e-01	   3.0888997e-01	
   0.0000000e+00	   0.0000000e+00	   0.0000000e+00	   0.0000000e+00	   0.0000000e+00	   0.0000000e+00	             NaN	             NaN	             NaN	             NaN	             NaN	   7.0103114e-01	   7.2376528e-01	   6.5302276e-01	   6.0219867e-01	   5.8217646e-01	   5.7050858e-01	   5.5216773e-01	   5.0916276e-01	   4.5560656e-01	   4.7584403e-01	   4.6507517e-01	   4.1567151e-01	   4.1220724e-01	   3.9308981e-01	   3.9174455e-01	   3.6967473e-01	   3.6099686e-01	   3.4863513e-01	   3.3499466e-01	   3.2104761e-01	   2.9716896e-01	   3.0166369e-01	
   0.0000000e+00	   0.0000000e+00	   0.0000000e+00	   0.0000000e+00	   0.0000000e+00	   0.0000000e+00	             NaN	             NaN	             NaN	             NaN	             NaN	   7.2900690e-01	   6.5402625e-01	   6.4031047e-01	   5.7403864e-01	   6.1296421e-01	   5.5418522e-01	   5.4702105e-01	   4.8604863e-01	   4.8957112e-01	   4.6683021e-01	   4.3353119e-01	   4.3058904e-01	   3.9884133e-01	   4.0343399e-01	   3.8738987e-01	   3.6392960e-01	   3.4279093e-01	   3.5085979e-01	   3.3343461e-01	   3.1527054e-01	   3.2211973e-01	   2.9907613e-01	
   0.0000000e+00	   0.0000000e+00	   0.0000000e+00	   0.0000000e+00	   0.0000000e+00	   0.0000000e+00	             NaN	             NaN	             NaN	             NaN	             NaN	   6.7549806e-01	   6.1040974e-01	   6.8586188e-01	   5.6284558e-01	   5.5986281e-01	   5.4132394e-01	   5.0385748e-01	   4.9605005e-01	   4.9449634e-01	   4.6929295e-01	   4.3660132e-01	   4.1058897e-01	   3.9525608e-01	   4.0669817e-01	   3.5957889e-01	   3.5528647e-01	   3.6172961e-01	   3.2459472e-01	   3.2482765e-01	   3.0265585e-01	   3.1019402e-01	   3.0020154e-01	
   0.0000000e+00	   0.0000000e+00	   0.0000000e+00	   0.0000000e+00	   0.0000000e+00	   0.0000000e+00	             NaN	             NaN	             NaN	             NaN	             NaN	             NaN	   6.4160290e-01	   6.6164637e-01	   5.9024655e-01	   5.7651571e-01	   5.4512593e-01	   5.1467585e-01	   4.8546993e-01	   4.8063184e-01	   4.5210909e-01	   4.0879161e-01	   4.2157603e-01	   3.8945467e-01	   3.5937345e-01	   3.7784274e-01	   3.4866291e-01	   3.4357782e-01	   3.2955116e-01	   3.2969534e-01	   2.9940082e-01	   3.0058465e-01	   2.8137770e-01	
   0.0000000e+00	   0.0000000e+00	   0.0000000e+00	   0.0000000e+00	   0.0000000e+00	   0.0000000e+00	             NaN	             NaN	             NaN	             NaN	             NaN	             NaN	   6.6820733e-01	   6.3127879e-01	   5.6497835e-01	   5.2365017e-01	   5.5490485e-01	   5.0644684e-01	   4.7888846e-01	   4.2940013e-01	   4.2962448e-01	   4.2553734e-01	   3.8339495e-01	   3.8982028e-01	   3.5443385e-01	   3.7004072e-01	   3.6459204e-01	   3.3218096e-01	   3.5776066e-01	   2.9888777e-01	   3.2825076e-01	   2.9605542e-01	   2.9020672e-01	
   0.0000000e+00	   0.0000000e+00	   0.0000000e+00	   0.0000000e+00	   0.0000000e+00	   0.0000000e+00	   0.0000000e+00	             NaN	             NaN	             NaN	             NaN	             NaN	   6.7438251e-01	   6.4858172e-01	   5.7082599e-01	   5.4290043e-01	   5.1686015e-01	   4.8984274e-01	   4.6677162e-01	   4.3411404e-01	   4.7987215e-01	   4.1414968e-01	   3.9176659e-01	   3.7204336e-01	   3.8817121e-01	   3.7284304e-01	   3.4685696e-01	   3.5226850e-01	   3.0639805e-01	   3.2280496e-01	   2.9966343e-01	   2.9885399e-01	   2.8052537e-01	
   0.0000000e+00	   0.0000000e+00	   0.0000000e+00	   0.0000000e+00	   0.0000000e+00	   0.0000000e+00	   0.0000000e+00	             NaN	             NaN	             NaN	             NaN	             NaN	   7.0570110e-01	   5.4717893e-01	   5.3542609e-01	   5.9337159e-01	   4.9709888e-01	   5.0546375e-01	   5.0160561e-01	   4.3870827e-01	   4.3554559e-01	   4.1121118e-01	   3.8881734e-01	   3.8434652e-01	   3.6334901e-01	   3.8451313e-01	   3.2791808e-01	   3.3369448e-01	   2.9954120e-01	   2.8689306e-01	   3.0882090e-01	   2.8158986e-01	   2.7268221e-01	
   0.0000000e+00	   0.0000000e+00	   0.0000000e+00	   0.0000000e+00	   0.0000000e+00	   0.0000000e+00	   0.0000000e+00	             NaN	             NaN	             NaN	             NaN	             NaN	   6.1974030e-01	   6.1868102e-01	   5.9016361e-01	   5.9631835e-01	   5.3841626e-01	   4.5912251e-01	   4.9233453e-01	   4.2517137e-01	   4.3348555e-01	   4.1789588e-01	   3.9357461e-01	   3.8404846e-01	   3.7475366e-01	   3.6348978e-01	   3.4196216e-01	   3.1360518e-01	   3.2626274e-01	   2.9532196e-01	   3.1711512e-01	   2.9027796e-01	   2.7174126e-01	
   0.0000000e+00	   0.0000000e+00	   0.0000000e+00	   0.0000000e+00	   0.0000000e+00	   0.0000000e+00	   0.0000000e+00	             NaN	             NaN	             NaN	             NaN	             NaN	             NaN	   5.9490499e-01	   5.6233327e-01	   5.5999827e-01	   5.7034874e-01	   4.9797607e-01	   5.3998791e-01	   4.6386330e-01	   4.1873297e-01	   3.9354285e-01	   3.8599735e-01	   3.8064662e-01	   3.7996720e-01	   3.4894058e-01	   3.5313766e-01	   3.1505237e-01	   3.1465409e-01	   2.9503823e-01	   2.8824860e-01	   2.8745513e-01	   2.6928603e-01	
   0.0000000e+00	   0.0000000e+00	   0.0000000e+00	   0.0000000e+00	   0.0000000e+00	   0.0000000e+00	   0.0000000e+00	             NaN	             NaN	             NaN	             NaN	             NaN	             NaN	   6.0499101e-01	   5.7129721e-01	   5.5375433e-01	   4.7388404e-01	   5.1211488e-01	   4.3233961e-01	   4.3233557e-01	   4.6605380e-01	   3.7640924e-01	   3.9074230e-01	   3.6937354e-01	   3.5887212e-01	   3.5348810e-01	   3.3727886e-01	   3.2232042e-01	   3.0030469e-01	   3.0228164e-01	   3.0328039e-01	   2.6881359e-01	   2.6826698e-01	
   0.0000000e+00	   0.0000000e+00	   0.0000000e+00	   0.0000000e+00	   0.0000000e+00	   0.0000000e+00	   0.0000000e+00	   0.0000000e+00	             NaN	             NaN	             NaN	             NaN	             NaN	   5.6360417e-01	   5.5680090e-01	   4.9817057e-01	   4.9612685e-01	   5.2396241e-01	   4.6462933e-01	   4.4619481e-01	   3.6768259e-01	   3.8496589e-01	   3.7224538e-01	   3.6091614e-01	   3.4958381e-01	   3.2568073e-01	   3.1153743e-01	   3.0449920e-01	   2.8916241e-01	   2.9860562e-01	   2.9500601e-01	   2.7268351e-01	   2.5266646e-01	
   0.0000000e+00	   0.0000000e+00	   0.0000000e+00	   0.0000000e+00	   0.0000000e+00	   0.0000000e+00	   0.0000000e+00	   0.0000000e+00	             NaN	             NaN	             NaN	             NaN	             NaN	   6.0560309e-01	   5.6964496e-01	   5.0060214e-01	   4.7393311e-01	   4.7053174e-01	   4.5424144e-01	   4.4019693e-01	   4.0703106e-01	   3.9450279e-01	   3.9598229e-01	   3.6639021e-01	   3.4247751e-01	   3.1320767e-01	   3.0355091e-01	   3.1909360e-01	   3.1708268e-01	   2.7213486e-01	   2.5254637e-01	   2.6289026e-01	   2.7259155e-01	
   0.0000000e+00	   0.0000000e+00	   0.0000000e+00	   0.0000000e+00	   0.0000000e+00	   0.0000000e+00	   0.0000000e+00	   0.0000000e+00	             NaN	             NaN	             NaN	             NaN	             NaN	   6.3581416e-01	   4.8162279e-01	   5.0166783e-01	   4.8550168e-01	   4.4815583e-01	   4.2349132e-01	   4.6230152e-01	   3.8855458e-01	   3.6241322e-01	   3.5424542e-01	   3.5798103e-01	   3.1985397e-01	   2.9458111e-01	   3.1359450e-01	   2.9583342e-01	   3.1520958e-01	   2.7869194e-01	   2.6692169e-01	   2.4038902e-01	   2.7519182e-01	
   0.0000000e+00	   0.0000000e+00	   0.0000000e+00	   0.0000000e+00	   0.0000000e+00	   0.0000000e+00	   0.0000000e+00	   0.0000000e+00	             NaN	             NaN	             NaN	             NaN	             NaN	             NaN	   5.3858772e-01	   4.9292983e-01	   4.8760571e-01	   4.2104649e-01	   4.1013495e-01	   3.7647149e-01	   4.3565755e-01	   3.5010081e-01	   3.9997157e-01	   3.6786378e-01	   3.3342894e-01	   3.3295565e-01	   3.1993181e-01	   2.8253318e-01	   3.0400055e-01	   2.7759445e-01	   2.6660784e-01	   2.6681499e-01	   2.4788612e-01	
   0.0000000e+00	   0.0000000e+00	   0.0000000e+00	   0.0000000e+00	   0.0000000e+00	   0.0000000e+00	   0.0000000e+00	   0.0000000e+00	             NaN	             NaN	             NaN	             NaN	             NaN	             NaN	   5.2785772e-01	   5.4492831e-01	   4.4434943e-01	   4.8091933e-01	   4.1101666e-01	   3.7245865e-01	   4.0415804e-01	   4.0159898e-01	   3.8046045e-01	   3.7077296e-01	   3.4557021e-01	   3.3591493e-01	   3.2551205e-01	   2.9773185e-01	   2.8773589e-01	   2.7482695e-01	   2.7194071e-01	   2.7655089e-01	   2.5981290e-01	
   0.0000000e+00	   0.0000000e+00	   0.0000000e+00	   0.0000000e+00	   0.0000000e+00	   0.0000000e+00	   0.0000000e+00	   0.0000000e+00	   0.0000000e+00	             NaN	             NaN	             NaN	             NaN	             NaN	   5.4369571e-01	   4.5905123e-01	   4.6257858e-01	   4.2283544e-01	   4.4569099e-01	   4.5071387e-01	   3.8949332e-01	   3.6054022e-01	   3.3676843e-01	   3.1649809e-01	   3.2258765e-01	   3.1357212e-01	   3.2138157e-01	   2.8033589e-01	   2.8162001e-01	   2.8457478e-01	   2.7186960e-01	   2.6064645e-01	   2.3267730e-01	
   0.0000000e+00	   0.0000000e+00	   0.0000000e+00	   0.0000000e+00	   0.0000000e+00	   0.0000000e+00	   0.0000000e+00	   0.0000000e+00	   0.0000000e+00	             NaN	             NaN	             NaN	             NaN	             NaN	   5.3554412e-01	   4.9005181e-01	   4.3766087e-01	   4.3835504e-01	   4.6376187e-01	   3.7677807e-01	   3.8438070e-01	   3.5792208e-01	   3.2551965e-01	   3.2863831e-01	   3.2150451e-01	   3.0675683e-01	   2.8618162e-01	   2.7746055e-01	   2.6385877e-01	   2.7054216e-01	   2.5597795e-01	   2.3689832e-01	   2.2066528e-01	
   0.0000000e+00	   0.0000000e+00	   0.0000000e+00	   0.0000000e+00	   0.0000000e+00	   0.0000000e+00	   0.0000000e+00	   0.0000000e+00	   0.0000000e+00	             NaN	             NaN	             NaN	             NaN	             NaN	   4.6901992e-01	   4.5366370e-01	   4.7894123e-01	   4.2225656e-01	   4.0981601e-01	   3.7795490e-01	   3.6235215e-01	   3.7371715e-01	   3.5649656e-01	   3.2230489e-01	   3.3381248e-01	   3.0667050e-01	   3.0974715e-01	   2.8044993e-01	   2.6718181e-01	   2.2855949e-01	   2.5041803e-01	   2.6400410e-01	   2.5543248e-01	
   0.0000000e+00	   0.0000000e+00	   0.0000000e+00	   0.0000000e+00	   0.0000000e+00	   0.0000000e+00	   0.0000000e+00	   0.0000000e+00	   0.0000000e+00	             NaN	             NaN	             NaN	             NaN	             NaN	             NaN	   5.2727154e-01	   4.4600697e-01	   4.6587152e-01	   4.1906946e-01	   3.7516927e-01	   3.9669285e-01	   3.8578117e-01	   3.2548475e-01	   3.6216387e-01	   3.3133984e-01	   3.0608980e-01	   2.9775988e-01	   2.9177679e-01	   2.7554250e-01	   2.6848881e-01	   2.6319449e-01	   2.3158522e-01	   2.4473091e-01	
   0.0000000e+00	   0.0000000e+00	   0.0000000e+00	   0.0000000e+00	   0.0000000e+00	   0.0000000e+00	   0.0000000e+00	   0.0000000e+00	   0.0000000e+00	             NaN	             NaN	             NaN	             NaN	             NaN	             NaN	   4.8772064e-01	   4.5312296e-01	   4.1362618e-01	   4.4391302e-01	   3.8715466e-01	   3.6915639e-01	   3.5041304e-01	   3.2530550e-01	   3.1374110e-01	   3.1418177e-01	   3.0157368e-01	   3.0155879e-01	   2.7082914e-01	   2.4610942e-01	   2.8966377e-01	   2.4994677e-01	   2.4554769e-01	   2.5126457e-01	
   0.0000000e+00	   0.0000000e+00	   0.0000000e+00	   0.0000000e+00	   0.0000000e+00	   0.0000000e+00	   0.0000000e+00	   0.0000000e+00	   0.0000000e+00	   0.0000000e+00	             NaN	             NaN	             NaN	             NaN	             NaN	   5.2287992e-01	   3.9717369e-01	   4.0294956e-01	   3.9148059e-01	   3.6002671e-01	   3.4479069e-01	   3.0819050e-01	   3.2206671e-01	   3.0061480e-01	   3.1305660e-01	   3.0607124e-01	   2.5978614e-01	   2.9471242e-01	   2.3536498e-01	   2.5174697e-01	   2.2084753e-01	   2.5049989e-01	   2.2120427e-01	
