   2.0693372e+01	   2.0823995e+01	   1.9182027e+01	             NaN	             NaN	             NaN	             NaN	             NaN	             NaN	             NaN	             NaN	             NaN	             NaN	             NaN	   0.0000000e+00	   0.0000000e+00	   0.0000000e+00	   0.0000000e+00	   0.0000000e+00	   0.0000000e+00	   0.0000000e+00	   0.0000000e+00	   0.0000000e+00	   0.0000000e+00	   0.0000000e+00	   0.0000000e+00	   0.0000000e+00	   0.0000000e+00	   0.0000000e+00	   0.0000000e+00	   0.0000000e+00	   0.0000000e+00	   0.0000000e+00	
   1.7816535e+01	   1.9864378e+01	   1.8323942e+01	             NaN	             NaN	             NaN	             NaN	             NaN	             NaN	             NaN	             NaN	             NaN	             NaN	             NaN	   0.0000000e+00	   0.0000000e+00	   0.0000000e+00	   0.0000000e+00	   0.0000000e+00	   0.0000000e+00	   0.0000000e+00	   0.0000000e+00	   0.0000000e+00	   0.0000000e+00	   0.0000000e+00	   0.0000000e+00	   0.0000000e+00	   0.0000000e+00	   0.0000000e+00	   0.0000000e+00	   0.0000000e+00	   0.0000000e+00	   0.0000000e+00	
   1.9031936e+01	   1.8519914e+01	   1.6008840e+01	             NaN	             NaN	             NaN	             NaN	             NaN	             NaN	             NaN	             NaN	             NaN	             NaN	             NaN	   0.0000000e+00	   0.0000000e+00	   0.0000000e+00	   0.0000000e+00	   0.0000000e+00	   0.0000000e+00	   0.0000000e+00	   0.0000000e+00	   0.0000000e+00	   0.0000000e+00	   0.0000000e+00	   0.0000000e+00	   0.0000000e+00	   0.0000000e+00	   0.0000000e+00	   0.0000000e+00	   0.0000000e+00	   0.0000000e+00	   0.0000000e+00	
   2.0732382e+01	   1.8010705e+01	   1.7340865e+01	   1.7843278e+01	             NaN	             NaN	             NaN	             NaN	             NaN	             NaN	             NaN	             NaN	             NaN	             NaN	             NaN	   0.0000000e+00	   0.0000000e+00	   0.0000000e+00	   0.0000000e+00	   0.0000000e+00	   0.0000000e+00	   0.0000000e+00	   0.0000000e+00	   0.0000000e+00	   0.0000000e+00	   0.0000000e+00	   0.0000000e+00	   0.0000000e+00	   0.0000000e+00	   0.0000000e+00	   0.0000000e+00	   0.0000000e+00	   0.0000000e+00	
   1.8603466e+01	   1.6731069e+01	   1.8551735e+01	   1.9065681e+01	             NaN	             NaN	             NaN	             NaN	             NaN	             NaN	             NaN	             NaN	             NaN	             NaN	             NaN	   0.0000000e+00	   0.0000000e+00	   0.0000000e+00	   0.0000000e+00	   0.0000000e+00	   0.0000000e+00	   0.0000000e+00	   0.0000000e+00	   0.0000000e+00	   0.0000000e+00	   0.0000000e+00	   0.0000000e+00	   0.0000000e+00	   0.0000000e+00	   0.0000000e+00	   0.0000000e+00	   0.0000000e+00	   0.0000000e+00	
   1.9315872e+01	   1.5847648e+01	   1.5968103e+01	   1.7699427e+01	   2.1271189e+01	             NaN	             NaN	             NaN	             NaN	             NaN	             NaN	             NaN	             NaN	             NaN	             NaN	             NaN	   0.0000000e+00	   0.0000000e+00	   0.0000000e+00	   0.0000000e+00	   0.0000000e+00	   0.0000000e+00	   0.0000000e+00	   0.0000000e+00	   0.0000000e+00	   0.0000000e+00	   0.0000000e+00	   0.0000000e+00	   0.0000000e+00	   0.0000000e+00	   0.0000000e+00	   0.0000000e+00	   0.0000000e+00	
   1.5141298e+01	   1.5927429e+01	   1.7127213e+01	   1.8783241e+01	   2.1155085e+01	             NaN	             NaN	             NaN	             NaN	             NaN	             NaN	             NaN	             NaN	             NaN	             NaN	             NaN	   0.0000000e+00	   0.0000000e+00	   0.0000000e+00	   0.0000000e+00	   0.0000000e+00	   0.0000000e+00	   0.0000000e+00	   0.0000000e+00	   0.0000000e+00	   0.0000000e+00	   0.0000000e+00	   0.0000000e+00	   0.0000000e+00	   0.0000000e+00	   0.0000000e+00	   0.0000000e+00	   0.0000000e+00	
   2.0035598e+01	   1.5845773e+01	   1.6672015e+01	   1.7733272e+01	   2.0907615e+01	             NaN	             NaN	             NaN	             NaN	             NaN	             NaN	             NaN	             NaN	             NaN	             NaN	             NaN	   0.0000000e+00	   0.0000000e+00	   0.0000000e+00	   0.0000000e+00	   0.0000000e+00	   0.0000000e+00	   0.0000000e+00	   0.0000000e+00	   0.0000000e+00	   0.0000000e+00	   0.0000000e+00	   0.0000000e+00	   0.0000000e+00	   0.0000000e+00	   0.0000000e+00	   0.0000000e+00	   0.0000000e+00	
   1.7591095e+01	   1.7606115e+01	   1.6843205e+01	   1.7175299e+01	   2.0582945e+01	   2.5495941e+01	             NaN	             NaN	             NaN	             NaN	             NaN	             NaN	             NaN	             NaN	             NaN	             NaN	             NaN	   0.0000000e+00	   0.0000000e+00	   0.0000000e+00	   0.0000000e+00	   0.0000000e+00	   0.0000000e+00	   0.0000000e+00	   0.0000000e+00	   0.0000000e+00	   0.0000000e+00	   0.0000000e+00	   0.0000000e+00	   0.0000000e+00	   0.0000000e+00	   0.0000000e+00	   0.0000000e+00	
   1.9446076e+01	   1.5580706e+01	   1.5869954e+01	   1.6831684e+01	   2.0251471e+01	   2.4800914e+01	             NaN	             NaN	             NaN	             NaN	             NaN	             NaN	             NaN	             NaN	             NaN	             NaN	             NaN	   0.0000000e+00	   0.0000000e+00	   0.0000000e+00	   0.0000000e+00	   0.0000000e+00	   0.0000000e+00	   0.0000000e+00	   0.0000000e+00	   0.0000000e+00	   0.0000000e+00	   0.0000000e+00	   0.0000000e+00	   0.0000000e+00	   0.0000000e+00	   0.0000000e+00	   0.0000000e+00	
   1.6686320e+01	   1.5279723e+01	   1.6549154e+01	   1.8305185e+01	   2.0012082e+01	   2.4582837e+01	   2.7172724e+01	             NaN	             NaN	             NaN	             NaN	             NaN	             NaN	             NaN	             NaN	             NaN	             NaN	             NaN	   0.0000000e+00	   0.0000000e+00	   0.0000000e+00	   0.0000000e+00	   0.0000000e+00	   0.0000000e+00	   0.0000000e+00	   0.0000000e+00	   0.0000000e+00	   0.0000000e+00	   0.0000000e+00	   0.0000000e+00	   0.0000000e+00	   0.0000000e+00	   0.0000000e+00	
   1.8250946e+01	   1.5324800e+01	   1.6226538e+01	   1.8206533e+01	   2.0445987e+01	   2.3638442e+01	   2.7578721e+01	             NaN	             NaN	             NaN	             NaN	             NaN	             NaN	             NaN	             NaN	             NaN	             NaN	             NaN	   0.0000000e+00	   0.0000000e+00	   0.0000000e+00	   0.0000000e+00	   0.0000000e+00	   0.0000000e+00	   0.0000000e+00	   0.0000000e+00	   0.0000000e+00	   0.0000000e+00	   0.0000000e+00	   0.0000000e+00	   0.0000000e+00	   0.0000000e+00	   0.0000000e+00	
   1.7669545e+01	   1.6106947e+01	   1.7799748e+01	   1.8699499e+01	   2.0139007e+01	   2.3201067e+01	   2.6365790e+01	             NaN	             NaN	             NaN	             NaN	             NaN	             NaN	             NaN	             NaN	             NaN	             NaN	             NaN	   0.0000000e+00	   0.0000000e+00	   0.0000000e+00	   0.0000000e+00	   0.0000000e+00	   0.0000000e+00	   0.0000000e+00	   0.0000000e+00	   0.0000000e+00	   0.0000000e+00	   0.0000000e+00	   0.0000000e+00	   0.0000000e+00	   0.0000000e+00	   0.0000000e+00	
   1.8009843e+01	   1.5753904e+01	   1.7776905e+01	   1.8647486e+01	   2.0708671e+01	   2.3092420e+01	   2.5623064e+01	   2.4483325e+01	             NaN	             NaN	             NaN	             NaN	             NaN	             NaN	             NaN	             NaN	             NaN	             NaN	             NaN	   0.0000000e+00	   0.0000000e+00	   0.0000000e+00	   0.0000000e+00	   0.0000000e+00	   0.0000000e+00	   0.0000000e+00	   0.0000000e+00	   0.0000000e+00	   0.0000000e+00	   0.0000000e+00	   0.0000000e+00	   0.0000000e+00	   0.0000000e+00	
   1.8415812e+01	   1.5112365e+01	   1.6115060e+01	   1.8165715e+01	   2.0014503e+01	   2.1951252e+01	   2.4641889e+01	   2.3273295e+01	             NaN	             NaN	             NaN	             NaN	             NaN	             NaN	             NaN	             NaN	             NaN	             NaN	             NaN	   0.0000000e+00	   0.0000000e+00	   0.0000000e+00	   0.0000000e+00	   0.0000000e+00	   0.0000000e+00	   0.0000000e+00	   0.0000000e+00	   0.0000000e+00	   0.0000000e+00	   0.0000000e+00	   0.0000000e+00	   0.0000000e+00	   0.0000000e+00	
   1.7182153e+01	   1.6306574e+01	   1.6053552e+01	   1.7925129e+01	   1.9417185e+01	   2.1318681e+01	   2.3417280e+01	   2.1781732e+01	   1.7697774e+01	             NaN	             NaN	             NaN	             NaN	             NaN	             NaN	             NaN	             NaN	             NaN	             NaN	             NaN	   0.0000000e+00	   0.0000000e+00	   0.0000000e+00	   0.0000000e+00	   0.0000000e+00	   0.0000000e+00	   0.0000000e+00	   0.0000000e+00	   0.0000000e+00	   0.0000000e+00	   0.0000000e+00	   0.0000000e+00	   0.0000000e+00	
   1.6540575e+01	   1.7279972e+01	   1.6715299e+01	   1.7170595e+01	   1.8614983e+01	   2.0087725e+01	   2.2150583e+01	   2.1123713e+01	   1.7258551e+01	             NaN	             NaN	             NaN	             NaN	             NaN	             NaN	             NaN	             NaN	             NaN	             NaN	             NaN	   0.0000000e+00	   0.0000000e+00	   0.0000000e+00	   0.0000000e+00	   0.0000000e+00	   0.0000000e+00	   0.0000000e+00	   0.0000000e+00	   0.0000000e+00	   0.0000000e+00	   0.0000000e+00	   0.0000000e+00	   0.0000000e+00	
   1.6798558e+01	   1.6395027e+01	   1.6688824e+01	   1.7599962e+01	   1.8499200e+01	   2.0057162e+01	   2.0752289e+01	   1.9749165e+01	   1.6010158e+01	             NaN	             NaN	             NaN	             NaN	             NaN	             NaN	             NaN	             NaN	             NaN	             NaN	             NaN	   0.0000000e+00	   0.0000000e+00	   0.0000000e+00	   0.0000000e+00	   0.0000000e+00	   0.0000000e+00	   0.0000000e+00	   0.0000000e+00	   0.0000000e+00	   0.0000000e+00	   0.0000000e+00	   0.0000000e+00	   0.0000000e+00	
   1.6385749e+01	   1.6629527e+01	   1.7277919e+01	   1.7457551e+01	   1.8070756e+01	   1.9443805e+01	   2.0058582e+01	   1.9257055e+01	   1.5073375e+01	   9.8630515e+00	             NaN	             NaN	             NaN	             NaN	             NaN	             NaN	             NaN	             NaN	             NaN	             NaN	             NaN	   0.0000000e+00	   0.0000000e+00	   0.0000000e+00	   0.0000000e+00	   0.0000000e+00	   0.0000000e+00	   0.0000000e+00	   0.0000000e+00	   0.0000000e+00	   0.0000000e+00	   0.0000000e+00	   0.0000000e+00	
   1.7293869e+01	   1.5897495e+01	   1.7088135e+01	   1.6881862e+01	   1.7370409e+01	   1.8197478e+01	   1.9196494e+01	   1.7509316e+01	   1.4633446e+01	   9.3582826e+00	             NaN	             NaN	             NaN	             NaN	             NaN	             NaN	             NaN	             NaN	             NaN	             NaN	             NaN	   0.0000000e+00	   0.0000000e+00	   0.0000000e+00	   0.0000000e+00	   0.0000000e+00	   0.0000000e+00	   0.0000000e+00	   0.0000000e+00	   0.0000000e+00	   0.0000000e+00	   0.0000000e+00	   0.0000000e+00	
   1.6921012e+01	   1.6234765e+01	   1.5090607e+01	   1.6426541e+01	   1.7032114e+01	   1.7978007e+01	   1.8337752e+01	   1.6957273e+01	   1.3706683e+01	   9.1866755e+00	   5.9819354e+00	             NaN	             NaN	             NaN	             NaN	             NaN	             NaN	             NaN	             NaN	             NaN	             NaN	             NaN	   0.0000000e+00	   0.0000000e+00	   0.0000000e+00	   0.0000000e+00	   0.0000000e+00	   0.0000000e+00	   0.0000000e+00	   0.0000000e+00	   0.0000000e+00	   0.0000000e+00	   0.0000000e+00	
   1.7779163e+01	   1.5709267e+01	   1.5587908e+01	   1.6096460e+01	   1.6356767e+01	   1.6771354e+01	   1.7074944e+01	   1.6076912e+01	   1.3078669e+01	   9.0041056e+00	   5.8272629e+00	             NaN	             NaN	             NaN	             NaN	             NaN	             NaN	             NaN	             NaN	             NaN	             NaN	             NaN	   0.0000000e+00	   0.0000000e+00	   0.0000000e+00	   0.0000000e+00	   0.0000000e+00	   0.0000000e+00	   0.0000000e+00	   0.0000000e+00	   0.0000000e+00	   0.0000000e+00	   0.0000000e+00	
   1.6833816e+01	   1.6431675e+01	   1.5633831e+01	   1.5763410e+01	   1.5658798e+01	   1.5900611e+01	   1.6409110e+01	   1.5331368e+01	   1.2553013e+01	   8.6201761e+00	   5.7515997e+00	             NaN	             NaN	             NaN	             NaN	             NaN	             NaN	             NaN	             NaN	             NaN	             NaN	             NaN	   0.0000000e+00	   0.0000000e+00	   0.0000000e+00	   0.0000000e+00	   0.0000000e+00	   0.0000000e+00	   0.0000000e+00	   0.0000000e+00	   0.0000000e+00	   0.0000000e+00	   0.0000000e+00	
   1.7354619e+01	   1.6539994e+01	   1.5558513e+01	   1.5124158e+01	   1.4930905e+01	   1.5033087e+01	   1.5193709e+01	   1.4043795e+01	   1.1893510e+01	   8.2269955e+00	   5.5195291e+00	   4.1612306e+00	             NaN	             NaN	             NaN	             NaN	             NaN	             NaN	             NaN	             NaN	             NaN	             NaN	             NaN	   0.0000000e+00	   0.0000000e+00	   0.0000000e+00	   0.0000000e+00	   0.0000000e+00	   0.0000000e+00	   0.0000000e+00	   0.0000000e+00	   0.0000000e+00	   0.0000000e+00	
   1.6857854e+01	   1.5831282e+01	   1.5223377e+01	   1.5191069e+01	   1.3910090e+01	   1.4417990e+01	   1.4780016e+01	   1.3531452e+01	   1.1150559e+01	   8.1170575e+00	   5.5172592e+00	   4.0955756e+00	             NaN	             NaN	             NaN	             NaN	             NaN	             NaN	             NaN	             NaN	             NaN	             NaN	             NaN	   0.0000000e+00	   0.0000000e+00	   0.0000000e+00	   0.0000000e+00	   0.0000000e+00	   0.0000000e+00	   0.0000000e+00	   0.0000000e+00	   0.0000000e+00	   0.0000000e+00	
   1.7189059e+01	   1.5141055e+01	   1.5039339e+01	   1.4051398e+01	   1.3413010e+01	   1.3643609e+01	   1.3657909e+01	   1.2247590e+01	   1.0806911e+01	   7.6630303e+00	   5.2931322e+00	   3.9861087e+00	   3.8659769e+00	             NaN	             NaN	             NaN	             NaN	             NaN	             NaN	             NaN	             NaN	             NaN	             NaN	             NaN	   0.0000000e+00	   0.0000000e+00	   0.0000000e+00	   0.0000000e+00	   0.0000000e+00	   0.0000000e+00	   0.0000000e+00	   0.0000000e+00	   0.0000000e+00	
   1.6140207e+01	   1.5403311e+01	   1.4471896e+01	   1.3526246e+01	   1.2769179e+01	   1.2518442e+01	   1.2854874e+01	   1.1937564e+01	   9.8853905e+00	   7.0590134e+00	   5.0447756e+00	   3.9136027e+00	   3.5602826e+00	             NaN	             NaN	             NaN	             NaN	             NaN	             NaN	             NaN	             NaN	             NaN	             NaN	             NaN	   0.0000000e+00	   0.0000000e+00	   0.0000000e+00	   0.0000000e+00	   0.0000000e+00	   0.0000000e+00	   0.0000000e+00	   0.0000000e+00	   0.0000000e+00	
   1.6233382e+01	   1.4328141e+01	   1.4094831e+01	   1.2274060e+01	   1.2203220e+01	   1.2136048e+01	   1.1835232e+01	   1.0913855e+01	   9.4474452e+00	   6.7539257e+00	   4.7659841e+00	   3.9089870e+00	   3.5257298e+00	             NaN	             NaN	             NaN	             NaN	             NaN	             NaN	             NaN	             NaN	             NaN	             NaN	             NaN	   0.0000000e+00	   0.0000000e+00	   0.0000000e+00	   0.0000000e+00	   0.0000000e+00	   0.0000000e+00	   0.0000000e+00	   0.0000000e+00	   0.0000000e+00	
   1.5386309e+01	   1.4110379e+01	   1.3127142e+01	   1.1721257e+01	   1.1490785e+01	   1.1135968e+01	   1.0942699e+01	   1.0050812e+01	   8.6208304e+00	   6.5947919e+00	   4.6627925e+00	   3.6598355e+00	   3.5135664e+00	   3.5178114e+00	             NaN	             NaN	             NaN	             NaN	             NaN	             NaN	             NaN	             NaN	             NaN	             NaN	             NaN	   0.0000000e+00	   0.0000000e+00	   0.0000000e+00	   0.0000000e+00	   0.0000000e+00	   0.0000000e+00	   0.0000000e+00	   0.0000000e+00	
   1.6578924e+01	   1.3042134e+01	   1.2699145e+01	   1.1384200e+01	   1.0617709e+01	   1.0276013e+01	   1.0279434e+01	   9.2948965e+00	   8.2388700e+00	   6.1677576e+00	   4.3762838e+00	   3.6794279e+00	   3.2871769e+00	   3.3374708e+00	             NaN	             NaN	             NaN	             NaN	             NaN	             NaN	             NaN	             NaN	             NaN	             NaN	             NaN	   0.0000000e+00	   0.0000000e+00	   0.0000000e+00	   0.0000000e+00	   0.0000000e+00	   0.0000000e+00	   0.0000000e+00	   0.0000000e+00	
   1.6584031e+01	   1.3876923e+01	   1.2085672e+01	   1.1360191e+01	   9.9247210e+00	   9.6805848e+00	   9.4385083e+00	   8.6560304e+00	   7.3400539e+00	   5.5700204e+00	   4.1531568e+00	   3.4236887e+00	   3.1172904e+00	   3.2111439e+00	   3.3862055e+00	             NaN	             NaN	             NaN	             NaN	             NaN	             NaN	             NaN	             NaN	             NaN	             NaN	             NaN	   0.0000000e+00	   0.0000000e+00	   0.0000000e+00	   0.0000000e+00	   0.0000000e+00	   0.0000000e+00	   0.0000000e+00	
   1.5725025e+01	   1.4012586e+01	   1.2010611e+01	   1.0345916e+01	   9.3041826e+00	   9.2324317e+00	   9.1113112e+00	   8.1332231e+00	   7.3358527e+00	   5.6173595e+00	   4.0851054e+00	   3.3128722e+00	   3.0506187e+00	   3.0284249e+00	   3.3188491e+00	             NaN	             NaN	             NaN	             NaN	             NaN	             NaN	             NaN	             NaN	             NaN	             NaN	             NaN	   0.0000000e+00	   0.0000000e+00	   0.0000000e+00	   0.0000000e+00	   0.0000000e+00	   0.0000000e+00	   0.0000000e+00	
   1.5516899e+01	   1.3486591e+01	   1.1779846e+01	   9.8223548e+00	   9.1145328e+00	   8.7356083e+00	   8.5827019e+00	   7.9160449e+00	   6.7757466e+00	   5.1445840e+00	   3.9348096e+00	   3.1934569e+00	   2.9397576e+00	   2.9614115e+00	   3.1876002e+00	             NaN	             NaN	             NaN	             NaN	             NaN	             NaN	             NaN	             NaN	             NaN	             NaN	             NaN	   0.0000000e+00	   0.0000000e+00	   0.0000000e+00	   0.0000000e+00	   0.0000000e+00	   0.0000000e+00	   0.0000000e+00	
   1.5828378e+01	   1.2820354e+01	   1.1672106e+01	   9.1686063e+00	   8.4999574e+00	   8.0179707e+00	   7.8702658e+00	   7.2093441e+00	   6.3149060e+00	   5.0451760e+00	   3.7969846e+00	   3.1554114e+00	   2.9032552e+00	   2.8871582e+00	   2.9922678e+00	   3.1942916e+00	             NaN	             NaN	             NaN	             NaN	             NaN	             NaN	             NaN	             NaN	             NaN	             NaN	             NaN	   0.0000000e+00	   0.0000000e+00	   0.0000000e+00	   0.0000000e+00	   0.0000000e+00	   0.0000000e+00	
   1.7009743e+01	   1.5183767e+01	   1.1838547e+01	   8.9104080e+00	   8.3651257e+00	   7.6532173e+00	   7.1491335e+00	   6.7675591e+00	   5.7235150e+00	   4.6289278e+00	   3.5683116e+00	   3.0589479e+00	   2.8010683e+00	   2.6483194e+00	   2.6998360e+00	   3.0548511e+00	             NaN	             NaN	             NaN	             NaN	             NaN	             NaN	             NaN	             NaN	             NaN	             NaN	             NaN	   0.0000000e+00	   0.0000000e+00	   0.0000000e+00	   0.0000000e+00	   0.0000000e+00	   0.0000000e+00	
   1.6595520e+01	   1.4369286e+01	   1.1650066e+01	   8.9201672e+00	   7.5976715e+00	   6.9982053e+00	   6.4787332e+00	   6.1772766e+00	   5.2075718e+00	   4.4234930e+00	   3.4671201e+00	   2.9230177e+00	   2.7133107e+00	   2.6663085e+00	   2.7665849e+00	   2.7048026e+00	   2.7169058e+00	             NaN	             NaN	             NaN	             NaN	             NaN	             NaN	             NaN	             NaN	             NaN	             NaN	             NaN	   0.0000000e+00	   0.0000000e+00	   0.0000000e+00	   0.0000000e+00	   0.0000000e+00	
   1.7676379e+01	   1.4683356e+01	   1.1235892e+01	   8.5710418e+00	   7.2447131e+00	   6.5176344e+00	   6.3658338e+00	   5.8861580e+00	   5.1546465e+00	   4.1725423e+00	   3.3267200e+00	   2.8891711e+00	   2.6249091e+00	   2.5632007e+00	   2.5728619e+00	   2.5902535e+00	   2.6424346e+00	             NaN	             NaN	             NaN	             NaN	             NaN	             NaN	             NaN	             NaN	             NaN	             NaN	             NaN	   0.0000000e+00	   0.0000000e+00	   0.0000000e+00	   0.0000000e+00	   0.0000000e+00	
   1.8374831e+01	   1.5672235e+01	   1.2139794e+01	   8.5655501e+00	   6.7769259e+00	   6.1926418e+00	   6.1010936e+00	   5.5709151e+00	   4.8432441e+00	   4.0893439e+00	   3.2320833e+00	   2.8209337e+00	   2.6116650e+00	   2.4453058e+00	   2.4831880e+00	   2.5243033e+00	   2.6002961e+00	             NaN	             NaN	             NaN	             NaN	             NaN	             NaN	             NaN	             NaN	             NaN	             NaN	             NaN	   0.0000000e+00	   0.0000000e+00	   0.0000000e+00	   0.0000000e+00	   0.0000000e+00	
   2.0578971e+01	   1.5963507e+01	   1.1234121e+01	   8.2389333e+00	   6.4488999e+00	   5.7628800e+00	   5.3793665e+00	   5.2087921e+00	   4.7314164e+00	   3.8492969e+00	   3.2221047e+00	   2.7626778e+00	   2.4978398e+00	   2.3952989e+00	   2.4233736e+00	   2.3897144e+00	   2.3527389e+00	   1.9853165e+00	             NaN	             NaN	             NaN	             NaN	             NaN	             NaN	             NaN	             NaN	             NaN	             NaN	             NaN	   0.0000000e+00	   0.0000000e+00	   0.0000000e+00	   0.0000000e+00	
   1.8615499e+01	   1.6869665e+01	   1.1727486e+01	   7.9218298e+00	   6.1185804e+00	   5.4948499e+00	   5.2598810e+00	   5.0220479e+00	   4.5240559e+00	   3.6663927e+00	   3.1019381e+00	   2.6799369e+00	   2.4349797e+00	   2.3928864e+00	   2.3033605e+00	   2.3162321e+00	   2.3154341e+00	   1.9872581e+00	             NaN	             NaN	             NaN	             NaN	             NaN	             NaN	             NaN	             NaN	             NaN	             NaN	             NaN	   0.0000000e+00	   0.0000000e+00	   0.0000000e+00	   0.0000000e+00	
   1.9897621e+01	   1.6025825e+01	   1.1575364e+01	   8.4978764e+00	   6.0723430e+00	   5.5351525e+00	   4.9408454e+00	   4.6656987e+00	   4.1835007e+00	   3.5229626e+00	   3.0092646e+00	   2.6878144e+00	   2.4743939e+00	   2.3161636e+00	   2.2043742e+00	   2.2721753e+00	   2.0810881e+00	   2.0453091e+00	   1.2404681e+00	             NaN	             NaN	             NaN	             NaN	             NaN	             NaN	             NaN	             NaN	             NaN	             NaN	             NaN	   0.0000000e+00	   0.0000000e+00	   0.0000000e+00	
   2.0120110e+01	   1.7416231e+01	   1.3185875e+01	   8.1722275e+00	   5.8760696e+00	   5.1600025e+00	   4.6250445e+00	   4.3730118e+00	   4.0558692e+00	   3.4929058e+00	   2.9123939e+00	   2.5361963e+00	   2.4196357e+00	   2.2904236e+00	   2.1648728e+00	   2.2234055e+00	   2.0310174e+00	   1.7185963e+00	   1.3247077e+00	             NaN	             NaN	             NaN	             NaN	             NaN	             NaN	             NaN	             NaN	             NaN	             NaN	             NaN	   0.0000000e+00	   0.0000000e+00	   0.0000000e+00	
   2.0648829e+01	   1.9474535e+01	   1.3356041e+01	   8.6721156e+00	   6.0032668e+00	   4.8282469e+00	   4.5266614e+00	   4.2035403e+00	   3.7804687e+00	   3.4458223e+00	   2.8798182e+00	   2.5760307e+00	   2.3653475e+00	   2.2456843e+00	   2.2054695e+00	   2.0999963e+00	   1.9551246e+00	   1.6425951e+00	   1.4204636e+00	             NaN	             NaN	             NaN	             NaN	             NaN	             NaN	             NaN	             NaN	             NaN	             NaN	             NaN	   0.0000000e+00	   0.0000000e+00	   0.0000000e+00	
   2.1960720e+01	   1.9230180e+01	   1.3063781e+01	   8.2863745e+00	   5.6882505e+00	   4.5372756e+00	   4.1612100e+00	   3.8941519e+00	   3.6709751e+00	   3.3222586e+00	   2.8253828e+00	   2.5968360e+00	   2.4629591e+00	   2.3098821e+00	   2.1500641e+00	   2.0562636e+00	   1.8925885e+00	   1.5727738e+00	   1.3405738e+00	   9.5140845e-01	             NaN	             NaN	             NaN	             NaN	             NaN	             NaN	             NaN	             NaN	             NaN	             NaN	             NaN	   0.0000000e+00	   0.0000000e+00	
   2.1742452e+01	   1.8962497e+01	   1.4851704e+01	   8.8417248e+00	   5.6841652e+00	   4.3102354e+00	   4.1579033e+00	   3.7781930e+00	   3.6177999e+00	   3.2130723e+00	   2.8696877e+00	   2.6008417e+00	   2.3903908e+00	   2.2489004e+00	   2.1342270e+00	   1.9383365e+00	   1.8099211e+00	   1.5815901e+00	   1.2423086e+00	   9.0670346e-01	             NaN	             NaN	             NaN	             NaN	             NaN	             NaN	             NaN	             NaN	             NaN	             NaN	             NaN	   0.0000000e+00	   0.0000000e+00	
   2.3180859e+01	   2.0020475e+01	   1.4111450e+01	   8.8228153e+00	   5.5280203e+00	   4.2806258e+00	   3.7489237e+00	   3.5307280e+00	   3.5531303e+00	   3.1782508e+00	   2.9368184e+00	   2.6557964e+00	   2.4913513e+00	   2.2947378e+00	   2.0498010e+00	   1.9296281e+00	   1.7787874e+00	   1.5154993e+00	   1.2024048e+00	   1.0524059e+00	   7.4518489e-01	             NaN	             NaN	             NaN	             NaN	             NaN	             NaN	             NaN	             NaN	             NaN	             NaN	             NaN	   0.0000000e+00	
   2.3102607e+01	   2.0147752e+01	   1.4418418e+01	   9.1527901e+00	   5.2820076e+00	   4.1174729e+00	   3.7574243e+00	   3.5561504e+00	   3.4724386e+00	   3.2162092e+00	   2.9526630e+00	   2.6335443e+00	   2.4570314e+00	   2.3089707e+00	   2.1284126e+00	   1.9376648e+00	   1.7175724e+00	   1.4698889e+00	   1.1963000e+00	   1.0924117e+00	   6.8782856e-01	             NaN	             NaN	             NaN	             NaN	             NaN	             NaN	             NaN	             NaN	             NaN	             NaN	             NaN	   0.0000000e+00	
   2.0974386e+01	   2.1059341e+01	   1.4896853e+01	   8.6095455e+00	   5.4204621e+00	   4.0173126e+00	   3.5473164e+00	   3.3524167e+00	   3.2947942e+00	   3.1357020e+00	   2.8256560e+00	   2.6740045e+00	   2.5336018e+00	   2.3584159e+00	   2.1078209e+00	   1.8835555e+00	   1.7284728e+00	   1.4568509e+00	   1.1402492e+00	   1.0968677e+00	   8.6573774e-01	             NaN	             NaN	             NaN	             NaN	             NaN	             NaN	             NaN	             NaN	             NaN	             NaN	             NaN	   0.0000000e+00	
   2.1416578e+01	   1.9835930e+01	   1.4309828e+01	   9.1839029e+00	   5.3919685e+00	   4.0919109e+00	   3.3793676e+00	   3.4008627e+00	   3.2888610e+00	   3.1447970e+00	   2.8437791e+00	   2.6944822e+00	   2.5629040e+00	   2.3693692e+00	   2.1115438e+00	   1.8738880e+00	   1.6926227e+00	   1.4356771e+00	   1.1282647e+00	   1.0454637e+00	   9.9035999e-01	   7.2772774e-01	             NaN	             NaN	             NaN	             NaN	             NaN	             NaN	             NaN	             NaN	             NaN	             NaN	             NaN	
   2.2192709e+01	   1.9811649e+01	   1.4203230e+01	   8.2890792e+00	   5.1676411e+00	   3.8064248e+00	   3.2157124e+00	   3.2352798e+00	   3.2661868e+00	   3.0846543e+00	   2.9205336e+00	   2.7328367e+00	   2.5826724e+00	   2.4312637e+00	   2.1856221e+00	   1.8762919e+00	   1.6975788e+00	   1.4270709e+00	   1.1486792e+00	   1.0149376e+00	   8.7841422e-01	   6.2390752e-01	             NaN	             NaN	             NaN	             NaN	             NaN	             NaN	             NaN	             NaN	             NaN	             NaN	             NaN	
   2.2484486e+01	   2.0169460e+01	   1.3936827e+01	   9.1814399e+00	   5.2165228e+00	   3.7547024e+00	   3.3158147e+00	   3.0463237e+00	   3.1969404e+00	   3.0683665e+00	   2.9924755e+00	   2.7945265e+00	   2.6320530e+00	   2.4054229e+00	   2.1200937e+00	   1.8468439e+00	   1.6410083e+00	   1.4456407e+00	   1.1814558e+00	   9.3558638e-01	   9.2938417e-01	   7.4378235e-01	   6.1750796e-01	             NaN	             NaN	             NaN	             NaN	             NaN	             NaN	             NaN	             NaN	             NaN	             NaN	
   2.0859040e+01	   2.0220002e+01	   1.4303729e+01	   9.0454504e+00	   5.5163307e+00	   3.6990038e+00	   3.2563675e+00	   3.1855454e+00	   3.2325802e+00	   3.1171411e+00	   2.9430007e+00	   2.8266659e+00	   2.6781336e+00	   2.4820258e+00	   2.1771479e+00	   1.8540931e+00	   1.6391351e+00	   1.4117850e+00	   1.1995959e+00	   9.6922517e-01	   8.9091938e-01	   9.0215613e-01	   6.5891230e-01	             NaN	             NaN	             NaN	             NaN	             NaN	             NaN	             NaN	             NaN	             NaN	             NaN	
   2.2179268e+01	   2.0994497e+01	   1.4285310e+01	   8.8768694e+00	   4.9601766e+00	   3.5477736e+00	   3.0686908e+00	   3.2220275e+00	   3.0864185e+00	   3.1334206e+00	   3.0535549e+00	   2.8598492e+00	   2.6546601e+00	   2.5055027e+00	   2.1814247e+00	   1.9208159e+00	   1.6749031e+00	   1.4013193e+00	   1.1637089e+00	   9.9730846e-01	   8.5730459e-01	   9.6249154e-01	   5.9959957e-01	             NaN	             NaN	             NaN	             NaN	             NaN	             NaN	             NaN	             NaN	             NaN	             NaN	
   2.1335498e+01	   1.9823427e+01	   1.3576744e+01	   8.4232771e+00	   5.0486635e+00	   3.4586721e+00	   3.2122559e+00	   3.0724713e+00	   3.1402130e+00	   3.1582456e+00	   3.0690367e+00	   2.9368605e+00	   2.7528061e+00	   2.5793669e+00	   2.2216409e+00	   1.9087990e+00	   1.6529097e+00	   1.4245312e+00	   1.1866343e+00	   1.0196307e+00	   9.4030031e-01	   9.7106301e-01	   7.6791147e-01	   6.3207663e-01	             NaN	             NaN	             NaN	             NaN	             NaN	             NaN	             NaN	             NaN	             NaN	
   2.0174908e+01	   1.8397560e+01	   1.4398354e+01	   8.7791717e+00	   5.2132592e+00	   3.5390304e+00	   3.1041282e+00	   3.0396836e+00	   3.0932807e+00	   3.0643421e+00	   3.0709496e+00	   2.9241523e+00	   2.7609827e+00	   2.5278289e+00	   2.2132303e+00	   1.8832399e+00	   1.6480548e+00	   1.4449694e+00	   1.1724356e+00	   1.0125530e+00	   9.2260832e-01	   9.2771801e-01	   7.8392404e-01	   6.4055784e-01	             NaN	             NaN	             NaN	             NaN	             NaN	             NaN	             NaN	             NaN	             NaN	
   2.0411721e+01	   1.8270866e+01	   1.2961385e+01	   7.9664393e+00	   5.1912380e+00	   3.4660802e+00	   3.1360026e+00	   3.1255044e+00	   3.1393499e+00	   3.0538138e+00	   3.0411454e+00	   3.0270548e+00	   2.8131741e+00	   2.5334377e+00	   2.2202877e+00	   1.9189205e+00	   1.6236183e+00	   1.4256301e+00	   1.2112371e+00	   1.0240844e+00	   9.2375126e-01	   8.4725375e-01	   9.1059729e-01	   6.1478726e-01	   5.8085516e-01	             NaN	             NaN	             NaN	             NaN	             NaN	             NaN	             NaN	             NaN	
   1.8688186e+01	   1.6704661e+01	   1.2304683e+01	   7.9477994e+00	   5.0818223e+00	   3.5501127e+00	   3.1650696e+00	   2.9809743e+00	   3.0880471e+00	   3.0384636e+00	   3.0925821e+00	   3.0477398e+00	   2.8023400e+00	   2.5205995e+00	   2.2406107e+00	   1.9172475e+00	   1.6739011e+00	   1.4243037e+00	   1.2295471e+00	   1.0281719e+00	   9.6300753e-01	   8.3757528e-01	   8.5113557e-01	   6.6042949e-01	   5.8539530e-01	             NaN	             NaN	             NaN	             NaN	             NaN	             NaN	             NaN	             NaN	
   1.7884076e+01	   1.6735021e+01	   1.2468164e+01	   8.3421451e+00	   5.1434876e+00	   3.2030514e+00	   2.9106419e+00	   2.9248999e+00	   2.9986342e+00	   3.0993026e+00	   2.9914452e+00	   2.9716379e+00	   2.8197844e+00	   2.5774260e+00	   2.2377100e+00	   1.9087254e+00	   1.5905909e+00	   1.4411153e+00	   1.2309137e+00	   1.0731752e+00	   9.5713442e-01	   8.6012320e-01	   7.8702043e-01	   7.3245003e-01	   6.3059341e-01	             NaN	             NaN	             NaN	             NaN	             NaN	             NaN	             NaN	             NaN	
   1.8320565e+01	   1.5846823e+01	   1.2495375e+01	   7.4032182e+00	   5.0809578e+00	   3.3303036e+00	   2.8666452e+00	   2.9443569e+00	   3.0831402e+00	   3.1044129e+00	   3.0701470e+00	   3.0744607e+00	   2.8656209e+00	   2.5607614e+00	   2.2432863e+00	   1.8805958e+00	   1.6246924e+00	   1.4088995e+00	   1.2149574e+00	   1.0980596e+00	   9.7783003e-01	   8.5792136e-01	   8.7867433e-01	   7.7033697e-01	   6.3235035e-01	   5.6588203e-01	             NaN	             NaN	             NaN	             NaN	             NaN	             NaN	             NaN	
   1.7027374e+01	   1.5322616e+01	   1.2054148e+01	   7.9176352e+00	   4.6525888e+00	   3.2413617e+00	   2.8344278e+00	   2.8094192e+00	   2.9486489e+00	   3.1207616e+00	   3.0434194e+00	   2.9229365e+00	   2.8731626e+00	   2.5760967e+00	   2.2130451e+00	   1.9024295e+00	   1.6237179e+00	   1.4165213e+00	   1.2421164e+00	   1.0915722e+00	   9.5849255e-01	   8.6789371e-01	   7.7790173e-01	   8.3737413e-01	   5.9067584e-01	   5.9023044e-01	             NaN	             NaN	             NaN	             NaN	             NaN	             NaN	             NaN	
   1.6283975e+01	   1.4937850e+01	   1.1609151e+01	   7.2717964e+00	   4.7369630e+00	   3.3549784e+00	   2.8935249e+00	   2.8561448e+00	   3.0104710e+00	   3.0515339e+00	   2.9550037e+00	   2.9212502e+00	   2.7445476e+00	   2.6600162e+00	   2.2382785e+00	   1.9130250e+00	   1.6225236e+00	   1.3989034e+00	   1.2290026e+00	   1.1063812e+00	   9.7870171e-01	   8.6805681e-01	   8.1629560e-01	   7.8225360e-01	   6.5159968e-01	   5.2884192e-01	   5.6367773e-01	             NaN	             NaN	             NaN	             NaN	             NaN	             NaN	
   1.6838804e+01	   1.4397451e+01	   1.0226138e+01	   7.4308582e+00	   4.5725134e+00	   3.2903928e+00	   2.7804356e+00	   2.7453335e+00	   2.9448358e+00	   3.0560567e+00	   2.9682441e+00	   2.9868423e+00	   2.7856409e+00	   2.5149955e+00	   2.1344008e+00	   1.8872125e+00	   1.6084854e+00	   1.4232247e+00	   1.2504035e+00	   1.0852027e+00	   9.5886176e-01	   8.6611812e-01	   8.3623566e-01	   7.8704600e-01	   6.2302489e-01	   5.7597991e-01	   5.1851852e-01	             NaN	             NaN	             NaN	             NaN	             NaN	             NaN	
   1.5900602e+01	   1.4264857e+01	   1.0571160e+01	   6.2544462e+00	   4.2059419e+00	   2.9829762e+00	   2.7494213e+00	   2.7328973e+00	   2.8162305e+00	   2.9578544e+00	   2.9098383e+00	   2.9273608e+00	   2.6799762e+00	   2.5441676e+00	   2.1720714e+00	   1.8974380e+00	   1.6134597e+00	   1.4090594e+00	   1.2304164e+00	   1.0841137e+00	   1.0114505e+00	   9.1897166e-01	   7.9175851e-01	   7.4808109e-01	   7.0275570e-01	   5.8732245e-01	   5.8000190e-01	             NaN	             NaN	             NaN	             NaN	             NaN	             NaN	
   1.4278045e+01	   1.2042484e+01	   9.6320346e+00	   6.5234801e+00	   4.3295448e+00	   2.8476065e+00	   2.6165548e+00	   2.7975629e+00	   2.7613600e+00	   2.8973100e+00	   2.8745259e+00	   2.9293625e+00	   2.6896063e+00	   2.4660932e+00	   2.1685224e+00	   1.8255303e+00	   1.5932822e+00	   1.4050378e+00	   1.2515170e+00	   1.1086405e+00	   9.9754979e-01	   8.6657297e-01	   8.1326240e-01	   7.2085191e-01	   7.2830130e-01	   5.7738303e-01	   5.5231697e-01	   5.2809568e-01	             NaN	             NaN	             NaN	             NaN	             NaN	
   1.2941672e+01	   1.2276899e+01	   9.4150674e+00	   6.0156971e+00	   4.1193796e+00	   3.1039200e+00	   2.8129570e+00	   2.7451082e+00	   2.7922569e+00	   2.8934042e+00	   2.8446241e+00	   2.8581760e+00	   2.6651987e+00	   2.4393344e+00	   2.1897267e+00	   1.8603504e+00	   1.5408900e+00	   1.4040290e+00	   1.2502356e+00	   1.0840843e+00	   1.0116635e+00	   9.0208308e-01	   8.1946060e-01	   7.6917623e-01	   7.5733354e-01	   6.8468714e-01	   5.5486253e-01	   5.0292722e-01	             NaN	             NaN	             NaN	             NaN	             NaN	
   1.2222159e+01	   1.1529664e+01	   9.1731160e+00	   5.8414900e+00	   4.0884778e+00	   2.9524751e+00	   2.6692613e+00	   2.6092349e+00	   2.7209418e+00	   2.8839809e+00	   2.8701721e+00	   2.6818789e+00	   2.6425152e+00	   2.4002114e+00	   2.0984494e+00	   1.8214524e+00	   1.5861135e+00	   1.4397641e+00	   1.2823195e+00	   1.1145441e+00	   1.0023158e+00	   9.0987383e-01	   8.4152972e-01	   7.5324741e-01	   6.9517892e-01	   6.7631240e-01	   5.2236763e-01	   4.8870110e-01	   5.0269106e-01	             NaN	             NaN	             NaN	             NaN	
   1.1370929e+01	   1.0451541e+01	   8.1275856e+00	   5.6969827e+00	   3.7737054e+00	   2.9507957e+00	   2.7175540e+00	   2.6201593e+00	   2.6924947e+00	   2.7788689e+00	   2.7155371e+00	   2.6769313e+00	   2.6253028e+00	   2.3841868e+00	   2.0868615e+00	   1.8142994e+00	   1.5677928e+00	   1.3884934e+00	   1.2883302e+00	   1.1135640e+00	   1.0238295e+00	   9.4010187e-01	   8.5000551e-01	   7.5965261e-01	   6.8283174e-01	   7.3212395e-01	   6.5908261e-01	   5.1215007e-01	   5.1809042e-01	             NaN	             NaN	             NaN	             NaN	
   1.0353689e+01	   1.0115472e+01	   8.0535781e+00	   5.6202619e+00	   3.7155737e+00	   3.0148459e+00	   2.6235438e+00	   2.5531830e+00	   2.6706355e+00	   2.7835753e+00	   2.7188309e+00	   2.6478301e+00	   2.5383101e+00	   2.3267390e+00	   2.0873107e+00	   1.8359479e+00	   1.5726287e+00	   1.4124211e+00	   1.2760769e+00	   1.1193747e+00	   1.0053415e+00	   9.1570304e-01	   8.5080482e-01	   7.6439820e-01	   7.2944427e-01	   6.4935906e-01	   6.8718273e-01	   4.5779713e-01	   4.8502841e-01	             NaN	             NaN	             NaN	             NaN	
   1.1135573e+01	   1.0056443e+01	   7.6953650e+00	   5.4077773e+00	   3.6881843e+00	   2.8066556e+00	   2.5215561e+00	   2.5204234e+00	   2.6068237e+00	   2.6372153e+00	   2.6405865e+00	   2.5698224e+00	   2.5089151e+00	   2.2328889e+00	   2.0033172e+00	   1.8180651e+00	   1.5272937e+00	   1.3772887e+00	   1.2909785e+00	   1.1383370e+00	   1.0331036e+00	   9.5118867e-01	   8.7156903e-01	   7.8627858e-01	   6.9957125e-01	   6.5766356e-01	   6.3026277e-01	   5.8675811e-01	   4.8474190e-01	   4.6970326e-01	             NaN	             NaN	             NaN	
   9.5135347e+00	   9.2369598e+00	   7.6370178e+00	   4.8743196e+00	   3.5761030e+00	   2.7216355e+00	   2.4034328e+00	   2.4748095e+00	   2.5259594e+00	   2.5924610e+00	   2.6127656e+00	   2.5846466e+00	   2.3847719e+00	   2.2351927e+00	   2.0552260e+00	   1.7936527e+00	   1.5477540e+00	   1.3978678e+00	   1.2738844e+00	   1.1752562e+00	   9.9094779e-01	   9.2460553e-01	   8.5758141e-01	   7.7573282e-01	   7.1871112e-01	   6.7177447e-01	   6.2028567e-01	   4.9649180e-01	   5.0395440e-01	   4.4644948e-01	             NaN	             NaN	             NaN	
   9.4006696e+00	   8.6030082e+00	   7.1170091e+00	   4.6077401e+00	   3.3989614e+00	   2.7197898e+00	   2.3997900e+00	   2.4913797e+00	   2.4863721e+00	   2.5762255e+00	   2.5655589e+00	   2.3920438e+00	   2.3447913e+00	   2.2395492e+00	   2.0109706e+00	   1.7737549e+00	   1.5496248e+00	   1.3957244e+00	   1.2712116e+00	   1.1042321e+00	   1.0210383e+00	   9.5213142e-01	   8.5846371e-01	   7.6684739e-01	   7.2502462e-01	   6.6020067e-01	   5.5587645e-01	   5.7230461e-01	   4.2814887e-01	   4.4507828e-01	   4.2466273e-01	             NaN	             NaN	
   1.0206683e+01	   8.6444207e+00	   6.1576009e+00	   4.5590199e+00	   3.3413905e+00	   2.5275619e+00	   2.3172741e+00	   2.4443666e+00	   2.3740018e+00	   2.4509202e+00	   2.5953129e+00	   2.4777114e+00	   2.3969016e+00	   2.1419973e+00	   1.9433434e+00	   1.7557830e+00	   1.5088149e+00	   1.3759269e+00	   1.2786451e+00	   1.1975989e+00	   1.0425201e+00	   9.6035534e-01	   8.8085571e-01	   7.6545026e-01	   7.0934312e-01	   6.7598703e-01	   6.0723177e-01	   5.7264932e-01	   5.2661410e-01	   4.3187962e-01	   4.3086417e-01	             NaN	             NaN	
   9.5040645e+00	   7.1816645e+00	   5.9836281e+00	   4.3304912e+00	   3.1141816e+00	   2.4787771e+00	   2.3349050e+00	   2.3754958e+00	   2.4543337e+00	   2.4742298e+00	   2.4381937e+00	   2.4430655e+00	   2.2943701e+00	   2.1088803e+00	   1.8793388e+00	   1.7184982e+00	   1.5323168e+00	   1.4053620e+00	   1.3013599e+00	   1.1705279e+00	   1.0797742e+00	   9.8856408e-01	   8.9007639e-01	   7.8743513e-01	   7.4791367e-01	   6.9444203e-01	   6.4668489e-01	   6.0593382e-01	   4.8244708e-01	   4.4268724e-01	   4.1747416e-01	             NaN	             NaN	
   7.9944980e+00	   7.1982505e+00	   5.5421097e+00	   4.1328635e+00	   3.1780616e+00	   2.5825330e+00	   2.3150055e+00	   2.3116348e+00	   2.3455635e+00	   2.3666080e+00	   2.4086916e+00	   2.3954491e+00	   2.2552615e+00	   2.1728828e+00	   1.8740011e+00	   1.6885550e+00	   1.5318985e+00	   1.4096223e+00	   1.2887570e+00	   1.1812005e+00	   1.0609463e+00	   9.8279271e-01	   8.8920399e-01	   8.4083404e-01	   7.6665375e-01	   6.9971563e-01	   6.3221702e-01	   6.1999831e-01	   4.9536691e-01	   3.8359744e-01	   4.2557444e-01	   4.0921734e-01	             NaN	
   8.2791252e+00	   6.9831863e+00	   5.5377823e+00	   4.0835188e+00	   2.9811469e+00	   2.5092450e+00	   2.2838795e+00	   2.2322467e+00	   2.3252780e+00	   2.4116702e+00	   2.3028593e+00	   2.2904194e+00	   2.1833485e+00	   2.0388929e+00	   1.8351336e+00	   1.6993326e+00	   1.4974263e+00	   1.4040567e+00	   1.2752500e+00	   1.1925197e+00	   1.0651403e+00	   9.8882476e-01	   8.8105650e-01	   8.0167236e-01	   7.4585207e-01	   6.7325779e-01	   6.5223813e-01	   5.6521743e-01	   5.2588137e-01	   4.7093477e-01	   4.1422386e-01	   4.1093719e-01	             NaN	
   7.1789371e+00	   6.1856056e+00	   5.4168444e+00	   3.7591888e+00	   2.8879525e+00	   2.4128294e+00	   2.2984631e+00	   2.2648624e+00	   2.2082634e+00	   2.2964600e+00	   2.2695700e+00	   2.2578584e+00	   2.1773428e+00	   2.0329455e+00	   1.8343758e+00	   1.6391873e+00	   1.5130918e+00	   1.3827594e+00	   1.2778116e+00	   1.1496042e+00	   1.0907962e+00	   9.5777931e-01	   9.2301114e-01	   8.1902495e-01	   7.5654047e-01	   7.2034837e-01	   6.3563063e-01	   5.8193259e-01	   5.3707073e-01	   4.8963173e-01	   3.7842287e-01	   3.8488530e-01	   3.7554683e-01	
   7.3110258e+00	   6.3186274e+00	   5.1456216e+00	   3.6672661e+00	   2.8742650e+00	   2.2961858e+00	   2.2439803e+00	   2.0713304e+00	   2.1820275e+00	   2.2937414e+00	   2.2915771e+00	   2.1830805e+00	   2.1041113e+00	   1.9719610e+00	   1.8011197e+00	   1.6116884e+00	   1.5003122e+00	   1.4094051e+00	   1.2803171e+00	   1.1686586e+00	   1.0735304e+00	   9.8446565e-01	   8.9129124e-01	   8.3101236e-01	   7.5413901e-01	   7.1254706e-01	   6.5352025e-01	   5.8076432e-01	   5.1599298e-01	   4.7057798e-01	   4.4308990e-01	   3.8581124e-01	   3.7193490e-01	
   7.0367574e+00	   5.8339724e+00	   4.5104183e+00	   3.5543995e+00	   2.8157583e+00	   2.4667837e+00	   2.2075038e+00	   2.1874869e+00	   2.2169952e+00	   2.0838917e+00	   2.1700532e+00	   2.1530442e+00	   2.0696577e+00	   1.9371088e+00	   1.7768913e+00	   1.6075354e+00	   1.4377054e+00	   1.3740938e+00	   1.3147221e+00	   1.1946089e+00	   1.1053819e+00	   1.0127064e+00	   9.1250543e-01	   8.5922591e-01	   7.6903489e-01	   7.3893569e-01	   6.7881439e-01	   5.9044159e-01	   5.7657234e-01	   5.0452128e-01	   4.3657585e-01	   3.9757219e-01	   3.7741454e-01	
   5.9819557e+00	   5.9659476e+00	   4.5271208e+00	   3.5082264e+00	   2.7449142e+00	   2.2776514e+00	   2.2428753e+00	   2.2449948e+00	   2.1377820e+00	   2.1209879e+00	   2.1269764e+00	   2.0674299e+00	   2.0155058e+00	   1.8789545e+00	   1.7620481e+00	   1.6826759e+00	   1.4267837e+00	   1.3965311e+00	   1.2792952e+00	   1.2015317e+00	   1.1084593e+00	   9.9910549e-01	   9.0617814e-01	   8.5593839e-01	   7.8048171e-01	   7.2528140e-01	   6.6818778e-01	   6.1123999e-01	   6.0179971e-01	   5.4640051e-01	   3.8043181e-01	   3.8476811e-01	   3.7725186e-01	
   6.8732103e+00	   6.4559163e+00	   4.3164171e+00	   3.4539757e+00	   2.6423224e+00	   2.2415857e+00	   2.2541304e+00	   2.1790750e+00	   2.0983938e+00	   2.1924088e+00	   2.1039339e+00	   2.0451401e+00	   1.9996015e+00	   1.8321212e+00	   1.7308249e+00	   1.5806769e+00	   1.4375515e+00	   1.3497469e+00	   1.3301404e+00	   1.2011477e+00	   1.1088196e+00	   1.0133468e+00	   9.4631746e-01	   8.3043310e-01	   7.7431016e-01	   7.3153314e-01	   6.9401240e-01	   6.1046194e-01	   5.6064694e-01	   5.2033162e-01	   4.3828323e-01	   4.2221420e-01	   3.7448444e-01	
   6.4149504e+00	   5.3668194e+00	   4.4174709e+00	   3.3190578e+00	   2.7357290e+00	   2.3265429e+00	   2.1409856e+00	   2.0972207e+00	   2.0357222e+00	   2.0555429e+00	   2.1484096e+00	   1.9783177e+00	   1.9284096e+00	   1.8263835e+00	   1.7384139e+00	   1.5722480e+00	   1.4345550e+00	   1.4010338e+00	   1.3289269e+00	   1.2258867e+00	   1.1094967e+00	   1.0159070e+00	   9.2716930e-01	   8.7357022e-01	   7.8786106e-01	   7.5611989e-01	   6.8256031e-01	   6.1930231e-01	   5.8049302e-01	   5.2933503e-01	   4.9391785e-01	   3.9528505e-01	   3.8261403e-01	
             NaN	   5.3631411e+00	   4.1119826e+00	   3.2236300e+00	   2.5878448e+00	   2.3355294e+00	   2.1194898e+00	   2.0406383e+00	   2.0650846e+00	   2.0179020e+00	   2.0341016e+00	   1.9898249e+00	   1.9001358e+00	   1.8404624e+00	   1.6914226e+00	   1.5750999e+00	   1.4676535e+00	   1.3341075e+00	   1.3078987e+00	   1.1884671e+00	   1.1011497e+00	   1.0136684e+00	   9.7474683e-01	   8.8387399e-01	   8.0060841e-01	   7.7006568e-01	   7.0991815e-01	   6.0950323e-01	   6.0759470e-01	   5.4625366e-01	   5.4103064e-01	   3.9007920e-01	   3.9440870e-01	
             NaN	   4.7708135e+00	   3.7265343e+00	   3.1927683e+00	   2.5592885e+00	   2.1758973e+00	   1.9966955e+00	   2.0742256e+00	   2.0410244e+00	   1.9845859e+00	   1.9794850e+00	   1.9071531e+00	   1.8687135e+00	   1.8385582e+00	   1.6679878e+00	   1.5584384e+00	   1.4375189e+00	   1.3779000e+00	   1.3403997e+00	   1.2371680e+00	   1.1317955e+00	   1.0422454e+00	   9.4237856e-01	   9.1942876e-01	   8.1412508e-01	   7.5134109e-01	   6.9721512e-01	   6.3581051e-01	   6.0200096e-01	   5.6201394e-01	   5.8243918e-01	   4.3943609e-01	   3.9366781e-01	
             NaN	   4.3975294e+00	   3.5200656e+00	   3.0832271e+00	   2.6990751e+00	   2.1228284e+00	   2.0341394e+00	   2.0427227e+00	   2.0132253e+00	   1.8902913e+00	   1.9913809e+00	   1.9065183e+00	   1.8866660e+00	   1.7215260e+00	   1.6395302e+00	   1.5151665e+00	   1.4805049e+00	   1.3529461e+00	   1.2974784e+00	   1.2095515e+00	   1.1275955e+00	   1.0449417e+00	   9.6689193e-01	   8.8562988e-01	   8.2129445e-01	   7.5805880e-01	   7.1065591e-01	   6.2752774e-01	   5.9310939e-01	   5.3824960e-01	   5.1247341e-01	   4.0270588e-01	   3.9830665e-01	
             NaN	   4.5017031e+00	   3.8069273e+00	   3.1153727e+00	   2.3727106e+00	   2.1488989e+00	   2.0565298e+00	   2.0880123e+00	   1.9141227e+00	   1.9979758e+00	   1.8951863e+00	   1.8336882e+00	   1.7789409e+00	   1.7122548e+00	   1.6261171e+00	   1.4999973e+00	   1.4117359e+00	   1.3724172e+00	   1.3120117e+00	   1.2463575e+00	   1.1330627e+00	   1.0744547e+00	   9.5927133e-01	   9.0285996e-01	   8.1797174e-01	   7.6355582e-01	   7.0781945e-01	   6.4920788e-01	   5.9545114e-01	   5.5716724e-01	   5.2520637e-01	   4.6296001e-01	   4.2164246e-01	
             NaN	   4.2897772e+00	   3.5385115e+00	   2.9354036e+00	   2.3896156e+00	   2.2157345e+00	   2.0393496e+00	   2.0028133e+00	   1.9433264e+00	   1.9342279e+00	   1.8616270e+00	   1.8545971e+00	   1.7519788e+00	   1.6881565e+00	   1.6009829e+00	   1.5120317e+00	   1.4928358e+00	   1.3538201e+00	   1.2852775e+00	   1.2287088e+00	   1.1706119e+00	   1.0841047e+00	   9.7128321e-01	   8.7639414e-01	   8.4138775e-01	   7.4192985e-01	   7.1385159e-01	   6.4629008e-01	   6.0819712e-01	   5.5984261e-01	   5.4129812e-01	   4.8126078e-01	   4.4712642e-01	
             NaN	   4.5083850e+00	   3.6505670e+00	   2.8430411e+00	   2.3528564e+00	   2.1602210e+00	   2.0269930e+00	   1.8546152e+00	   1.9134911e+00	   1.8989366e+00	   1.8238501e+00	   1.8176121e+00	   1.7604830e+00	   1.6636161e+00	   1.5851431e+00	   1.5293578e+00	   1.4456051e+00	   1.3472190e+00	   1.2679764e+00	   1.2051020e+00	   1.1802105e+00	   1.0513831e+00	   9.9165072e-01	   9.1241045e-01	   8.3572589e-01	   7.8109460e-01	   7.1331354e-01	   6.5959695e-01	   6.0651453e-01	   5.4127237e-01	   5.3347668e-01	   5.0475260e-01	   4.3184067e-01	
             NaN	             NaN	   3.5838295e+00	   2.9607206e+00	   2.4622621e+00	   2.0182460e+00	   1.9901000e+00	   1.9077985e+00	   1.9129563e+00	   1.8870342e+00	   1.8042477e+00	   1.8170671e+00	   1.6765623e+00	   1.6786584e+00	   1.5621664e+00	   1.4956048e+00	   1.3962488e+00	   1.3799109e+00	   1.3230311e+00	   1.1734143e+00	   1.1618036e+00	   1.0739139e+00	   9.7621307e-01	   9.1714495e-01	   8.4048567e-01	   7.7404046e-01	   7.2985795e-01	   6.8224807e-01	   6.1977238e-01	   5.7697596e-01	   5.1902264e-01	   5.0188378e-01	   4.5520178e-01	
             NaN	             NaN	   3.5510981e+00	   2.8496272e+00	   2.4606159e+00	   2.0729381e+00	   1.9074879e+00	   1.9020221e+00	   1.8797256e+00	   1.8133552e+00	   1.7898994e+00	   1.6550961e+00	   1.6207673e+00	   1.6750256e+00	   1.5471355e+00	   1.4741964e+00	   1.4235648e+00	   1.3233566e+00	   1.3026387e+00	   1.2116380e+00	   1.1508574e+00	   1.0800184e+00	   1.0103027e+00	   9.0225515e-01	   8.2552021e-01	   7.9992591e-01	   7.4172437e-01	   6.6908154e-01	   6.3155503e-01	   5.5257158e-01	   5.1349007e-01	   4.9186958e-01	   4.7796136e-01	
             NaN	             NaN	   3.3236957e+00	   2.8009502e+00	   2.2779455e+00	   2.1379988e+00	   2.0344854e+00	   1.8237879e+00	   1.7685323e+00	   1.8293551e+00	   1.8247533e+00	   1.6529502e+00	   1.6723300e+00	   1.5646746e+00	   1.5931589e+00	   1.4937594e+00	   1.4110451e+00	   1.3208490e+00	   1.3050448e+00	   1.2393199e+00	   1.1466985e+00	   1.1037018e+00	   9.9004540e-01	   9.1383776e-01	   8.3295803e-01	   7.8646061e-01	   7.3079482e-01	   6.8536561e-01	   6.5461381e-01	   5.7680313e-01	   5.4603697e-01	   4.8684895e-01	   4.7801746e-01	
             NaN	             NaN	   3.1497281e+00	   2.6904852e+00	   2.3227938e+00	   2.0338058e+00	   2.0050389e+00	   1.8130533e+00	   1.8105715e+00	   1.8225156e+00	   1.6799855e+00	   1.6883997e+00	   1.5937261e+00	   1.5653357e+00	   1.4856337e+00	   1.4545587e+00	   1.4312858e+00	   1.3434625e+00	   1.2777822e+00	   1.1927007e+00	   1.1289310e+00	   1.0788281e+00	   1.0146484e+00	   8.9663555e-01	   8.6252091e-01	   7.5142665e-01	   7.2330230e-01	   6.9671650e-01	   6.4179785e-01	   5.7246383e-01	   5.1286918e-01	   4.7923041e-01	   4.4803523e-01	
             NaN	             NaN	   3.0276359e+00	   2.4903881e+00	   2.3332160e+00	   2.0082969e+00	   1.9892696e+00	   1.8499974e+00	   1.6805718e+00	   1.7025269e+00	   1.7430722e+00	   1.6329305e+00	   1.6039873e+00	   1.5214789e+00	   1.4419325e+00	   1.4431196e+00	   1.3405197e+00	   1.3438657e+00	   1.2639021e+00	   1.2221447e+00	   1.1222922e+00	   1.0636335e+00	   9.8247557e-01	   8.8834943e-01	   8.0809951e-01	   7.6949499e-01	   7.1384730e-01	   6.4388998e-01	   6.2051231e-01	   5.6571042e-01	   5.1127384e-01	   4.8917891e-01	   4.5997770e-01	
             NaN	             NaN	             NaN	   2.6847105e+00	   2.2003215e+00	   1.9947384e+00	   1.8146507e+00	   1.8500254e+00	   1.7687129e+00	   1.6407581e+00	   1.7149773e+00	   1.5581196e+00	   1.5308099e+00	   1.5100970e+00	   1.4641247e+00	   1.4132790e+00	   1.3575449e+00	   1.3158700e+00	   1.2534660e+00	   1.1905395e+00	   1.1538498e+00	   1.0638908e+00	   1.0011565e+00	   8.9656114e-01	   8.6164273e-01	   7.6132551e-01	   7.3389095e-01	   6.7462874e-01	   5.9706210e-01	   6.0161440e-01	   5.3226125e-01	   4.7135751e-01	   4.3770931e-01	
             NaN	             NaN	             NaN	   2.5402921e+00	   2.2354051e+00	   2.0969693e+00	   1.9116975e+00	   1.7355829e+00	   1.7081902e+00	   1.6520681e+00	   1.6424140e+00	   1.5513906e+00	   1.5094732e+00	   1.5327361e+00	   1.4632170e+00	   1.4399227e+00	   1.3397330e+00	   1.2817565e+00	   1.2678659e+00	   1.1387670e+00	   1.1260968e+00	   1.0509172e+00	   9.7352803e-01	   9.0890288e-01	   8.4121791e-01	   7.6864574e-01	   7.0991146e-01	   6.2744548e-01	   6.2742623e-01	   5.5879664e-01	   5.3973153e-01	   4.9672102e-01	   4.4682986e-01	
             NaN	             NaN	             NaN	   2.4128960e+00	   2.2361930e+00	   2.0521535e+00	   1.8829653e+00	   1.8214570e+00	   1.6659183e+00	   1.5146679e+00	   1.5605637e+00	   1.5931601e+00	   1.4747329e+00	   1.4071137e+00	   1.4833914e+00	   1.4368750e+00	   1.3174563e+00	   1.2649523e+00	   1.2024559e+00	   1.1541364e+00	   1.1229987e+00	   1.0590552e+00	   9.6669331e-01	   8.8887274e-01	   8.2425615e-01	   7.4545718e-01	   7.4040768e-01	   6.4858414e-01	   6.2772802e-01	   5.5518629e-01	   5.2748237e-01	   4.9833806e-01	   4.4579693e-01	
             NaN	             NaN	             NaN	   2.6455799e+00	   2.0454993e+00	   1.8386099e+00	   1.8004876e+00	   1.6568959e+00	   1.6859827e+00	   1.5222247e+00	   1.5658792e+00	   1.5430622e+00	   1.4842019e+00	   1.4435099e+00	   1.4415548e+00	   1.3562582e+00	   1.3413165e+00	   1.2595079e+00	   1.2494848e+00	   1.1764940e+00	   1.0716640e+00	   1.0150669e+00	   9.5646371e-01	   8.7906056e-01	   7.9922006e-01	   7.7206444e-01	   7.0734003e-01	   6.6992171e-01	   6.1425792e-01	   5.6062980e-01	   5.3718588e-01	   4.9993409e-01	   4.6576460e-01	
             NaN	             NaN	             NaN	   2.4989550e+00	   2.0931185e+00	   1.8866372e+00	   1.9161123e+00	   1.7699620e+00	   1.6880419e+00	   1.5549712e+00	   1.5147469e+00	   1.4929082e+00	   1.4768362e+00	   1.4237327e+00	   1.3923062e+00	   1.3375748e+00	   1.3048851e+00	   1.1863721e+00	   1.1836521e+00	   1.1536093e+00	   1.0877562e+00	   1.0035067e+00	   9.6497845e-01	   9.0099259e-01	   7.7872043e-01	   7.8064883e-01	   6.7871344e-01	   6.7436650e-01	   6.0803885e-01	   5.6842537e-01	   5.3698225e-01	   5.0872973e-01	   4.6967365e-01	
             NaN	             NaN	             NaN	             NaN	   2.2238885e+00	   1.9212268e+00	   1.8709784e+00	   1.6347233e+00	   1.6192521e+00	   1.5361865e+00	   1.4827158e+00	   1.4406125e+00	   1.4159829e+00	   1.3537353e+00	   1.3446929e+00	   1.3605038e+00	   1.2627505e+00	   1.2335739e+00	   1.1813637e+00	   1.1501134e+00	   1.0884352e+00	   1.0163939e+00	   9.1009906e-01	   9.1097158e-01	   8.2071780e-01	   7.8833274e-01	   6.9245285e-01	   6.4264474e-01	   6.3161771e-01	   5.6322703e-01	   5.4391161e-01	   5.0416830e-01	   4.5018120e-01	
             NaN	             NaN	             NaN	             NaN	   2.1796930e+00	   1.9520983e+00	   1.8329492e+00	   1.7356761e+00	   1.6180266e+00	   1.4788966e+00	   1.4689623e+00	   1.4599420e+00	   1.4130430e+00	   1.3403485e+00	   1.3939006e+00	   1.3305488e+00	   1.2942841e+00	   1.2222278e+00	   1.1592332e+00	   1.1062400e+00	   1.0844867e+00	   1.0136333e+00	   9.2194913e-01	   8.8692080e-01	   8.4066859e-01	   7.7078249e-01	   6.7105543e-01	   6.6160044e-01	   6.2765899e-01	   5.6650350e-01	   5.2902983e-01	   4.8617730e-01	   4.4732462e-01	
             NaN	             NaN	             NaN	             NaN	   2.2401058e+00	   1.8608342e+00	   1.7746090e+00	   1.5143000e+00	   1.6157429e+00	   1.4530372e+00	   1.3993532e+00	   1.4475781e+00	   1.4383171e+00	   1.3370604e+00	   1.2910926e+00	   1.2977058e+00	   1.2771823e+00	   1.1992124e+00	   1.1592052e+00	   1.1182949e+00	   1.0633929e+00	   9.8789249e-01	   9.2925192e-01	   8.4688927e-01	   8.0216411e-01	   7.4812493e-01	   7.1562284e-01	   6.3566802e-01	   6.2799687e-01	   5.6020360e-01	   5.2823096e-01	   4.8822851e-01	   4.4595040e-01	
             NaN	             NaN	             NaN	             NaN	   2.0958562e+00	   1.9152277e+00	   1.7920895e+00	   1.6178128e+00	   1.5724668e+00	   1.4640806e+00	   1.3956569e+00	   1.3608854e+00	   1.4211266e+00	   1.3085744e+00	   1.3558402e+00	   1.2690616e+00	   1.2449388e+00	   1.1762170e+00	   1.1395514e+00	   1.0867335e+00	   1.0111475e+00	   9.9798126e-01	   9.0546724e-01	   8.3990993e-01	   8.1666261e-01	   7.4457407e-01	   7.0179131e-01	   6.4140429e-01	   6.0968759e-01	   5.3773629e-01	   5.0153406e-01	   4.7546834e-01	   4.4182370e-01	
             NaN	             NaN	             NaN	             NaN	   2.2200300e+00	   1.8646708e+00	   1.6745487e+00	   1.5303678e+00	   1.5806697e+00	   1.3989963e+00	   1.4311046e+00	   1.2795104e+00	   1.3546415e+00	   1.2957515e+00	   1.3005844e+00	   1.2813684e+00	   1.1852743e+00	   1.1420015e+00	   1.1287352e+00	   1.0527797e+00	   9.9971093e-01	   9.4395531e-01	   8.7803372e-01	   8.3114172e-01	   7.9147567e-01	   7.4859246e-01	   6.7492636e-01	   6.4275397e-01	   5.6528438e-01	   5.4220839e-01	   4.9989669e-01	   4.6018876e-01	   4.6835287e-01	
             NaN	             NaN	             NaN	             NaN	             NaN	   1.7173760e+00	   1.6110568e+00	   1.4330062e+00	   1.5411201e+00	   1.3938276e+00	   1.3595634e+00	   1.3191161e+00	   1.3165527e+00	   1.2961208e+00	   1.3050486e+00	   1.2608049e+00	   1.1830018e+00	   1.1325163e+00	   1.0882885e+00	   1.0260161e+00	   9.8731234e-01	   9.2657759e-01	   8.6692843e-01	   8.2476243e-01	   7.5191540e-01	   7.2306459e-01	   6.5938014e-01	   6.1118637e-01	   5.7298829e-01	   5.5485616e-01	   4.8569689e-01	   4.7150001e-01	   4.6031639e-01	
             NaN	             NaN	             NaN	             NaN	             NaN	   1.6725190e+00	   1.5812800e+00	   1.5196321e+00	   1.4674392e+00	   1.3737981e+00	   1.3453642e+00	   1.2786745e+00	   1.2461863e+00	   1.2373043e+00	   1.2168362e+00	   1.1980718e+00	   1.1479730e+00	   1.1088373e+00	   1.0659848e+00	   1.0135970e+00	   9.5576240e-01	   9.2909118e-01	   8.8437939e-01	   7.9870539e-01	   7.5043523e-01	   7.2629444e-01	   6.5193336e-01	   6.1879662e-01	   5.8631755e-01	   5.3468050e-01	   5.0143032e-01	   4.7786128e-01	   4.3421918e-01	
             NaN	             NaN	             NaN	             NaN	             NaN	   1.8620091e+00	   1.7677511e+00	   1.5825962e+00	   1.4244851e+00	   1.3500400e+00	   1.3168937e+00	   1.2307698e+00	   1.2958325e+00	   1.3080917e+00	   1.2136618e+00	   1.1689189e+00	   1.1177316e+00	   1.1165380e+00	   1.0436119e+00	   1.0086993e+00	   9.4975187e-01	   8.7775277e-01	   8.5338228e-01	   8.0066936e-01	   7.3553447e-01	   6.9624223e-01	   6.6739915e-01	   6.0953593e-01	   5.5727716e-01	   5.3154118e-01	   4.9316886e-01	   4.5575755e-01	   4.2910899e-01	
             NaN	             NaN	             NaN	             NaN	             NaN	   1.7773371e+00	   1.6119714e+00	   1.4869392e+00	   1.4146997e+00	   1.2958890e+00	   1.2896380e+00	   1.2332583e+00	   1.1923327e+00	   1.2401355e+00	   1.2270261e+00	   1.1609644e+00	   1.1102930e+00	   1.0769594e+00	   1.0447570e+00	   9.9296529e-01	   9.5141484e-01	   9.1551525e-01	   8.6915420e-01	   8.0560151e-01	   7.2748748e-01	   6.9030737e-01	   6.5890747e-01	   6.3353851e-01	   5.7428430e-01	   5.1876359e-01	   4.8813070e-01	   4.5247856e-01	   4.2852483e-01	
             NaN	             NaN	             NaN	             NaN	             NaN	   1.7460720e+00	   1.7389653e+00	   1.5693625e+00	   1.4093317e+00	   1.3077282e+00	   1.2455575e+00	   1.2308014e+00	   1.1773644e+00	   1.2169667e+00	   1.2268483e+00	   1.1749971e+00	   1.1162593e+00	   1.0955688e+00	   1.0527562e+00	   9.7630674e-01	   9.5675147e-01	   8.9079995e-01	   8.2348203e-01	   7.6148276e-01	   7.2065561e-01	   7.3423136e-01	   6.4021062e-01	   6.0455007e-01	   5.9111336e-01	   5.3174855e-01	   4.9942017e-01	   4.4424597e-01	   4.2284191e-01	
             NaN	             NaN	             NaN	             NaN	             NaN	             NaN	   1.6487837e+00	   1.4783056e+00	   1.3529119e+00	   1.3183100e+00	   1.1297673e+00	   1.2478549e+00	   1.2043522e+00	   1.2207570e+00	   1.1021827e+00	   1.1568040e+00	   1.0842874e+00	   1.0553742e+00	   9.9303431e-01	   9.7108827e-01	   9.1090987e-01	   8.8813685e-01	   8.0207562e-01	   7.4322285e-01	   7.0690439e-01	   6.6533794e-01	   6.5466042e-01	   6.1851346e-01	   5.6157136e-01	   5.2260044e-01	   4.7273624e-01	   4.7000724e-01	   4.1973174e-01	
             NaN	             NaN	             NaN	             NaN	             NaN	             NaN	   1.6614994e+00	   1.5139447e+00	   1.4102764e+00	   1.3114602e+00	   1.2318323e+00	   1.2615352e+00	   1.1429889e+00	   1.1176101e+00	   1.1924913e+00	   1.0899921e+00	   1.0497041e+00	   1.0553784e+00	   1.0259594e+00	   9.2757179e-01	   8.7843492e-01	   8.3799257e-01	   7.7925443e-01	   7.4786448e-01	   7.0348875e-01	   6.8021190e-01	   6.5265522e-01	   6.0920462e-01	   5.7946304e-01	   5.0992887e-01	   4.6945032e-01	   4.5921303e-01	   4.2904350e-01	
   0.0000000e+00	             NaN	             NaN	             NaN	             NaN	             NaN	   1.6263436e+00	   1.4731323e+00	   1.3901826e+00	   1.3409436e+00	   1.2212079e+00	   1.1311678e+00	   1.1221375e+00	   1.1683097e+00	   1.1803905e+00	   1.0576075e+00	   1.0423758e+00	   1.0442883e+00	   9.7724899e-01	   9.5303659e-01	   9.0822334e-01	   8.3196171e-01	   7.6064535e-01	   7.5618795e-01	   7.2218688e-01	   6.4645102e-01	   6.1226109e-01	   5.7808546e-01	   5.5097540e-01	   5.1022551e-01	   4.7209110e-01	   4.5209025e-01	   4.1819759e-01	
   0.0000000e+00	             NaN	             NaN	             NaN	             NaN	             NaN	   1.6588273e+00	   1.4005871e+00	   1.4441117e+00	   1.2999687e+00	   1.2374922e+00	   1.1676864e+00	   1.1068383e+00	   1.0783807e+00	   1.1625579e+00	   1.1229541e+00	   1.0349576e+00	   1.0003260e+00	   9.9703225e-01	   9.2000975e-01	   8.8890203e-01	   8.3121956e-01	   7.7740195e-01	   7.2090913e-01	   6.8263392e-01	   6.4890448e-01	   6.0594852e-01	   5.7552991e-01	   5.5414748e-01	   4.7934919e-01	   4.7418420e-01	   4.5010904e-01	   4.1749432e-01	
   0.0000000e+00	             NaN	             NaN	             NaN	             NaN	             NaN	   1.6923965e+00	   1.4009897e+00	   1.4051701e+00	   1.2688979e+00	   1.2533602e+00	   1.1369521e+00	   1.0972545e+00	   1.0611615e+00	   1.1481120e+00	   1.0719383e+00	   1.0299975e+00	   9.9013699e-01	   9.4101542e-01	   9.2632211e-01	   8.6373192e-01	   7.8512973e-01	   7.4997485e-01	   7.0739115e-01	   6.7711139e-01	   6.1135245e-01	   5.9786280e-01	   6.1977903e-01	   5.2926793e-01	   5.0813490e-01	   4.7736178e-01	   4.3599939e-01	   4.1522078e-01	
   0.0000000e+00	             NaN	             NaN	             NaN	             NaN	             NaN	             NaN	   1.4946057e+00	   1.3572976e+00	   1.2411332e+00	   1.1086773e+00	   1.1442892e+00	   1.0924990e+00	   1.0629845e+00	   1.1164757e+00	   1.0914637e+00	   1.0102927e+00	   9.4041833e-01	   9.5875498e-01	   9.1007515e-01	   8.9060449e-01	   8.0555604e-01	   7.4790553e-01	   7.0176283e-01	   6.8850300e-01	   6.3421630e-01	   5.8692040e-01	   5.9117748e-01	   5.3790020e-01	   4.8518554e-01	   4.5053097e-01	   4.5912823e-01	   3.9560430e-01	
   0.0000000e+00	             NaN	             NaN	             NaN	             NaN	             NaN	             NaN	   1.4982066e+00	   1.3503536e+00	   1.1975004e+00	   1.1179419e+00	   1.1176812e+00	   1.1064954e+00	   1.0610985e+00	   1.0900480e+00	   1.0408729e+00	   9.9251210e-01	   9.6537439e-01	   9.4113495e-01	   8.6943780e-01	   8.4802731e-01	   7.5938868e-01	   7.2249205e-01	   7.2387055e-01	   6.6832999e-01	   6.1526105e-01	   6.2578175e-01	   5.4812596e-01	   5.5631134e-01	   4.7755455e-01	   4.5168511e-01	   4.4022909e-01	   3.8984243e-01	
   0.0000000e+00	   0.0000000e+00	             NaN	             NaN	             NaN	             NaN	             NaN	   1.5738740e+00	   1.3796082e+00	   1.2053301e+00	   1.1393522e+00	   1.1093865e+00	   1.0351522e+00	   1.0293294e+00	   1.0112009e+00	   1.0814971e+00	   1.0154236e+00	   9.3889643e-01	   9.1589108e-01	   8.7584257e-01	   7.8684793e-01	   7.7323308e-01	   7.0373788e-01	   6.9772387e-01	   6.7535857e-01	   6.3527688e-01	   5.9687641e-01	   5.5274364e-01	   5.1983028e-01	   5.0405580e-01	   4.7245949e-01	   4.4330765e-01	   4.0122235e-01	
   0.0000000e+00	   0.0000000e+00	             NaN	             NaN	             NaN	             NaN	             NaN	   1.5893626e+00	   1.4000642e+00	   1.2305853e+00	   1.1835667e+00	   1.0792341e+00	   1.0567283e+00	   1.0662019e+00	   1.0702986e+00	   1.0185535e+00	   1.0011718e+00	   9.6670407e-01	   9.0914849e-01	   8.3079156e-01	   8.0509304e-01	   7.4532397e-01	   7.0229521e-01	   6.7980858e-01	   6.5001325e-01	   6.2584317e-01	   5.9273490e-01	   5.6036673e-01	   5.3305443e-01	   4.9797999e-01	   4.5499213e-01	   4.1768388e-01	   3.9225163e-01	
   0.0000000e+00	   0.0000000e+00	             NaN	             NaN	             NaN	             NaN	             NaN	   1.6449459e+00	   1.3494552e+00	   1.1389283e+00	   1.1812798e+00	   1.0564548e+00	   1.0818514e+00	   1.0189353e+00	   1.0107863e+00	   1.0535381e+00	   1.0074875e+00	   9.2872774e-01	   8.4427083e-01	   8.3899315e-01	   7.8073337e-01	   7.6060719e-01	   6.9027340e-01	   6.8838090e-01	   6.3293534e-01	   6.0063911e-01	   5.4867417e-01	   5.5134286e-01	   5.2419357e-01	   4.7389540e-01	   4.5004772e-01	   4.2057376e-01	   4.1336316e-01	
   0.0000000e+00	   0.0000000e+00	             NaN	             NaN	             NaN	             NaN	             NaN	             NaN	   1.3211683e+00	   1.1805914e+00	   1.1004931e+00	   1.1094668e+00	   1.0390784e+00	   9.8407581e-01	   9.6506034e-01	   9.9072840e-01	   9.9993592e-01	   8.9632589e-01	   8.9980402e-01	   7.9547542e-01	   7.7680866e-01	   7.4554156e-01	   7.2236087e-01	   6.8189551e-01	   5.9662746e-01	   5.8222694e-01	   5.4492059e-01	   5.4787440e-01	   5.0313772e-01	   4.6746326e-01	   4.4712382e-01	   4.2094932e-01	   4.0218147e-01	
   0.0000000e+00	   0.0000000e+00	             NaN	             NaN	             NaN	             NaN	             NaN	             NaN	   1.3018966e+00	   1.2380100e+00	   1.1090283e+00	   1.0225960e+00	   1.0244397e+00	   1.0286922e+00	   1.0288761e+00	   9.7517173e-01	   1.0104521e+00	   8.7412740e-01	   8.3350001e-01	   7.9777590e-01	   7.6946956e-01	   7.1296153e-01	   6.5125245e-01	   6.6286070e-01	   6.1743253e-01	   5.9549445e-01	   5.2599074e-01	   5.4158803e-01	   4.8363182e-01	   4.6343770e-01	   4.3395810e-01	   4.0792193e-01	   3.8533601e-01	
   0.0000000e+00	   0.0000000e+00	   0.0000000e+00	             NaN	             NaN	             NaN	             NaN	             NaN	   1.4099671e+00	   1.2954626e+00	   1.1226060e+00	   1.0378233e+00	   1.0036159e+00	   9.8792113e-01	   9.1912062e-01	   1.0101924e+00	   9.7478135e-01	   9.1371432e-01	   8.0886745e-01	   8.2842183e-01	   7.7684010e-01	   7.2548316e-01	   6.5381114e-01	   6.4174315e-01	   5.8796183e-01	   5.7407129e-01	   5.4792359e-01	   5.1927901e-01	   4.8802090e-01	   4.6684504e-01	   4.4488587e-01	   4.0104875e-01	   3.8938719e-01	
   0.0000000e+00	   0.0000000e+00	   0.0000000e+00	             NaN	             NaN	             NaN	             NaN	             NaN	   1.4714599e+00	   1.1903191e+00	   1.1013448e+00	   1.0222140e+00	   9.9023255e-01	   9.5177837e-01	   1.0114295e+00	   9.2478154e-01	   8.9991693e-01	   8.9451538e-01	   8.0986581e-01	   7.8868924e-01	   7.6433489e-01	   6.9524462e-01	   6.8434547e-01	   6.2705026e-01	   6.0050485e-01	   5.8436671e-01	   5.6158570e-01	   5.1004953e-01	   4.9972374e-01	   4.6962338e-01	   4.6357753e-01	   4.1220687e-01	   3.8719326e-01	
   0.0000000e+00	   0.0000000e+00	   0.0000000e+00	             NaN	             NaN	             NaN	             NaN	             NaN	   1.5920432e+00	   1.2811602e+00	   1.1545896e+00	   1.0250882e+00	   9.2910458e-01	   9.9754086e-01	   9.3538060e-01	   9.1300172e-01	   9.0171079e-01	   8.7483999e-01	   8.1303499e-01	   7.5884043e-01	   7.4421231e-01	   6.6316121e-01	   6.3033287e-01	   6.3254972e-01	   5.5943500e-01	   5.4630558e-01	   5.3280467e-01	   5.0693599e-01	   4.7435813e-01	   4.3831315e-01	   4.3996429e-01	   3.8724800e-01	   4.0031441e-01	
   0.0000000e+00	   0.0000000e+00	   0.0000000e+00	             NaN	             NaN	             NaN	             NaN	             NaN	   1.5435149e+00	   1.3017382e+00	   1.1481033e+00	   1.0829950e+00	   9.4830172e-01	   9.4120732e-01	   9.4426362e-01	   8.7345442e-01	   9.4267601e-01	   8.9724438e-01	   8.4863757e-01	   7.6254793e-01	   7.0653985e-01	   6.8646276e-01	   6.6672788e-01	   6.4381860e-01	   5.7944896e-01	   5.5039097e-01	   5.3168991e-01	   5.0703847e-01	   4.8152984e-01	   4.5236134e-01	   4.4306900e-01	   3.7705749e-01	   3.6996796e-01	
   0.0000000e+00	   0.0000000e+00	   0.0000000e+00	             NaN	             NaN	             NaN	             NaN	             NaN	             NaN	   1.2364374e+00	   1.1592376e+00	   1.0079338e+00	   9.6409485e-01	   9.6484299e-01	   8.8636534e-01	   8.7898782e-01	   9.1223699e-01	   8.6495122e-01	   7.8898897e-01	   7.1612222e-01	   7.1608335e-01	   6.5519005e-01	   6.1994571e-01	   6.0166994e-01	   5.6052775e-01	   5.3279227e-01	   5.2753650e-01	   5.1583838e-01	   4.7322276e-01	   4.3987246e-01	   4.2113235e-01	   4.0434152e-01	   3.7591528e-01	
   0.0000000e+00	   0.0000000e+00	   0.0000000e+00	   0.0000000e+00	             NaN	             NaN	             NaN	             NaN	             NaN	   1.3153448e+00	   1.0596440e+00	   1.0190741e+00	   9.9990351e-01	   9.5997195e-01	   8.5886501e-01	   8.8451927e-01	   8.5754218e-01	   7.9632572e-01	   8.1109688e-01	   7.5048950e-01	   7.1137646e-01	   6.4272698e-01	   6.4983828e-01	   6.0678849e-01	   5.6816787e-01	   5.4040342e-01	   5.1226332e-01	   4.7483717e-01	   4.5410711e-01	   4.3305496e-01	   3.8902829e-01	   4.1177881e-01	   3.7168352e-01	
   0.0000000e+00	   0.0000000e+00	   0.0000000e+00	   0.0000000e+00	             NaN	             NaN	             NaN	             NaN	             NaN	   1.3335327e+00	   1.1576594e+00	   1.0253633e+00	   9.3620828e-01	   9.4989003e-01	   9.3622982e-01	   8.9065135e-01	   8.6182873e-01	   8.6918348e-01	   8.2427562e-01	   7.4319695e-01	   6.6314457e-01	   6.6250031e-01	   6.1939224e-01	   5.9373881e-01	   5.3542050e-01	   5.3334027e-01	   5.0510798e-01	   4.9278359e-01	   4.5421538e-01	   4.2483872e-01	   4.0433291e-01	   3.8816741e-01	   3.7205245e-01	
   0.0000000e+00	   0.0000000e+00	   0.0000000e+00	   0.0000000e+00	             NaN	             NaN	             NaN	             NaN	             NaN	   1.4276142e+00	   1.0738792e+00	   1.0052235e+00	   9.4745230e-01	   9.2078879e-01	   8.8450151e-01	   9.0818282e-01	   8.5135461e-01	   7.8997839e-01	   7.9522254e-01	   7.5448228e-01	   6.9708703e-01	   6.5508211e-01	   6.0621745e-01	   6.1423712e-01	   5.4712952e-01	   5.0745883e-01	   5.0564772e-01	   4.6034673e-01	   4.7356991e-01	   4.3892856e-01	   3.9303623e-01	   3.8715726e-01	   3.8399380e-01	
   0.0000000e+00	   0.0000000e+00	   0.0000000e+00	   0.0000000e+00	             NaN	             NaN	             NaN	             NaN	             NaN	   1.3663524e+00	   1.2261815e+00	   9.8765929e-01	   9.6152197e-01	   8.7342970e-01	   9.2251650e-01	   8.3886308e-01	   8.4911748e-01	   7.9650519e-01	   8.1862220e-01	   7.1278641e-01	   6.7676705e-01	   6.0355803e-01	   6.1391564e-01	   5.7930898e-01	   5.4694362e-01	   5.3121881e-01	   4.9295184e-01	   4.7675717e-01	   4.5749404e-01	   4.1788993e-01	   3.9326390e-01	   3.5726972e-01	   3.6287050e-01	
   0.0000000e+00	   0.0000000e+00	   0.0000000e+00	   0.0000000e+00	             NaN	             NaN	             NaN	             NaN	             NaN	             NaN	   1.1867455e+00	   1.0241234e+00	   1.0309314e+00	   9.2184417e-01	   9.1330454e-01	   8.3184125e-01	   8.4512754e-01	   7.6103292e-01	   7.4458069e-01	   7.3588732e-01	   7.0431077e-01	   6.3534700e-01	   6.2139701e-01	   5.7259782e-01	   5.6103598e-01	   5.2024786e-01	   4.8676006e-01	   4.7968329e-01	   4.4644113e-01	   4.2019475e-01	   3.7063159e-01	   3.6480934e-01	   3.7429402e-01	
   0.0000000e+00	   0.0000000e+00	   0.0000000e+00	   0.0000000e+00	             NaN	             NaN	             NaN	             NaN	             NaN	             NaN	   1.1998356e+00	   1.1152250e+00	   9.8231139e-01	   9.5305902e-01	   8.7921513e-01	   8.6159331e-01	   8.0101270e-01	   7.4668844e-01	   7.1976159e-01	   7.0889254e-01	   6.5995254e-01	   6.1937361e-01	   5.8690933e-01	   5.8010587e-01	   5.5431077e-01	   5.3433991e-01	   4.7977551e-01	   4.8112174e-01	   4.4545427e-01	   4.0398405e-01	   3.7227564e-01	   3.6469171e-01	   3.5658792e-01	
   0.0000000e+00	   0.0000000e+00	   0.0000000e+00	   0.0000000e+00	   0.0000000e+00	             NaN	             NaN	             NaN	             NaN	             NaN	   1.2565263e+00	   1.1125368e+00	   9.8897169e-01	   8.9653259e-01	   9.2186954e-01	   7.7097947e-01	   8.1665458e-01	   7.8525645e-01	   7.4358376e-01	   7.3193217e-01	   6.8338553e-01	   6.1433301e-01	   5.4870252e-01	   5.5430434e-01	   5.5522892e-01	   5.0635163e-01	   4.6870679e-01	   4.7236464e-01	   4.3378731e-01	   4.0281022e-01	   3.7653527e-01	   3.6055534e-01	   3.5485732e-01	
   0.0000000e+00	   0.0000000e+00	   0.0000000e+00	   0.0000000e+00	   0.0000000e+00	             NaN	             NaN	             NaN	             NaN	             NaN	   1.2241784e+00	   1.0798649e+00	   9.4115341e-01	   9.2457062e-01	   8.7046883e-01	   8.7961150e-01	   8.7504022e-01	   7.9387308e-01	   7.1662270e-01	   7.2592071e-01	   6.9990945e-01	   5.9507324e-01	   5.8218113e-01	   5.6628803e-01	   5.2493926e-01	   4.8022845e-01	   4.7353058e-01	   4.6763742e-01	   4.4298032e-01	   3.9565562e-01	   3.6370657e-01	   3.7493754e-01	   3.4282805e-01	
   0.0000000e+00	   0.0000000e+00	   0.0000000e+00	   0.0000000e+00	   0.0000000e+00	             NaN	             NaN	             NaN	             NaN	             NaN	   1.4471624e+00	   1.1164326e+00	   9.1572042e-01	   9.3346564e-01	   8.6954295e-01	   8.0908247e-01	   8.0848506e-01	   7.7606873e-01	   7.3226820e-01	   7.5188487e-01	   6.8201316e-01	   6.2244399e-01	   5.7140661e-01	   5.4820864e-01	   5.0401529e-01	   5.0744266e-01	   4.9128720e-01	   4.7380509e-01	   3.8657295e-01	   4.0114379e-01	   3.7333578e-01	   3.3949241e-01	   3.2292845e-01	
   0.0000000e+00	   0.0000000e+00	   0.0000000e+00	   0.0000000e+00	   0.0000000e+00	             NaN	             NaN	             NaN	             NaN	             NaN	             NaN	   1.1855213e+00	   1.0638001e+00	   9.1732182e-01	   8.5235592e-01	   8.4450536e-01	   7.8619945e-01	   6.8263740e-01	   6.7771604e-01	   7.3787462e-01	   6.9482189e-01	   5.8797964e-01	   5.8201362e-01	   5.6713574e-01	   4.9364669e-01	   4.7293877e-01	   4.6954950e-01	   4.7024766e-01	   4.4553833e-01	   4.0381471e-01	   3.9762699e-01	   3.6278591e-01	   3.1877346e-01	
   0.0000000e+00	   0.0000000e+00	   0.0000000e+00	   0.0000000e+00	   0.0000000e+00	             NaN	             NaN	             NaN	             NaN	             NaN	             NaN	   1.1970952e+00	   9.8139516e-01	   9.3260835e-01	   8.7902110e-01	   8.5721454e-01	   8.1649019e-01	   7.2782681e-01	   7.1266154e-01	   6.6512301e-01	   7.0404498e-01	   6.2861290e-01	   5.4386323e-01	   5.6883158e-01	   5.2399107e-01	   4.5233116e-01	   4.8359514e-01	   4.4858897e-01	   4.2663012e-01	   4.0412512e-01	   3.6938632e-01	   3.4389602e-01	   3.1130098e-01	
   0.0000000e+00	   0.0000000e+00	   0.0000000e+00	   0.0000000e+00	   0.0000000e+00	   0.0000000e+00	             NaN	             NaN	             NaN	             NaN	             NaN	   1.2359313e+00	   9.4626655e-01	   9.2279338e-01	   8.7266700e-01	   8.5173658e-01	   8.5099610e-01	   6.7414888e-01	   6.9528475e-01	   6.5536113e-01	   6.6723961e-01	   6.2819929e-01	   5.6263747e-01	   5.2776713e-01	   5.1958392e-01	   4.8707739e-01	   4.6199801e-01	   4.5696586e-01	   4.2371782e-01	   3.8940403e-01	   3.7429051e-01	   3.5243280e-01	   3.3598144e-01	
   0.0000000e+00	   0.0000000e+00	   0.0000000e+00	   0.0000000e+00	   0.0000000e+00	   0.0000000e+00	             NaN	             NaN	             NaN	             NaN	             NaN	   1.3384835e+00	   1.0526748e+00	   9.7912409e-01	   8.7987958e-01	   8.6198675e-01	   8.6088094e-01	   7.5787249e-01	   6.6413067e-01	   6.7294238e-01	   6.7742743e-01	   6.2813536e-01	   5.4764663e-01	   5.2509524e-01	   4.9506074e-01	   4.7941577e-01	   4.8552499e-01	   4.2392066e-01	   4.2231306e-01	   3.6523012e-01	   3.5438404e-01	   3.4114585e-01	   3.0939340e-01	
   0.0000000e+00	   0.0000000e+00	   0.0000000e+00	   0.0000000e+00	   0.0000000e+00	   0.0000000e+00	             NaN	             NaN	             NaN	             NaN	             NaN	   1.3493447e+00	   1.0744735e+00	   9.6641674e-01	   8.6308145e-01	   8.9558705e-01	   8.3505987e-01	   7.4303710e-01	   6.4822182e-01	   6.7710608e-01	   6.2961745e-01	   6.3960718e-01	   5.3513755e-01	   5.2928549e-01	   5.1588472e-01	   4.8617724e-01	   4.6973365e-01	   4.4065210e-01	   3.9137334e-01	   3.5991515e-01	   3.5681190e-01	   3.4997911e-01	   3.2005390e-01	
   0.0000000e+00	   0.0000000e+00	   0.0000000e+00	   0.0000000e+00	   0.0000000e+00	   0.0000000e+00	             NaN	             NaN	             NaN	             NaN	             NaN	             NaN	   1.0958055e+00	   9.4534797e-01	   8.9387477e-01	   7.9363074e-01	   8.1800118e-01	   7.3322035e-01	   6.8148818e-01	   6.7295130e-01	   6.2429832e-01	   6.3565532e-01	   5.4349032e-01	   5.2696427e-01	   5.1248001e-01	   4.5358274e-01	   4.6732276e-01	   4.4365808e-01	   3.8344547e-01	   3.6325870e-01	   3.6084405e-01	   3.2573193e-01	   3.0831779e-01	
   0.0000000e+00	   0.0000000e+00	   0.0000000e+00	   0.0000000e+00	   0.0000000e+00	   0.0000000e+00	             NaN	             NaN	             NaN	             NaN	             NaN	             NaN	   1.1904904e+00	   1.0185596e+00	   9.5405188e-01	   8.7725798e-01	   8.7550735e-01	   7.2334879e-01	   6.9686266e-01	   6.3992029e-01	   6.0160851e-01	   6.2089865e-01	   5.7537349e-01	   5.0869881e-01	   4.9140249e-01	   4.8168360e-01	   4.3046209e-01	   4.1495791e-01	   4.0466089e-01	   4.0431360e-01	   3.5608639e-01	   3.3056664e-01	   3.4025571e-01	
   0.0000000e+00	   0.0000000e+00	   0.0000000e+00	   0.0000000e+00	   0.0000000e+00	   0.0000000e+00	   0.0000000e+00	             NaN	             NaN	             NaN	             NaN	             NaN	   1.2966189e+00	   1.0122653e+00	   9.6098757e-01	   8.1277747e-01	   8.3052399e-01	   7.2716967e-01	   7.1465745e-01	   6.5882980e-01	   6.2880259e-01	   6.3344881e-01	   5.3968277e-01	   5.2683313e-01	   5.0140874e-01	   4.2854838e-01	   4.6149586e-01	   4.4076339e-01	   4.0059728e-01	   3.5142917e-01	   3.3703544e-01	   3.2749523e-01	   2.9275135e-01	
   0.0000000e+00	   0.0000000e+00	   0.0000000e+00	   0.0000000e+00	   0.0000000e+00	   0.0000000e+00	   0.0000000e+00	             NaN	             NaN	             NaN	             NaN	             NaN	   1.2394178e+00	   1.0418321e+00	   9.7446829e-01	   8.7576569e-01	   7.9874989e-01	   7.4891738e-01	   6.4909108e-01	   6.6267671e-01	   6.2550740e-01	   6.2375106e-01	   6.0548205e-01	   5.2708260e-01	   5.1176569e-01	   4.8113859e-01	   4.4283627e-01	   4.2292136e-01	   3.8453369e-01	   3.7585258e-01	   3.5667469e-01	   3.1158356e-01	   3.0290936e-01	
   0.0000000e+00	   0.0000000e+00	   0.0000000e+00	   0.0000000e+00	   0.0000000e+00	   0.0000000e+00	   0.0000000e+00	             NaN	             NaN	             NaN	             NaN	             NaN	   1.3498942e+00	   1.1077521e+00	   9.1598770e-01	   8.5635871e-01	   8.7989223e-01	   8.0223980e-01	   7.2306827e-01	   6.3218019e-01	   6.3321458e-01	   5.8008723e-01	   5.3502809e-01	   5.0157494e-01	   4.5645968e-01	   4.6437698e-01	   4.6490743e-01	   4.2929288e-01	   4.0193051e-01	   3.5908218e-01	   3.5576220e-01	   3.3135618e-01	   3.0691001e-01	
   0.0000000e+00	   0.0000000e+00	   0.0000000e+00	   0.0000000e+00	   0.0000000e+00	   0.0000000e+00	   0.0000000e+00	             NaN	             NaN	             NaN	             NaN	             NaN	             NaN	   1.1420466e+00	   9.8738428e-01	   8.8149308e-01	   8.5514865e-01	   7.7797517e-01	   7.0646945e-01	   6.5130260e-01	   5.8774261e-01	   5.8396546e-01	   5.8343319e-01	   5.3526271e-01	   5.0204116e-01	   4.5770457e-01	   4.4907121e-01	   4.2961614e-01	   4.1838879e-01	   3.5391476e-01	   3.5230419e-01	   3.2011990e-01	   2.9867302e-01	
   0.0000000e+00	   0.0000000e+00	   0.0000000e+00	   0.0000000e+00	   0.0000000e+00	   0.0000000e+00	   0.0000000e+00	             NaN	             NaN	             NaN	             NaN	             NaN	             NaN	   1.1999685e+00	   9.9714548e-01	   8.6462967e-01	   8.9129112e-01	   7.4274460e-01	   6.7890469e-01	   6.2070097e-01	   6.0049687e-01	   5.4989111e-01	   5.8481841e-01	   5.8133407e-01	   4.6544620e-01	   4.9989376e-01	   4.1540900e-01	   4.2912109e-01	   3.7906984e-01	   3.8012104e-01	   3.5143477e-01	   3.0674211e-01	   3.1843761e-01	
   0.0000000e+00	   0.0000000e+00	   0.0000000e+00	   0.0000000e+00	   0.0000000e+00	   0.0000000e+00	   0.0000000e+00	   0.0000000e+00	             NaN	             NaN	             NaN	             NaN	             NaN	   1.2917259e+00	   9.9926600e-01	   9.0306114e-01	   8.9112390e-01	   7.9771727e-01	   6.6978942e-01	   6.7534138e-01	   5.8296261e-01	   5.7140648e-01	   5.8572534e-01	   5.9112496e-01	   4.5038614e-01	   4.6376384e-01	   4.5332458e-01	   4.3785988e-01	   3.8518333e-01	   3.7853658e-01	   3.3575883e-01	   3.1883290e-01	   3.0541855e-01	
   0.0000000e+00	   0.0000000e+00	   0.0000000e+00	   0.0000000e+00	   0.0000000e+00	   0.0000000e+00	   0.0000000e+00	   0.0000000e+00	             NaN	             NaN	             NaN	             NaN	             NaN	   1.3378640e+00	   1.0311273e+00	   8.5511603e-01	   8.5995559e-01	   7.1880314e-01	   6.7274912e-01	   6.5981525e-01	   6.0836129e-01	   5.3103516e-01	   5.4200304e-01	   6.0977665e-01	   4.6569659e-01	   4.1982353e-01	   4.5262373e-01	   4.1650929e-01	   3.8906179e-01	   3.5446861e-01	   3.2977394e-01	   3.0662331e-01	   2.9783720e-01	
   0.0000000e+00	   0.0000000e+00	   0.0000000e+00	   0.0000000e+00	   0.0000000e+00	   0.0000000e+00	   0.0000000e+00	   0.0000000e+00	             NaN	             NaN	             NaN	             NaN	             NaN	   1.4435260e+00	   1.0798642e+00	   9.3992656e-01	   9.4648320e-01	   7.4067334e-01	   7.0869102e-01	   6.4508523e-01	   6.3933062e-01	   5.9575600e-01	   5.4950288e-01	   5.6227652e-01	   5.0526465e-01	   4.6754927e-01	   4.5653106e-01	   4.2723798e-01	   4.0028921e-01	   3.8908007e-01	   3.3446427e-01	   3.2834551e-01	   2.9016725e-01	
   0.0000000e+00	   0.0000000e+00	   0.0000000e+00	   0.0000000e+00	   0.0000000e+00	   0.0000000e+00	   0.0000000e+00	   0.0000000e+00	             NaN	             NaN	             NaN	             NaN	             NaN	             NaN	   1.2017002e+00	   9.4765819e-01	   9.1689998e-01	   7.6160499e-01	   7.2015404e-01	   6.0646854e-01	   6.1286986e-01	   6.0571460e-01	   5.5337011e-01	   5.7371108e-01	   5.2229894e-01	   4.5166594e-01	   4.4995217e-01	   4.1860267e-01	   3.8490674e-01	   3.5773087e-01	   3.1774118e-01	   3.2822607e-01	   3.0114753e-01	
   0.0000000e+00	   0.0000000e+00	   0.0000000e+00	   0.0000000e+00	   0.0000000e+00	   0.0000000e+00	   0.0000000e+00	   0.0000000e+00	             NaN	             NaN	             NaN	             NaN	             NaN	             NaN	   1.2752072e+00	   9.6993434e-01	   8.4987302e-01	   8.3615015e-01	   7.4207988e-01	   6.8125015e-01	   6.2600444e-01	   5.5137273e-01	   5.7141840e-01	   5.7987560e-01	   4.7096249e-01	   4.3558440e-01	   4.3343735e-01	   4.0677119e-01	   3.7927678e-01	   3.7199790e-01	   3.4022653e-01	   3.1944407e-01	   2.9746378e-01	
   0.0000000e+00	   0.0000000e+00	   0.0000000e+00	   0.0000000e+00	   0.0000000e+00	   0.0000000e+00	   0.0000000e+00	   0.0000000e+00	   0.0000000e+00	             NaN	             NaN	             NaN	             NaN	             NaN	   1.3134576e+00	   1.0346302e+00	   9.6618135e-01	   7.8060123e-01	   7.3187321e-01	   6.9383886e-01	   6.3632064e-01	   5.7516004e-01	   5.2325897e-01	   5.5747948e-01	   5.4844306e-01	   4.2837943e-01	   4.0234422e-01	   4.0511337e-01	   3.6652929e-01	   3.6182252e-01	   3.3514169e-01	   3.2497668e-01	   3.0917555e-01	
   0.0000000e+00	   0.0000000e+00	   0.0000000e+00	   0.0000000e+00	   0.0000000e+00	   0.0000000e+00	   0.0000000e+00	   0.0000000e+00	   0.0000000e+00	             NaN	             NaN	             NaN	             NaN	             NaN	   1.4497931e+00	   1.0333178e+00	   8.9499268e-01	   8.0681458e-01	   7.0214194e-01	   6.7866034e-01	   5.9915452e-01	   5.2608375e-01	   5.6014035e-01	   5.5598165e-01	   5.7115168e-01	   4.9313324e-01	   4.3607182e-01	   4.2123528e-01	   4.1559765e-01	   3.1552887e-01	   3.2088655e-01	   3.0429757e-01	   3.0436758e-01	
   0.0000000e+00	   0.0000000e+00	   0.0000000e+00	   0.0000000e+00	   0.0000000e+00	   0.0000000e+00	   0.0000000e+00	   0.0000000e+00	   0.0000000e+00	             NaN	             NaN	             NaN	             NaN	             NaN	   1.4092219e+00	   1.0686690e+00	   9.3779475e-01	   7.8420117e-01	   7.3310635e-01	   6.7963269e-01	   6.3699209e-01	   5.5413957e-01	   5.5491243e-01	   5.3783768e-01	   5.4386331e-01	   4.9728456e-01	   4.3200161e-01	   4.3317157e-01	   3.8514986e-01	   3.5356300e-01	   3.3014132e-01	   3.0431538e-01	   2.9451980e-01	
   0.0000000e+00	   0.0000000e+00	   0.0000000e+00	   0.0000000e+00	   0.0000000e+00	   0.0000000e+00	   0.0000000e+00	   0.0000000e+00	   0.0000000e+00	             NaN	             NaN	             NaN	             NaN	             NaN	             NaN	   1.1375862e+00	   9.6418168e-01	   8.3671100e-01	   7.0429733e-01	   6.9762290e-01	   6.5769806e-01	   6.2363335e-01	   5.2733180e-01	   5.8174124e-01	   5.4643807e-01	   4.9160246e-01	   4.5491092e-01	   4.3639775e-01	   3.9203852e-01	   3.7303279e-01	   3.4191893e-01	   3.0499556e-01	   2.9503651e-01	
   0.0000000e+00	   0.0000000e+00	   0.0000000e+00	   0.0000000e+00	   0.0000000e+00	   0.0000000e+00	   0.0000000e+00	   0.0000000e+00	   0.0000000e+00	             NaN	             NaN	             NaN	             NaN	             NaN	             NaN	   1.1994893e+00	   9.7185353e-01	   8.3997456e-01	   7.4127086e-01	   7.1426707e-01	   6.2623916e-01	   5.5738586e-01	   5.2895810e-01	   5.3009340e-01	   5.3690712e-01	   4.7927520e-01	   4.6226092e-01	   4.6682339e-01	   3.9126164e-01	   3.4568645e-01	   3.2560274e-01	   3.0613986e-01	   2.9211783e-01	
   0.0000000e+00	   0.0000000e+00	   0.0000000e+00	   0.0000000e+00	   0.0000000e+00	   0.0000000e+00	   0.0000000e+00	   0.0000000e+00	   0.0000000e+00	   0.0000000e+00	             NaN	             NaN	             NaN	             NaN	             NaN	   1.3372328e+00	   1.0922737e+00	   8.2211315e-01	   7.6368927e-01	   7.1452911e-01	   6.3909582e-01	   6.2290293e-01	   5.5362179e-01	   5.3556627e-01	   5.0109731e-01	   5.3266511e-01	   4.5508063e-01	   4.4846890e-01	   3.6892143e-01	   3.7386967e-01	   3.2810798e-01	   3.0867945e-01	   2.8977998e-01	
