   1.1487074e-01	  -5.3241611e+00	  -4.9101045e+00	             NaN	             NaN	             NaN	             NaN	             NaN	             NaN	             NaN	             NaN	             NaN	             NaN	             NaN	   0.0000000e+00	   0.0000000e+00	   0.0000000e+00	   0.0000000e+00	   0.0000000e+00	   0.0000000e+00	   0.0000000e+00	   0.0000000e+00	   0.0000000e+00	   0.0000000e+00	   0.0000000e+00	   0.0000000e+00	   0.0000000e+00	   0.0000000e+00	   0.0000000e+00	   0.0000000e+00	   0.0000000e+00	   0.0000000e+00	   0.0000000e+00	
  -2.2205281e+00	  -9.3441529e-01	  -4.3399899e+00	             NaN	             NaN	             NaN	             NaN	             NaN	             NaN	             NaN	             NaN	             NaN	             NaN	             NaN	   0.0000000e+00	   0.0000000e+00	   0.0000000e+00	   0.0000000e+00	   0.0000000e+00	   0.0000000e+00	   0.0000000e+00	   0.0000000e+00	   0.0000000e+00	   0.0000000e+00	   0.0000000e+00	   0.0000000e+00	   0.0000000e+00	   0.0000000e+00	   0.0000000e+00	   0.0000000e+00	   0.0000000e+00	   0.0000000e+00	   0.0000000e+00	
  -8.9282289e-01	  -1.5448947e+00	  -2.7928200e+00	             NaN	             NaN	             NaN	             NaN	             NaN	             NaN	             NaN	             NaN	             NaN	             NaN	             NaN	   0.0000000e+00	   0.0000000e+00	   0.0000000e+00	   0.0000000e+00	   0.0000000e+00	   0.0000000e+00	   0.0000000e+00	   0.0000000e+00	   0.0000000e+00	   0.0000000e+00	   0.0000000e+00	   0.0000000e+00	   0.0000000e+00	   0.0000000e+00	   0.0000000e+00	   0.0000000e+00	   0.0000000e+00	   0.0000000e+00	   0.0000000e+00	
   3.0015642e+00	  -4.9995510e-01	  -1.2278510e+00	   5.9399861e-01	             NaN	             NaN	             NaN	             NaN	             NaN	             NaN	             NaN	             NaN	             NaN	             NaN	             NaN	   0.0000000e+00	   0.0000000e+00	   0.0000000e+00	   0.0000000e+00	   0.0000000e+00	   0.0000000e+00	   0.0000000e+00	   0.0000000e+00	   0.0000000e+00	   0.0000000e+00	   0.0000000e+00	   0.0000000e+00	   0.0000000e+00	   0.0000000e+00	   0.0000000e+00	   0.0000000e+00	   0.0000000e+00	   0.0000000e+00	
   5.3402633e+00	  -4.1602768e-01	   9.6654721e-01	   2.1111255e+00	             NaN	             NaN	             NaN	             NaN	             NaN	             NaN	             NaN	             NaN	             NaN	             NaN	             NaN	   0.0000000e+00	   0.0000000e+00	   0.0000000e+00	   0.0000000e+00	   0.0000000e+00	   0.0000000e+00	   0.0000000e+00	   0.0000000e+00	   0.0000000e+00	   0.0000000e+00	   0.0000000e+00	   0.0000000e+00	   0.0000000e+00	   0.0000000e+00	   0.0000000e+00	   0.0000000e+00	   0.0000000e+00	   0.0000000e+00	
   4.5989748e+00	   2.8989825e+00	   8.0054565e-01	   2.0088025e+00	   4.1466004e+00	             NaN	             NaN	             NaN	             NaN	             NaN	             NaN	             NaN	             NaN	             NaN	             NaN	             NaN	   0.0000000e+00	   0.0000000e+00	   0.0000000e+00	   0.0000000e+00	   0.0000000e+00	   0.0000000e+00	   0.0000000e+00	   0.0000000e+00	   0.0000000e+00	   0.0000000e+00	   0.0000000e+00	   0.0000000e+00	   0.0000000e+00	   0.0000000e+00	   0.0000000e+00	   0.0000000e+00	   0.0000000e+00	
   6.1815919e+00	   2.0769081e+00	   2.7543629e+00	   2.4534948e+00	   4.3498757e+00	             NaN	             NaN	             NaN	             NaN	             NaN	             NaN	             NaN	             NaN	             NaN	             NaN	             NaN	   0.0000000e+00	   0.0000000e+00	   0.0000000e+00	   0.0000000e+00	   0.0000000e+00	   0.0000000e+00	   0.0000000e+00	   0.0000000e+00	   0.0000000e+00	   0.0000000e+00	   0.0000000e+00	   0.0000000e+00	   0.0000000e+00	   0.0000000e+00	   0.0000000e+00	   0.0000000e+00	   0.0000000e+00	
   6.4846625e+00	   3.5466392e+00	   2.1083348e+00	   3.0649840e+00	   4.3074846e+00	             NaN	             NaN	             NaN	             NaN	             NaN	             NaN	             NaN	             NaN	             NaN	             NaN	             NaN	   0.0000000e+00	   0.0000000e+00	   0.0000000e+00	   0.0000000e+00	   0.0000000e+00	   0.0000000e+00	   0.0000000e+00	   0.0000000e+00	   0.0000000e+00	   0.0000000e+00	   0.0000000e+00	   0.0000000e+00	   0.0000000e+00	   0.0000000e+00	   0.0000000e+00	   0.0000000e+00	   0.0000000e+00	
   7.5623985e+00	   4.6315377e+00	   3.1140044e+00	   3.3730621e+00	   4.1577671e+00	   5.5430566e+00	             NaN	             NaN	             NaN	             NaN	             NaN	             NaN	             NaN	             NaN	             NaN	             NaN	             NaN	   0.0000000e+00	   0.0000000e+00	   0.0000000e+00	   0.0000000e+00	   0.0000000e+00	   0.0000000e+00	   0.0000000e+00	   0.0000000e+00	   0.0000000e+00	   0.0000000e+00	   0.0000000e+00	   0.0000000e+00	   0.0000000e+00	   0.0000000e+00	   0.0000000e+00	   0.0000000e+00	
   6.2481496e+00	   4.3187412e+00	   2.8341049e+00	   2.9465269e+00	   4.5616844e+00	   5.6417382e+00	             NaN	             NaN	             NaN	             NaN	             NaN	             NaN	             NaN	             NaN	             NaN	             NaN	             NaN	   0.0000000e+00	   0.0000000e+00	   0.0000000e+00	   0.0000000e+00	   0.0000000e+00	   0.0000000e+00	   0.0000000e+00	   0.0000000e+00	   0.0000000e+00	   0.0000000e+00	   0.0000000e+00	   0.0000000e+00	   0.0000000e+00	   0.0000000e+00	   0.0000000e+00	   0.0000000e+00	
   6.9414814e+00	   4.1201230e+00	   3.2749819e+00	   4.0158690e+00	   4.6604412e+00	   5.6007166e+00	   6.0125052e+00	             NaN	             NaN	             NaN	             NaN	             NaN	             NaN	             NaN	             NaN	             NaN	             NaN	             NaN	   0.0000000e+00	   0.0000000e+00	   0.0000000e+00	   0.0000000e+00	   0.0000000e+00	   0.0000000e+00	   0.0000000e+00	   0.0000000e+00	   0.0000000e+00	   0.0000000e+00	   0.0000000e+00	   0.0000000e+00	   0.0000000e+00	   0.0000000e+00	   0.0000000e+00	
   7.8015282e+00	   4.8000699e+00	   3.0094220e+00	   3.8679053e+00	   4.8250649e+00	   5.4639717e+00	   6.0912906e+00	             NaN	             NaN	             NaN	             NaN	             NaN	             NaN	             NaN	             NaN	             NaN	             NaN	             NaN	   0.0000000e+00	   0.0000000e+00	   0.0000000e+00	   0.0000000e+00	   0.0000000e+00	   0.0000000e+00	   0.0000000e+00	   0.0000000e+00	   0.0000000e+00	   0.0000000e+00	   0.0000000e+00	   0.0000000e+00	   0.0000000e+00	   0.0000000e+00	   0.0000000e+00	
   7.6024199e+00	   5.4384906e+00	   3.6604735e+00	   3.9035916e+00	   4.8250791e+00	   5.4696893e+00	   6.1487757e+00	             NaN	             NaN	             NaN	             NaN	             NaN	             NaN	             NaN	             NaN	             NaN	             NaN	             NaN	   0.0000000e+00	   0.0000000e+00	   0.0000000e+00	   0.0000000e+00	   0.0000000e+00	   0.0000000e+00	   0.0000000e+00	   0.0000000e+00	   0.0000000e+00	   0.0000000e+00	   0.0000000e+00	   0.0000000e+00	   0.0000000e+00	   0.0000000e+00	   0.0000000e+00	
   8.0734786e+00	   5.2891088e+00	   3.8474746e+00	   4.5149413e+00	   4.8347607e+00	   5.3294189e+00	   5.9535845e+00	   5.2669925e+00	             NaN	             NaN	             NaN	             NaN	             NaN	             NaN	             NaN	             NaN	             NaN	             NaN	             NaN	   0.0000000e+00	   0.0000000e+00	   0.0000000e+00	   0.0000000e+00	   0.0000000e+00	   0.0000000e+00	   0.0000000e+00	   0.0000000e+00	   0.0000000e+00	   0.0000000e+00	   0.0000000e+00	   0.0000000e+00	   0.0000000e+00	   0.0000000e+00	
   6.8625796e+00	   5.0228106e+00	   3.9857778e+00	   4.1525871e+00	   4.9500980e+00	   5.2663325e+00	   5.6926471e+00	   5.0166336e+00	             NaN	             NaN	             NaN	             NaN	             NaN	             NaN	             NaN	             NaN	             NaN	             NaN	             NaN	   0.0000000e+00	   0.0000000e+00	   0.0000000e+00	   0.0000000e+00	   0.0000000e+00	   0.0000000e+00	   0.0000000e+00	   0.0000000e+00	   0.0000000e+00	   0.0000000e+00	   0.0000000e+00	   0.0000000e+00	   0.0000000e+00	   0.0000000e+00	
   6.0880049e+00	   6.0188400e+00	   3.5293588e+00	   3.9376381e+00	   4.8748884e+00	   4.9015141e+00	   5.3498555e+00	   4.7196363e+00	   3.9887708e+00	             NaN	             NaN	             NaN	             NaN	             NaN	             NaN	             NaN	             NaN	             NaN	             NaN	             NaN	   0.0000000e+00	   0.0000000e+00	   0.0000000e+00	   0.0000000e+00	   0.0000000e+00	   0.0000000e+00	   0.0000000e+00	   0.0000000e+00	   0.0000000e+00	   0.0000000e+00	   0.0000000e+00	   0.0000000e+00	   0.0000000e+00	
   6.6183210e+00	   5.5248767e+00	   3.9838245e+00	   3.9055000e+00	   4.7390010e+00	   4.9232844e+00	   5.1679257e+00	   4.6625344e+00	   3.7497667e+00	             NaN	             NaN	             NaN	             NaN	             NaN	             NaN	             NaN	             NaN	             NaN	             NaN	             NaN	   0.0000000e+00	   0.0000000e+00	   0.0000000e+00	   0.0000000e+00	   0.0000000e+00	   0.0000000e+00	   0.0000000e+00	   0.0000000e+00	   0.0000000e+00	   0.0000000e+00	   0.0000000e+00	   0.0000000e+00	   0.0000000e+00	
   5.8196581e+00	   5.4770706e+00	   4.1372176e+00	   3.9782450e+00	   4.2596463e+00	   4.7737771e+00	   4.7253847e+00	   4.4864631e+00	   3.4859939e+00	             NaN	             NaN	             NaN	             NaN	             NaN	             NaN	             NaN	             NaN	             NaN	             NaN	             NaN	   0.0000000e+00	   0.0000000e+00	   0.0000000e+00	   0.0000000e+00	   0.0000000e+00	   0.0000000e+00	   0.0000000e+00	   0.0000000e+00	   0.0000000e+00	   0.0000000e+00	   0.0000000e+00	   0.0000000e+00	   0.0000000e+00	
   7.2025688e+00	   4.6070992e+00	   3.9442799e+00	   4.0902753e+00	   4.2678825e+00	   4.5950722e+00	   4.6584164e+00	   4.1339166e+00	   3.2575400e+00	   2.1406918e+00	             NaN	             NaN	             NaN	             NaN	             NaN	             NaN	             NaN	             NaN	             NaN	             NaN	             NaN	   0.0000000e+00	   0.0000000e+00	   0.0000000e+00	   0.0000000e+00	   0.0000000e+00	   0.0000000e+00	   0.0000000e+00	   0.0000000e+00	   0.0000000e+00	   0.0000000e+00	   0.0000000e+00	   0.0000000e+00	
   6.7383472e+00	   4.4106324e+00	   4.2926418e+00	   4.3513016e+00	   4.3956475e+00	   4.6117504e+00	   4.4417995e+00	   3.9188851e+00	   3.1501998e+00	   2.0560252e+00	             NaN	             NaN	             NaN	             NaN	             NaN	             NaN	             NaN	             NaN	             NaN	             NaN	             NaN	   0.0000000e+00	   0.0000000e+00	   0.0000000e+00	   0.0000000e+00	   0.0000000e+00	   0.0000000e+00	   0.0000000e+00	   0.0000000e+00	   0.0000000e+00	   0.0000000e+00	   0.0000000e+00	   0.0000000e+00	
   5.3201423e+00	   4.5905137e+00	   3.3789919e+00	   3.9512240e+00	   4.0294704e+00	   4.1623106e+00	   4.2585280e+00	   3.7212380e+00	   3.0449615e+00	   2.0179347e+00	   1.4631363e+00	             NaN	             NaN	             NaN	             NaN	             NaN	             NaN	             NaN	             NaN	             NaN	             NaN	             NaN	   0.0000000e+00	   0.0000000e+00	   0.0000000e+00	   0.0000000e+00	   0.0000000e+00	   0.0000000e+00	   0.0000000e+00	   0.0000000e+00	   0.0000000e+00	   0.0000000e+00	   0.0000000e+00	
   4.7937483e+00	   4.1733924e+00	   3.5339649e+00	   3.5808272e+00	   4.1187249e+00	   3.9000032e+00	   4.1531755e+00	   3.4617848e+00	   2.9407529e+00	   1.9360587e+00	   1.2581979e+00	             NaN	             NaN	             NaN	             NaN	             NaN	             NaN	             NaN	             NaN	             NaN	             NaN	             NaN	   0.0000000e+00	   0.0000000e+00	   0.0000000e+00	   0.0000000e+00	   0.0000000e+00	   0.0000000e+00	   0.0000000e+00	   0.0000000e+00	   0.0000000e+00	   0.0000000e+00	   0.0000000e+00	
   5.5552344e+00	   4.2378751e+00	   3.2614699e+00	   3.6081373e+00	   3.8297066e+00	   3.9630555e+00	   4.0140628e+00	   3.5405693e+00	   2.8315243e+00	   1.9152793e+00	   1.2690131e+00	             NaN	             NaN	             NaN	             NaN	             NaN	             NaN	             NaN	             NaN	             NaN	             NaN	             NaN	   0.0000000e+00	   0.0000000e+00	   0.0000000e+00	   0.0000000e+00	   0.0000000e+00	   0.0000000e+00	   0.0000000e+00	   0.0000000e+00	   0.0000000e+00	   0.0000000e+00	   0.0000000e+00	
   5.2444113e+00	   4.0243344e+00	   3.0199683e+00	   3.6087123e+00	   3.5654899e+00	   3.5394470e+00	   3.6528478e+00	   3.3088073e+00	   2.5581579e+00	   1.9897239e+00	   1.1894106e+00	   9.4298860e-01	             NaN	             NaN	             NaN	             NaN	             NaN	             NaN	             NaN	             NaN	             NaN	             NaN	             NaN	   0.0000000e+00	   0.0000000e+00	   0.0000000e+00	   0.0000000e+00	   0.0000000e+00	   0.0000000e+00	   0.0000000e+00	   0.0000000e+00	   0.0000000e+00	   0.0000000e+00	
   4.4134311e+00	   3.9060648e+00	   3.2456706e+00	   3.0416730e+00	   3.5916377e+00	   3.2495069e+00	   3.6345256e+00	   3.0214606e+00	   2.5372317e+00	   1.7946347e+00	   1.1225779e+00	   9.4995977e-01	             NaN	             NaN	             NaN	             NaN	             NaN	             NaN	             NaN	             NaN	             NaN	             NaN	             NaN	   0.0000000e+00	   0.0000000e+00	   0.0000000e+00	   0.0000000e+00	   0.0000000e+00	   0.0000000e+00	   0.0000000e+00	   0.0000000e+00	   0.0000000e+00	   0.0000000e+00	
   4.3247849e+00	   3.7264126e+00	   2.9202858e+00	   2.9033461e+00	   3.1625623e+00	   3.2306539e+00	   3.1168189e+00	   3.0344476e+00	   2.4632569e+00	   1.6797215e+00	   1.1409105e+00	   8.6093032e-01	   9.2821916e-01	             NaN	             NaN	             NaN	             NaN	             NaN	             NaN	             NaN	             NaN	             NaN	             NaN	             NaN	   0.0000000e+00	   0.0000000e+00	   0.0000000e+00	   0.0000000e+00	   0.0000000e+00	   0.0000000e+00	   0.0000000e+00	   0.0000000e+00	   0.0000000e+00	
   4.3700718e+00	   3.0972735e+00	   2.9969162e+00	   2.5846108e+00	   3.0252799e+00	   2.8765663e+00	   2.9424631e+00	   2.6422193e+00	   2.2371881e+00	   1.5891353e+00	   1.0723133e+00	   8.5054566e-01	   7.4379707e-01	             NaN	             NaN	             NaN	             NaN	             NaN	             NaN	             NaN	             NaN	             NaN	             NaN	             NaN	   0.0000000e+00	   0.0000000e+00	   0.0000000e+00	   0.0000000e+00	   0.0000000e+00	   0.0000000e+00	   0.0000000e+00	   0.0000000e+00	   0.0000000e+00	
   3.7619152e+00	   2.8417634e+00	   2.6754823e+00	   2.5144661e+00	   2.8590901e+00	   2.9107290e+00	   2.9007842e+00	   2.6247043e+00	   2.0644849e+00	   1.5347924e+00	   1.0881600e+00	   7.8795467e-01	   5.9274068e-01	             NaN	             NaN	             NaN	             NaN	             NaN	             NaN	             NaN	             NaN	             NaN	             NaN	             NaN	   0.0000000e+00	   0.0000000e+00	   0.0000000e+00	   0.0000000e+00	   0.0000000e+00	   0.0000000e+00	   0.0000000e+00	   0.0000000e+00	   0.0000000e+00	
   2.8499350e+00	   2.5840743e+00	   2.5139142e+00	   2.4429615e+00	   2.7532225e+00	   2.6784903e+00	   2.6984739e+00	   2.3079985e+00	   2.0003207e+00	   1.5620601e+00	   1.1060942e+00	   7.2764190e-01	   5.8338198e-01	   4.2681377e-01	             NaN	             NaN	             NaN	             NaN	             NaN	             NaN	             NaN	             NaN	             NaN	             NaN	             NaN	   0.0000000e+00	   0.0000000e+00	   0.0000000e+00	   0.0000000e+00	   0.0000000e+00	   0.0000000e+00	   0.0000000e+00	   0.0000000e+00	
   3.0319647e+00	   1.9872650e+00	   2.1625945e+00	   2.2191456e+00	   2.5914833e+00	   2.3491840e+00	   2.4123257e+00	   2.2667497e+00	   1.8791568e+00	   1.4000088e+00	   9.8678888e-01	   7.3579169e-01	   5.8924387e-01	   4.1722462e-01	             NaN	             NaN	             NaN	             NaN	             NaN	             NaN	             NaN	             NaN	             NaN	             NaN	             NaN	   0.0000000e+00	   0.0000000e+00	   0.0000000e+00	   0.0000000e+00	   0.0000000e+00	   0.0000000e+00	   0.0000000e+00	   0.0000000e+00	
   2.6976806e+00	   1.8638957e+00	   1.9233110e+00	   2.0542279e+00	   2.2791309e+00	   2.2736831e+00	   2.1726252e+00	   2.0748707e+00	   1.6751241e+00	   1.3779093e+00	   9.3919744e-01	   7.5101409e-01	   5.8965433e-01	   4.4347005e-01	   4.8216702e-01	             NaN	             NaN	             NaN	             NaN	             NaN	             NaN	             NaN	             NaN	             NaN	             NaN	             NaN	   0.0000000e+00	   0.0000000e+00	   0.0000000e+00	   0.0000000e+00	   0.0000000e+00	   0.0000000e+00	   0.0000000e+00	
   1.5770784e+00	   1.5536345e+00	   1.7986688e+00	   1.9609558e+00	   2.3075491e+00	   2.0874455e+00	   2.1681918e+00	   1.9296273e+00	   1.6792691e+00	   1.3330367e+00	   9.3494774e-01	   7.1909603e-01	   5.9827259e-01	   3.9435520e-01	   4.3435613e-01	             NaN	             NaN	             NaN	             NaN	             NaN	             NaN	             NaN	             NaN	             NaN	             NaN	             NaN	   0.0000000e+00	   0.0000000e+00	   0.0000000e+00	   0.0000000e+00	   0.0000000e+00	   0.0000000e+00	   0.0000000e+00	
   8.9495890e-01	   9.9675931e-01	   1.3230254e+00	   1.7690418e+00	   1.8621262e+00	   2.0014514e+00	   2.0798348e+00	   1.9325710e+00	   1.5887523e+00	   1.2881209e+00	   9.5867496e-01	   6.8474015e-01	   5.2257717e-01	   4.2748006e-01	   5.3745483e-01	             NaN	             NaN	             NaN	             NaN	             NaN	             NaN	             NaN	             NaN	             NaN	             NaN	             NaN	   0.0000000e+00	   0.0000000e+00	   0.0000000e+00	   0.0000000e+00	   0.0000000e+00	   0.0000000e+00	   0.0000000e+00	
   8.6689963e-01	   5.5540816e-01	   1.3611540e+00	   1.3950717e+00	   1.9067189e+00	   1.8295768e+00	   1.8750640e+00	   1.7215493e+00	   1.4256841e+00	   1.1944864e+00	   9.2510932e-01	   7.2688599e-01	   5.7238297e-01	   4.5526370e-01	   4.1822377e-01	   5.8725712e-01	             NaN	             NaN	             NaN	             NaN	             NaN	             NaN	             NaN	             NaN	             NaN	             NaN	             NaN	   0.0000000e+00	   0.0000000e+00	   0.0000000e+00	   0.0000000e+00	   0.0000000e+00	   0.0000000e+00	
   5.8664695e-01	   7.3911918e-01	   8.2320498e-01	   1.4612029e+00	   1.6059465e+00	   1.6984448e+00	   1.8471329e+00	   1.6697432e+00	   1.4329004e+00	   1.1460384e+00	   8.6700085e-01	   7.0039789e-01	   5.5638934e-01	   4.5846052e-01	   3.9315361e-01	   6.0495367e-01	             NaN	             NaN	             NaN	             NaN	             NaN	             NaN	             NaN	             NaN	             NaN	             NaN	             NaN	   0.0000000e+00	   0.0000000e+00	   0.0000000e+00	   0.0000000e+00	   0.0000000e+00	   0.0000000e+00	
  -2.9778548e-01	  -3.3243298e-01	   1.3280413e-01	   1.3613163e+00	   1.5758285e+00	   1.5425009e+00	   1.5811151e+00	   1.4794376e+00	   1.2324421e+00	   1.0907163e+00	   8.4517893e-01	   6.3936407e-01	   5.4267849e-01	   4.6505534e-01	   3.4339016e-01	   4.4043754e-01	   2.8063601e-01	             NaN	             NaN	             NaN	             NaN	             NaN	             NaN	             NaN	             NaN	             NaN	             NaN	             NaN	   0.0000000e+00	   0.0000000e+00	   0.0000000e+00	   0.0000000e+00	   0.0000000e+00	
  -1.0958899e+00	  -1.5658513e+00	  -2.4418273e-01	   9.0301564e-01	   1.5077725e+00	   1.5434079e+00	   1.5749626e+00	   1.4420985e+00	   1.2800253e+00	   1.0470510e+00	   8.2219444e-01	   6.7322330e-01	   5.6948133e-01	   4.6191548e-01	   4.0926494e-01	   3.4278108e-01	   2.6334074e-01	             NaN	             NaN	             NaN	             NaN	             NaN	             NaN	             NaN	             NaN	             NaN	             NaN	             NaN	   0.0000000e+00	   0.0000000e+00	   0.0000000e+00	   0.0000000e+00	   0.0000000e+00	
  -7.2809321e-01	  -1.3012187e+00	  -5.7658058e-02	   6.5827000e-01	   1.1696517e+00	   1.4198225e+00	   1.3742751e+00	   1.2454443e+00	   1.2104339e+00	   1.0132760e+00	   7.9754614e-01	   6.5761293e-01	   5.9933285e-01	   4.3827478e-01	   4.0552514e-01	   3.6115322e-01	   3.3566540e-01	             NaN	             NaN	             NaN	             NaN	             NaN	             NaN	             NaN	             NaN	             NaN	             NaN	             NaN	   0.0000000e+00	   0.0000000e+00	   0.0000000e+00	   0.0000000e+00	   0.0000000e+00	
  -8.2058375e-01	  -1.4833513e+00	  -7.0100209e-01	   3.7735942e-01	   1.0667377e+00	   1.3064128e+00	   1.4048326e+00	   1.2293828e+00	   1.0818389e+00	   1.0695099e+00	   7.7625662e-01	   6.7944378e-01	   5.9269643e-01	   4.9608787e-01	   4.0869391e-01	   3.5782669e-01	   2.6013605e-01	   1.4761606e-01	             NaN	             NaN	             NaN	             NaN	             NaN	             NaN	             NaN	             NaN	             NaN	             NaN	             NaN	   0.0000000e+00	   0.0000000e+00	   0.0000000e+00	   0.0000000e+00	
  -2.3084428e+00	  -2.1222960e+00	  -7.6173380e-01	   3.5233416e-01	   1.0391511e+00	   1.2555899e+00	   1.2327781e+00	   1.2062439e+00	   1.0685950e+00	   9.3360921e-01	   8.0433507e-01	   7.0497175e-01	   6.0811372e-01	   4.8939776e-01	   4.0424963e-01	   3.4055965e-01	   3.2007635e-01	   2.0281382e-01	             NaN	             NaN	             NaN	             NaN	             NaN	             NaN	             NaN	             NaN	             NaN	             NaN	             NaN	   0.0000000e+00	   0.0000000e+00	   0.0000000e+00	   0.0000000e+00	
  -1.3592689e+00	  -3.0396743e+00	  -1.4006972e+00	   9.7755872e-02	   8.9306597e-01	   1.0389909e+00	   1.1477943e+00	   1.1130432e+00	   1.0863033e+00	   9.4269281e-01	   8.2214365e-01	   7.2920843e-01	   6.2108360e-01	   5.1878186e-01	   4.1960808e-01	   3.5393775e-01	   2.9141222e-01	   4.0595184e-01	   4.3263928e-02	             NaN	             NaN	             NaN	             NaN	             NaN	             NaN	             NaN	             NaN	             NaN	             NaN	             NaN	   0.0000000e+00	   0.0000000e+00	   0.0000000e+00	
  -4.0179083e+00	  -3.8197094e+00	  -2.0117721e+00	   3.1475626e-02	   8.9414310e-01	   1.0483703e+00	   1.0602762e+00	   1.0104089e+00	   1.0318086e+00	   9.4123149e-01	   8.3161021e-01	   6.9913806e-01	   6.0649144e-01	   5.4062513e-01	   4.4863564e-01	   3.5459564e-01	   2.8934349e-01	   2.5685187e-01	   1.5154488e-01	             NaN	             NaN	             NaN	             NaN	             NaN	             NaN	             NaN	             NaN	             NaN	             NaN	             NaN	   0.0000000e+00	   0.0000000e+00	   0.0000000e+00	
  -2.5923792e+00	  -4.1611579e+00	  -1.8248886e+00	  -2.1251635e-01	   6.7796270e-01	   9.1188738e-01	   1.0670746e+00	   1.0442746e+00	   9.7729633e-01	   8.7260927e-01	   8.4230636e-01	   7.5589475e-01	   6.6880883e-01	   5.9431131e-01	   4.5403659e-01	   3.8158802e-01	   2.7035568e-01	   2.8719391e-01	   2.7779740e-01	             NaN	             NaN	             NaN	             NaN	             NaN	             NaN	             NaN	             NaN	             NaN	             NaN	             NaN	   0.0000000e+00	   0.0000000e+00	   0.0000000e+00	
  -3.2432171e+00	  -3.5272442e+00	  -2.6344941e+00	  -4.1471968e-01	   5.3546277e-01	   8.9180633e-01	   9.8888849e-01	   9.6080330e-01	   9.9581814e-01	   9.3099382e-01	   8.3444328e-01	   7.8911846e-01	   7.0523250e-01	   6.1075890e-01	   5.5016854e-01	   4.2948257e-01	   3.1510532e-01	   2.8540574e-01	   2.8156043e-01	   1.2885687e-01	             NaN	             NaN	             NaN	             NaN	             NaN	             NaN	             NaN	             NaN	             NaN	             NaN	             NaN	   0.0000000e+00	   0.0000000e+00	
  -3.9099163e+00	  -4.9445139e+00	  -2.8516925e+00	  -6.5598023e-01	   5.2405867e-01	   7.3747883e-01	   9.3109301e-01	   9.1495699e-01	   9.6963161e-01	   9.1199619e-01	   8.6807030e-01	   8.0001571e-01	   7.1551328e-01	   6.3911091e-01	   5.2639612e-01	   4.1738101e-01	   3.3078380e-01	   3.0138372e-01	   2.6641408e-01	   3.2107060e-02	             NaN	             NaN	             NaN	             NaN	             NaN	             NaN	             NaN	             NaN	             NaN	             NaN	             NaN	   0.0000000e+00	   0.0000000e+00	
  -5.3069767e+00	  -3.7968390e+00	  -2.5395777e+00	  -5.0721603e-01	   4.4746759e-01	   6.6831199e-01	   8.4855012e-01	   9.3226696e-01	   9.5247409e-01	   9.3099381e-01	   8.6727386e-01	   9.0862071e-01	   7.8194177e-01	   6.4145430e-01	   5.6904287e-01	   4.4055378e-01	   3.4006791e-01	   2.7618628e-01	   3.1174216e-01	   2.4889569e-01	  -3.4785827e-02	             NaN	             NaN	             NaN	             NaN	             NaN	             NaN	             NaN	             NaN	             NaN	             NaN	             NaN	   0.0000000e+00	
  -5.4187973e+00	  -4.0674363e+00	  -2.8728316e+00	  -9.4840742e-01	  -7.7490165e-03	   6.9213540e-01	   8.7220309e-01	   8.6100184e-01	   9.1133385e-01	   9.4764001e-01	   8.8760991e-01	   8.9728197e-01	   8.3245294e-01	   7.0819666e-01	   6.0647018e-01	   4.3276189e-01	   3.3839541e-01	   3.0055357e-01	   2.5230729e-01	   2.9180947e-01	  -1.3637802e-01	             NaN	             NaN	             NaN	             NaN	             NaN	             NaN	             NaN	             NaN	             NaN	             NaN	             NaN	   0.0000000e+00	
  -4.7270585e+00	  -5.2687376e+00	  -3.5044437e+00	  -1.4938997e+00	   3.2304581e-01	   6.9970638e-01	   7.3806661e-01	   8.5477892e-01	   9.3054229e-01	   9.8496118e-01	   1.0030211e+00	   8.8153802e-01	   8.5560381e-01	   7.2141815e-01	   6.4987394e-01	   4.5067670e-01	   3.6812235e-01	   2.7441345e-01	   2.2227792e-01	   3.3514446e-01	   2.1676376e-01	             NaN	             NaN	             NaN	             NaN	             NaN	             NaN	             NaN	             NaN	             NaN	             NaN	             NaN	   0.0000000e+00	
  -6.0904478e+00	  -5.2568868e+00	  -3.3591042e+00	  -1.1855371e+00	   9.0497999e-02	   5.7368780e-01	   7.2723040e-01	   8.7711547e-01	   9.3885209e-01	   9.5376036e-01	   1.0059097e+00	   9.4978791e-01	   8.7802660e-01	   7.7801120e-01	   6.4847119e-01	   4.9334399e-01	   3.6026723e-01	   3.3277575e-01	   2.4256201e-01	   2.6804156e-01	   1.0039633e-01	  -2.9128765e-02	             NaN	             NaN	             NaN	             NaN	             NaN	             NaN	             NaN	             NaN	             NaN	             NaN	             NaN	
  -4.6811719e+00	  -6.0701006e+00	  -3.9039987e+00	  -1.5583626e+00	   4.4262130e-02	   6.1182800e-01	   7.7631951e-01	   8.3693575e-01	   9.4446827e-01	   1.0273899e+00	   1.0439110e+00	   1.0399696e+00	   9.3896154e-01	   8.1219138e-01	   6.7295383e-01	   5.1801549e-01	   3.8056284e-01	   3.1107776e-01	   2.4555109e-01	   2.0817179e-01	   1.4747640e-01	  -1.6442014e-02	             NaN	             NaN	             NaN	             NaN	             NaN	             NaN	             NaN	             NaN	             NaN	             NaN	             NaN	
  -4.9088779e+00	  -5.5349948e+00	  -2.8838959e+00	  -1.7285771e+00	   6.2014343e-02	   5.7805209e-01	   7.1647811e-01	   8.9650329e-01	   9.2041366e-01	   1.0191559e+00	   1.0428037e+00	   1.0608609e+00	   9.8438624e-01	   8.0892501e-01	   7.0530956e-01	   5.4232327e-01	   3.9151796e-01	   3.3820525e-01	   2.6860835e-01	   2.1472945e-01	   2.2278748e-01	   4.3437107e-03	  -6.9695455e-03	             NaN	             NaN	             NaN	             NaN	             NaN	             NaN	             NaN	             NaN	             NaN	             NaN	
  -4.9223018e+00	  -5.8520377e+00	  -3.4793925e+00	  -1.6803319e+00	  -1.5683000e-01	   6.2027751e-01	   6.7753359e-01	   8.2335428e-01	   9.3332746e-01	   1.0531527e+00	   1.0683500e+00	   1.0839253e+00	   1.0314111e+00	   9.0690385e-01	   7.1909639e-01	   5.5928311e-01	   4.2233818e-01	   3.6860234e-01	   2.8148869e-01	   2.2445443e-01	   2.4762146e-01	   1.5437388e-01	   5.4071544e-02	             NaN	             NaN	             NaN	             NaN	             NaN	             NaN	             NaN	             NaN	             NaN	             NaN	
  -4.1165590e+00	  -5.1531440e+00	  -4.2581191e+00	  -1.3169795e+00	  -2.9100732e-01	   4.8781473e-01	   6.5410787e-01	   8.7245897e-01	   9.3938112e-01	   1.0287704e+00	   1.0967859e+00	   1.0597531e+00	   1.0272515e+00	   9.0422198e-01	   7.2808228e-01	   5.9713163e-01	   4.5425605e-01	   3.6904651e-01	   2.7815812e-01	   2.0650468e-01	   1.9632582e-01	   2.9257925e-01	  -7.9573489e-02	             NaN	             NaN	             NaN	             NaN	             NaN	             NaN	             NaN	             NaN	             NaN	             NaN	
  -4.0770176e+00	  -4.8452500e+00	  -4.0314102e+00	  -1.5097274e+00	  -1.4503098e-01	   4.4074770e-01	   6.3490214e-01	   8.1466623e-01	   8.8941461e-01	   1.0344396e+00	   1.1292853e+00	   1.1083486e+00	   1.0523166e+00	   9.5396614e-01	   7.5226638e-01	   5.9473617e-01	   4.4597765e-01	   3.6509447e-01	   2.8955131e-01	   2.1781770e-01	   2.1230860e-01	   2.2846801e-01	   1.0806741e-01	   1.8320135e-02	             NaN	             NaN	             NaN	             NaN	             NaN	             NaN	             NaN	             NaN	             NaN	
  -5.0887888e+00	  -5.3490615e+00	  -2.9014709e+00	  -1.6340331e+00	  -1.6045951e-01	   5.2633354e-01	   6.8920981e-01	   8.3093218e-01	   9.4608359e-01	   1.0736883e+00	   1.0442846e+00	   1.1179691e+00	   1.0918800e+00	   9.8809457e-01	   7.6077963e-01	   6.0006413e-01	   4.5497239e-01	   3.7494726e-01	   3.2634670e-01	   2.4193578e-01	   2.0275046e-01	   2.4483523e-01	   1.4255651e-01	   7.9310281e-03	             NaN	             NaN	             NaN	             NaN	             NaN	             NaN	             NaN	             NaN	             NaN	
  -4.5641950e+00	  -4.7977025e+00	  -2.8749034e+00	  -1.6163093e+00	  -9.8564565e-03	   4.4458526e-01	   6.7524208e-01	   8.2416258e-01	   9.8025363e-01	   1.0632205e+00	   1.1357243e+00	   1.0951728e+00	   1.0696943e+00	   1.0044406e+00	   8.1312717e-01	   6.1013368e-01	   5.0005496e-01	   3.9414978e-01	   3.2064535e-01	   2.4541116e-01	   2.3440768e-01	   1.9965708e-01	   2.7251819e-01	  -6.8380455e-02	   6.1346199e-02	             NaN	             NaN	             NaN	             NaN	             NaN	             NaN	             NaN	             NaN	
  -2.8423987e+00	  -4.6468606e+00	  -3.5525898e+00	  -1.4920314e+00	  -1.5352971e-01	   5.1521238e-01	   6.7226739e-01	   7.4280318e-01	   8.8257673e-01	   1.0534408e+00	   1.1469853e+00	   1.1365074e+00	   1.1238339e+00	   9.8309301e-01	   8.0886104e-01	   6.2776422e-01	   4.7724748e-01	   4.0492404e-01	   3.3461536e-01	   2.5406884e-01	   2.3519095e-01	   1.8078866e-01	   2.3217976e-01	   3.1766601e-02	   4.8507604e-02	             NaN	             NaN	             NaN	             NaN	             NaN	             NaN	             NaN	             NaN	
  -3.3455587e+00	  -4.2022566e+00	  -2.6479448e+00	  -1.2766205e+00	  -8.6283184e-02	   3.8858971e-01	   6.5173724e-01	   7.9615530e-01	   9.9790627e-01	   1.1095762e+00	   1.1915540e+00	   1.1415452e+00	   1.1375758e+00	   1.0014283e+00	   8.3582818e-01	   6.4826525e-01	   4.7909257e-01	   4.2501334e-01	   3.3473136e-01	   3.0654359e-01	   2.3837410e-01	   1.9827584e-01	   2.5914433e-01	   1.2845562e-01	   5.6916873e-02	             NaN	             NaN	             NaN	             NaN	             NaN	             NaN	             NaN	             NaN	
  -4.3657951e+00	  -4.9213315e+00	  -2.9775342e+00	  -1.1883359e+00	  -1.8226692e-01	   4.4197208e-01	   7.1241361e-01	   8.6018644e-01	   9.7208295e-01	   1.1156758e+00	   1.1574757e+00	   1.1694989e+00	   1.1852281e+00	   1.0025114e+00	   8.2668579e-01	   6.5155646e-01	   4.8966121e-01	   3.9353325e-01	   3.4542128e-01	   2.8918770e-01	   2.5743439e-01	   1.9853343e-01	   2.5149802e-01	   1.8690012e-01	   6.3689468e-02	   5.0745618e-02	             NaN	             NaN	             NaN	             NaN	             NaN	             NaN	             NaN	
  -2.4886526e+00	  -3.1823380e+00	  -2.3028000e+00	  -9.2493119e-01	  -3.8350761e-01	   3.3932846e-01	   6.8044526e-01	   8.2788268e-01	   9.2357513e-01	   1.0146792e+00	   1.1614565e+00	   1.1900052e+00	   1.1340469e+00	   9.7448226e-01	   8.1226835e-01	   6.5074019e-01	   5.2469020e-01	   4.3772160e-01	   3.5962974e-01	   3.0773425e-01	   2.3804506e-01	   2.0903946e-01	   1.8881510e-01	   2.1808827e-01	   7.1368203e-02	   5.7339923e-02	             NaN	             NaN	             NaN	             NaN	             NaN	             NaN	             NaN	
  -2.7045330e+00	  -3.9126397e+00	  -1.8023196e+00	  -1.0612378e+00	   1.9242422e-01	   5.0035914e-01	   6.2643318e-01	   7.8774526e-01	   9.5052152e-01	   1.0749340e+00	   1.1110507e+00	   1.1828385e+00	   1.0986332e+00	   9.9718343e-01	   8.0145129e-01	   6.6232289e-01	   5.1777845e-01	   4.2474352e-01	   3.6947818e-01	   3.0016560e-01	   2.7523190e-01	   2.2905117e-01	   1.7797352e-01	   1.8378636e-01	   6.4839878e-02	   3.0441726e-02	   6.8714655e-02	             NaN	             NaN	             NaN	             NaN	             NaN	             NaN	
  -2.5267945e+00	  -2.9240659e+00	  -1.7569502e+00	  -9.7821325e-01	  -6.6930709e-02	   4.9755644e-01	   6.3807121e-01	   7.5288003e-01	   9.3010859e-01	   1.0187581e+00	   1.1869653e+00	   1.1270111e+00	   1.0998414e+00	   1.0280261e+00	   8.0424764e-01	   6.5642562e-01	   5.2985479e-01	   4.3910192e-01	   3.9327102e-01	   3.0839384e-01	   2.7026610e-01	   2.3257658e-01	   2.0711006e-01	   1.8652609e-01	   1.0994000e-01	   1.3547136e-02	   1.8455620e-02	             NaN	             NaN	             NaN	             NaN	             NaN	             NaN	
  -2.1074038e+00	  -2.4040647e+00	  -1.8519426e+00	  -8.7819917e-01	   2.0345075e-02	   3.5855775e-01	   6.7425227e-01	   8.2402147e-01	   8.8728346e-01	   1.0006218e+00	   1.1048069e+00	   1.1846873e+00	   1.1074980e+00	   9.7087786e-01	   7.8842266e-01	   6.4470511e-01	   5.3465791e-01	   4.4486616e-01	   3.6637864e-01	   3.1576478e-01	   2.6230455e-01	   2.2084242e-01	   1.9858306e-01	   1.8418397e-01	   2.0442927e-01	  -2.1381767e-02	   4.0311083e-02	             NaN	             NaN	             NaN	             NaN	             NaN	             NaN	
  -2.0336425e+00	  -2.1939528e+00	  -1.6888182e+00	  -9.5541948e-01	  -5.0656157e-02	   3.5864018e-01	   6.7915474e-01	   7.1429138e-01	   8.7882393e-01	   9.9466693e-01	   1.0594420e+00	   1.0727073e+00	   1.0723279e+00	   9.8492478e-01	   7.9813466e-01	   6.3491554e-01	   5.1407068e-01	   4.5482915e-01	   4.0049614e-01	   3.2549106e-01	   2.8067548e-01	   2.4344618e-01	   1.9504518e-01	   1.7427072e-01	   2.3128308e-01	   9.7705683e-02	  -3.2047023e-02	   7.1875429e-02	             NaN	             NaN	             NaN	             NaN	             NaN	
  -1.1934313e+00	  -2.1783698e+00	  -1.6836524e+00	  -3.9818387e-01	   5.1279966e-02	   3.6698129e-01	   6.3895995e-01	   7.0945078e-01	   8.2705638e-01	   9.8291818e-01	   1.0491847e+00	   1.1335937e+00	   1.0568721e+00	   9.4950027e-01	   8.0217782e-01	   6.6673348e-01	   4.9262892e-01	   4.6977701e-01	   4.0261313e-01	   3.2452658e-01	   2.7622699e-01	   2.3269502e-01	   1.8969000e-01	   1.7364676e-01	   1.7154359e-01	   1.7162194e-01	   2.3857168e-02	   3.4654040e-02	             NaN	             NaN	             NaN	             NaN	             NaN	
  -1.9390668e+00	  -2.5886358e+00	  -1.4874435e+00	  -6.9351946e-01	   1.1002688e-01	   4.9416895e-01	   5.6737872e-01	   7.3496120e-01	   8.3348113e-01	   9.3678988e-01	   1.0067568e+00	   1.0871159e+00	   1.0634023e+00	   9.5978755e-01	   7.7924749e-01	   6.3135218e-01	   4.9414128e-01	   4.6723030e-01	   3.7215460e-01	   3.3357086e-01	   2.9039464e-01	   2.4478174e-01	   1.9332902e-01	   1.7021794e-01	   1.5278769e-01	   1.5593567e-01	  -1.5704091e-03	   4.8505974e-02	   4.6018607e-02	             NaN	             NaN	             NaN	             NaN	
  -1.4143501e+00	  -2.0672414e+00	  -9.6975295e-01	  -4.7422763e-01	  -1.2536086e-02	   4.5257258e-01	   6.1518128e-01	   7.4355108e-01	   8.6061482e-01	   9.1787388e-01	   1.0249806e+00	   1.0698964e+00	   1.0049344e+00	   9.6487248e-01	   7.7649171e-01	   5.8872883e-01	   5.1478308e-01	   4.1675903e-01	   3.7785235e-01	   3.5381048e-01	   2.8136896e-01	   2.4949677e-01	   2.0720762e-01	   1.5711018e-01	   1.5540805e-01	   1.8859202e-01	   1.3839088e-01	   3.1317128e-02	   6.3999125e-02	             NaN	             NaN	             NaN	             NaN	
  -1.4803762e+00	  -1.3169673e+00	  -8.4574572e-01	  -4.4644625e-01	   7.4589107e-02	   4.5942931e-01	   5.8744372e-01	   7.1362661e-01	   8.4521242e-01	   9.1818979e-01	   1.0117980e+00	   1.0210196e+00	   9.6317127e-01	   9.3505775e-01	   7.4587850e-01	   6.0786646e-01	   5.4353999e-01	   4.4162851e-01	   4.0565017e-01	   3.3240843e-01	   2.7750820e-01	   2.4224237e-01	   2.1769303e-01	   1.6167709e-01	   1.5179103e-01	   1.4697647e-01	   1.5268852e-01	   2.0679417e-03	   3.0480406e-02	             NaN	             NaN	             NaN	             NaN	
  -2.0610984e+00	  -1.3901701e+00	  -8.0394123e-01	  -2.1672390e-01	   2.2729978e-01	   5.0913395e-01	   6.0509254e-01	   6.5415323e-01	   7.2709454e-01	   8.6663054e-01	   9.4929100e-01	   1.0371268e+00	   9.3077836e-01	   8.5536736e-01	   7.4486529e-01	   6.0753208e-01	   5.0967459e-01	   4.6584979e-01	   3.9908613e-01	   3.3914590e-01	   2.9910838e-01	   2.4307809e-01	   2.0231023e-01	   1.6549281e-01	   1.5315235e-01	   1.4251440e-01	   1.6318202e-01	   6.0037449e-02	   3.7387706e-02	   4.8881964e-02	             NaN	             NaN	             NaN	
  -1.4865190e+00	  -8.2705055e-01	  -5.2679550e-01	  -1.4148108e-01	   1.7496103e-01	   5.1055872e-01	   5.9158090e-01	   6.8073388e-01	   7.9130102e-01	   9.2303772e-01	   9.7468164e-01	   1.0251987e+00	   9.0993910e-01	   8.6884007e-01	   7.6127722e-01	   6.0241482e-01	   4.9012183e-01	   4.5909234e-01	   4.0017979e-01	   3.5201901e-01	   2.9375093e-01	   2.5560972e-01	   2.1438161e-01	   1.7301524e-01	   1.4582439e-01	   1.2348591e-01	   1.6856634e-01	   7.0953011e-02	   3.5083079e-02	   4.7987445e-02	             NaN	             NaN	             NaN	
  -4.6015337e-01	  -1.0635426e+00	  -7.7950074e-01	  -2.0905358e-01	   1.6814237e-01	   5.3328258e-01	   5.3005616e-01	   6.7755330e-01	   7.1006957e-01	   7.9530363e-01	   9.0699498e-01	   9.3975964e-01	   8.9850820e-01	   8.3248485e-01	   7.3490818e-01	   5.8461934e-01	   5.0881151e-01	   4.4036794e-01	   3.8513088e-01	   3.3206438e-01	   2.9654059e-01	   2.4523073e-01	   2.1637433e-01	   1.8311751e-01	   1.4475685e-01	   1.3867623e-01	   1.1191428e-01	   6.5711554e-02	   6.1284968e-04	   3.5267800e-02	   3.4907568e-02	             NaN	             NaN	
   6.8512651e-02	  -4.1847853e-01	  -6.4634654e-01	  -1.9136306e-01	   1.6336423e-01	   4.7404481e-01	   5.6381729e-01	   6.7597783e-01	   7.6606141e-01	   7.7161835e-01	   8.5796700e-01	   9.3003343e-01	   9.0915451e-01	   7.6266159e-01	   6.8641635e-01	   5.6463837e-01	   4.8084358e-01	   4.2909173e-01	   3.9014919e-01	   3.2041001e-01	   3.1627537e-01	   2.6034153e-01	   2.2033289e-01	   1.7736582e-01	   1.5839702e-01	   1.3628160e-01	   1.3597936e-01	   6.2531379e-02	   3.9958871e-02	   4.2562589e-02	   3.3039548e-02	             NaN	             NaN	
  -1.8668404e-01	  -1.0706824e+00	  -4.5090050e-01	  -8.4246890e-02	   3.2574220e-01	   4.5551947e-01	   5.3028810e-01	   6.0425673e-01	   7.2259942e-01	   7.8513971e-01	   8.1932253e-01	   8.3843028e-01	   8.7210452e-01	   7.7602682e-01	   6.8686440e-01	   5.7715830e-01	   4.9601757e-01	   4.1290927e-01	   3.8247699e-01	   3.4020030e-01	   3.0177280e-01	   2.5740347e-01	   2.2248384e-01	   1.6914887e-01	   1.4697615e-01	   1.3198125e-01	   1.2061753e-01	   8.9153365e-02	   2.3266296e-02	   3.9690489e-02	   3.6286399e-02	             NaN	             NaN	
  -3.3945281e-01	  -6.0708492e-01	  -2.3368713e-01	   1.5373699e-01	   2.4670883e-01	   5.0662655e-01	   5.2117011e-01	   6.0927543e-01	   6.4632369e-01	   7.2745635e-01	   8.7497984e-01	   8.3701543e-01	   8.1158345e-01	   8.0661889e-01	   6.4576467e-01	   5.5150940e-01	   4.9331303e-01	   4.2503367e-01	   3.9616751e-01	   3.5302570e-01	   2.9274085e-01	   2.5861117e-01	   2.1887884e-01	   1.8679617e-01	   1.6468829e-01	   1.2918040e-01	   1.1760919e-01	   1.0317018e-01	   4.7937255e-02	   2.5942021e-02	   4.0446216e-02	   3.3215185e-02	             NaN	
   2.0435389e-01	  -5.4725071e-02	   2.4450787e-02	  -5.6417297e-02	   2.6603799e-01	   5.2633497e-01	   5.1353493e-01	   6.2419857e-01	   6.9744341e-01	   7.3192098e-01	   7.9777404e-01	   8.0178713e-01	   8.0516499e-01	   7.4826960e-01	   6.2146200e-01	   5.4180640e-01	   5.0927977e-01	   4.3133076e-01	   3.7863948e-01	   3.4294314e-01	   3.0874957e-01	   2.6239876e-01	   2.2010067e-01	   1.8787214e-01	   1.6134867e-01	   1.3447247e-01	   1.1129747e-01	   9.0278793e-02	   6.5398777e-02	   3.0700537e-02	   4.0835363e-02	   4.9580649e-02	             NaN	
  -1.9331791e-01	   8.3403895e-02	  -1.2323337e-01	   1.9327035e-02	   4.0812377e-01	   4.5963776e-01	   5.2863290e-01	   5.7997702e-01	   6.7999715e-01	   6.9906022e-01	   7.6448751e-01	   8.1050735e-01	   7.6151640e-01	   7.0918457e-01	   6.4422420e-01	   5.1800759e-01	   4.6274715e-01	   4.1199124e-01	   3.7324930e-01	   3.3750244e-01	   2.9314427e-01	   2.6884121e-01	   2.2061097e-01	   1.8913951e-01	   1.5808722e-01	   1.3678321e-01	   1.2296275e-01	   1.1297699e-01	   1.2993883e-01	  -1.7595445e-02	   1.5827294e-02	   3.7359364e-02	   3.4194040e-02	
  -6.2485295e-01	  -5.8800545e-01	  -1.7862713e-02	   2.5140482e-01	   3.6872323e-01	   4.2359877e-01	   5.7304215e-01	   5.6002725e-01	   5.8077030e-01	   7.0683554e-01	   6.8713223e-01	   7.2634649e-01	   7.3529267e-01	   6.7375609e-01	   6.2042123e-01	   5.0218162e-01	   4.7555711e-01	   4.1544489e-01	   3.9671303e-01	   3.4386705e-01	   3.0952878e-01	   2.5517618e-01	   2.2276594e-01	   1.9055068e-01	   1.5577249e-01	   1.4313601e-01	   1.1224836e-01	   1.0283143e-01	   8.6793096e-02	  -5.6892414e-02	   1.1424542e-02	   4.4370505e-02	   3.5181084e-02	
   3.0672479e-01	  -5.8049051e-01	  -2.8776539e-02	   2.2197072e-01	   3.1262459e-01	   4.7742153e-01	   5.3022035e-01	   5.2333981e-01	   5.8559472e-01	   6.8396607e-01	   7.0743518e-01	   7.1703078e-01	   7.3784732e-01	   6.9197954e-01	   6.0080512e-01	   4.9181604e-01	   4.6012839e-01	   4.1694338e-01	   3.4880258e-01	   3.5053892e-01	   2.8744145e-01	   2.7037094e-01	   2.2432276e-01	   1.9320909e-01	   1.5796626e-01	   1.6271975e-01	   1.2643299e-01	   1.0714036e-01	   1.2718974e-01	   8.2858873e-02	  -1.3791086e-02	   2.7146622e-02	   4.2267261e-02	
   4.5735460e-01	   1.7105754e-01	  -7.9798437e-03	   4.5728320e-01	   3.7467859e-01	   4.6052507e-01	   5.0661466e-01	   5.3383666e-01	   5.5542849e-01	   6.6420140e-01	   6.6230583e-01	   6.8850865e-01	   6.7230907e-01	   6.7522247e-01	   5.8838120e-01	   5.1803655e-01	   4.6569513e-01	   4.0940677e-01	   3.7093013e-01	   3.3615280e-01	   2.9769699e-01	   2.6732506e-01	   2.3629927e-01	   2.0088636e-01	   1.5775247e-01	   1.4769701e-01	   1.2021982e-01	   1.0001809e-01	   1.2144320e-01	   9.6041329e-02	   2.5041303e-02	   5.0392587e-02	   4.0638988e-02	
   7.0781885e-01	   3.0441178e-01	   2.2176765e-01	   1.8095959e-01	   4.2494220e-01	   4.0416782e-01	   5.0471389e-01	   5.1572972e-01	   5.5193993e-01	   6.5405691e-01	   6.6711474e-01	   6.4634649e-01	   6.6551672e-01	   6.4409735e-01	   5.2070312e-01	   4.9168854e-01	   4.1938254e-01	   4.2007288e-01	   3.6885708e-01	   3.5937361e-01	   2.8484655e-01	   2.5539002e-01	   2.3339400e-01	   1.9036247e-01	   1.6754661e-01	   1.2692413e-01	   1.2917789e-01	   1.0068221e-01	   1.0765250e-01	   1.1624797e-01	   9.8496781e-03	   3.0716948e-02	   5.5078649e-02	
  -1.7622526e-01	   2.9346774e-01	   3.5042050e-02	   3.7696945e-01	   3.6779397e-01	   4.3331171e-01	   4.4984139e-01	   5.0297886e-01	   5.5965610e-01	   5.9228251e-01	   6.5732556e-01	   6.3128092e-01	   6.3811677e-01	   5.9915607e-01	   5.4226018e-01	   4.6821833e-01	   4.3500056e-01	   3.9631574e-01	   3.7249198e-01	   3.3678120e-01	   3.1982517e-01	   2.6895418e-01	   2.2710364e-01	   1.8915006e-01	   1.7605051e-01	   1.4366016e-01	   1.2750943e-01	   1.1831660e-01	   9.0316535e-02	   1.0339996e-01	   9.4532719e-02	   2.4471558e-02	   5.6229331e-02	
             NaN	   4.1740972e-01	   1.2560132e-01	   2.4914881e-01	   3.8814377e-01	   4.6168251e-01	   4.8208650e-01	   4.9139567e-01	   5.5266950e-01	   5.6015241e-01	   6.3056484e-01	   6.2531316e-01	   5.9096568e-01	   5.7541660e-01	   5.0763268e-01	   4.8603687e-01	   4.3287443e-01	   3.7446459e-01	   3.6956474e-01	   3.2077499e-01	   3.0483843e-01	   2.5979227e-01	   2.3731625e-01	   1.8845177e-01	   1.7317160e-01	   1.5256668e-01	   1.3588237e-01	   1.1189954e-01	   1.0605658e-01	   1.0286208e-01	   5.8227800e-02	   3.6621778e-02	   5.1852781e-02	
             NaN	   2.4715867e-02	   3.1803366e-01	   3.2835527e-01	   4.1812123e-01	   4.6725922e-01	   4.1869370e-01	   4.8200975e-01	   5.1256327e-01	   5.4056077e-01	   5.7897674e-01	   6.2767453e-01	   5.5846505e-01	   5.6405073e-01	   5.0213818e-01	   4.6225222e-01	   4.1153801e-01	   3.8662591e-01	   3.6445317e-01	   3.1462577e-01	   2.6284169e-01	   2.4635148e-01	   2.1217740e-01	   1.9517743e-01	   1.6987765e-01	   1.5923413e-01	   1.3188711e-01	   1.1480016e-01	   1.1798199e-01	   1.0290628e-01	   8.4675016e-02	   3.8206359e-02	   2.3066204e-02	
             NaN	   1.2700270e-01	   2.9637357e-01	   3.5198885e-01	   3.7026300e-01	   4.5378001e-01	   4.6383767e-01	   4.7936426e-01	   5.3943533e-01	   5.3461494e-01	   5.5851636e-01	   5.5608748e-01	   5.4941295e-01	   5.3944178e-01	   4.9507832e-01	   4.5936956e-01	   4.0471671e-01	   3.9102114e-01	   3.6363249e-01	   3.2508571e-01	   2.9371681e-01	   2.5336692e-01	   2.2138839e-01	   1.9557964e-01	   1.6553722e-01	   1.5546940e-01	   1.3596114e-01	   1.3360921e-01	   1.1644900e-01	   9.8384105e-02	   1.0449697e-01	   5.1533647e-02	   3.5324693e-02	
             NaN	   1.6616932e-01	   3.1614758e-01	   3.0553108e-01	   3.5000410e-01	   5.0147157e-01	   4.5123520e-01	   4.6193447e-01	   4.7124468e-01	   5.1965386e-01	   5.2240569e-01	   5.3808720e-01	   5.6443162e-01	   5.1203281e-01	   4.9236897e-01	   4.2274991e-01	   3.6634714e-01	   3.7313984e-01	   3.6755483e-01	   2.9165909e-01	   2.8994907e-01	   2.7685467e-01	   2.1298767e-01	   1.9195853e-01	   1.8029591e-01	   1.5487172e-01	   1.3681635e-01	   1.1931691e-01	   9.6969675e-02	   9.7608706e-02	   1.2111543e-01	   1.0113749e-01	   3.6952389e-02	
             NaN	   5.0828573e-01	   3.5851237e-01	   4.1759162e-01	   4.6966040e-01	   4.4887904e-01	   4.2029264e-01	   4.5813295e-01	   4.2260657e-01	   4.5754073e-01	   5.1262676e-01	   5.2162263e-01	   5.1030267e-01	   5.0689503e-01	   4.5713320e-01	   3.8454357e-01	   3.7805921e-01	   3.7674242e-01	   3.2502980e-01	   3.2118999e-01	   2.6606389e-01	   2.6591804e-01	   2.4074845e-01	   1.8203453e-01	   1.6580107e-01	   1.4608964e-01	   1.2777511e-01	   1.2627385e-01	   1.1250878e-01	   9.1921617e-02	   9.5544970e-02	   9.8023236e-02	   3.7211122e-02	
             NaN	   3.2069304e-01	   2.8966291e-01	   4.0848093e-01	   4.0564294e-01	   4.7275329e-01	   4.0707729e-01	   4.4839701e-01	   4.7906048e-01	   4.7237392e-01	   4.6967534e-01	   5.0864894e-01	   5.3782900e-01	   4.8941616e-01	   4.2563514e-01	   4.2115694e-01	   3.7387982e-01	   3.8330826e-01	   3.3099051e-01	   2.9876133e-01	   3.0533382e-01	   2.4797800e-01	   2.1375598e-01	   1.8537848e-01	   1.8204753e-01	   1.5025918e-01	   1.2630567e-01	   1.1454477e-01	   1.2403352e-01	   1.0001999e-01	   1.2747549e-01	   1.0611467e-01	   3.2630375e-02	
             NaN	             NaN	   3.3544970e-01	   3.7767763e-01	   4.8223456e-01	   3.4418023e-01	   3.7197022e-01	   4.3649106e-01	   4.1225597e-01	   4.8864246e-01	   4.5878999e-01	   4.9434012e-01	   4.8500682e-01	   4.6660233e-01	   4.4971209e-01	   3.9334975e-01	   3.5716772e-01	   3.5230850e-01	   3.3378124e-01	   3.2374248e-01	   2.8360671e-01	   2.3944249e-01	   2.2812231e-01	   1.8424330e-01	   1.6453131e-01	   1.5458445e-01	   1.3546931e-01	   1.1039155e-01	   1.1025970e-01	   1.0896965e-01	   8.6431194e-02	   8.0817666e-02	   8.2826029e-02	
             NaN	             NaN	   2.1788464e-01	   3.3378986e-01	   3.9560706e-01	   3.2848440e-01	   4.4912177e-01	   3.9653563e-01	   4.3315745e-01	   4.5625037e-01	   4.4692962e-01	   4.6934541e-01	   4.5094420e-01	   4.5802452e-01	   4.1979188e-01	   3.7696670e-01	   3.6532439e-01	   3.1902467e-01	   3.2483363e-01	   2.8597637e-01	   2.8600402e-01	   2.5271427e-01	   2.1787483e-01	   1.8352100e-01	   1.6806837e-01	   1.3428382e-01	   1.4032051e-01	   1.1824450e-01	   1.1151928e-01	   1.1386559e-01	   8.4802391e-02	   6.4938868e-02	   6.2581497e-02	
             NaN	             NaN	   3.0754077e-01	   3.3863458e-01	   4.2596107e-01	   3.9393980e-01	   3.7990150e-01	   4.1915950e-01	   4.3202304e-01	   4.4175614e-01	   4.2342188e-01	   4.1612158e-01	   4.6263743e-01	   4.2811561e-01	   3.9993360e-01	   3.8847068e-01	   3.5297082e-01	   3.3658291e-01	   3.1485582e-01	   2.9221939e-01	   2.7540271e-01	   2.3908174e-01	   2.1484965e-01	   1.9749624e-01	   1.5006286e-01	   1.5098115e-01	   1.2767524e-01	   1.1898475e-01	   1.0857776e-01	   1.0400717e-01	   8.6892489e-02	   7.6741460e-02	   1.2312990e-01	
             NaN	             NaN	   2.1879757e-01	   2.8201541e-01	   3.9357537e-01	   3.3664923e-01	   4.3483159e-01	   4.0309923e-01	   4.3031355e-01	   3.6675943e-01	   4.3236132e-01	   4.0069187e-01	   4.1709683e-01	   3.8774776e-01	   3.8257058e-01	   3.6554813e-01	   3.2098731e-01	   3.2470371e-01	   2.9676508e-01	   2.7968349e-01	   2.7197016e-01	   2.1636589e-01	   2.2435526e-01	   1.8145242e-01	   1.6231621e-01	   1.4257371e-01	   1.2701065e-01	   1.2543863e-01	   1.0370693e-01	   9.9740895e-02	   9.3822753e-02	   8.6945203e-02	   1.0856184e-01	
             NaN	             NaN	   3.6982610e-01	   3.4803909e-01	   4.1993221e-01	   3.6939061e-01	   3.8646153e-01	   4.2459544e-01	   3.9153570e-01	   3.8061173e-01	   3.9257470e-01	   4.0218537e-01	   3.7353563e-01	   3.9319934e-01	   3.5840534e-01	   3.4289602e-01	   3.2913851e-01	   3.1298711e-01	   3.2707582e-01	   3.1167036e-01	   2.3772987e-01	   2.4675521e-01	   2.0924211e-01	   1.7037356e-01	   1.5820033e-01	   1.4235742e-01	   1.3496600e-01	   1.2324339e-01	   1.1887593e-01	   1.0224203e-01	   8.8967864e-02	   8.6797320e-02	   9.9652788e-02	
             NaN	             NaN	             NaN	   4.5104973e-01	   3.9587815e-01	   3.1974552e-01	   3.4187758e-01	   3.5937100e-01	   4.0401576e-01	   3.5125580e-01	   4.0469020e-01	   3.7304706e-01	   4.1347516e-01	   3.7348513e-01	   3.4767154e-01	   3.6624533e-01	   3.3417450e-01	   3.2352391e-01	   2.8463699e-01	   2.5139831e-01	   2.6769337e-01	   2.2264903e-01	   1.9288917e-01	   1.8047475e-01	   1.5646507e-01	   1.4643049e-01	   1.2606637e-01	   1.1863556e-01	   1.1271641e-01	   1.0215455e-01	   1.0111567e-01	   8.6257811e-02	   9.3820267e-02	
             NaN	             NaN	             NaN	   2.8102696e-01	   4.0531573e-01	   3.6451020e-01	   3.4094775e-01	   3.5910844e-01	   3.7754611e-01	   3.6965492e-01	   4.1022032e-01	   3.8077291e-01	   3.7613831e-01	   3.5722289e-01	   3.4822369e-01	   3.3384087e-01	   3.0421226e-01	   3.0819873e-01	   2.8286368e-01	   2.6912838e-01	   2.5846257e-01	   2.2866105e-01	   1.9990785e-01	   1.8198093e-01	   1.4310700e-01	   1.3651071e-01	   1.4199974e-01	   1.1741400e-01	   1.1298652e-01	   1.0310901e-01	   8.6731229e-02	   7.5915082e-02	   8.0412701e-02	
             NaN	             NaN	             NaN	   3.0898701e-01	   3.6840703e-01	   3.6701258e-01	   3.5454475e-01	   3.5185362e-01	   3.2245838e-01	   2.6021266e-01	   3.6105637e-01	   3.8463584e-01	   3.6604597e-01	   3.5860601e-01	   3.6289128e-01	   3.2130958e-01	   2.8203588e-01	   3.0173321e-01	   2.8220793e-01	   2.6311589e-01	   2.4402578e-01	   2.3342143e-01	   1.7678040e-01	   1.6694155e-01	   1.5346534e-01	   1.3912643e-01	   1.2114176e-01	   1.3745819e-01	   1.1792164e-01	   1.0502898e-01	   9.9391750e-02	   8.1407233e-02	   8.5293624e-02	
             NaN	             NaN	             NaN	   3.8596552e-01	   3.1205367e-01	   2.9826796e-01	   3.2528692e-01	   3.5107291e-01	   3.7521325e-01	   3.0405508e-01	   3.2384478e-01	   3.4461007e-01	   3.4620718e-01	   3.3846361e-01	   3.4011636e-01	   3.0344477e-01	   2.8866027e-01	   2.9481705e-01	   2.9716998e-01	   2.6518664e-01	   2.4684379e-01	   2.2708488e-01	   1.8597811e-01	   1.7100044e-01	   1.5113563e-01	   1.3736099e-01	   1.2930379e-01	   1.1828371e-01	   1.2248766e-01	   8.7722566e-02	   8.2697476e-02	   8.6931887e-02	   7.0851975e-02	
             NaN	             NaN	             NaN	   3.0641271e-01	   3.7662001e-01	   3.3713669e-01	   3.3168044e-01	   3.4108058e-01	   3.2248933e-01	   2.9372313e-01	   3.5533945e-01	   3.3786574e-01	   3.3686202e-01	   3.3400137e-01	   3.0553276e-01	   3.0475492e-01	   2.9664901e-01	   2.6642396e-01	   2.5212919e-01	   2.4247738e-01	   2.5496340e-01	   2.0990196e-01	   1.7739432e-01	   1.7021090e-01	   1.4006422e-01	   1.3545632e-01	   1.3666315e-01	   1.1252770e-01	   1.0375478e-01	   1.0463255e-01	   8.6058416e-02	   8.1523964e-02	   8.3644081e-02	
             NaN	             NaN	             NaN	             NaN	   3.0923489e-01	   3.8342162e-01	   3.2102951e-01	   2.8549384e-01	   2.9441776e-01	   3.2701060e-01	   3.3393595e-01	   3.3152499e-01	   3.3750770e-01	   3.1423621e-01	   2.9185094e-01	   3.0025236e-01	   2.8637197e-01	   2.9059556e-01	   2.5949883e-01	   2.4047863e-01	   2.2004687e-01	   2.0347525e-01	   1.8014875e-01	   1.5748956e-01	   1.4758048e-01	   1.2852862e-01	   1.2075586e-01	   1.1152650e-01	   1.0551269e-01	   1.0309733e-01	   9.3119638e-02	   8.1185042e-02	   7.9808248e-02	
             NaN	             NaN	             NaN	             NaN	   3.8501009e-01	   3.0754313e-01	   2.7660635e-01	   2.7528744e-01	   3.2480840e-01	   2.7397113e-01	   3.2209289e-01	   3.3360542e-01	   3.0492883e-01	   3.2580321e-01	   3.0690000e-01	   2.7696945e-01	   2.7240978e-01	   2.6767612e-01	   2.7201149e-01	   2.2405526e-01	   2.2632499e-01	   1.9044357e-01	   1.6525878e-01	   1.5350137e-01	   1.5328552e-01	   1.4031736e-01	   1.2742036e-01	   1.1242668e-01	   1.2170403e-01	   9.5388794e-02	   9.1191762e-02	   9.3947710e-02	   7.3838758e-02	
             NaN	             NaN	             NaN	             NaN	   3.5470957e-01	   4.0243942e-01	   3.4323236e-01	   3.3538820e-01	   3.3538263e-01	   2.5492710e-01	   2.9735615e-01	   3.2403755e-01	   2.8899810e-01	   2.9693165e-01	   2.9718989e-01	   2.4579057e-01	   2.4782365e-01	   2.6723703e-01	   2.4368761e-01	   2.2796643e-01	   2.1661520e-01	   1.9485329e-01	   1.7266897e-01	   1.6232789e-01	   1.4585527e-01	   1.3362555e-01	   1.3082892e-01	   1.1446221e-01	   1.1127997e-01	   1.0395529e-01	   9.2911061e-02	   8.7328541e-02	   8.7030108e-02	
             NaN	             NaN	             NaN	             NaN	   4.0164156e-01	   3.4544307e-01	   3.2682558e-01	   2.9507927e-01	   2.8890587e-01	   2.7699345e-01	   2.5271315e-01	   2.6497757e-01	   2.6004920e-01	   2.8887658e-01	   2.6740794e-01	   2.5884851e-01	   2.3679736e-01	   2.5785997e-01	   2.3491452e-01	   2.2158466e-01	   2.1068547e-01	   1.8526523e-01	   1.7637514e-01	   1.5334943e-01	   1.3683044e-01	   1.2441150e-01	   1.3670327e-01	   1.2177369e-01	   1.1124060e-01	   1.0689583e-01	   8.1938184e-02	   7.8135934e-02	   7.5552805e-02	
             NaN	             NaN	             NaN	             NaN	   3.7978917e-01	   3.2223419e-01	   2.7993268e-01	   2.6465938e-01	   2.6360617e-01	   2.9305600e-01	   2.6781353e-01	   2.6852328e-01	   2.9186026e-01	   2.7688424e-01	   2.5445964e-01	   2.4782361e-01	   2.3161235e-01	   2.2675330e-01	   2.3190057e-01	   2.0541505e-01	   2.0242626e-01	   1.7101287e-01	   1.7025399e-01	   1.5647322e-01	   1.4446103e-01	   1.1737744e-01	   1.2355781e-01	   1.0280618e-01	   1.0562257e-01	   9.3514961e-02	   9.2422354e-02	   7.9079193e-02	   8.9633588e-02	
             NaN	             NaN	             NaN	             NaN	             NaN	   3.4564921e-01	   2.9878725e-01	   2.6573556e-01	   3.1565739e-01	   2.6652823e-01	   3.1826275e-01	   2.5029017e-01	   2.4962369e-01	   2.6299079e-01	   2.1945117e-01	   2.4832262e-01	   2.1113229e-01	   2.1560926e-01	   2.2462484e-01	   2.0710229e-01	   1.9144222e-01	   1.8149589e-01	   1.4477088e-01	   1.3576729e-01	   1.2054685e-01	   1.3026514e-01	   1.1436320e-01	   1.0860061e-01	   9.6192462e-02	   1.1037753e-01	   9.2871509e-02	   7.4558463e-02	   7.9694616e-02	
             NaN	             NaN	             NaN	             NaN	             NaN	   2.9334409e-01	   3.1909990e-01	   2.6574856e-01	   2.9300691e-01	   2.8819998e-01	   2.6024710e-01	   2.3943303e-01	   2.6395487e-01	   2.6382087e-01	   2.4476208e-01	   2.3747790e-01	   2.2614914e-01	   2.2225244e-01	   2.2274218e-01	   1.9102871e-01	   1.7377050e-01	   1.8074858e-01	   1.5543806e-01	   1.2811604e-01	   1.3285279e-01	   1.1861133e-01	   1.1144838e-01	   1.0682891e-01	   9.9070743e-02	   9.5332569e-02	   8.8737384e-02	   7.8304218e-02	   7.9993802e-02	
             NaN	             NaN	             NaN	             NaN	             NaN	   3.3129425e-01	   3.0398122e-01	   2.5942245e-01	   3.1860475e-01	   2.5794821e-01	   2.4914255e-01	   2.0824033e-01	   2.2333623e-01	   2.4502307e-01	   2.3709398e-01	   2.1969018e-01	   2.3495637e-01	   2.0670531e-01	   1.9764821e-01	   2.0365766e-01	   1.8371761e-01	   1.5505704e-01	   1.5431094e-01	   1.2312828e-01	   1.2647038e-01	   1.1609806e-01	   1.1664226e-01	   1.1178531e-01	   1.0835670e-01	   8.8445190e-02	   8.9277811e-02	   7.1842085e-02	   7.2806683e-02	
             NaN	             NaN	             NaN	             NaN	             NaN	   2.6006209e-01	   2.6631481e-01	   2.4907794e-01	   2.1007658e-01	   2.1317457e-01	   2.1946237e-01	   2.3707875e-01	   1.9781263e-01	   2.1000656e-01	   2.2742851e-01	   2.1083247e-01	   1.9278458e-01	   1.9529082e-01	   1.9982676e-01	   2.0506735e-01	   2.1059404e-01	   1.6991113e-01	   1.5292859e-01	   1.2815254e-01	   1.3025947e-01	   1.2552399e-01	   9.6024792e-02	   9.7390771e-02	   9.6082628e-02	   7.4948324e-02	   8.4363997e-02	   7.2784204e-02	   7.8734504e-02	
             NaN	             NaN	             NaN	             NaN	             NaN	   2.7394633e-01	   2.8997131e-01	   2.2573148e-01	   2.5706452e-01	   2.3247968e-01	   2.0044080e-01	   2.0836357e-01	   2.4032004e-01	   1.9783208e-01	   2.1682943e-01	   1.9367326e-01	   2.0301267e-01	   2.0206908e-01	   1.8690913e-01	   1.7715553e-01	   1.6397682e-01	   1.6163039e-01	   1.3786304e-01	   1.1932232e-01	   1.1094625e-01	   1.2933346e-01	   9.6151153e-02	   1.0470376e-01	   1.0714673e-01	   9.2542389e-02	   9.0094966e-02	   7.4388953e-02	   7.5939554e-02	
             NaN	             NaN	             NaN	             NaN	             NaN	             NaN	   2.4475585e-01	   2.3830014e-01	   2.4664937e-01	   2.1816523e-01	   2.2869325e-01	   2.0727817e-01	   2.2080720e-01	   2.1960382e-01	   1.6218952e-01	   1.9863966e-01	   2.0685521e-01	   2.0233928e-01	   1.7185092e-01	   1.7905351e-01	   1.7408671e-01	   1.4590757e-01	   1.3760781e-01	   1.2515914e-01	   1.0817630e-01	   1.0424581e-01	   1.1115439e-01	   9.2965147e-02	   9.5497277e-02	   8.5362589e-02	   9.0938746e-02	   7.3354233e-02	   7.4603291e-02	
             NaN	             NaN	             NaN	             NaN	             NaN	             NaN	   3.3364443e-01	   2.7707005e-01	   2.0389603e-01	   1.9386588e-01	   1.7502496e-01	   2.1116534e-01	   2.2395071e-01	   2.0467385e-01	   1.9564361e-01	   1.8301687e-01	   1.7178583e-01	   1.8969635e-01	   1.9365479e-01	   1.6495174e-01	   1.5821049e-01	   1.6085650e-01	   1.3387925e-01	   1.3314185e-01	   1.2200698e-01	   1.2797064e-01	   1.1422947e-01	   9.6163097e-02	   1.0039615e-01	   1.0236464e-01	   7.7579851e-02	   8.4544877e-02	   7.3997375e-02	
   0.0000000e+00	             NaN	             NaN	             NaN	             NaN	             NaN	   2.8797576e-01	   2.3422794e-01	   2.3759631e-01	   2.2834120e-01	   2.2519634e-01	   1.9606581e-01	   2.0606387e-01	   1.9665783e-01	   1.7989176e-01	   1.7694218e-01	   1.8438051e-01	   1.7916436e-01	   1.7336297e-01	   1.5824322e-01	   1.5347728e-01	   1.3755163e-01	   1.4757741e-01	   1.2784257e-01	   1.1494893e-01	   1.1550747e-01	   9.6347989e-02	   8.6428080e-02	   8.9882945e-02	   9.4630887e-02	   8.4765655e-02	   8.3031548e-02	   7.4042821e-02	
   0.0000000e+00	             NaN	             NaN	             NaN	             NaN	             NaN	   2.3619915e-01	   2.5261410e-01	   2.2790884e-01	   2.2852439e-01	   1.8723795e-01	   1.9646316e-01	   1.9637860e-01	   1.8329311e-01	   1.7869490e-01	   1.6504506e-01	   1.7281869e-01	   1.8766637e-01	   1.7289872e-01	   1.6060509e-01	   1.4749331e-01	   1.4084477e-01	   1.1973227e-01	   1.2417105e-01	   1.1180765e-01	   1.0706840e-01	   1.0335090e-01	   1.1056228e-01	   1.0577029e-01	   9.0924892e-02	   7.0915269e-02	   7.7083928e-02	   8.2744265e-02	
   0.0000000e+00	             NaN	             NaN	             NaN	             NaN	             NaN	   3.0712788e-01	   2.3232861e-01	   2.2676334e-01	   1.8524122e-01	   1.9357743e-01	   1.7340945e-01	   1.8041851e-01	   1.9957316e-01	   1.9969063e-01	   1.5712212e-01	   1.6504615e-01	   1.6062880e-01	   1.5041439e-01	   1.4783778e-01	   1.5331717e-01	   1.4195673e-01	   1.2368088e-01	   1.2668625e-01	   1.2847642e-01	   9.7870156e-02	   1.0378232e-01	   1.1486806e-01	   9.9897653e-02	   8.6325630e-02	   8.1466366e-02	   8.3387648e-02	   6.9037478e-02	
   0.0000000e+00	             NaN	             NaN	             NaN	             NaN	             NaN	             NaN	   2.4230471e-01	   2.0552530e-01	   1.6146949e-01	   1.6105309e-01	   1.9101210e-01	   1.6012837e-01	   1.6104470e-01	   1.6985679e-01	   1.7508837e-01	   1.7075907e-01	   1.4628894e-01	   1.5288741e-01	   1.5156280e-01	   1.3399541e-01	   1.3162713e-01	   1.3680188e-01	   1.1310112e-01	   1.0393080e-01	   1.0040150e-01	   1.0749430e-01	   1.0678698e-01	   9.7148826e-02	   9.2214064e-02	   7.6790454e-02	   7.4323607e-02	   7.1544498e-02	
   0.0000000e+00	             NaN	             NaN	             NaN	             NaN	             NaN	             NaN	   2.3457837e-01	   2.2933338e-01	   1.6870729e-01	   1.2123071e-01	   1.9764169e-01	   1.7859429e-01	   1.7509686e-01	   1.4667963e-01	   1.5551869e-01	   1.6488775e-01	   1.4969947e-01	   1.6175484e-01	   1.6559611e-01	   1.4341658e-01	   1.2369259e-01	   1.2057848e-01	   1.0811816e-01	   9.8062816e-02	   1.0993772e-01	   1.0376506e-01	   1.0051915e-01	   8.2332228e-02	   7.4382960e-02	   7.8375766e-02	   7.6843368e-02	   7.6825600e-02	
   0.0000000e+00	   0.0000000e+00	             NaN	             NaN	             NaN	             NaN	             NaN	   1.9116682e-01	   2.0432348e-01	   1.7424124e-01	   1.8437411e-01	   1.6262066e-01	   1.2218209e-01	   1.7571384e-01	   1.5861783e-01	   1.5882244e-01	   1.5586537e-01	   1.4512398e-01	   1.6201253e-01	   1.4401870e-01	   1.1476640e-01	   1.1936551e-01	   1.2390647e-01	   9.3456059e-02	   1.0913342e-01	   9.1895586e-02	   8.9060497e-02	   9.7339338e-02	   8.8439146e-02	   7.7582108e-02	   8.5261586e-02	   7.1432386e-02	   6.0695835e-02	
   0.0000000e+00	   0.0000000e+00	             NaN	             NaN	             NaN	             NaN	             NaN	   2.0768480e-01	   2.0428279e-01	   1.4908481e-01	   1.5078462e-01	   1.5421154e-01	   1.4082156e-01	   1.4136539e-01	   1.4520125e-01	   1.4082320e-01	   1.4295592e-01	   1.4205431e-01	   1.3631423e-01	   1.3955290e-01	   1.3096709e-01	   1.3485519e-01	   1.2168145e-01	   1.0761406e-01	   9.7377297e-02	   1.0047414e-01	   9.7525838e-02	   8.9132920e-02	   8.9706565e-02	   7.6035519e-02	   7.7254404e-02	   7.9616613e-02	   6.5538731e-02	
   0.0000000e+00	   0.0000000e+00	             NaN	             NaN	             NaN	             NaN	             NaN	   2.0977876e-01	   2.4341476e-01	   1.8241567e-01	   1.6557910e-01	   1.3591056e-01	   1.5596658e-01	   1.7614889e-01	   1.4155511e-01	   1.4904923e-01	   1.3814620e-01	   1.3482974e-01	   1.4036577e-01	   1.4272640e-01	   1.1954182e-01	   1.2433924e-01	   9.4786748e-02	   1.0301387e-01	   1.0384902e-01	   1.0972462e-01	   9.1888691e-02	   7.8670425e-02	   8.6216368e-02	   8.9852067e-02	   7.7609713e-02	   7.2993234e-02	   6.2281671e-02	
   0.0000000e+00	   0.0000000e+00	             NaN	             NaN	             NaN	             NaN	             NaN	             NaN	   1.7614002e-01	   1.5680020e-01	   1.2730409e-01	   1.4001263e-01	   1.5546382e-01	   1.3841584e-01	   1.2683679e-01	   1.3101942e-01	   1.2492355e-01	   1.2920438e-01	   1.1465618e-01	   1.4321262e-01	   1.2108396e-01	   1.0692522e-01	   1.0158158e-01	   9.1201652e-02	   9.5692855e-02	   1.0298518e-01	   9.2281372e-02	   9.0935417e-02	   8.2104006e-02	   7.2736167e-02	   8.5754409e-02	   7.2204424e-02	   7.3887440e-02	
   0.0000000e+00	   0.0000000e+00	             NaN	             NaN	             NaN	             NaN	             NaN	             NaN	   1.5876999e-01	   1.7866501e-01	   9.1383615e-02	   1.1827830e-01	   1.5186314e-01	   1.4637868e-01	   1.2315642e-01	   1.1650014e-01	   1.3962943e-01	   1.3153093e-01	   1.3689804e-01	   1.2754659e-01	   1.1516276e-01	   1.1847765e-01	   9.1178044e-02	   8.6231339e-02	   9.9681865e-02	   9.5564284e-02	   9.0310008e-02	   8.6498537e-02	   8.9653853e-02	   6.0498769e-02	   6.7237677e-02	   7.0898762e-02	   6.7591233e-02	
   0.0000000e+00	   0.0000000e+00	   0.0000000e+00	             NaN	             NaN	             NaN	             NaN	             NaN	   1.7648909e-01	   1.4155744e-01	   1.3557546e-01	   1.2244946e-01	   1.3683624e-01	   1.1089981e-01	   1.3501618e-01	   1.0545122e-01	   1.1714713e-01	   1.1959735e-01	   1.2239397e-01	   1.2784816e-01	   1.0945496e-01	   1.2360281e-01	   9.1819991e-02	   9.2331568e-02	   1.0132007e-01	   8.8221481e-02	   8.3358913e-02	   8.8257425e-02	   9.0668140e-02	   6.1361723e-02	   6.7911664e-02	   7.0382270e-02	   6.1293350e-02	
   0.0000000e+00	   0.0000000e+00	   0.0000000e+00	             NaN	             NaN	             NaN	             NaN	             NaN	   1.5704049e-01	   1.7338279e-01	   1.2485336e-01	   1.0164826e-01	   1.1987579e-01	   1.2397401e-01	   8.9992484e-02	   1.2720388e-01	   1.2346019e-01	   1.3223917e-01	   1.0557700e-01	   1.0172715e-01	   1.1855250e-01	   1.0188320e-01	   9.6078411e-02	   8.2981527e-02	   8.5458991e-02	   8.7151263e-02	   9.2878525e-02	   8.6771961e-02	   8.6836260e-02	   6.7925865e-02	   6.7815343e-02	   6.7036873e-02	   6.3902729e-02	
   0.0000000e+00	   0.0000000e+00	   0.0000000e+00	             NaN	             NaN	             NaN	             NaN	             NaN	   1.8245813e-01	   1.4404331e-01	   1.3304324e-01	   1.4719765e-01	   1.1353463e-01	   1.1936028e-01	   9.2474966e-02	   9.7206253e-02	   9.1846308e-02	   1.2026274e-01	   1.3224134e-01	   1.1099512e-01	   1.2057881e-01	   9.9206226e-02	   8.7376222e-02	   9.9104943e-02	   8.9984341e-02	   8.2791588e-02	   8.8375020e-02	   8.8003710e-02	   8.2484539e-02	   7.5028855e-02	   7.8526849e-02	   7.5736213e-02	   5.9777715e-02	
   0.0000000e+00	   0.0000000e+00	   0.0000000e+00	             NaN	             NaN	             NaN	             NaN	             NaN	   1.2802516e-01	   1.3435760e-01	   1.1078471e-01	   1.4713587e-01	   1.0320905e-01	   1.3371270e-01	   1.1183266e-01	   1.1307071e-01	   1.1034796e-01	   1.1774280e-01	   1.2192716e-01	   1.1704112e-01	   1.0617663e-01	   1.0791596e-01	   9.7813187e-02	   1.0044371e-01	   9.5239240e-02	   8.6536496e-02	   7.5790768e-02	   8.2163053e-02	   7.3526388e-02	   7.8921022e-02	   6.7124621e-02	   7.9399358e-02	   5.8252060e-02	
   0.0000000e+00	   0.0000000e+00	   0.0000000e+00	             NaN	             NaN	             NaN	             NaN	             NaN	             NaN	   1.0435219e-01	   1.3165879e-01	   1.2989504e-01	   9.6705918e-02	   1.4069623e-01	   1.1882869e-01	   1.2692330e-01	   8.0487788e-02	   1.1154421e-01	   1.0800301e-01	   1.0873913e-01	   9.8279482e-02	   9.9994407e-02	   1.0172364e-01	   7.9535125e-02	   9.4375726e-02	   8.8162045e-02	   8.8765365e-02	   7.6124554e-02	   7.4424864e-02	   8.4813623e-02	   6.7110232e-02	   6.7791211e-02	   6.7252965e-02	
   0.0000000e+00	   0.0000000e+00	   0.0000000e+00	   0.0000000e+00	             NaN	             NaN	             NaN	             NaN	             NaN	   1.5840970e-01	   1.2380181e-01	   9.9259948e-02	   1.2324974e-01	   1.1105845e-01	   1.3102176e-01	   8.9954645e-02	   9.4223474e-02	   9.3659881e-02	   9.5498255e-02	   1.1016340e-01	   9.1032406e-02	   7.6221725e-02	   7.8903060e-02	   7.2558274e-02	   7.6531688e-02	   8.7564647e-02	   8.0176411e-02	   7.4488708e-02	   9.4463514e-02	   7.7749870e-02	   7.0392857e-02	   5.9089385e-02	   6.0241706e-02	
   0.0000000e+00	   0.0000000e+00	   0.0000000e+00	   0.0000000e+00	             NaN	             NaN	             NaN	             NaN	             NaN	   1.6818074e-01	   1.1823861e-01	   8.2453390e-02	   1.2978131e-01	   8.9501566e-02	   1.0777527e-01	   1.0792682e-01	   9.9325657e-02	   9.6305322e-02	   1.1493698e-01	   9.0416263e-02	   7.7329933e-02	   1.0996258e-01	   7.9373555e-02	   7.0514075e-02	   8.2864047e-02	   7.4040705e-02	   8.3334739e-02	   8.0159669e-02	   7.4138190e-02	   6.7717586e-02	   6.1214341e-02	   5.2816469e-02	   5.5900220e-02	
   0.0000000e+00	   0.0000000e+00	   0.0000000e+00	   0.0000000e+00	             NaN	             NaN	             NaN	             NaN	             NaN	   9.5238756e-02	   1.3526342e-01	   9.2280101e-02	   7.1708338e-02	   6.9987852e-02	   1.0473461e-01	   1.0873049e-01	   7.7828175e-02	   8.8735784e-02	   7.1705394e-02	   9.0983280e-02	   8.5336759e-02	   7.4773141e-02	   6.7065633e-02	   8.1317070e-02	   8.0719776e-02	   9.3701274e-02	   6.7176011e-02	   7.7114322e-02	   8.1047572e-02	   6.4078537e-02	   7.4461629e-02	   5.0160852e-02	   6.0657781e-02	
   0.0000000e+00	   0.0000000e+00	   0.0000000e+00	   0.0000000e+00	             NaN	             NaN	             NaN	             NaN	             NaN	   1.1988104e-01	   9.8756312e-02	   8.4304172e-02	   1.1028473e-01	   7.9344824e-02	   1.2273364e-01	   1.1373769e-01	   8.0024248e-02	   1.1030742e-01	   9.9969334e-02	   9.8405389e-02	   9.9352771e-02	   7.8752391e-02	   7.2090476e-02	   7.9290662e-02	   7.7480202e-02	   7.7615199e-02	   6.6942824e-02	   7.0209766e-02	   6.6811733e-02	   6.2084927e-02	   5.4852536e-02	   6.6502994e-02	   6.9461128e-02	
   0.0000000e+00	   0.0000000e+00	   0.0000000e+00	   0.0000000e+00	             NaN	             NaN	             NaN	             NaN	             NaN	             NaN	   8.4692918e-02	   1.0896011e-01	   4.6084242e-02	   1.0489963e-01	   9.7595406e-02	   5.5202155e-02	   1.0531145e-01	   8.1642939e-02	   8.6317204e-02	   9.1022969e-02	   8.8677489e-02	   7.8850574e-02	   7.7999580e-02	   7.9209262e-02	   7.4723405e-02	   8.0571897e-02	   7.7828586e-02	   6.1621488e-02	   7.0101960e-02	   6.1281662e-02	   6.0753967e-02	   4.3457650e-02	   6.6351663e-02	
   0.0000000e+00	   0.0000000e+00	   0.0000000e+00	   0.0000000e+00	             NaN	             NaN	             NaN	             NaN	             NaN	             NaN	   1.2474747e-01	   9.2652391e-02	   1.1990199e-01	   8.9516919e-02	   8.7131298e-02	   1.0056475e-01	   8.1041870e-02	   8.7765270e-02	   1.1369671e-01	   7.7700624e-02	   8.1836537e-02	   6.7709358e-02	   6.8849344e-02	   7.9600400e-02	   7.5232535e-02	   7.6810893e-02	   7.6749160e-02	   6.8480595e-02	   5.1116353e-02	   6.2623267e-02	   6.1877051e-02	   6.0415055e-02	   5.2979528e-02	
   0.0000000e+00	   0.0000000e+00	   0.0000000e+00	   0.0000000e+00	   0.0000000e+00	             NaN	             NaN	             NaN	             NaN	             NaN	   5.7929439e-02	   8.6842365e-02	   7.5130631e-02	   8.0598740e-02	   9.5753622e-02	   7.9408380e-02	   8.7549670e-02	   8.9735322e-02	   7.7707333e-02	   7.3108062e-02	   7.8103594e-02	   7.3254138e-02	   7.7976635e-02	   6.5867440e-02	   7.1727317e-02	   7.4956846e-02	   6.8901871e-02	   7.0443963e-02	   7.3367215e-02	   4.9750369e-02	   5.0004033e-02	   5.4982928e-02	   5.4067104e-02	
   0.0000000e+00	   0.0000000e+00	   0.0000000e+00	   0.0000000e+00	   0.0000000e+00	             NaN	             NaN	             NaN	             NaN	             NaN	   9.8825454e-02	   6.2840042e-02	   6.9264263e-02	   5.9281169e-02	   8.1283232e-02	   8.4459003e-02	   9.1873084e-02	   8.0476556e-02	   9.3814277e-02	   7.4150004e-02	   6.8771455e-02	   6.5579650e-02	   6.7711337e-02	   6.6397769e-02	   6.0110988e-02	   5.8548479e-02	   5.8698958e-02	   7.9679407e-02	   5.7152696e-02	   5.7940417e-02	   5.9376839e-02	   4.9725391e-02	   5.1199185e-02	
   0.0000000e+00	   0.0000000e+00	   0.0000000e+00	   0.0000000e+00	   0.0000000e+00	             NaN	             NaN	             NaN	             NaN	             NaN	   1.1885534e-01	   9.3626068e-02	   8.7960885e-02	   9.1168322e-02	   6.3715684e-02	   6.4123193e-02	   8.3416346e-02	   7.5369841e-02	   7.4788894e-02	   7.1514452e-02	   6.2608342e-02	   6.6774435e-02	   5.9325052e-02	   7.1847401e-02	   5.2630435e-02	   5.9386835e-02	   7.1102163e-02	   5.7100086e-02	   4.9582103e-02	   6.3724887e-02	   4.9519348e-02	   5.4842275e-02	   4.8900416e-02	
   0.0000000e+00	   0.0000000e+00	   0.0000000e+00	   0.0000000e+00	   0.0000000e+00	             NaN	             NaN	             NaN	             NaN	             NaN	             NaN	   5.4229986e-02	   6.4609315e-02	   7.0586383e-02	   4.3070479e-02	   8.2502952e-02	   7.5082683e-02	   7.2448815e-02	   6.0830683e-02	   6.1103519e-02	   7.4661878e-02	   6.3138761e-02	   6.5181173e-02	   6.8161059e-02	   6.6068090e-02	   6.4932728e-02	   6.8836918e-02	   7.2226602e-02	   5.3306116e-02	   5.2525191e-02	   6.4716084e-02	   5.1430514e-02	   5.1998434e-02	
   0.0000000e+00	   0.0000000e+00	   0.0000000e+00	   0.0000000e+00	   0.0000000e+00	             NaN	             NaN	             NaN	             NaN	             NaN	             NaN	   1.2497108e-01	   6.9226042e-02	   6.8612878e-02	   8.3779596e-02	   7.6219002e-02	   6.7155626e-02	   9.0335062e-02	   7.5405552e-02	   6.5557477e-02	   7.4030311e-02	   6.2547026e-02	   7.1962692e-02	   5.1774157e-02	   6.2490276e-02	   5.9901976e-02	   5.2337079e-02	   5.5631273e-02	   5.9530007e-02	   4.9447482e-02	   5.2127027e-02	   4.6009777e-02	   5.5811021e-02	
   0.0000000e+00	   0.0000000e+00	   0.0000000e+00	   0.0000000e+00	   0.0000000e+00	   0.0000000e+00	             NaN	             NaN	             NaN	             NaN	             NaN	   6.7424630e-02	   5.0680568e-02	   3.7218398e-02	   6.1788472e-02	   8.2073599e-02	   7.0459175e-02	   7.1718316e-02	   7.5704513e-02	   6.0199912e-02	   5.4720510e-02	   5.0526544e-02	   6.3572882e-02	   7.2743001e-02	   5.8640572e-02	   6.1327708e-02	   4.7400053e-02	   4.7275857e-02	   5.4502026e-02	   5.4679349e-02	   5.0031054e-02	   4.2355895e-02	   5.5108907e-02	
   0.0000000e+00	   0.0000000e+00	   0.0000000e+00	   0.0000000e+00	   0.0000000e+00	   0.0000000e+00	             NaN	             NaN	             NaN	             NaN	             NaN	   3.8977103e-02	   6.5522433e-02	   7.5723404e-02	   8.5564761e-02	   6.7923893e-02	   6.6879877e-02	   6.6997550e-02	   7.1971191e-02	   4.4777200e-02	   6.5856503e-02	   5.9421425e-02	   4.9616585e-02	   4.3392294e-02	   5.6555609e-02	   5.9268765e-02	   5.7905853e-02	   4.8507464e-02	   5.7651190e-02	   6.0650002e-02	   5.7105824e-02	   5.0049862e-02	   4.3660132e-02	
   0.0000000e+00	   0.0000000e+00	   0.0000000e+00	   0.0000000e+00	   0.0000000e+00	   0.0000000e+00	             NaN	             NaN	             NaN	             NaN	             NaN	   6.4236402e-02	   5.1117141e-02	   8.4861248e-02	   5.6152552e-02	   6.1328996e-02	   4.2723265e-02	   5.3966713e-02	   5.4650336e-02	   5.2404294e-02	   4.6478083e-02	   4.9073194e-02	   5.4969105e-02	   5.6191043e-02	   6.6733667e-02	   5.3916053e-02	   5.9824411e-02	   6.1211178e-02	   4.9531167e-02	   5.3124841e-02	   3.6442942e-02	   5.1385494e-02	   4.8524352e-02	
   0.0000000e+00	   0.0000000e+00	   0.0000000e+00	   0.0000000e+00	   0.0000000e+00	   0.0000000e+00	             NaN	             NaN	             NaN	             NaN	             NaN	             NaN	   4.7713326e-02	   5.9192717e-02	   4.8056675e-02	   6.6956737e-02	   6.7129642e-02	   8.4215215e-02	   6.3448294e-02	   8.1213312e-02	   5.7850666e-02	   6.2949483e-02	   4.8727802e-02	   4.6881114e-02	   4.5930125e-02	   5.5465568e-02	   5.8073310e-02	   6.0227005e-02	   4.2119096e-02	   4.5189817e-02	   3.9649969e-02	   5.1628421e-02	   5.3157033e-02	
   0.0000000e+00	   0.0000000e+00	   0.0000000e+00	   0.0000000e+00	   0.0000000e+00	   0.0000000e+00	             NaN	             NaN	             NaN	             NaN	             NaN	             NaN	   8.1141527e-02	   6.7738071e-02	   7.8022433e-02	   4.6626963e-02	   5.9700486e-02	   5.1525274e-02	   5.2509774e-02	   6.3808756e-02	   5.5313943e-02	   4.9523357e-02	   5.7380449e-02	   3.4184377e-02	   5.1102656e-02	   6.8125161e-02	   5.3925146e-02	   6.5753224e-02	   6.0992333e-02	   5.5416634e-02	   3.8308212e-02	   3.8314626e-02	   4.4248693e-02	
   0.0000000e+00	   0.0000000e+00	   0.0000000e+00	   0.0000000e+00	   0.0000000e+00	   0.0000000e+00	   0.0000000e+00	             NaN	             NaN	             NaN	             NaN	             NaN	   5.6563207e-02	   3.5455211e-02	   5.5761129e-02	   4.3216865e-02	   4.6326785e-02	   5.7049418e-02	   6.2637962e-02	   5.8495545e-02	   4.2079800e-02	   4.7048854e-02	   4.1088176e-02	   6.8593922e-02	   4.8555052e-02	   4.6761475e-02	   4.5297484e-02	   5.9805892e-02	   5.5845142e-02	   4.6070659e-02	   3.6333065e-02	   4.6394674e-02	   4.3854383e-02	
   0.0000000e+00	   0.0000000e+00	   0.0000000e+00	   0.0000000e+00	   0.0000000e+00	   0.0000000e+00	   0.0000000e+00	             NaN	             NaN	             NaN	             NaN	             NaN	   4.6911955e-02	   5.4607129e-02	   6.6882091e-02	   3.9185794e-02	   4.3273584e-02	   4.6793224e-02	   6.4314983e-02	   5.6429215e-02	   4.5453631e-02	   5.8409043e-02	   5.4062035e-02	   6.1659606e-02	   5.0464788e-02	   4.2812406e-02	   5.6351013e-02	   3.9896999e-02	   4.8434972e-02	   3.8585707e-02	   4.0068799e-02	   3.1811489e-02	   4.7571359e-02	
   0.0000000e+00	   0.0000000e+00	   0.0000000e+00	   0.0000000e+00	   0.0000000e+00	   0.0000000e+00	   0.0000000e+00	             NaN	             NaN	             NaN	             NaN	             NaN	   4.9410974e-02	   2.5440740e-02	   7.1072537e-02	   4.0870654e-02	   3.0813594e-02	   4.3213517e-02	   5.4684933e-02	   6.6101763e-02	   4.6824559e-02	   5.0654662e-02	   2.9322034e-02	   5.3164976e-02	   4.2992095e-02	   4.5440773e-02	   4.9778281e-02	   4.8990415e-02	   4.9876921e-02	   4.0201233e-02	   5.5257588e-02	   4.8248222e-02	   3.1876509e-02	
   0.0000000e+00	   0.0000000e+00	   0.0000000e+00	   0.0000000e+00	   0.0000000e+00	   0.0000000e+00	   0.0000000e+00	             NaN	             NaN	             NaN	             NaN	             NaN	             NaN	   5.1202640e-02	   6.9896769e-02	   4.0904028e-02	   6.9877071e-02	   5.3771415e-02	   4.5601227e-02	   4.9569423e-02	   4.2339216e-02	   3.2123471e-02	   4.5694395e-02	   4.3142000e-02	   5.0067128e-02	   4.8595635e-02	   4.3387581e-02	   4.2350680e-02	   4.1484584e-02	   3.6295110e-02	   3.8652370e-02	   4.3450793e-02	   3.3084507e-02	
   0.0000000e+00	   0.0000000e+00	   0.0000000e+00	   0.0000000e+00	   0.0000000e+00	   0.0000000e+00	   0.0000000e+00	             NaN	             NaN	             NaN	             NaN	             NaN	             NaN	   7.4483510e-02	   5.6977846e-02	   3.7811879e-02	   5.6483339e-02	   3.8416703e-02	   4.6814816e-02	   4.7704188e-02	   5.3427138e-02	   3.9835936e-02	   3.5060128e-02	   4.0295502e-02	   4.6376278e-02	   4.4438695e-02	   4.0432835e-02	   4.8680215e-02	   4.3007423e-02	   4.4344221e-02	   4.1992649e-02	   3.1547175e-02	   3.4046258e-02	
   0.0000000e+00	   0.0000000e+00	   0.0000000e+00	   0.0000000e+00	   0.0000000e+00	   0.0000000e+00	   0.0000000e+00	   0.0000000e+00	             NaN	             NaN	             NaN	             NaN	             NaN	   5.8507384e-02	   5.6099827e-02	   4.2442559e-02	   4.5067829e-02	   4.7428317e-02	   4.2670652e-02	   6.0368286e-02	   6.1995466e-02	   4.1354659e-02	   4.2835744e-02	   3.7419824e-02	   3.7144010e-02	   4.7189168e-02	   4.0552248e-02	   2.5340068e-02	   4.3340210e-02	   4.4005190e-02	   4.2179965e-02	   2.5115109e-02	   2.9235557e-02	
   0.0000000e+00	   0.0000000e+00	   0.0000000e+00	   0.0000000e+00	   0.0000000e+00	   0.0000000e+00	   0.0000000e+00	   0.0000000e+00	             NaN	             NaN	             NaN	             NaN	             NaN	   3.2961698e-02	   1.1846957e-02	   5.4662889e-02	   4.2255788e-02	   3.8862095e-02	   5.5531296e-02	   3.7799617e-02	   3.3559896e-02	   4.6409097e-02	   3.9810233e-02	   3.2769046e-02	   4.2093016e-02	   4.8530778e-02	   4.9644274e-02	   5.0434679e-02	   5.5947768e-02	   3.9681730e-02	   4.7259618e-02	   4.6012017e-02	   4.0485543e-02	
   0.0000000e+00	   0.0000000e+00	   0.0000000e+00	   0.0000000e+00	   0.0000000e+00	   0.0000000e+00	   0.0000000e+00	   0.0000000e+00	             NaN	             NaN	             NaN	             NaN	             NaN	   4.3845076e-02	   4.6937664e-02	   6.0003430e-02	   6.3317454e-02	   4.0565771e-02	   3.1072293e-02	   4.3485978e-02	   5.2189331e-02	   4.3865687e-02	   3.9704870e-02	   4.4149697e-02	   4.9320355e-02	   3.8951515e-02	   5.0435162e-02	   3.7141189e-02	   5.4361461e-02	   3.6256020e-02	   2.6396522e-02	   4.3754981e-02	   2.6019426e-02	
   0.0000000e+00	   0.0000000e+00	   0.0000000e+00	   0.0000000e+00	   0.0000000e+00	   0.0000000e+00	   0.0000000e+00	   0.0000000e+00	             NaN	             NaN	             NaN	             NaN	             NaN	             NaN	   5.9282081e-02	   2.4342038e-02	   3.1841541e-02	   4.7894753e-02	   3.2902759e-02	   3.5848780e-02	   5.8863980e-02	   4.1638085e-02	   2.5243569e-02	   4.7921401e-02	   4.0481513e-02	   3.8260103e-02	   4.2346140e-02	   3.3653823e-02	   4.7865007e-02	   3.0618624e-02	   3.3487245e-02	   3.7469142e-02	   3.2394887e-02	
   0.0000000e+00	   0.0000000e+00	   0.0000000e+00	   0.0000000e+00	   0.0000000e+00	   0.0000000e+00	   0.0000000e+00	   0.0000000e+00	             NaN	             NaN	             NaN	             NaN	             NaN	             NaN	   4.5616548e-02	   4.9929713e-02	   3.9548433e-02	   6.3036165e-02	   5.1625156e-02	   5.5410679e-02	   5.4408852e-02	   2.5008670e-02	   3.6009795e-02	   3.5832678e-02	   4.1677629e-02	   4.2306965e-02	   3.1901618e-02	   3.0797773e-02	   3.7381238e-02	   3.8770418e-02	   3.9231864e-02	   3.8456174e-02	   3.1106090e-02	
   0.0000000e+00	   0.0000000e+00	   0.0000000e+00	   0.0000000e+00	   0.0000000e+00	   0.0000000e+00	   0.0000000e+00	   0.0000000e+00	   0.0000000e+00	             NaN	             NaN	             NaN	             NaN	             NaN	   2.4662501e-02	   3.4141371e-02	   2.6505484e-02	   4.1330122e-02	   4.6843674e-02	   4.9810877e-02	   3.2251783e-02	   4.2081891e-02	   4.2448522e-02	   2.1738923e-02	   2.7097350e-02	   4.5753271e-02	   3.9404316e-02	   3.8101145e-02	   4.3881089e-02	   4.8881933e-02	   3.9789419e-02	   3.6821478e-02	   3.7392551e-02	
   0.0000000e+00	   0.0000000e+00	   0.0000000e+00	   0.0000000e+00	   0.0000000e+00	   0.0000000e+00	   0.0000000e+00	   0.0000000e+00	   0.0000000e+00	             NaN	             NaN	             NaN	             NaN	             NaN	   3.2475081e-02	   2.6947545e-02	   3.3032892e-02	   5.1542279e-02	   4.5498859e-02	   2.1522501e-02	   3.3631085e-02	   4.6696691e-02	   4.1802484e-02	   3.5438772e-02	   3.0434543e-02	   2.6817834e-02	   3.8729464e-02	   4.0760828e-02	   3.9670594e-02	   3.3771036e-02	   3.4016066e-02	   2.8231258e-02	   2.7341246e-02	
   0.0000000e+00	   0.0000000e+00	   0.0000000e+00	   0.0000000e+00	   0.0000000e+00	   0.0000000e+00	   0.0000000e+00	   0.0000000e+00	   0.0000000e+00	             NaN	             NaN	             NaN	             NaN	             NaN	   1.7602887e-02	   8.8273486e-03	   5.3400131e-02	   3.4878310e-02	   3.7480051e-02	   4.1389569e-02	   4.6198870e-02	   3.9672825e-02	   2.1397904e-02	   2.9557527e-02	   3.1645105e-02	   2.3542911e-02	   2.5994823e-02	   3.5087210e-02	   1.2827562e-02	   2.9184604e-02	   3.1242523e-02	   3.6257795e-02	   2.7401456e-02	
   0.0000000e+00	   0.0000000e+00	   0.0000000e+00	   0.0000000e+00	   0.0000000e+00	   0.0000000e+00	   0.0000000e+00	   0.0000000e+00	   0.0000000e+00	             NaN	             NaN	             NaN	             NaN	             NaN	             NaN	   3.3710384e-02	   3.4324340e-02	   3.4767807e-02	   3.8844572e-02	   3.8405870e-02	   2.8853516e-02	   4.1138842e-02	   3.3710804e-02	   3.7383711e-02	   3.5412696e-02	   1.4739836e-02	   4.1466833e-02	   3.7554106e-02	   3.4552986e-02	   2.6917140e-02	   1.6966280e-02	   3.0949316e-02	   2.8869231e-02	
   0.0000000e+00	   0.0000000e+00	   0.0000000e+00	   0.0000000e+00	   0.0000000e+00	   0.0000000e+00	   0.0000000e+00	   0.0000000e+00	   0.0000000e+00	             NaN	             NaN	             NaN	             NaN	             NaN	             NaN	   2.4153056e-02	   3.3377968e-02	   5.0886898e-02	   4.9221841e-02	   3.7632210e-02	   4.9604796e-02	   3.4844987e-02	   3.7691747e-02	   2.7436164e-02	   3.6183548e-02	   3.7374288e-02	   2.4811496e-02	   2.5057556e-02	   3.9584323e-02	   2.7933038e-02	   2.6380068e-02	   2.6395235e-02	   3.8193793e-02	
   0.0000000e+00	   0.0000000e+00	   0.0000000e+00	   0.0000000e+00	   0.0000000e+00	   0.0000000e+00	   0.0000000e+00	   0.0000000e+00	   0.0000000e+00	   0.0000000e+00	             NaN	             NaN	             NaN	             NaN	             NaN	   3.6881470e-02	   3.2212041e-02	   3.7467860e-02	   3.6484403e-02	   4.0365258e-02	   4.0093492e-02	   1.5434578e-02	   2.8126569e-02	   2.7539300e-02	   2.9365448e-02	   4.5345002e-02	   3.3691773e-02	   3.9406890e-02	   2.2909560e-02	   2.0666279e-02	   1.1141006e-02	   2.6389073e-02	   2.8810304e-02	
