   1.8826142e+00	  -5.0893604e+00	  -5.9834606e-01	             NaN	             NaN	             NaN	             NaN	             NaN	             NaN	             NaN	             NaN	             NaN	             NaN	             NaN	   0.0000000e+00	   0.0000000e+00	   0.0000000e+00	   0.0000000e+00	   0.0000000e+00	   0.0000000e+00	   0.0000000e+00	   0.0000000e+00	   0.0000000e+00	   0.0000000e+00	   0.0000000e+00	   0.0000000e+00	   0.0000000e+00	   0.0000000e+00	   0.0000000e+00	   0.0000000e+00	   0.0000000e+00	   0.0000000e+00	   0.0000000e+00	
  -5.2336151e-01	   2.6276007e+00	   1.5879102e-01	             NaN	             NaN	             NaN	             NaN	             NaN	             NaN	             NaN	             NaN	             NaN	             NaN	             NaN	   0.0000000e+00	   0.0000000e+00	   0.0000000e+00	   0.0000000e+00	   0.0000000e+00	   0.0000000e+00	   0.0000000e+00	   0.0000000e+00	   0.0000000e+00	   0.0000000e+00	   0.0000000e+00	   0.0000000e+00	   0.0000000e+00	   0.0000000e+00	   0.0000000e+00	   0.0000000e+00	   0.0000000e+00	   0.0000000e+00	   0.0000000e+00	
   3.6465347e+00	   5.8439550e-01	   9.4520593e-02	             NaN	             NaN	             NaN	             NaN	             NaN	             NaN	             NaN	             NaN	             NaN	             NaN	             NaN	   0.0000000e+00	   0.0000000e+00	   0.0000000e+00	   0.0000000e+00	   0.0000000e+00	   0.0000000e+00	   0.0000000e+00	   0.0000000e+00	   0.0000000e+00	   0.0000000e+00	   0.0000000e+00	   0.0000000e+00	   0.0000000e+00	   0.0000000e+00	   0.0000000e+00	   0.0000000e+00	   0.0000000e+00	   0.0000000e+00	   0.0000000e+00	
   6.3784072e+00	   1.1970581e+00	   2.4469175e+00	   6.8792091e+00	             NaN	             NaN	             NaN	             NaN	             NaN	             NaN	             NaN	             NaN	             NaN	             NaN	             NaN	   0.0000000e+00	   0.0000000e+00	   0.0000000e+00	   0.0000000e+00	   0.0000000e+00	   0.0000000e+00	   0.0000000e+00	   0.0000000e+00	   0.0000000e+00	   0.0000000e+00	   0.0000000e+00	   0.0000000e+00	   0.0000000e+00	   0.0000000e+00	   0.0000000e+00	   0.0000000e+00	   0.0000000e+00	   0.0000000e+00	
   5.4749900e+00	   3.7209687e+00	   6.1466133e+00	   6.9851841e+00	             NaN	             NaN	             NaN	             NaN	             NaN	             NaN	             NaN	             NaN	             NaN	             NaN	             NaN	   0.0000000e+00	   0.0000000e+00	   0.0000000e+00	   0.0000000e+00	   0.0000000e+00	   0.0000000e+00	   0.0000000e+00	   0.0000000e+00	   0.0000000e+00	   0.0000000e+00	   0.0000000e+00	   0.0000000e+00	   0.0000000e+00	   0.0000000e+00	   0.0000000e+00	   0.0000000e+00	   0.0000000e+00	   0.0000000e+00	
   6.2129638e+00	   5.2995704e+00	   5.1666718e+00	   7.7952962e+00	   1.1615057e+01	             NaN	             NaN	             NaN	             NaN	             NaN	             NaN	             NaN	             NaN	             NaN	             NaN	             NaN	   0.0000000e+00	   0.0000000e+00	   0.0000000e+00	   0.0000000e+00	   0.0000000e+00	   0.0000000e+00	   0.0000000e+00	   0.0000000e+00	   0.0000000e+00	   0.0000000e+00	   0.0000000e+00	   0.0000000e+00	   0.0000000e+00	   0.0000000e+00	   0.0000000e+00	   0.0000000e+00	   0.0000000e+00	
   6.8812658e+00	   5.0358854e+00	   5.7770448e+00	   7.2137154e+00	   1.1062385e+01	             NaN	             NaN	             NaN	             NaN	             NaN	             NaN	             NaN	             NaN	             NaN	             NaN	             NaN	   0.0000000e+00	   0.0000000e+00	   0.0000000e+00	   0.0000000e+00	   0.0000000e+00	   0.0000000e+00	   0.0000000e+00	   0.0000000e+00	   0.0000000e+00	   0.0000000e+00	   0.0000000e+00	   0.0000000e+00	   0.0000000e+00	   0.0000000e+00	   0.0000000e+00	   0.0000000e+00	   0.0000000e+00	
   6.7451478e+00	   6.3027911e+00	   6.3568317e+00	   8.0754878e+00	   1.1269147e+01	             NaN	             NaN	             NaN	             NaN	             NaN	             NaN	             NaN	             NaN	             NaN	             NaN	             NaN	   0.0000000e+00	   0.0000000e+00	   0.0000000e+00	   0.0000000e+00	   0.0000000e+00	   0.0000000e+00	   0.0000000e+00	   0.0000000e+00	   0.0000000e+00	   0.0000000e+00	   0.0000000e+00	   0.0000000e+00	   0.0000000e+00	   0.0000000e+00	   0.0000000e+00	   0.0000000e+00	   0.0000000e+00	
   7.9574900e+00	   7.0440652e+00	   5.6217719e+00	   8.3421476e+00	   1.1427801e+01	   1.4431113e+01	             NaN	             NaN	             NaN	             NaN	             NaN	             NaN	             NaN	             NaN	             NaN	             NaN	             NaN	   0.0000000e+00	   0.0000000e+00	   0.0000000e+00	   0.0000000e+00	   0.0000000e+00	   0.0000000e+00	   0.0000000e+00	   0.0000000e+00	   0.0000000e+00	   0.0000000e+00	   0.0000000e+00	   0.0000000e+00	   0.0000000e+00	   0.0000000e+00	   0.0000000e+00	   0.0000000e+00	
   8.8093665e+00	   7.3867881e+00	   7.0177665e+00	   8.0582134e+00	   1.1058751e+01	   1.3529145e+01	             NaN	             NaN	             NaN	             NaN	             NaN	             NaN	             NaN	             NaN	             NaN	             NaN	             NaN	   0.0000000e+00	   0.0000000e+00	   0.0000000e+00	   0.0000000e+00	   0.0000000e+00	   0.0000000e+00	   0.0000000e+00	   0.0000000e+00	   0.0000000e+00	   0.0000000e+00	   0.0000000e+00	   0.0000000e+00	   0.0000000e+00	   0.0000000e+00	   0.0000000e+00	   0.0000000e+00	
   6.6090643e+00	   6.7344459e+00	   6.9915546e+00	   8.5855565e+00	   1.1252582e+01	   1.3362832e+01	   1.4561691e+01	             NaN	             NaN	             NaN	             NaN	             NaN	             NaN	             NaN	             NaN	             NaN	             NaN	             NaN	   0.0000000e+00	   0.0000000e+00	   0.0000000e+00	   0.0000000e+00	   0.0000000e+00	   0.0000000e+00	   0.0000000e+00	   0.0000000e+00	   0.0000000e+00	   0.0000000e+00	   0.0000000e+00	   0.0000000e+00	   0.0000000e+00	   0.0000000e+00	   0.0000000e+00	
   8.0467621e+00	   7.5422645e+00	   7.7204908e+00	   9.1585689e+00	   1.1270398e+01	   1.3278985e+01	   1.4455286e+01	             NaN	             NaN	             NaN	             NaN	             NaN	             NaN	             NaN	             NaN	             NaN	             NaN	             NaN	   0.0000000e+00	   0.0000000e+00	   0.0000000e+00	   0.0000000e+00	   0.0000000e+00	   0.0000000e+00	   0.0000000e+00	   0.0000000e+00	   0.0000000e+00	   0.0000000e+00	   0.0000000e+00	   0.0000000e+00	   0.0000000e+00	   0.0000000e+00	   0.0000000e+00	
   8.4798539e+00	   7.4617569e+00	   7.5528712e+00	   9.4718760e+00	   1.0965381e+01	   1.2860925e+01	   1.3940165e+01	             NaN	             NaN	             NaN	             NaN	             NaN	             NaN	             NaN	             NaN	             NaN	             NaN	             NaN	   0.0000000e+00	   0.0000000e+00	   0.0000000e+00	   0.0000000e+00	   0.0000000e+00	   0.0000000e+00	   0.0000000e+00	   0.0000000e+00	   0.0000000e+00	   0.0000000e+00	   0.0000000e+00	   0.0000000e+00	   0.0000000e+00	   0.0000000e+00	   0.0000000e+00	
   1.1137797e+01	   7.6620269e+00	   7.5579194e+00	   9.6326800e+00	   1.1104285e+01	   1.2394528e+01	   1.2814142e+01	   1.1060470e+01	             NaN	             NaN	             NaN	             NaN	             NaN	             NaN	             NaN	             NaN	             NaN	             NaN	             NaN	   0.0000000e+00	   0.0000000e+00	   0.0000000e+00	   0.0000000e+00	   0.0000000e+00	   0.0000000e+00	   0.0000000e+00	   0.0000000e+00	   0.0000000e+00	   0.0000000e+00	   0.0000000e+00	   0.0000000e+00	   0.0000000e+00	   0.0000000e+00	
   7.7510060e+00	   7.4759081e+00	   7.9213244e+00	   9.3072984e+00	   1.0844366e+01	   1.1667976e+01	   1.2499469e+01	   1.0602936e+01	             NaN	             NaN	             NaN	             NaN	             NaN	             NaN	             NaN	             NaN	             NaN	             NaN	             NaN	   0.0000000e+00	   0.0000000e+00	   0.0000000e+00	   0.0000000e+00	   0.0000000e+00	   0.0000000e+00	   0.0000000e+00	   0.0000000e+00	   0.0000000e+00	   0.0000000e+00	   0.0000000e+00	   0.0000000e+00	   0.0000000e+00	   0.0000000e+00	
   7.6196638e+00	   7.1399147e+00	   8.1317414e+00	   9.1917261e+00	   1.0345881e+01	   1.1208169e+01	   1.1310073e+01	   9.9922767e+00	   7.1606718e+00	             NaN	             NaN	             NaN	             NaN	             NaN	             NaN	             NaN	             NaN	             NaN	             NaN	             NaN	   0.0000000e+00	   0.0000000e+00	   0.0000000e+00	   0.0000000e+00	   0.0000000e+00	   0.0000000e+00	   0.0000000e+00	   0.0000000e+00	   0.0000000e+00	   0.0000000e+00	   0.0000000e+00	   0.0000000e+00	   0.0000000e+00	
   8.5155850e+00	   7.1348535e+00	   7.9143207e+00	   8.8662127e+00	   9.9891730e+00	   1.1109243e+01	   1.0846356e+01	   9.4679384e+00	   6.4963162e+00	             NaN	             NaN	             NaN	             NaN	             NaN	             NaN	             NaN	             NaN	             NaN	             NaN	             NaN	   0.0000000e+00	   0.0000000e+00	   0.0000000e+00	   0.0000000e+00	   0.0000000e+00	   0.0000000e+00	   0.0000000e+00	   0.0000000e+00	   0.0000000e+00	   0.0000000e+00	   0.0000000e+00	   0.0000000e+00	   0.0000000e+00	
   8.2376303e+00	   7.8690533e+00	   8.4628154e+00	   9.1546451e+00	   9.7910618e+00	   1.0434558e+01	   1.0369551e+01	   8.5753707e+00	   6.3787285e+00	             NaN	             NaN	             NaN	             NaN	             NaN	             NaN	             NaN	             NaN	             NaN	             NaN	             NaN	   0.0000000e+00	   0.0000000e+00	   0.0000000e+00	   0.0000000e+00	   0.0000000e+00	   0.0000000e+00	   0.0000000e+00	   0.0000000e+00	   0.0000000e+00	   0.0000000e+00	   0.0000000e+00	   0.0000000e+00	   0.0000000e+00	
   7.1491382e+00	   6.9360823e+00	   7.6304410e+00	   9.0390131e+00	   9.5121252e+00	   9.9512398e+00	   9.7603765e+00	   8.3872619e+00	   5.8589431e+00	   3.2953354e+00	             NaN	             NaN	             NaN	             NaN	             NaN	             NaN	             NaN	             NaN	             NaN	             NaN	             NaN	   0.0000000e+00	   0.0000000e+00	   0.0000000e+00	   0.0000000e+00	   0.0000000e+00	   0.0000000e+00	   0.0000000e+00	   0.0000000e+00	   0.0000000e+00	   0.0000000e+00	   0.0000000e+00	   0.0000000e+00	
   8.4701024e+00	   6.7379964e+00	   7.3179693e+00	   8.1608272e+00	   9.2126539e+00	   9.3748961e+00	   8.8927932e+00	   7.4658738e+00	   5.4336333e+00	   3.0479200e+00	             NaN	             NaN	             NaN	             NaN	             NaN	             NaN	             NaN	             NaN	             NaN	             NaN	             NaN	   0.0000000e+00	   0.0000000e+00	   0.0000000e+00	   0.0000000e+00	   0.0000000e+00	   0.0000000e+00	   0.0000000e+00	   0.0000000e+00	   0.0000000e+00	   0.0000000e+00	   0.0000000e+00	   0.0000000e+00	
   7.2118765e+00	   6.1750813e+00	   6.9369487e+00	   8.0780882e+00	   8.7409371e+00	   8.8283236e+00	   8.4576181e+00	   7.0001497e+00	   4.8056310e+00	   2.8270470e+00	   2.0664072e+00	             NaN	             NaN	             NaN	             NaN	             NaN	             NaN	             NaN	             NaN	             NaN	             NaN	             NaN	   0.0000000e+00	   0.0000000e+00	   0.0000000e+00	   0.0000000e+00	   0.0000000e+00	   0.0000000e+00	   0.0000000e+00	   0.0000000e+00	   0.0000000e+00	   0.0000000e+00	   0.0000000e+00	
   6.3479081e+00	   6.2488474e+00	   6.8745531e+00	   7.6717735e+00	   8.2463824e+00	   8.5804065e+00	   8.0025467e+00	   6.4294696e+00	   4.5533142e+00	   2.6880761e+00	   1.7566446e+00	             NaN	             NaN	             NaN	             NaN	             NaN	             NaN	             NaN	             NaN	             NaN	             NaN	             NaN	   0.0000000e+00	   0.0000000e+00	   0.0000000e+00	   0.0000000e+00	   0.0000000e+00	   0.0000000e+00	   0.0000000e+00	   0.0000000e+00	   0.0000000e+00	   0.0000000e+00	   0.0000000e+00	
   6.6842142e+00	   6.4629630e+00	   6.5221474e+00	   7.3113771e+00	   7.6354574e+00	   7.6928149e+00	   7.3092751e+00	   6.1010803e+00	   4.0890750e+00	   2.5278636e+00	   1.5606365e+00	             NaN	             NaN	             NaN	             NaN	             NaN	             NaN	             NaN	             NaN	             NaN	             NaN	             NaN	   0.0000000e+00	   0.0000000e+00	   0.0000000e+00	   0.0000000e+00	   0.0000000e+00	   0.0000000e+00	   0.0000000e+00	   0.0000000e+00	   0.0000000e+00	   0.0000000e+00	   0.0000000e+00	
   5.3551429e+00	   6.4486644e+00	   6.6874471e+00	   6.7467539e+00	   7.6184264e+00	   7.2974995e+00	   6.8690439e+00	   5.6087170e+00	   4.0230970e+00	   2.4514350e+00	   1.4652046e+00	   1.3611803e+00	             NaN	             NaN	             NaN	             NaN	             NaN	             NaN	             NaN	             NaN	             NaN	             NaN	             NaN	   0.0000000e+00	   0.0000000e+00	   0.0000000e+00	   0.0000000e+00	   0.0000000e+00	   0.0000000e+00	   0.0000000e+00	   0.0000000e+00	   0.0000000e+00	   0.0000000e+00	
   5.5982144e+00	   5.6973186e+00	   5.9353241e+00	   6.3089310e+00	   6.8312203e+00	   6.8660140e+00	   6.2296530e+00	   5.0723800e+00	   3.6110133e+00	   2.3165741e+00	   1.4199976e+00	   1.1335855e+00	             NaN	             NaN	             NaN	             NaN	             NaN	             NaN	             NaN	             NaN	             NaN	             NaN	             NaN	   0.0000000e+00	   0.0000000e+00	   0.0000000e+00	   0.0000000e+00	   0.0000000e+00	   0.0000000e+00	   0.0000000e+00	   0.0000000e+00	   0.0000000e+00	   0.0000000e+00	
   5.7362279e+00	   5.6324742e+00	   5.8233276e+00	   6.2524481e+00	   6.5277517e+00	   6.0441298e+00	   5.8336498e+00	   4.7461174e+00	   3.4713337e+00	   2.0854992e+00	   1.3438034e+00	   1.0661330e+00	   1.3832881e+00	             NaN	             NaN	             NaN	             NaN	             NaN	             NaN	             NaN	             NaN	             NaN	             NaN	             NaN	   0.0000000e+00	   0.0000000e+00	   0.0000000e+00	   0.0000000e+00	   0.0000000e+00	   0.0000000e+00	   0.0000000e+00	   0.0000000e+00	   0.0000000e+00	
   5.1785265e+00	   4.7187417e+00	   5.1811626e+00	   5.5653873e+00	   6.0324732e+00	   5.9103941e+00	   5.3584788e+00	   4.4165174e+00	   3.1924878e+00	   2.0376174e+00	   1.1934982e+00	   9.8408767e-01	   8.9450562e-01	             NaN	             NaN	             NaN	             NaN	             NaN	             NaN	             NaN	             NaN	             NaN	             NaN	             NaN	   0.0000000e+00	   0.0000000e+00	   0.0000000e+00	   0.0000000e+00	   0.0000000e+00	   0.0000000e+00	   0.0000000e+00	   0.0000000e+00	   0.0000000e+00	
   4.5271614e+00	   4.2389936e+00	   4.9743670e+00	   5.3372668e+00	   5.8622916e+00	   5.3589302e+00	   4.8646395e+00	   4.0392845e+00	   2.9454078e+00	   1.8980503e+00	   1.2310256e+00	   8.7088525e-01	   7.4701289e-01	             NaN	             NaN	             NaN	             NaN	             NaN	             NaN	             NaN	             NaN	             NaN	             NaN	             NaN	   0.0000000e+00	   0.0000000e+00	   0.0000000e+00	   0.0000000e+00	   0.0000000e+00	   0.0000000e+00	   0.0000000e+00	   0.0000000e+00	   0.0000000e+00	
   3.9006447e+00	   3.7067915e+00	   4.2690225e+00	   5.0591126e+00	   5.2226871e+00	   4.9289802e+00	   4.4631142e+00	   3.5232005e+00	   2.6454933e+00	   1.7342574e+00	   1.1882915e+00	   9.4182437e-01	   6.6358405e-01	   7.3216359e-01	             NaN	             NaN	             NaN	             NaN	             NaN	             NaN	             NaN	             NaN	             NaN	             NaN	             NaN	   0.0000000e+00	   0.0000000e+00	   0.0000000e+00	   0.0000000e+00	   0.0000000e+00	   0.0000000e+00	   0.0000000e+00	   0.0000000e+00	
   2.6638092e+00	   3.4670007e+00	   3.9058289e+00	   4.3806628e+00	   4.6996036e+00	   4.4974093e+00	   4.1792920e+00	   3.3654647e+00	   2.4571319e+00	   1.6079429e+00	   1.1008876e+00	   8.7012595e-01	   5.7710308e-01	   5.1584251e-01	             NaN	             NaN	             NaN	             NaN	             NaN	             NaN	             NaN	             NaN	             NaN	             NaN	             NaN	   0.0000000e+00	   0.0000000e+00	   0.0000000e+00	   0.0000000e+00	   0.0000000e+00	   0.0000000e+00	   0.0000000e+00	   0.0000000e+00	
   2.6094213e+00	   3.5448833e+00	   3.4324713e+00	   3.9755132e+00	   4.4157111e+00	   4.2556813e+00	   3.5652905e+00	   2.9830107e+00	   2.3282304e+00	   1.4692316e+00	   1.0262595e+00	   7.6967435e-01	   5.7264676e-01	   5.8961823e-01	   5.6920591e-01	             NaN	             NaN	             NaN	             NaN	             NaN	             NaN	             NaN	             NaN	             NaN	             NaN	             NaN	   0.0000000e+00	   0.0000000e+00	   0.0000000e+00	   0.0000000e+00	   0.0000000e+00	   0.0000000e+00	   0.0000000e+00	
   2.5234597e+00	   2.4149998e+00	   3.5546170e+00	   3.8492417e+00	   3.9347437e+00	   3.7871856e+00	   3.3858472e+00	   2.8270595e+00	   2.0174019e+00	   1.3845100e+00	   1.0100604e+00	   7.6175966e-01	   6.3674574e-01	   4.2178994e-01	   6.8539290e-01	             NaN	             NaN	             NaN	             NaN	             NaN	             NaN	             NaN	             NaN	             NaN	             NaN	             NaN	   0.0000000e+00	   0.0000000e+00	   0.0000000e+00	   0.0000000e+00	   0.0000000e+00	   0.0000000e+00	   0.0000000e+00	
   1.3610312e+00	   2.0893260e+00	   3.0466698e+00	   3.3725077e+00	   3.5473704e+00	   3.6026681e+00	   3.3603841e+00	   2.5171482e+00	   1.9908001e+00	   1.3672461e+00	   9.2046403e-01	   7.1331254e-01	   5.5649616e-01	   4.2112583e-01	   5.6579271e-01	             NaN	             NaN	             NaN	             NaN	             NaN	             NaN	             NaN	             NaN	             NaN	             NaN	             NaN	   0.0000000e+00	   0.0000000e+00	   0.0000000e+00	   0.0000000e+00	   0.0000000e+00	   0.0000000e+00	   0.0000000e+00	
   1.2425363e+00	   1.7002991e+00	   2.5196398e+00	   2.9418081e+00	   3.1814729e+00	   3.0440484e+00	   2.9408099e+00	   2.3939873e+00	   1.7712007e+00	   1.2936126e+00	   9.4498135e-01	   7.2074926e-01	   5.5135830e-01	   4.1156039e-01	   3.7979311e-01	   4.8651573e-01	             NaN	             NaN	             NaN	             NaN	             NaN	             NaN	             NaN	             NaN	             NaN	             NaN	             NaN	   0.0000000e+00	   0.0000000e+00	   0.0000000e+00	   0.0000000e+00	   0.0000000e+00	   0.0000000e+00	
   4.7699057e-01	   1.8528427e+00	   1.8209963e+00	   2.8074589e+00	   2.7956729e+00	   3.0441913e+00	   2.5878675e+00	   2.2124457e+00	   1.5134742e+00	   1.1437487e+00	   8.4225335e-01	   6.3329885e-01	   5.1995143e-01	   4.1604864e-01	   3.0592778e-01	   4.3003795e-01	             NaN	             NaN	             NaN	             NaN	             NaN	             NaN	             NaN	             NaN	             NaN	             NaN	             NaN	   0.0000000e+00	   0.0000000e+00	   0.0000000e+00	   0.0000000e+00	   0.0000000e+00	   0.0000000e+00	
   7.4962053e-01	   6.4911555e-01	   1.4120152e+00	   2.1992042e+00	   2.7960460e+00	   2.6262905e+00	   2.3687059e+00	   1.9911055e+00	   1.3440509e+00	   1.1192137e+00	   8.1427251e-01	   6.5122253e-01	   5.3411092e-01	   3.8130909e-01	   3.4323237e-01	   4.0376471e-01	   1.8255435e-01	             NaN	             NaN	             NaN	             NaN	             NaN	             NaN	             NaN	             NaN	             NaN	             NaN	             NaN	   0.0000000e+00	   0.0000000e+00	   0.0000000e+00	   0.0000000e+00	   0.0000000e+00	
  -3.0458761e-01	   2.2071473e-01	   1.2497488e+00	   2.0150725e+00	   2.5359930e+00	   2.3229350e+00	   2.2054028e+00	   1.8842598e+00	   1.3816402e+00	   1.1084433e+00	   7.7007684e-01	   6.4533554e-01	   4.9537233e-01	   3.9062589e-01	   3.0499439e-01	   3.0349208e-01	   2.3745482e-01	             NaN	             NaN	             NaN	             NaN	             NaN	             NaN	             NaN	             NaN	             NaN	             NaN	             NaN	   0.0000000e+00	   0.0000000e+00	   0.0000000e+00	   0.0000000e+00	   0.0000000e+00	
  -5.1917043e-01	  -4.9360212e-02	   1.4250814e+00	   1.7953012e+00	   2.1718045e+00	   2.1198917e+00	   2.0539353e+00	   1.6266061e+00	   1.2512133e+00	   9.4930210e-01	   7.2501931e-01	   5.7868255e-01	   5.1844298e-01	   4.0754168e-01	   2.8432435e-01	   2.5289591e-01	   3.6579715e-01	             NaN	             NaN	             NaN	             NaN	             NaN	             NaN	             NaN	             NaN	             NaN	             NaN	             NaN	   0.0000000e+00	   0.0000000e+00	   0.0000000e+00	   0.0000000e+00	   0.0000000e+00	
  -9.6393311e-01	  -9.3047528e-01	   5.3892899e-04	   1.4620126e+00	   1.9982313e+00	   1.9099740e+00	   1.8700085e+00	   1.5179361e+00	   1.1067204e+00	   8.8669727e-01	   7.1179456e-01	   6.0645401e-01	   4.9613529e-01	   3.9712816e-01	   2.9840167e-01	   2.4880206e-01	   2.8096027e-01	   1.3272116e-01	             NaN	             NaN	             NaN	             NaN	             NaN	             NaN	             NaN	             NaN	             NaN	             NaN	             NaN	   0.0000000e+00	   0.0000000e+00	   0.0000000e+00	   0.0000000e+00	
  -1.6443344e+00	  -7.3403169e-01	   9.8283611e-02	   1.0235820e+00	   1.7256115e+00	   1.8140818e+00	   1.7818737e+00	   1.4154961e+00	   1.1212552e+00	   8.2662806e-01	   6.7453689e-01	   5.6395355e-01	   4.5866625e-01	   4.1439436e-01	   3.1442980e-01	   2.5486110e-01	   2.9887197e-01	   2.9547872e-01	             NaN	             NaN	             NaN	             NaN	             NaN	             NaN	             NaN	             NaN	             NaN	             NaN	             NaN	   0.0000000e+00	   0.0000000e+00	   0.0000000e+00	   0.0000000e+00	
  -1.7887672e-01	  -2.1362514e+00	  -4.5318050e-01	   8.8594978e-01	   1.3697003e+00	   1.6108101e+00	   1.5278614e+00	   1.2428640e+00	   9.6083042e-01	   8.0649739e-01	   6.5832340e-01	   5.8248751e-01	   4.7535544e-01	   4.1775412e-01	   3.0687025e-01	   2.4430781e-01	   2.0222641e-01	   3.3935034e-01	  -2.2021544e-01	             NaN	             NaN	             NaN	             NaN	             NaN	             NaN	             NaN	             NaN	             NaN	             NaN	             NaN	   0.0000000e+00	   0.0000000e+00	   0.0000000e+00	
  -3.0903198e+00	  -2.1687684e+00	  -8.2902824e-01	   5.2526923e-01	   1.4533886e+00	   1.4820761e+00	   1.3984306e+00	   1.1667694e+00	   1.0147277e+00	   7.6506161e-01	   6.3444853e-01	   5.5189166e-01	   4.7968685e-01	   3.7157561e-01	   3.0950953e-01	   2.2942019e-01	   2.0259541e-01	   3.6548910e-01	   3.1872821e-02	             NaN	             NaN	             NaN	             NaN	             NaN	             NaN	             NaN	             NaN	             NaN	             NaN	             NaN	   0.0000000e+00	   0.0000000e+00	   0.0000000e+00	
  -1.4616088e+00	  -2.0740786e+00	  -1.0607900e+00	   4.6385535e-01	   1.1143636e+00	   1.2254939e+00	   1.2658810e+00	   1.1259151e+00	   9.1392539e-01	   7.3554032e-01	   6.5829786e-01	   5.8743591e-01	   4.9641750e-01	   4.1115491e-01	   3.3612820e-01	   2.5080094e-01	   2.1270813e-01	   2.3693644e-01	   2.4607614e-01	             NaN	             NaN	             NaN	             NaN	             NaN	             NaN	             NaN	             NaN	             NaN	             NaN	             NaN	   0.0000000e+00	   0.0000000e+00	   0.0000000e+00	
  -2.2807290e+00	  -1.7548887e+00	  -1.3192051e+00	   5.5563856e-02	   1.0639160e+00	   1.3253555e+00	   1.2143305e+00	   1.0608983e+00	   8.4191502e-01	   7.6138785e-01	   6.2953464e-01	   5.3775936e-01	   4.7251508e-01	   4.2813112e-01	   3.4295772e-01	   2.4803502e-01	   2.3745207e-01	   2.2822922e-01	   3.5516982e-01	  -3.0738299e-02	             NaN	             NaN	             NaN	             NaN	             NaN	             NaN	             NaN	             NaN	             NaN	             NaN	             NaN	   0.0000000e+00	   0.0000000e+00	
  -3.7414800e+00	  -3.7474442e+00	  -1.3812401e+00	  -4.1795640e-02	   8.7799694e-01	   1.0434550e+00	   1.0778590e+00	   9.2995325e-01	   7.9390743e-01	   6.7210573e-01	   6.3448350e-01	   6.1533548e-01	   5.1521363e-01	   4.3516115e-01	   3.3142125e-01	   3.0627148e-01	   2.1890790e-01	   2.0678452e-01	   3.2663109e-01	  -5.2769776e-02	             NaN	             NaN	             NaN	             NaN	             NaN	             NaN	             NaN	             NaN	             NaN	             NaN	             NaN	   0.0000000e+00	   0.0000000e+00	
  -3.9259899e+00	  -4.2034222e+00	  -1.7734678e+00	  -3.0148008e-01	   9.4090934e-01	   9.7967303e-01	   9.8291258e-01	   9.1416055e-01	   8.3986224e-01	   7.0431366e-01	   6.4668941e-01	   5.3846353e-01	   5.0955582e-01	   4.3738187e-01	   3.5870853e-01	   2.7545733e-01	   2.3673544e-01	   2.1474444e-01	   3.0389706e-01	   2.3069100e-01	  -2.3376740e-01	             NaN	             NaN	             NaN	             NaN	             NaN	             NaN	             NaN	             NaN	             NaN	             NaN	             NaN	   0.0000000e+00	
  -3.6913708e+00	  -3.9436211e+00	  -2.4174481e+00	  -5.4549096e-01	   6.4014599e-01	   9.1207557e-01	   9.3626431e-01	   8.3277424e-01	   7.8901995e-01	   7.4603112e-01	   5.8834905e-01	   5.9227786e-01	   5.3332402e-01	   4.1794143e-01	   3.8214150e-01	   3.0640959e-01	   2.3713535e-01	   2.2520727e-01	   2.3772692e-01	   3.5914955e-01	  -2.5727376e-01	             NaN	             NaN	             NaN	             NaN	             NaN	             NaN	             NaN	             NaN	             NaN	             NaN	             NaN	   0.0000000e+00	
  -4.7810122e+00	  -3.4723300e+00	  -2.7717972e+00	  -8.7610819e-01	   4.2772588e-01	   8.9953862e-01	   8.9377239e-01	   7.9355085e-01	   7.3312077e-01	   7.2980770e-01	   6.0029401e-01	   5.6557234e-01	   5.4000351e-01	   4.5515345e-01	   3.9830874e-01	   3.1674238e-01	   2.7100123e-01	   2.2091426e-01	   2.2859219e-01	   4.5372058e-01	  -7.7298407e-02	             NaN	             NaN	             NaN	             NaN	             NaN	             NaN	             NaN	             NaN	             NaN	             NaN	             NaN	   0.0000000e+00	
  -5.2609296e+00	  -3.9381237e+00	  -2.4871184e+00	  -4.2345687e-01	   3.5240912e-01	   7.8768439e-01	   8.9639634e-01	   7.7995768e-01	   7.2023108e-01	   6.4150547e-01	   5.9807275e-01	   5.6109724e-01	   5.1833541e-01	   4.6245284e-01	   4.4061780e-01	   3.5702571e-01	   2.6243937e-01	   2.3096143e-01	   1.9800978e-01	   3.1151723e-01	   1.6599566e-01	  -1.7874382e-01	             NaN	             NaN	             NaN	             NaN	             NaN	             NaN	             NaN	             NaN	             NaN	             NaN	             NaN	
  -5.5482588e+00	  -4.3802066e+00	  -2.9818214e+00	  -1.1489539e+00	   1.7482675e-01	   6.6426477e-01	   7.9555300e-01	   7.6874856e-01	   6.7402720e-01	   6.8191399e-01	   6.0887138e-01	   6.1112631e-01	   5.6070130e-01	   5.0367096e-01	   3.8921273e-01	   3.3598168e-01	   2.9659526e-01	   2.2759062e-01	   2.0881949e-01	   1.9658797e-01	   2.4768606e-01	  -1.1283170e-01	             NaN	             NaN	             NaN	             NaN	             NaN	             NaN	             NaN	             NaN	             NaN	             NaN	             NaN	
  -4.1320841e+00	  -4.3115807e+00	  -2.6943809e+00	  -1.3600991e+00	   2.6834093e-01	   5.9934278e-01	   7.1466180e-01	   7.8162091e-01	   6.9548391e-01	   7.0279415e-01	   6.0481320e-01	   6.1779974e-01	   5.6155059e-01	   4.9782320e-01	   4.1324382e-01	   3.6426498e-01	   2.7738529e-01	   2.4324558e-01	   2.1662455e-01	   1.9747887e-01	   2.4996249e-01	  -2.0048116e-02	  -1.2965864e-01	             NaN	             NaN	             NaN	             NaN	             NaN	             NaN	             NaN	             NaN	             NaN	             NaN	
  -4.4788783e+00	  -4.4454915e+00	  -2.5965288e+00	  -1.1596844e+00	   1.6325047e-01	   6.3228338e-01	   7.4608370e-01	   7.4380676e-01	   7.0410116e-01	   6.9360125e-01	   6.5381826e-01	   5.7579951e-01	   5.6811806e-01	   5.2841700e-01	   4.4579082e-01	   3.5795233e-01	   3.2398781e-01	   2.8580706e-01	   2.2456290e-01	   1.7053196e-01	   2.8988435e-01	   2.3236028e-01	  -1.0464236e-01	             NaN	             NaN	             NaN	             NaN	             NaN	             NaN	             NaN	             NaN	             NaN	             NaN	
  -3.2719385e+00	  -4.6177615e+00	  -3.0458271e+00	  -9.7958672e-01	  -1.7367806e-01	   6.5362277e-01	   6.5349765e-01	   6.8900547e-01	   7.1392752e-01	   6.8831321e-01	   6.6102066e-01	   5.7460875e-01	   6.0378065e-01	   5.3638335e-01	   4.5216616e-01	   4.0631661e-01	   3.1454488e-01	   2.8419645e-01	   2.4813087e-01	   1.6971735e-01	   2.4052654e-01	   3.2857200e-01	  -2.1467081e-01	             NaN	             NaN	             NaN	             NaN	             NaN	             NaN	             NaN	             NaN	             NaN	             NaN	
  -3.9332893e+00	  -3.3584856e+00	  -3.0394265e+00	  -1.0626712e+00	   5.4975759e-02	   4.8614664e-01	   6.2933718e-01	   6.9670087e-01	   6.7497948e-01	   6.8154427e-01	   6.2912040e-01	   6.3166135e-01	   5.9283150e-01	   5.2820734e-01	   4.8051378e-01	   3.6762124e-01	   3.5088269e-01	   3.0654879e-01	   2.4758500e-01	   2.0887515e-01	   2.3080189e-01	   3.3261506e-01	  -2.2933264e-02	  -9.8863266e-02	             NaN	             NaN	             NaN	             NaN	             NaN	             NaN	             NaN	             NaN	             NaN	
  -4.6532431e+00	  -3.9317249e+00	  -2.7422005e+00	  -9.9446402e-01	  -1.2215284e-01	   5.9693275e-01	   7.0996071e-01	   6.8565609e-01	   6.1866161e-01	   6.3172610e-01	   6.1241355e-01	   6.0887784e-01	   5.5662103e-01	   5.3516480e-01	   4.8436514e-01	   3.9996529e-01	   3.5302813e-01	   3.0636665e-01	   2.8449618e-01	   2.3070446e-01	   2.0927808e-01	   3.1441869e-01	   6.8997263e-02	  -1.4963404e-01	             NaN	             NaN	             NaN	             NaN	             NaN	             NaN	             NaN	             NaN	             NaN	
  -3.7580699e+00	  -4.4770523e+00	  -2.6662004e+00	  -1.3822409e+00	  -2.4259771e-02	   4.7286544e-01	   6.3966949e-01	   6.6253796e-01	   6.6326785e-01	   6.5424319e-01	   6.7434553e-01	   6.2365589e-01	   5.9505894e-01	   5.6885117e-01	   4.8724752e-01	   4.0497651e-01	   3.5633616e-01	   3.3485195e-01	   2.8808988e-01	   2.4726503e-01	   2.3247730e-01	   2.4335980e-01	   3.2090896e-01	  -1.3105374e-01	   4.7048998e-02	             NaN	             NaN	             NaN	             NaN	             NaN	             NaN	             NaN	             NaN	
  -4.3807021e+00	  -4.3094464e+00	  -3.1216759e+00	  -1.1906807e+00	  -9.5068175e-02	   5.4991097e-01	   6.3192867e-01	   6.0109360e-01	   6.5161825e-01	   6.6214188e-01	   6.4582605e-01	   6.2552861e-01	   5.8514874e-01	   5.4186617e-01	   4.6102937e-01	   4.2655246e-01	   3.8671680e-01	   3.3439487e-01	   2.9479365e-01	   2.5183931e-01	   2.2846820e-01	   2.0390550e-01	   2.2435304e-01	  -3.4153540e-02	   4.8054400e-02	             NaN	             NaN	             NaN	             NaN	             NaN	             NaN	             NaN	             NaN	
  -3.4068967e+00	  -4.4200062e+00	  -2.6663713e+00	  -1.1358919e+00	   1.4011721e-01	   4.6999252e-01	   6.0079377e-01	   5.8878298e-01	   6.5265145e-01	   6.4323991e-01	   6.2471515e-01	   5.7911106e-01	   6.1278174e-01	   5.8353614e-01	   4.8472771e-01	   4.9397166e-01	   3.9019227e-01	   3.6303208e-01	   3.0023640e-01	   2.6110606e-01	   2.2004662e-01	   2.0325299e-01	   2.4456551e-01	   8.8026928e-02	  -6.6639067e-02	             NaN	             NaN	             NaN	             NaN	             NaN	             NaN	             NaN	             NaN	
  -4.2559776e+00	  -3.4984281e+00	  -2.7727312e+00	  -1.0896392e+00	  -1.6107666e-01	   3.9358227e-01	   5.7743044e-01	   6.0165428e-01	   6.7243083e-01	   6.2232390e-01	   6.3094977e-01	   6.5407057e-01	   6.1291629e-01	   5.7690387e-01	   4.9610089e-01	   4.4840661e-01	   4.0457942e-01	   3.4968487e-01	   3.3859364e-01	   2.5700563e-01	   2.5434280e-01	   2.1580929e-01	   2.6736473e-01	   2.5401809e-01	  -9.0885477e-02	   2.0661565e-02	             NaN	             NaN	             NaN	             NaN	             NaN	             NaN	             NaN	
  -2.2246182e+00	  -2.7738271e+00	  -2.0891275e+00	  -1.0210418e+00	  -6.7867114e-02	   3.8067821e-01	   5.9070264e-01	   6.4702379e-01	   6.2370035e-01	   6.5035185e-01	   6.3563277e-01	   6.1599228e-01	   5.8276180e-01	   6.1128922e-01	   5.2540948e-01	   4.8678317e-01	   3.9699061e-01	   3.8387412e-01	   3.2800106e-01	   2.8938134e-01	   2.3037204e-01	   2.0810541e-01	   2.0745406e-01	   3.0793982e-01	  -9.9822001e-02	  -1.4428197e-03	             NaN	             NaN	             NaN	             NaN	             NaN	             NaN	             NaN	
  -2.5591874e+00	  -3.4422943e+00	  -1.7445077e+00	  -1.1262150e+00	   6.9910307e-02	   4.4667799e-01	   5.9360691e-01	   5.6955809e-01	   6.4838212e-01	   6.4653900e-01	   6.3473664e-01	   5.9974368e-01	   5.8708050e-01	   5.4646630e-01	   5.4453054e-01	   4.6039254e-01	   4.3601874e-01	   3.8505661e-01	   3.5970142e-01	   2.8787878e-01	   2.4725711e-01	   2.0119162e-01	   1.8016937e-01	   3.0379815e-01	   1.0193244e-01	  -8.1824700e-02	   4.0529468e-02	             NaN	             NaN	             NaN	             NaN	             NaN	             NaN	
  -1.6003448e+00	  -2.5030337e+00	  -1.4697691e+00	  -7.6150464e-01	   2.1075939e-02	   4.4031427e-01	   5.0972643e-01	   6.0367525e-01	   6.6263685e-01	   6.2481725e-01	   6.3571237e-01	   6.9157954e-01	   6.1289946e-01	   5.5522537e-01	   5.1241617e-01	   4.8424825e-01	   4.0709228e-01	   3.9376848e-01	   3.4722506e-01	   2.7759506e-01	   2.5530814e-01	   2.2234927e-01	   1.8393241e-01	   2.3062494e-01	   1.1761187e-01	  -8.7766943e-02	   6.2849450e-03	             NaN	             NaN	             NaN	             NaN	             NaN	             NaN	
  -2.4727907e+00	  -1.6052080e+00	  -2.2793191e+00	  -5.9586448e-01	   6.7813817e-02	   3.7241034e-01	   5.2125790e-01	   6.0155367e-01	   6.1040535e-01	   6.2415326e-01	   6.5554298e-01	   6.1267647e-01	   6.0987648e-01	   5.7024552e-01	   5.4174305e-01	   4.7544201e-01	   4.0187376e-01	   4.0506773e-01	   3.7358860e-01	   3.1593536e-01	   2.6452486e-01	   2.3381677e-01	   1.8347699e-01	   1.8314252e-01	   2.6957389e-01	  -4.6163525e-02	  -3.0147298e-02	             NaN	             NaN	             NaN	             NaN	             NaN	             NaN	
  -1.3800776e+00	  -1.8925025e+00	  -1.3388443e+00	  -5.7018949e-01	   4.6562095e-02	   3.5791680e-01	   5.5018406e-01	   6.1388681e-01	   5.9964752e-01	   6.0747836e-01	   5.5727775e-01	   5.7892006e-01	   5.6916747e-01	   5.3535628e-01	   5.1181290e-01	   4.7023323e-01	   4.1505827e-01	   4.1537599e-01	   3.5968087e-01	   3.2827435e-01	   2.7361536e-01	   2.2679990e-01	   1.9659388e-01	   1.5379790e-01	   2.6033103e-01	  -1.0271059e-02	  -1.0300849e-01	   5.1846358e-02	             NaN	             NaN	             NaN	             NaN	             NaN	
  -2.2660285e+00	  -2.3717490e+00	  -1.2251635e+00	  -6.5311347e-01	   3.2518277e-02	   4.1018900e-01	   5.6487792e-01	   5.3395210e-01	   6.2084234e-01	   6.0553847e-01	   6.0662262e-01	   6.3881790e-01	   5.6483813e-01	   5.6635813e-01	   5.0159118e-01	   4.4093764e-01	   4.2869551e-01	   4.1429924e-01	   3.9086954e-01	   3.1218268e-01	   2.7806672e-01	   2.2736327e-01	   1.8632038e-01	   1.8131546e-01	   1.8335806e-01	   9.8919942e-02	  -3.1485580e-02	   1.1087045e-02	             NaN	             NaN	             NaN	             NaN	             NaN	
  -2.4328876e+00	  -2.0795146e+00	  -1.1531727e+00	  -5.9371844e-01	   2.4300647e-01	   3.2222666e-01	   5.8732121e-01	   5.9153906e-01	   5.5302433e-01	   5.5723597e-01	   6.3334927e-01	   6.2212027e-01	   5.9533629e-01	   5.6112918e-01	   5.1721174e-01	   4.8308962e-01	   4.3467638e-01	   3.9806363e-01	   3.7946622e-01	   3.3812670e-01	   2.7824269e-01	   2.4819285e-01	   1.8065968e-01	   1.5978465e-01	   1.7045830e-01	   1.1712265e-01	  -9.5432389e-02	   4.7303339e-03	   5.0490559e-02	             NaN	             NaN	             NaN	             NaN	
  -1.3559357e+00	  -1.9326518e+00	  -1.1221606e+00	  -5.3903637e-01	  -4.0231246e-02	   3.4908371e-01	   5.1329137e-01	   5.7311153e-01	   5.8051492e-01	   6.1390899e-01	   5.9959109e-01	   5.8548278e-01	   5.8316281e-01	   5.4383270e-01	   4.8261798e-01	   4.6642620e-01	   4.3212854e-01	   4.0577004e-01	   3.7411286e-01	   3.5018785e-01	   2.8756979e-01	   2.5206063e-01	   1.9692204e-01	   1.6366091e-01	   1.4411721e-01	   2.4757057e-01	   7.9511286e-02	  -3.0107713e-02	   4.7924217e-02	             NaN	             NaN	             NaN	             NaN	
  -1.7666967e+00	  -1.5005594e+00	  -8.3773808e-01	  -3.8928246e-01	   1.4224658e-01	   4.2613440e-01	   5.1768530e-01	   5.0987981e-01	   5.9576210e-01	   5.8078315e-01	   6.0210788e-01	   5.7583353e-01	   5.6291646e-01	   5.3679894e-01	   5.3215503e-01	   4.8378187e-01	   4.4079992e-01	   4.4757036e-01	   3.8363037e-01	   3.4083694e-01	   2.9880435e-01	   2.4824848e-01	   1.8948117e-01	   1.6787010e-01	   1.4374078e-01	   1.9450700e-01	   1.4004977e-01	  -6.5894781e-02	   1.6593899e-02	             NaN	             NaN	             NaN	             NaN	
  -2.2805523e+00	  -1.7837189e+00	  -6.1323329e-01	  -3.3730846e-02	   7.7634971e-02	   4.6891934e-01	   5.3211595e-01	   5.2888680e-01	   5.8823108e-01	   5.9926661e-01	   5.8148527e-01	   5.6214207e-01	   5.8965875e-01	   5.6908176e-01	   5.3216472e-01	   4.7094546e-01	   4.4050134e-01	   4.3545443e-01	   4.0521502e-01	   3.4160226e-01	   2.9528085e-01	   2.4769712e-01	   2.0710384e-01	   1.7333913e-01	   1.3951974e-01	   1.5513920e-01	   1.5238324e-01	  -4.8102623e-02	   1.7743013e-02	   3.2267443e-02	             NaN	             NaN	             NaN	
  -1.3054317e+00	  -8.9401355e-01	  -6.3758790e-01	  -7.3175717e-02	   1.8347177e-01	   4.1912087e-01	   5.3463765e-01	   5.1425775e-01	   5.6304875e-01	   5.4299030e-01	   5.8757465e-01	   5.6131301e-01	   5.3338925e-01	   5.1758188e-01	   4.9270612e-01	   4.5708364e-01	   4.4327262e-01	   4.2763638e-01	   3.8118697e-01	   3.8070264e-01	   3.0527395e-01	   2.7784579e-01	   2.1327453e-01	   1.6120982e-01	   1.4460593e-01	   1.4284707e-01	   1.8223184e-01	   9.8709039e-03	  -1.4024678e-02	   4.7171474e-02	             NaN	             NaN	             NaN	
  -1.0841201e+00	  -8.0732952e-01	  -5.8022248e-01	  -2.0794930e-01	   2.5410074e-01	   4.8941038e-01	   5.0867226e-01	   5.8667194e-01	   5.4389930e-01	   5.1951119e-01	   5.5749821e-01	   5.2787525e-01	   5.2441323e-01	   5.0600384e-01	   5.1597564e-01	   4.6684013e-01	   4.5205544e-01	   4.2948268e-01	   4.1818210e-01	   3.4367951e-01	   3.1057925e-01	   2.5676174e-01	   2.0877130e-01	   1.7623068e-01	   1.3009729e-01	   1.2809533e-01	   1.3567528e-01	   6.0630211e-03	  -3.9002734e-02	   3.2967359e-02	   4.2600834e-02	             NaN	             NaN	
  -2.3114587e-01	  -4.7500368e-01	  -5.7516744e-01	  -2.9128740e-01	   1.6842102e-02	   4.3278001e-01	   4.9948228e-01	   5.2108325e-01	   5.3605241e-01	   5.5673332e-01	   5.3811746e-01	   5.3139982e-01	   5.2258487e-01	   4.8156720e-01	   5.1874879e-01	   4.8806250e-01	   4.4161401e-01	   4.0812302e-01	   3.8327038e-01	   3.4280659e-01	   3.1782308e-01	   2.6798077e-01	   2.0564242e-01	   1.7834069e-01	   1.4757149e-01	   1.3119806e-01	   1.6787441e-01	   9.6271763e-02	  -3.7630289e-02	   1.4553160e-02	   3.2530486e-02	             NaN	             NaN	
  -1.8023125e-01	  -1.1308391e+00	  -1.8215671e-01	  -3.1420331e-02	   2.4039796e-01	   4.0076931e-01	   4.8927911e-01	   4.6636518e-01	   5.4392725e-01	   5.3410810e-01	   5.1601772e-01	   4.9219925e-01	   5.2768771e-01	   5.1188785e-01	   5.0115479e-01	   4.7160990e-01	   4.3398849e-01	   4.1448258e-01	   4.0335956e-01	   3.5920909e-01	   3.3047360e-01	   2.6530083e-01	   2.1267885e-01	   1.6786021e-01	   1.4710591e-01	   1.3133224e-01	   1.1594637e-01	   1.2621566e-01	  -7.1491419e-03	   7.1959850e-03	   3.6221965e-02	             NaN	             NaN	
  -1.6037055e-01	  -8.5975609e-01	  -3.5141121e-01	   8.7715394e-02	   2.9873734e-01	   4.1651868e-01	   4.7020177e-01	   5.0854281e-01	   4.9520559e-01	   4.9773124e-01	   4.9723948e-01	   4.8893964e-01	   4.9597067e-01	   5.3141911e-01	   4.7119569e-01	   4.7266252e-01	   4.4716553e-01	   4.3381234e-01	   4.0483721e-01	   3.7865277e-01	   3.1871282e-01	   2.8406724e-01	   2.4608428e-01	   1.9603080e-01	   1.4524160e-01	   1.2523374e-01	   1.3506349e-01	   1.5351668e-01	  -2.5198130e-02	  -3.9708310e-02	   3.1117737e-02	   3.6561112e-02	             NaN	
  -3.3784107e-01	  -5.5574271e-01	  -2.5269488e-01	  -2.0771554e-02	   2.8717627e-01	   3.8619336e-01	   4.8764083e-01	   5.2745764e-01	   5.0914733e-01	   4.6456696e-01	   5.2782643e-01	   5.2719557e-01	   5.0244728e-01	   5.2152133e-01	   4.9596458e-01	   4.5523422e-01	   4.3748973e-01	   4.4540207e-01	   4.0490426e-01	   3.9707061e-01	   3.1387702e-01	   2.6997780e-01	   2.0767521e-01	   1.8556296e-01	   1.4941690e-01	   1.3562405e-01	   1.1990336e-01	   1.0349445e-01	   6.1838158e-02	  -4.4513456e-02	   3.2258728e-02	   4.5956659e-02	             NaN	
   1.1815352e-01	  -5.4285906e-01	   1.2865467e-02	   5.6083225e-02	   3.6115169e-01	   4.0611581e-01	   4.6411610e-01	   4.6207067e-01	   4.5937384e-01	   4.6716673e-01	   5.0054170e-01	   4.8331326e-01	   4.8679814e-01	   4.9553042e-01	   4.6821067e-01	   4.7247405e-01	   4.6294049e-01	   4.0887035e-01	   4.0979150e-01	   3.5352971e-01	   3.2489081e-01	   2.7301691e-01	   2.4446690e-01	   1.8742381e-01	   1.6679489e-01	   1.3710715e-01	   1.1317337e-01	   9.9502965e-02	   1.1888534e-01	  -1.6446827e-02	  -1.8956347e-02	   4.5263807e-02	   4.4166724e-02	
   3.5030014e-02	  -4.7828907e-01	  -1.6677511e-02	   2.4331686e-01	   1.9220978e-01	   3.3933756e-01	   4.7211768e-01	   4.5128462e-01	   4.5373576e-01	   4.5326701e-01	   4.7435452e-01	   4.5631831e-01	   4.7941202e-01	   4.5171850e-01	   4.7924980e-01	   4.5560887e-01	   4.4073885e-01	   4.4453320e-01	   4.0907885e-01	   3.7899101e-01	   3.4052963e-01	   3.0852841e-01	   2.2812351e-01	   1.8876877e-01	   1.6581568e-01	   1.3190830e-01	   1.1940360e-01	   1.1534964e-01	   8.3348273e-02	  -1.8010279e-02	  -1.0299545e-02	   3.8574756e-02	   3.4341231e-02	
  -1.3868860e-02	  -9.0872770e-01	  -1.0023390e-01	   2.0830427e-01	   3.4317126e-01	   4.5706997e-01	   4.5899739e-01	   4.4616621e-01	   4.5758372e-01	   4.3787626e-01	   4.7574545e-01	   4.7740724e-01	   4.7036209e-01	   4.8878584e-01	   4.4464849e-01	   4.6294500e-01	   4.3955499e-01	   4.0995902e-01	   4.1232000e-01	   3.7487134e-01	   3.2585967e-01	   2.8185595e-01	   2.3980985e-01	   1.9266477e-01	   1.7557435e-01	   1.4129463e-01	   1.2669303e-01	   1.0982698e-01	   1.2492815e-01	   5.5363659e-02	  -4.1714700e-02	   2.5631791e-02	   5.5144294e-02	
  -2.8611617e-01	  -3.7106065e-02	  -3.4507110e-02	   2.0084786e-01	   2.9368361e-01	   4.0544640e-01	   4.7213213e-01	   4.7838958e-01	   4.6616781e-01	   4.2767371e-01	   4.5602553e-01	   4.7425577e-01	   4.6668978e-01	   4.8899140e-01	   4.3834410e-01	   4.4805521e-01	   4.6770658e-01	   4.1037277e-01	   4.2709549e-01	   3.7085943e-01	   3.4036618e-01	   2.7257739e-01	   2.2345701e-01	   1.9698086e-01	   1.6933086e-01	   1.3681162e-01	   1.1383937e-01	   1.0406590e-01	   1.1337226e-01	   1.3334229e-01	  -2.3810179e-02	   3.0058944e-02	   4.8479196e-02	
  -4.2006935e-02	  -1.5059758e-01	   1.4109887e-01	   3.3987100e-01	   2.7602074e-01	   4.3178329e-01	   3.4096746e-01	   4.4123248e-01	   4.1550209e-01	   4.5140267e-01	   4.2374961e-01	   3.9701567e-01	   4.6183579e-01	   4.7743619e-01	   4.3008811e-01	   4.4275038e-01	   4.3293761e-01	   4.4078890e-01	   4.3073153e-01	   3.7114534e-01	   3.3138731e-01	   2.9576493e-01	   2.4646584e-01	   2.0341350e-01	   1.7761813e-01	   1.3988992e-01	   1.2439822e-01	   1.0568014e-01	   1.1160498e-01	   8.3374618e-02	   1.1499585e-02	  -9.1136979e-03	   5.5619109e-02	
  -7.2733295e-01	   7.9849254e-02	  -2.2496047e-01	   4.6221980e-01	   2.5562127e-01	   4.2600946e-01	   3.5918506e-01	   4.2923167e-01	   4.2266213e-01	   4.2433757e-01	   4.0461865e-01	   4.3781664e-01	   4.5023771e-01	   4.7244586e-01	   4.5148238e-01	   4.4239197e-01	   4.2312754e-01	   4.2528422e-01	   4.1017115e-01	   3.9178693e-01	   3.3970603e-01	   2.8785347e-01	   2.3648055e-01	   1.9223595e-01	   1.6460430e-01	   1.3130381e-01	   1.2685309e-01	   9.8911038e-02	   1.0045711e-01	   1.3385934e-01	   3.2339124e-02	  -1.0347371e-02	   4.3407457e-02	
             NaN	  -1.0569451e-01	   1.5528876e-01	   2.6902465e-01	   3.4144222e-01	   4.0367675e-01	   4.0810137e-01	   4.0866350e-01	   4.5772599e-01	   4.1904280e-01	   4.3259909e-01	   4.5427601e-01	   4.1181297e-01	   4.4393735e-01	   4.2562087e-01	   4.4903432e-01	   4.3444122e-01	   4.3908274e-01	   4.1896624e-01	   3.7555346e-01	   3.2485596e-01	   2.9801235e-01	   2.6073419e-01	   2.1452656e-01	   1.7930440e-01	   1.4695268e-01	   1.4029762e-01	   1.1544516e-01	   1.0181168e-01	   1.4617061e-01	   8.6382807e-02	  -1.1596768e-02	   3.8664409e-02	
             NaN	  -1.6098204e-01	   9.1269378e-02	   2.5257881e-01	   3.6166518e-01	   4.3813096e-01	   3.5901423e-01	   4.2534010e-01	   3.9697397e-01	   4.3406607e-01	   4.2044498e-01	   4.1402418e-01	   4.0303572e-01	   4.7823783e-01	   4.2886816e-01	   4.2286103e-01	   4.2318629e-01	   4.5243653e-01	   4.1102292e-01	   3.6753074e-01	   3.2842223e-01	   2.8856921e-01	   2.6085340e-01	   2.0462620e-01	   1.6369695e-01	   1.5062130e-01	   1.2802058e-01	   1.1465569e-01	   1.0824776e-01	   1.2612335e-01	   1.4616705e-01	   2.1120042e-02	   3.4808931e-02	
             NaN	   1.6855999e-01	   1.3418918e-01	   2.3051164e-01	   3.1025629e-01	   4.1342855e-01	   3.8830087e-01	   4.3500063e-01	   4.0792774e-01	   3.8845577e-01	   4.0024618e-01	   4.1848581e-01	   4.2864009e-01	   4.3016338e-01	   4.3320456e-01	   4.5807560e-01	   4.1673931e-01	   4.3623576e-01	   4.1126038e-01	   3.8520185e-01	   3.4573435e-01	   2.9366404e-01	   2.4891543e-01	   2.2365235e-01	   1.8427078e-01	   1.3630152e-01	   1.2728893e-01	   1.2999942e-01	   1.1304587e-01	   9.9977941e-02	   1.3991480e-01	   1.9345665e-02	   3.5256163e-05	
             NaN	   6.8611017e-02	   2.2537323e-01	   3.7200135e-01	   3.4418353e-01	   4.1863710e-01	   3.9314172e-01	   3.8269730e-01	   3.2910727e-01	   3.5863508e-01	   3.5625495e-01	   3.9677471e-01	   4.1599397e-01	   4.0313166e-01	   4.2352011e-01	   4.4109107e-01	   4.4083013e-01	   4.2050125e-01	   4.3532663e-01	   3.7368518e-01	   3.3232798e-01	   3.0252257e-01	   2.3656709e-01	   2.1937346e-01	   1.9243303e-01	   1.5814032e-01	   1.3610279e-01	   1.2387888e-01	   1.1386379e-01	   9.8369640e-02	   1.8007262e-01	   6.9879454e-02	  -2.5830030e-03	
             NaN	  -1.0883203e-01	   3.0491786e-01	   3.6752316e-01	   3.8874696e-01	   4.0340118e-01	   4.0265757e-01	   3.6408055e-01	   3.5869046e-01	   3.9532338e-01	   3.6240266e-01	   3.9267554e-01	   3.9550361e-01	   4.3037582e-01	   4.4370895e-01	   4.3037687e-01	   4.1757668e-01	   4.2947120e-01	   3.8383681e-01	   3.9334518e-01	   3.3686126e-01	   2.8474834e-01	   2.4435293e-01	   1.9767562e-01	   1.8115877e-01	   1.5818669e-01	   1.4611160e-01	   1.2583626e-01	   1.1517075e-01	   1.0131834e-01	   1.0166190e-01	   1.2641292e-01	  -1.9124032e-02	
             NaN	   2.4351669e-02	  -1.0610648e-02	   4.2000562e-01	   3.2365259e-01	   3.3013422e-01	   3.1454468e-01	   3.3416775e-01	   3.8836193e-01	   3.6922858e-01	   3.4809238e-01	   3.9405895e-01	   3.8997480e-01	   4.0784455e-01	   4.0742736e-01	   4.1312859e-01	   4.4474297e-01	   4.3672372e-01	   4.0485812e-01	   3.5097453e-01	   3.2816779e-01	   2.9117108e-01	   2.4723347e-01	   2.1459201e-01	   1.9037700e-01	   1.5591289e-01	   1.3707649e-01	   1.3084219e-01	   1.0781383e-01	   9.7369125e-02	   1.3837763e-01	   1.2409906e-01	   3.2313204e-02	
             NaN	             NaN	   3.2125038e-01	   2.3185867e-01	   3.3050007e-01	   3.1771611e-01	   3.7533262e-01	   4.0283518e-01	   3.0600732e-01	   3.3939138e-01	   3.4884795e-01	   3.9942277e-01	   3.8737716e-01	   3.7857086e-01	   3.9707767e-01	   4.2028653e-01	   4.3841013e-01	   4.3495651e-01	   4.1524622e-01	   3.3367678e-01	   3.4998177e-01	   2.8798936e-01	   2.6333831e-01	   2.2228940e-01	   1.8204518e-01	   1.7323620e-01	   1.4688328e-01	   1.1655685e-01	   1.0699123e-01	   1.1263611e-01	   9.9060850e-02	   1.5643472e-01	   7.7787428e-02	
             NaN	             NaN	   2.9033362e-01	   3.1893773e-01	   2.8245501e-01	   3.3403564e-01	   3.5217627e-01	   3.5889903e-01	   3.6708197e-01	   3.5830868e-01	   3.3793803e-01	   3.3949283e-01	   3.9354784e-01	   4.0564801e-01	   4.3027496e-01	   4.1602512e-01	   3.9726855e-01	   3.9568362e-01	   3.9954484e-01	   3.7514940e-01	   3.2044077e-01	   3.0058075e-01	   2.4809565e-01	   2.1597007e-01	   1.8107219e-01	   1.5250447e-01	   1.4392313e-01	   1.2664812e-01	   1.0769988e-01	   1.1146163e-01	   1.0776717e-01	   1.1919863e-01	   1.0133890e-01	
             NaN	             NaN	   4.1240744e-01	   2.7468040e-01	   3.5631649e-01	   3.0761727e-01	   3.6817322e-01	   2.7204791e-01	   3.4168908e-01	   3.4864971e-01	   3.7083268e-01	   3.5591252e-01	   3.5133362e-01	   3.9769406e-01	   3.8015098e-01	   4.1392809e-01	   4.1099848e-01	   3.9117359e-01	   3.9330279e-01	   3.6560602e-01	   3.3729767e-01	   2.8064107e-01	   2.5424657e-01	   2.1033198e-01	   1.7316816e-01	   1.6846921e-01	   1.4970664e-01	   1.3567353e-01	   1.2227755e-01	   1.0414379e-01	   1.1446970e-01	   1.0497816e-01	   1.1751003e-01	
             NaN	             NaN	   4.1136552e-01	   2.0572784e-01	   3.2977793e-01	   3.1455684e-01	   3.5785937e-01	   3.4142771e-01	   3.3706878e-01	   3.1813120e-01	   3.5293931e-01	   3.7484164e-01	   3.7997585e-01	   3.9113955e-01	   4.0188807e-01	   4.0196091e-01	   4.0114647e-01	   3.6877097e-01	   3.9320384e-01	   3.5817293e-01	   3.2463939e-01	   2.8115527e-01	   2.5701498e-01	   2.0962005e-01	   1.8858522e-01	   1.5038019e-01	   1.4157429e-01	   1.2522007e-01	   1.2953648e-01	   1.1638078e-01	   1.1238142e-01	   1.0641899e-01	   1.1541305e-01	
             NaN	             NaN	   1.6942547e-01	   2.7311437e-01	   3.6919060e-01	   3.4662142e-01	   4.1189951e-01	   3.1939473e-01	   3.4273887e-01	   2.8596053e-01	   3.0570319e-01	   3.3177748e-01	   3.2777434e-01	   3.6845060e-01	   3.7389054e-01	   3.9385139e-01	   3.7243654e-01	   3.9468561e-01	   3.6476373e-01	   3.4222147e-01	   3.2824747e-01	   2.7183811e-01	   2.4720210e-01	   2.0384248e-01	   1.6527120e-01	   1.5785249e-01	   1.4221876e-01	   1.2831769e-01	   1.2557522e-01	   1.1393680e-01	   9.6299852e-02	   1.0957046e-01	   1.1067986e-01	
             NaN	             NaN	             NaN	   4.2919781e-01	   3.5556009e-01	   3.5987385e-01	   3.5388041e-01	   3.7314170e-01	   3.1630318e-01	   3.3027808e-01	   3.0339700e-01	   3.2939517e-01	   3.3425891e-01	   3.4810343e-01	   3.6857707e-01	   4.1556555e-01	   3.8330665e-01	   3.9249196e-01	   3.9118993e-01	   3.4730197e-01	   3.1140485e-01	   2.6424437e-01	   2.5013294e-01	   1.9407837e-01	   1.7539421e-01	   1.5156295e-01	   1.4647279e-01	   1.3531146e-01	   1.1880894e-01	   1.1326486e-01	   1.1587088e-01	   1.0612484e-01	   1.0754232e-01	
             NaN	             NaN	             NaN	   2.4236307e-01	   3.9751736e-01	   3.7029494e-01	   3.0379375e-01	   3.0518656e-01	   3.5554470e-01	   3.0045021e-01	   2.9489328e-01	   3.0682195e-01	   3.3973827e-01	   3.5570319e-01	   3.8879199e-01	   3.5895452e-01	   3.5524714e-01	   3.7763322e-01	   3.7972593e-01	   3.3197880e-01	   3.0434766e-01	   2.7079285e-01	   2.3017155e-01	   2.0592159e-01	   1.7631930e-01	   1.4929132e-01	   1.4457099e-01	   1.3676294e-01	   1.3280398e-01	   1.1468982e-01	   1.1339173e-01	   9.2816059e-02	   8.8036277e-02	
             NaN	             NaN	             NaN	   2.0386728e-01	   3.2732830e-01	   3.6872466e-01	   3.1593994e-01	   3.0137498e-01	   3.0362389e-01	   2.9185995e-01	   3.1880442e-01	   2.9677176e-01	   3.1906562e-01	   3.5676361e-01	   3.9183621e-01	   3.7619314e-01	   3.6584849e-01	   3.5321584e-01	   3.6693491e-01	   3.6069028e-01	   3.0479191e-01	   2.6676333e-01	   2.3476936e-01	   2.2456806e-01	   1.7616276e-01	   1.6956176e-01	   1.4103767e-01	   1.3280093e-01	   1.1397331e-01	   1.1126426e-01	   1.0497002e-01	   1.0416452e-01	   8.6453130e-02	
             NaN	             NaN	             NaN	   3.3356554e-01	   2.9952660e-01	   3.5727624e-01	   2.5886964e-01	   3.1391627e-01	   3.1858845e-01	   2.6295091e-01	   2.8729308e-01	   2.6904424e-01	   3.1692071e-01	   3.1688966e-01	   3.6785397e-01	   3.4946071e-01	   3.6235516e-01	   3.4088033e-01	   3.6017579e-01	   3.2743345e-01	   3.0406427e-01	   2.5729208e-01	   2.2834908e-01	   1.8194554e-01	   1.7160647e-01	   1.5176790e-01	   1.4007397e-01	   1.2114465e-01	   1.2453331e-01	   1.1323582e-01	   1.0443383e-01	   1.0498346e-01	   8.9263615e-02	
             NaN	             NaN	             NaN	   3.1793721e-01	   2.9380489e-01	   2.8680552e-01	   3.5317316e-01	   2.6604652e-01	   2.3437467e-01	   2.2208877e-01	   2.6815995e-01	   2.9074345e-01	   2.8891534e-01	   3.1010095e-01	   3.2984653e-01	   3.4447177e-01	   3.6749090e-01	   3.3744965e-01	   3.3910840e-01	   3.2577419e-01	   3.0810742e-01	   2.5949770e-01	   2.2978203e-01	   2.0579358e-01	   1.6779530e-01	   1.5930161e-01	   1.3016206e-01	   1.1815629e-01	   1.2856816e-01	   1.1993204e-01	   1.0652586e-01	   1.0687239e-01	   1.0046731e-01	
             NaN	             NaN	             NaN	             NaN	   3.0918163e-01	   2.8933187e-01	   3.4248904e-01	   3.1895939e-01	   2.7726469e-01	   2.5939459e-01	   2.7361022e-01	   2.9479034e-01	   3.1811051e-01	   2.9576619e-01	   3.3786147e-01	   3.5163394e-01	   3.4712012e-01	   3.4998469e-01	   3.5292749e-01	   3.0404802e-01	   2.7117338e-01	   2.6443543e-01	   2.1937537e-01	   1.9273959e-01	   1.7262313e-01	   1.4565804e-01	   1.3536636e-01	   1.2043671e-01	   1.2374964e-01	   1.1562371e-01	   1.1736527e-01	   9.7159406e-02	   9.4543840e-02	
             NaN	             NaN	             NaN	             NaN	   3.6100152e-01	   2.8150664e-01	   2.6639787e-01	   2.6439241e-01	   2.5595667e-01	   2.6353538e-01	   2.8219911e-01	   2.5842401e-01	   2.9455711e-01	   3.0962204e-01	   3.2100311e-01	   3.4532950e-01	   3.2692166e-01	   3.2569494e-01	   3.3406370e-01	   2.8255081e-01	   2.8327796e-01	   2.2339655e-01	   2.0025904e-01	   1.9024439e-01	   1.6540369e-01	   1.6059928e-01	   1.3463149e-01	   1.2033550e-01	   1.1871149e-01	   1.0764755e-01	   1.1287375e-01	   1.0206991e-01	   8.3298288e-02	
             NaN	             NaN	             NaN	             NaN	   2.6672445e-01	   2.8327632e-01	   3.2235832e-01	   2.8566843e-01	   2.5437690e-01	   2.2578261e-01	   2.6649783e-01	   2.7617278e-01	   2.6920324e-01	   2.8599666e-01	   3.3107943e-01	   3.4328109e-01	   3.2445462e-01	   3.5357064e-01	   3.0572057e-01	   2.8113837e-01	   2.5465042e-01	   2.3854006e-01	   2.1714650e-01	   1.7268398e-01	   1.6466687e-01	   1.4853448e-01	   1.3244688e-01	   1.3543660e-01	   1.1474390e-01	   1.1480807e-01	   9.7414437e-02	   9.8092659e-02	   9.5019816e-02	
             NaN	             NaN	             NaN	             NaN	   3.1717471e-01	   2.5096486e-01	   3.3153699e-01	   2.2792940e-01	   2.2815384e-01	   2.3228462e-01	   2.3298050e-01	   2.4956608e-01	   2.8787950e-01	   2.9152039e-01	   2.9834653e-01	   3.2681931e-01	   3.1862734e-01	   3.3020780e-01	   3.2559778e-01	   2.8211547e-01	   2.9272523e-01	   2.1059340e-01	   1.9579520e-01	   1.8698963e-01	   1.6869491e-01	   1.4419716e-01	   1.3208184e-01	   1.2356767e-01	   1.1482004e-01	   1.0177339e-01	   9.8351041e-02	   9.7593264e-02	   8.6403056e-02	
             NaN	             NaN	             NaN	             NaN	   2.5866712e-01	   2.5482898e-01	   2.5068016e-01	   2.2417290e-01	   2.1761242e-01	   2.0449448e-01	   2.3068511e-01	   2.3171938e-01	   2.8021918e-01	   2.7525168e-01	   2.8305872e-01	   2.8792555e-01	   3.2118960e-01	   3.2644822e-01	   3.0352740e-01	   2.7453916e-01	   2.4311029e-01	   2.4275346e-01	   2.0629021e-01	   1.6783370e-01	   1.5553417e-01	   1.3790330e-01	   1.4034538e-01	   1.2703477e-01	   1.0919405e-01	   1.0810015e-01	   1.1486375e-01	   9.8088103e-02	   9.9937857e-02	
             NaN	             NaN	             NaN	             NaN	             NaN	   2.8890415e-01	   2.3664512e-01	   2.1201944e-01	   2.0716002e-01	   2.2486938e-01	   2.1851806e-01	   2.3543409e-01	   2.5034799e-01	   2.8805233e-01	   2.6237609e-01	   2.7060136e-01	   2.9429471e-01	   2.9037821e-01	   2.6681214e-01	   2.7223317e-01	   2.4637360e-01	   2.1603682e-01	   1.9414404e-01	   1.6385544e-01	   1.4243613e-01	   1.3498264e-01	   1.2290020e-01	   1.1662722e-01	   1.1822267e-01	   1.0148865e-01	   9.2638267e-02	   9.5546645e-02	   9.3646538e-02	
             NaN	             NaN	             NaN	             NaN	             NaN	   1.8889456e-01	   2.0708379e-01	   2.2063037e-01	   2.0987909e-01	   2.3005567e-01	   2.2757614e-01	   2.3672158e-01	   2.3847077e-01	   2.5513201e-01	   2.6520925e-01	   2.7739112e-01	   3.0776032e-01	   2.7453807e-01	   3.0203240e-01	   2.4783054e-01	   2.4487487e-01	   2.0377087e-01	   1.9296394e-01	   1.6368114e-01	   1.4448597e-01	   1.3978020e-01	   1.1965392e-01	   1.3684790e-01	   1.0888643e-01	   1.1558898e-01	   9.7466716e-02	   9.5140789e-02	   9.8896444e-02	
             NaN	             NaN	             NaN	             NaN	             NaN	   1.8705366e-01	   2.6131644e-01	   2.3558751e-01	   2.2710208e-01	   2.3854693e-01	   2.2645921e-01	   1.8539712e-01	   2.0469112e-01	   2.5949618e-01	   2.8367148e-01	   2.7867393e-01	   3.1197476e-01	   2.6263307e-01	   2.6554443e-01	   2.4601871e-01	   2.3386767e-01	   1.8712089e-01	   1.9396753e-01	   1.5828596e-01	   1.5860469e-01	   1.2425824e-01	   1.3904294e-01	   1.1847427e-01	   1.1657972e-01	   1.1023049e-01	   1.0047682e-01	   9.0395481e-02	   8.4232976e-02	
             NaN	             NaN	             NaN	             NaN	             NaN	   2.4884661e-01	   1.9748801e-01	   2.3015723e-01	   2.0637168e-01	   2.1903539e-01	   2.1027617e-01	   2.1169486e-01	   2.4535721e-01	   2.5168835e-01	   2.7132198e-01	   2.7687274e-01	   2.7451337e-01	   2.6591899e-01	   2.6160328e-01	   2.4660172e-01	   2.3783778e-01	   2.0116591e-01	   1.7440644e-01	   1.6605871e-01	   1.3247714e-01	   1.2250811e-01	   1.2513375e-01	   1.1566001e-01	   1.1981609e-01	   9.9606434e-02	   9.3752242e-02	   8.7322290e-02	   9.0319224e-02	
             NaN	             NaN	             NaN	             NaN	             NaN	   1.8093654e-01	   2.5532699e-01	   1.8087910e-01	   2.3410464e-01	   2.2751121e-01	   1.7840417e-01	   2.0985503e-01	   2.4503990e-01	   2.2381511e-01	   2.3935183e-01	   2.8125511e-01	   2.8148120e-01	   2.6295310e-01	   2.5193809e-01	   2.2816880e-01	   2.0694767e-01	   1.9782354e-01	   1.6993406e-01	   1.4540323e-01	   1.4206648e-01	   1.4717631e-01	   1.3007862e-01	   1.1215930e-01	   1.1032209e-01	   1.1103169e-01	   9.5509263e-02	   1.0134110e-01	   8.9882757e-02	
             NaN	             NaN	             NaN	             NaN	             NaN	             NaN	   2.4765377e-01	   2.2714217e-01	   1.6490821e-01	   1.7958107e-01	   2.1268116e-01	   1.9009008e-01	   2.1655454e-01	   2.3909696e-01	   2.4333256e-01	   2.4111016e-01	   2.5195937e-01	   2.6790730e-01	   2.2949127e-01	   2.2508456e-01	   2.1564901e-01	   1.8079501e-01	   1.7818446e-01	   1.4973650e-01	   1.3149906e-01	   1.2787616e-01	   1.0645331e-01	   1.1634967e-01	   9.6038984e-02	   9.9830833e-02	   9.2868614e-02	   8.9367548e-02	   9.1761053e-02	
             NaN	             NaN	             NaN	             NaN	             NaN	             NaN	   2.4081874e-01	   2.2389130e-01	   2.0208705e-01	   1.7321721e-01	   1.6947403e-01	   2.0377118e-01	   2.3455507e-01	   2.2594056e-01	   2.3509636e-01	   2.6129291e-01	   2.4524563e-01	   2.4784907e-01	   2.1715405e-01	   2.1935068e-01	   1.9516359e-01	   1.7312136e-01	   1.6745201e-01	   1.4178604e-01	   1.2961832e-01	   1.2025345e-01	   1.2278754e-01	   1.1813852e-01	   1.0561795e-01	   1.0368626e-01	   9.6165654e-02	   9.8229772e-02	   9.6253716e-02	
   0.0000000e+00	             NaN	             NaN	             NaN	             NaN	             NaN	   2.0029120e-01	   1.5713308e-01	   1.5885475e-01	   2.1386438e-01	   1.9294538e-01	   1.7783340e-01	   1.8110257e-01	   2.2990204e-01	   2.2072780e-01	   2.3065856e-01	   2.5092522e-01	   2.3818704e-01	   2.1103020e-01	   2.0239346e-01	   1.8796326e-01	   1.7057591e-01	   1.5438729e-01	   1.3618442e-01	   1.2274506e-01	   1.2887942e-01	   1.1173870e-01	   9.9744108e-02	   1.0076115e-01	   1.0489663e-01	   9.0960583e-02	   1.0048645e-01	   1.0132846e-01	
   0.0000000e+00	             NaN	             NaN	             NaN	             NaN	             NaN	   1.8577690e-01	   2.0521503e-01	   1.6543894e-01	   1.9541923e-01	   1.7886212e-01	   1.6886049e-01	   1.9007298e-01	   2.0511609e-01	   2.3180685e-01	   2.1904770e-01	   2.3919494e-01	   2.4383993e-01	   2.3099655e-01	   1.9887535e-01	   1.8707013e-01	   1.7443172e-01	   1.5374860e-01	   1.3755579e-01	   1.2156294e-01	   1.3547227e-01	   1.1268557e-01	   1.1043582e-01	   1.0104548e-01	   9.4345694e-02	   8.9150636e-02	   9.5095702e-02	   7.6732789e-02	
   0.0000000e+00	             NaN	             NaN	             NaN	             NaN	             NaN	   2.4879822e-01	   1.8748977e-01	   1.4069258e-01	   1.4240000e-01	   1.7102432e-01	   1.7639131e-01	   1.9717724e-01	   2.0947818e-01	   1.9599635e-01	   2.1260969e-01	   2.2991841e-01	   2.2970651e-01	   2.0332029e-01	   2.0475718e-01	   1.8137167e-01	   1.6837623e-01	   1.3484922e-01	   1.4380580e-01	   1.1297841e-01	   1.1296934e-01	   1.0413038e-01	   1.0374290e-01	   1.0466097e-01	   9.4495471e-02	   1.0200211e-01	   8.5106063e-02	   8.6860026e-02	
   0.0000000e+00	             NaN	             NaN	             NaN	             NaN	             NaN	             NaN	   2.0103615e-01	   1.6726807e-01	   1.1303937e-01	   1.5887460e-01	   1.6511923e-01	   1.8942910e-01	   2.1938435e-01	   2.0701524e-01	   2.3108151e-01	   2.0754686e-01	   2.0803010e-01	   1.8299054e-01	   1.7840471e-01	   1.6805118e-01	   1.7122470e-01	   1.4992773e-01	   1.3784642e-01	   1.2220686e-01	   1.1565571e-01	   1.0331069e-01	   9.9148716e-02	   1.0784321e-01	   8.5436612e-02	   9.0210283e-02	   7.8155292e-02	   7.8278155e-02	
   0.0000000e+00	             NaN	             NaN	             NaN	             NaN	             NaN	             NaN	   1.5994734e-01	   2.1258907e-01	   1.3978651e-01	   1.4980487e-01	   1.6773385e-01	   1.8631160e-01	   1.9089056e-01	   1.8971971e-01	   2.2251826e-01	   2.1259769e-01	   2.0768875e-01	   1.9212074e-01	   1.8273419e-01	   1.9973086e-01	   1.5369230e-01	   1.3701853e-01	   1.2600403e-01	   1.1252771e-01	   1.0896256e-01	   1.1510743e-01	   9.6781619e-02	   9.2582068e-02	   8.5224746e-02	   7.9126616e-02	   8.8760285e-02	   7.9749434e-02	
   0.0000000e+00	   0.0000000e+00	             NaN	             NaN	             NaN	             NaN	             NaN	   1.6249923e-01	   1.4690203e-01	   2.0437927e-01	   1.1758520e-01	   1.6435272e-01	   1.5120574e-01	   2.1263214e-01	   2.1507906e-01	   2.0266892e-01	   1.8326866e-01	   1.9569564e-01	   1.9295040e-01	   1.7394782e-01	   1.7595198e-01	   1.5522170e-01	   1.4033281e-01	   1.2190292e-01	   1.2059007e-01	   1.2416520e-01	   9.5758051e-02	   9.7955976e-02	   1.0373002e-01	   8.8789576e-02	   8.9635413e-02	   8.3319046e-02	   8.8548014e-02	
   0.0000000e+00	   0.0000000e+00	             NaN	             NaN	             NaN	             NaN	             NaN	   1.5024972e-01	   1.2769852e-01	   8.9965004e-02	   1.5097878e-01	   1.4628766e-01	   1.6749383e-01	   1.6661194e-01	   1.9796137e-01	   2.0435128e-01	   1.7782464e-01	   2.0149740e-01	   1.7418460e-01	   1.7303313e-01	   1.6185778e-01	   1.3331115e-01	   1.4739759e-01	   9.8993196e-02	   1.0210348e-01	   9.0509355e-02	   1.0372314e-01	   1.0461649e-01	   1.0764022e-01	   9.5179408e-02	   8.0959257e-02	   8.2553938e-02	   6.7866307e-02	
   0.0000000e+00	   0.0000000e+00	             NaN	             NaN	             NaN	             NaN	             NaN	   1.6552879e-01	   1.2480698e-01	   1.3159249e-01	   1.3745872e-01	   1.4198907e-01	   1.6162374e-01	   1.7139787e-01	   1.9345274e-01	   1.9809865e-01	   2.1028862e-01	   1.9261372e-01	   1.8455633e-01	   1.8226434e-01	   1.5128929e-01	   1.2932518e-01	   1.2288179e-01	   1.2205804e-01	   9.6266618e-02	   1.0448149e-01	   9.0558302e-02	   8.9249748e-02	   8.4785146e-02	   8.3426892e-02	   7.7727320e-02	   8.2272294e-02	   7.6967132e-02	
   0.0000000e+00	   0.0000000e+00	             NaN	             NaN	             NaN	             NaN	             NaN	             NaN	   1.6804486e-01	   1.1151619e-01	   1.3215386e-01	   1.0860496e-01	   1.6169581e-01	   1.2780490e-01	   1.7830283e-01	   1.7832547e-01	   1.6134735e-01	   1.7819019e-01	   1.6423222e-01	   1.7385897e-01	   1.4781687e-01	   1.4680257e-01	   1.2200558e-01	   1.1153977e-01	   1.0576646e-01	   8.5356541e-02	   9.4684637e-02	   9.4143983e-02	   9.0560114e-02	   8.3255445e-02	   8.0255433e-02	   7.7727675e-02	   7.6319735e-02	
   0.0000000e+00	   0.0000000e+00	             NaN	             NaN	             NaN	             NaN	             NaN	             NaN	   8.9440941e-02	   1.4538866e-01	   1.2367338e-01	   1.4042493e-01	   1.5086207e-01	   1.6949294e-01	   1.7493682e-01	   1.6179571e-01	   1.7183390e-01	   1.5063209e-01	   1.7200948e-01	   1.6028665e-01	   1.3217780e-01	   1.2793055e-01	   1.0865084e-01	   1.1069982e-01	   9.6712331e-02	   8.6862410e-02	   9.2361813e-02	   9.2035957e-02	   8.5793066e-02	   7.4845929e-02	   8.9244543e-02	   7.2164098e-02	   6.6853169e-02	
   0.0000000e+00	   0.0000000e+00	   0.0000000e+00	             NaN	             NaN	             NaN	             NaN	             NaN	   1.5347686e-01	   6.8533526e-02	   1.1255351e-01	   1.3492540e-01	   1.4392382e-01	   1.1213271e-01	   1.8392854e-01	   1.5296196e-01	   1.5974132e-01	   1.5090056e-01	   1.2858198e-01	   1.5686986e-01	   1.2320900e-01	   1.4060562e-01	   1.0704381e-01	   1.2011711e-01	   9.6199711e-02	   9.3729269e-02	   8.1435831e-02	   8.3311677e-02	   9.3334549e-02	   8.4298732e-02	   8.4312201e-02	   7.5619968e-02	   7.6747265e-02	
   0.0000000e+00	   0.0000000e+00	   0.0000000e+00	             NaN	             NaN	             NaN	             NaN	             NaN	   1.3562120e-01	   1.1002539e-01	   1.0326429e-01	   1.1853302e-01	   1.5412138e-01	   1.4427733e-01	   1.3784149e-01	   1.6428727e-01	   1.5836650e-01	   1.5422750e-01	   1.4027351e-01	   1.4182169e-01	   1.2559016e-01	   1.3146509e-01	   1.0788239e-01	   9.4304994e-02	   9.3810970e-02	   1.0077807e-01	   8.6202454e-02	   7.9097241e-02	   8.7713022e-02	   8.6423733e-02	   8.3504380e-02	   8.8545118e-02	   7.0861409e-02	
   0.0000000e+00	   0.0000000e+00	   0.0000000e+00	             NaN	             NaN	             NaN	             NaN	             NaN	   1.1580347e-01	   1.0613294e-01	   1.0951233e-01	   1.2320700e-01	   1.4185459e-01	   1.2916736e-01	   1.5782316e-01	   1.4954501e-01	   1.5196072e-01	   1.3771392e-01	   1.4411562e-01	   1.4338901e-01	   1.2333422e-01	   1.2277265e-01	   1.1459950e-01	   1.0230539e-01	   8.5914095e-02	   8.6818216e-02	   8.1875219e-02	   7.5125511e-02	   8.6537159e-02	   7.6081083e-02	   7.6576155e-02	   7.3020607e-02	   7.1549453e-02	
   0.0000000e+00	   0.0000000e+00	   0.0000000e+00	             NaN	             NaN	             NaN	             NaN	             NaN	   9.2048369e-02	   8.2948459e-02	   9.1983731e-02	   1.1734767e-01	   1.2189331e-01	   1.5232200e-01	   1.5120228e-01	   1.3914341e-01	   1.5032101e-01	   1.6825197e-01	   1.3507707e-01	   1.1526951e-01	   1.3373089e-01	   1.1959230e-01	   1.0898715e-01	   1.0229491e-01	   8.6730965e-02	   8.9052090e-02	   7.3382363e-02	   7.4635391e-02	   7.2890560e-02	   8.4152185e-02	   7.0742086e-02	   7.8856946e-02	   7.3234575e-02	
   0.0000000e+00	   0.0000000e+00	   0.0000000e+00	             NaN	             NaN	             NaN	             NaN	             NaN	             NaN	   9.6632101e-02	   8.3872660e-02	   9.8717490e-02	   1.0921816e-01	   1.2375623e-01	   1.6860262e-01	   1.5489619e-01	   1.2750749e-01	   1.6479391e-01	   1.3691014e-01	   1.2113131e-01	   1.2655856e-01	   9.9017866e-02	   9.1505318e-02	   8.7115355e-02	   9.3743657e-02	   9.1142104e-02	   7.5918535e-02	   6.8599310e-02	   7.6546923e-02	   5.8381119e-02	   8.3890534e-02	   7.2587760e-02	   7.1123271e-02	
   0.0000000e+00	   0.0000000e+00	   0.0000000e+00	   0.0000000e+00	             NaN	             NaN	             NaN	             NaN	             NaN	   8.3090938e-02	   6.9824189e-02	   1.3255815e-01	   1.0430774e-01	   1.2145732e-01	   1.3705779e-01	   1.4322014e-01	   1.4269977e-01	   1.2263341e-01	   1.3709117e-01	   1.1130448e-01	   1.1515568e-01	   1.0718721e-01	   9.2192419e-02	   9.1891202e-02	   8.9238190e-02	   7.9160305e-02	   6.8273709e-02	   7.1511690e-02	   8.6761712e-02	   8.3475472e-02	   6.7027431e-02	   6.8483117e-02	   6.0805579e-02	
   0.0000000e+00	   0.0000000e+00	   0.0000000e+00	   0.0000000e+00	             NaN	             NaN	             NaN	             NaN	             NaN	   1.0479776e-01	   7.1861159e-02	   9.1646600e-02	   1.3062273e-01	   1.0623805e-01	   1.1926182e-01	   1.1477829e-01	   1.2065211e-01	   1.2908071e-01	   1.2712853e-01	   1.2992710e-01	   1.1420854e-01	   8.8827094e-02	   8.6734343e-02	   8.1245432e-02	   8.5849750e-02	   7.3764739e-02	   8.6793332e-02	   8.1380368e-02	   6.1675422e-02	   7.5875465e-02	   6.0656155e-02	   6.0019758e-02	   7.6236790e-02	
   0.0000000e+00	   0.0000000e+00	   0.0000000e+00	   0.0000000e+00	             NaN	             NaN	             NaN	             NaN	             NaN	   6.2694144e-02	   1.0203403e-01	   8.9607051e-02	   7.9021902e-02	   1.1687882e-01	   1.2863902e-01	   1.3205599e-01	   1.3728692e-01	   1.0478397e-01	   1.1951330e-01	   1.3596419e-01	   1.1922746e-01	   1.0978813e-01	   9.0201581e-02	   8.3755878e-02	   9.0052410e-02	   8.1983316e-02	   7.0395557e-02	   7.1093186e-02	   6.6887206e-02	   6.1226636e-02	   6.5806369e-02	   7.0070656e-02	   5.7216981e-02	
   0.0000000e+00	   0.0000000e+00	   0.0000000e+00	   0.0000000e+00	             NaN	             NaN	             NaN	             NaN	             NaN	   1.0259426e-01	   8.9831374e-02	   7.2168455e-02	   9.4797266e-02	   1.3649271e-01	   1.3357985e-01	   1.6225565e-01	   1.1900074e-01	   1.2238987e-01	   1.1580183e-01	   1.3693690e-01	   1.0374520e-01	   8.6249629e-02	   9.9277850e-02	   8.5835599e-02	   5.6895263e-02	   7.2749956e-02	   6.1496301e-02	   6.9229343e-02	   7.0680320e-02	   7.8609165e-02	   7.5184012e-02	   7.2626818e-02	   8.2130792e-02	
   0.0000000e+00	   0.0000000e+00	   0.0000000e+00	   0.0000000e+00	             NaN	             NaN	             NaN	             NaN	             NaN	             NaN	   4.4980767e-02	   8.9134059e-02	   9.7184460e-02	   1.2940650e-01	   1.2071186e-01	   1.2224721e-01	   1.0905042e-01	   1.1293571e-01	   1.2251039e-01	   1.2195954e-01	   1.1582439e-01	   9.2121500e-02	   8.2645258e-02	   7.4048425e-02	   7.6048511e-02	   6.8259189e-02	   6.4677914e-02	   6.7103584e-02	   6.5287595e-02	   6.2767241e-02	   6.2379307e-02	   6.8768138e-02	   7.4172325e-02	
   0.0000000e+00	   0.0000000e+00	   0.0000000e+00	   0.0000000e+00	             NaN	             NaN	             NaN	             NaN	             NaN	             NaN	   1.2737016e-01	   8.7259664e-02	   1.2505184e-01	   1.2255593e-01	   1.2557337e-01	   1.2199647e-01	   1.2565188e-01	   1.1088278e-01	   1.0269791e-01	   9.5967883e-02	   9.3614912e-02	   8.5245179e-02	   8.2280866e-02	   7.0523483e-02	   8.9947407e-02	   7.3744479e-02	   6.2496452e-02	   7.0445978e-02	   4.8795043e-02	   6.2645658e-02	   6.9231949e-02	   5.5757106e-02	   5.2198942e-02	
   0.0000000e+00	   0.0000000e+00	   0.0000000e+00	   0.0000000e+00	   0.0000000e+00	             NaN	             NaN	             NaN	             NaN	             NaN	   1.0693882e-01	   7.7505272e-02	   1.0156069e-01	   1.2399012e-01	   1.1354385e-01	   1.0277135e-01	   1.1372108e-01	   1.1410625e-01	   1.0596403e-01	   9.7343718e-02	   9.9105304e-02	   8.8564761e-02	   8.6840750e-02	   7.3861585e-02	   7.3901706e-02	   6.2729431e-02	   6.9358099e-02	   6.0599380e-02	   5.0792725e-02	   5.8195395e-02	   7.3538088e-02	   6.3214513e-02	   5.7484504e-02	
   0.0000000e+00	   0.0000000e+00	   0.0000000e+00	   0.0000000e+00	   0.0000000e+00	             NaN	             NaN	             NaN	             NaN	             NaN	   9.7352992e-02	   7.8412475e-02	   9.3023174e-02	   8.7478941e-02	   1.0090580e-01	   1.0740930e-01	   1.1642428e-01	   1.2989773e-01	   1.1792427e-01	   8.9163517e-02	   9.6307881e-02	   7.8895375e-02	   7.8410990e-02	   9.1397464e-02	   5.1011561e-02	   6.2877852e-02	   5.6190360e-02	   6.0303405e-02	   6.7089144e-02	   5.2172160e-02	   5.8073992e-02	   6.6830955e-02	   6.2642487e-02	
   0.0000000e+00	   0.0000000e+00	   0.0000000e+00	   0.0000000e+00	   0.0000000e+00	             NaN	             NaN	             NaN	             NaN	             NaN	   1.1114174e-01	   3.9232469e-02	   1.0249355e-01	   1.0270503e-01	   1.0933449e-01	   1.0869606e-01	   9.7066651e-02	   9.9691983e-02	   1.0443039e-01	   1.0076987e-01	   7.7386929e-02	   8.9557082e-02	   7.3919569e-02	   5.9016142e-02	   5.8059302e-02	   6.8077693e-02	   5.3607057e-02	   6.1065097e-02	   5.4395437e-02	   6.2296162e-02	   4.5754037e-02	   5.5976957e-02	   5.5359105e-02	
   0.0000000e+00	   0.0000000e+00	   0.0000000e+00	   0.0000000e+00	   0.0000000e+00	             NaN	             NaN	             NaN	             NaN	             NaN	             NaN	   7.0026632e-02	   9.3982365e-02	   1.0280683e-01	   9.0087826e-02	   1.0026014e-01	   1.1431839e-01	   9.5500344e-02	   1.0846103e-01	   9.2421464e-02	   9.0721247e-02	   7.1632916e-02	   7.1207045e-02	   7.6289279e-02	   5.9119533e-02	   8.0673786e-02	   5.8180556e-02	   7.5766740e-02	   5.0036845e-02	   5.5081554e-02	   5.4511377e-02	   6.4101987e-02	   5.7284944e-02	
   0.0000000e+00	   0.0000000e+00	   0.0000000e+00	   0.0000000e+00	   0.0000000e+00	             NaN	             NaN	             NaN	             NaN	             NaN	             NaN	   8.6308556e-02	   9.5647432e-02	   1.0383579e-01	   9.1495824e-02	   8.4237516e-02	   1.1030792e-01	   8.6245580e-02	   7.9411958e-02	   9.7471735e-02	   8.2904477e-02	   7.1008355e-02	   6.7134041e-02	   5.9492434e-02	   6.8695239e-02	   5.8230839e-02	   5.7254133e-02	   6.6068186e-02	   5.4977890e-02	   6.0976848e-02	   7.0869480e-02	   5.1178097e-02	   6.8771775e-02	
   0.0000000e+00	   0.0000000e+00	   0.0000000e+00	   0.0000000e+00	   0.0000000e+00	   0.0000000e+00	             NaN	             NaN	             NaN	             NaN	             NaN	   4.9511761e-02	   8.4172338e-02	   8.8130488e-02	   6.3946754e-02	   1.2046022e-01	   1.0384409e-01	   8.8635960e-02	   1.0411198e-01	   8.7960727e-02	   7.5704774e-02	   5.9193344e-02	   7.8384431e-02	   6.1373769e-02	   4.4881648e-02	   6.8312268e-02	   5.9120144e-02	   5.3872501e-02	   5.8415493e-02	   5.4760519e-02	   4.6739125e-02	   4.6640658e-02	   5.7904226e-02	
   0.0000000e+00	   0.0000000e+00	   0.0000000e+00	   0.0000000e+00	   0.0000000e+00	   0.0000000e+00	             NaN	             NaN	             NaN	             NaN	             NaN	   5.4822921e-02	   4.5900000e-02	   6.6458089e-02	   8.1590565e-02	   9.4661191e-02	   7.3833677e-02	   8.4652820e-02	   6.3371343e-02	   8.1305084e-02	   7.8626779e-02	   6.3996466e-02	   6.3645871e-02	   5.2147615e-02	   5.8027633e-02	   5.7106508e-02	   6.3232183e-02	   6.0123890e-02	   5.1060628e-02	   5.8559919e-02	   5.2391540e-02	   5.1303754e-02	   4.5226921e-02	
   0.0000000e+00	   0.0000000e+00	   0.0000000e+00	   0.0000000e+00	   0.0000000e+00	   0.0000000e+00	             NaN	             NaN	             NaN	             NaN	             NaN	   6.6041580e-02	   4.8722472e-02	   9.0584117e-02	   5.3733926e-02	   1.0405520e-01	   9.5840493e-02	   8.1991751e-02	   7.4510415e-02	   7.6432224e-02	   8.5492326e-02	   5.9611729e-02	   6.8403563e-02	   6.4269796e-02	   5.5919899e-02	   4.9556711e-02	   5.9511521e-02	   6.1737990e-02	   6.0727100e-02	   5.7968155e-02	   5.5157579e-02	   4.8857104e-02	   4.0949645e-02	
   0.0000000e+00	   0.0000000e+00	   0.0000000e+00	   0.0000000e+00	   0.0000000e+00	   0.0000000e+00	             NaN	             NaN	             NaN	             NaN	             NaN	             NaN	   6.7373076e-02	   9.6233693e-02	   1.1153508e-01	   1.0642202e-01	   7.1071097e-02	   8.4549187e-02	   8.6913728e-02	   7.5882449e-02	   6.8455471e-02	   5.9192116e-02	   6.2943252e-02	   5.3831018e-02	   4.5133631e-02	   6.4653731e-02	   5.4512107e-02	   5.1310373e-02	   5.1231063e-02	   4.7590201e-02	   4.4327467e-02	   5.0128432e-02	   5.5454590e-02	
   0.0000000e+00	   0.0000000e+00	   0.0000000e+00	   0.0000000e+00	   0.0000000e+00	   0.0000000e+00	             NaN	             NaN	             NaN	             NaN	             NaN	             NaN	   9.7246290e-02	   6.7668186e-02	   9.4472746e-02	   8.7231603e-02	   8.3121958e-02	   6.1357017e-02	   6.8355068e-02	   6.6106961e-02	   6.1619146e-02	   5.9357913e-02	   5.8506834e-02	   5.4962530e-02	   6.8786275e-02	   6.0108122e-02	   6.0174861e-02	   4.5347853e-02	   5.5088392e-02	   5.7075224e-02	   5.1564532e-02	   3.8263103e-02	   4.4445327e-02	
   0.0000000e+00	   0.0000000e+00	   0.0000000e+00	   0.0000000e+00	   0.0000000e+00	   0.0000000e+00	   0.0000000e+00	             NaN	             NaN	             NaN	             NaN	             NaN	   4.4159298e-02	   6.5862352e-02	   6.5623777e-02	   1.0028828e-01	   7.3714965e-02	   8.9763272e-02	   5.4663978e-02	   7.5429444e-02	   6.4198666e-02	   7.1863947e-02	   5.7874815e-02	   6.0553256e-02	   4.9862324e-02	   4.3321106e-02	   5.1027285e-02	   5.7274109e-02	   4.3966661e-02	   5.3797621e-02	   3.9529208e-02	   4.9918006e-02	   4.0930257e-02	
   0.0000000e+00	   0.0000000e+00	   0.0000000e+00	   0.0000000e+00	   0.0000000e+00	   0.0000000e+00	   0.0000000e+00	             NaN	             NaN	             NaN	             NaN	             NaN	   6.4457200e-02	   4.5523456e-02	   9.9953632e-02	   7.7659879e-02	   6.1934885e-02	   6.7864195e-02	   8.4881099e-02	   6.6309518e-02	   7.4829665e-02	   7.0858717e-02	   6.7382464e-02	   4.8811462e-02	   5.8468200e-02	   4.4810789e-02	   4.9862641e-02	   4.5922028e-02	   5.0611385e-02	   4.2608273e-02	   4.7894629e-02	   3.6633574e-02	   3.6851667e-02	
   0.0000000e+00	   0.0000000e+00	   0.0000000e+00	   0.0000000e+00	   0.0000000e+00	   0.0000000e+00	   0.0000000e+00	             NaN	             NaN	             NaN	             NaN	             NaN	   7.2914793e-02	   9.3231012e-02	   6.9182075e-02	   1.0580619e-01	   7.9070162e-02	   5.4268388e-02	   8.4860264e-02	   6.0938749e-02	   7.1910445e-02	   6.1505144e-02	   7.0890201e-02	   3.6618423e-02	   4.9739603e-02	   5.1876367e-02	   4.9878624e-02	   4.6822568e-02	   6.8828262e-02	   3.7619099e-02	   5.1517574e-02	   5.1525455e-02	   3.5721353e-02	
   0.0000000e+00	   0.0000000e+00	   0.0000000e+00	   0.0000000e+00	   0.0000000e+00	   0.0000000e+00	   0.0000000e+00	             NaN	             NaN	             NaN	             NaN	             NaN	             NaN	   7.7370073e-02	   9.5745581e-02	   7.5760038e-02	   9.2828325e-02	   7.8776324e-02	   7.5432307e-02	   6.4891600e-02	   6.8610889e-02	   4.8053203e-02	   5.0966726e-02	   4.0623867e-02	   3.8156536e-02	   5.2458507e-02	   4.8787954e-02	   4.0035401e-02	   3.7940868e-02	   4.7583047e-02	   3.9838729e-02	   4.1746727e-02	   4.1090963e-02	
   0.0000000e+00	   0.0000000e+00	   0.0000000e+00	   0.0000000e+00	   0.0000000e+00	   0.0000000e+00	   0.0000000e+00	             NaN	             NaN	             NaN	             NaN	             NaN	             NaN	   8.7916619e-02	   8.1925688e-02	   5.2264371e-02	   8.3211931e-02	   8.3110886e-02	   6.5458893e-02	   7.4648511e-02	   4.1904926e-02	   4.3030123e-02	   2.8987167e-02	   4.4592302e-02	   4.1716103e-02	   4.8544201e-02	   5.5868374e-02	   3.3258102e-02	   3.5113493e-02	   5.2282432e-02	   4.5100552e-02	   3.9844301e-02	   3.2455934e-02	
   0.0000000e+00	   0.0000000e+00	   0.0000000e+00	   0.0000000e+00	   0.0000000e+00	   0.0000000e+00	   0.0000000e+00	   0.0000000e+00	             NaN	             NaN	             NaN	             NaN	             NaN	   6.9024690e-02	   3.0386273e-02	   8.4292797e-02	   6.4474528e-02	   7.1837991e-02	   6.2671109e-02	   8.7987436e-02	   5.6185468e-02	   5.6608565e-02	   4.5732350e-02	   4.5179920e-02	   4.9025296e-02	   5.3666180e-02	   4.3200318e-02	   4.0683746e-02	   4.6777801e-02	   4.0893540e-02	   3.7334176e-02	   3.4204134e-02	   3.0643189e-02	
   0.0000000e+00	   0.0000000e+00	   0.0000000e+00	   0.0000000e+00	   0.0000000e+00	   0.0000000e+00	   0.0000000e+00	   0.0000000e+00	             NaN	             NaN	             NaN	             NaN	             NaN	   4.3010363e-02	   9.0736822e-02	   5.3718631e-02	   5.1559397e-02	   6.0431350e-02	   6.0302453e-02	   6.1919283e-02	   4.9511825e-02	   5.1396239e-02	   5.4579469e-02	   5.7069988e-02	   3.8778650e-02	   5.7157229e-02	   3.6337039e-02	   3.1530627e-02	   4.6922289e-02	   3.3055154e-02	   4.5475751e-02	   4.3039178e-02	   3.4903612e-02	
   0.0000000e+00	   0.0000000e+00	   0.0000000e+00	   0.0000000e+00	   0.0000000e+00	   0.0000000e+00	   0.0000000e+00	   0.0000000e+00	             NaN	             NaN	             NaN	             NaN	             NaN	   6.9786860e-02	   5.7116594e-02	   7.0097473e-02	   6.4431107e-02	   5.1326014e-02	   6.9371620e-02	   5.5780036e-02	   5.8732661e-02	   4.8330400e-02	   6.0435935e-02	   4.6569431e-02	   4.5585770e-02	   3.4553433e-02	   4.9421422e-02	   3.7708347e-02	   5.2067471e-02	   4.2709634e-02	   3.3873574e-02	   4.1128513e-02	   4.1259922e-02	
   0.0000000e+00	   0.0000000e+00	   0.0000000e+00	   0.0000000e+00	   0.0000000e+00	   0.0000000e+00	   0.0000000e+00	   0.0000000e+00	             NaN	             NaN	             NaN	             NaN	             NaN	             NaN	   2.5597827e-02	   7.7501685e-02	   6.7638671e-02	   5.6382118e-02	   7.6527430e-02	   5.2702405e-02	   6.4217356e-02	   4.3750761e-02	   5.0535113e-02	   3.7470289e-02	   3.0905457e-02	   3.4341070e-02	   3.4359605e-02	   3.5381886e-02	   4.9957656e-02	   4.6466592e-02	   3.6839561e-02	   3.1681692e-02	   3.5691833e-02	
   0.0000000e+00	   0.0000000e+00	   0.0000000e+00	   0.0000000e+00	   0.0000000e+00	   0.0000000e+00	   0.0000000e+00	   0.0000000e+00	             NaN	             NaN	             NaN	             NaN	             NaN	             NaN	   4.7798177e-02	   7.4663586e-02	   6.2999701e-02	   7.5758924e-02	   6.5045763e-02	   5.9074990e-02	   5.4647409e-02	   4.6360539e-02	   6.0345211e-02	   3.7006673e-02	   4.8490108e-02	   5.0216457e-02	   3.4769711e-02	   3.3003759e-02	   3.5344343e-02	   4.0748537e-02	   2.5295266e-02	   4.8125443e-02	   2.9376178e-02	
   0.0000000e+00	   0.0000000e+00	   0.0000000e+00	   0.0000000e+00	   0.0000000e+00	   0.0000000e+00	   0.0000000e+00	   0.0000000e+00	   0.0000000e+00	             NaN	             NaN	             NaN	             NaN	             NaN	   4.9810385e-02	   7.2952084e-02	   5.7721698e-02	   6.7050863e-02	   6.0635793e-02	   5.8320950e-02	   4.5000700e-02	   2.2630617e-02	   3.5438865e-02	   2.9558421e-02	   2.6475009e-02	   4.0131679e-02	   2.9046076e-02	   3.1070358e-02	   3.9381989e-02	   3.9253479e-02	   3.5352608e-02	   4.3027487e-02	   4.2722110e-02	
   0.0000000e+00	   0.0000000e+00	   0.0000000e+00	   0.0000000e+00	   0.0000000e+00	   0.0000000e+00	   0.0000000e+00	   0.0000000e+00	   0.0000000e+00	             NaN	             NaN	             NaN	             NaN	             NaN	   4.3404826e-02	   5.8342743e-02	   6.2154102e-02	   2.8646885e-02	   1.0349409e-01	   4.9488281e-02	   5.1717852e-02	   7.0054803e-02	   5.0838325e-02	   5.6188310e-02	   6.7288042e-02	   2.2786982e-02	   3.6967512e-02	   2.3313095e-02	   4.9314122e-02	   3.3829355e-02	   4.4512859e-02	   3.5317013e-02	   3.3140871e-02	
   0.0000000e+00	   0.0000000e+00	   0.0000000e+00	   0.0000000e+00	   0.0000000e+00	   0.0000000e+00	   0.0000000e+00	   0.0000000e+00	   0.0000000e+00	             NaN	             NaN	             NaN	             NaN	             NaN	   4.4495518e-02	   6.2820081e-02	   3.7284178e-02	   3.9645959e-02	   5.5177260e-02	   3.6622986e-02	   5.3447936e-02	   3.1251487e-02	   5.0049563e-02	   2.8985332e-02	   4.2051262e-02	   3.9691551e-02	   3.7561354e-02	   3.3424783e-02	   2.9188306e-02	   2.4951168e-02	   3.3831246e-02	   2.8019555e-02	   3.2297200e-02	
   0.0000000e+00	   0.0000000e+00	   0.0000000e+00	   0.0000000e+00	   0.0000000e+00	   0.0000000e+00	   0.0000000e+00	   0.0000000e+00	   0.0000000e+00	             NaN	             NaN	             NaN	             NaN	             NaN	             NaN	   8.8912714e-02	   7.6565556e-02	   8.8706185e-02	   4.8216813e-02	   4.2377337e-02	   3.9487002e-02	   4.2076876e-02	   2.4333896e-02	   3.7382682e-02	   3.7289551e-02	   2.9900388e-02	   4.6931582e-02	   3.8696281e-02	   4.0910431e-02	   3.3980860e-02	   3.6157410e-02	   3.8361238e-02	   3.9579935e-02	
   0.0000000e+00	   0.0000000e+00	   0.0000000e+00	   0.0000000e+00	   0.0000000e+00	   0.0000000e+00	   0.0000000e+00	   0.0000000e+00	   0.0000000e+00	             NaN	             NaN	             NaN	             NaN	             NaN	             NaN	   4.7897947e-02	   5.5432300e-02	   4.1694325e-02	   5.7133167e-02	   3.6913848e-02	   4.1132261e-02	   3.7951147e-02	   3.7710878e-02	   3.5918076e-02	   4.1200645e-02	   5.3644727e-02	   3.0922320e-02	   2.1652663e-02	   2.3146812e-02	   2.5300431e-02	   3.4368372e-02	   3.1956495e-02	   3.6713004e-02	
   0.0000000e+00	   0.0000000e+00	   0.0000000e+00	   0.0000000e+00	   0.0000000e+00	   0.0000000e+00	   0.0000000e+00	   0.0000000e+00	   0.0000000e+00	   0.0000000e+00	             NaN	             NaN	             NaN	             NaN	             NaN	   5.7765173e-02	   6.1502697e-02	   5.8370626e-02	   4.3120380e-02	   4.6343031e-02	   4.7878091e-02	   5.6342486e-02	   2.8843891e-02	   4.5084890e-02	   4.1829812e-02	   3.2882023e-02	   4.4720354e-02	   2.8739741e-02	   2.4114940e-02	   2.2966905e-02	   2.0940263e-02	   3.1611373e-02	   2.1980899e-02	
