  -8.3677381e-01	  -2.3230224e+00	  -1.6193870e+00	             NaN	             NaN	             NaN	             NaN	             NaN	             NaN	             NaN	             NaN	             NaN	             NaN	             NaN	   0.0000000e+00	   0.0000000e+00	   0.0000000e+00	   0.0000000e+00	   0.0000000e+00	   0.0000000e+00	   0.0000000e+00	   0.0000000e+00	   0.0000000e+00	   0.0000000e+00	   0.0000000e+00	   0.0000000e+00	   0.0000000e+00	   0.0000000e+00	   0.0000000e+00	   0.0000000e+00	   0.0000000e+00	   0.0000000e+00	   0.0000000e+00	
  -2.0700994e+00	   3.6088549e-01	  -1.0498366e+00	             NaN	             NaN	             NaN	             NaN	             NaN	             NaN	             NaN	             NaN	             NaN	             NaN	             NaN	   0.0000000e+00	   0.0000000e+00	   0.0000000e+00	   0.0000000e+00	   0.0000000e+00	   0.0000000e+00	   0.0000000e+00	   0.0000000e+00	   0.0000000e+00	   0.0000000e+00	   0.0000000e+00	   0.0000000e+00	   0.0000000e+00	   0.0000000e+00	   0.0000000e+00	   0.0000000e+00	   0.0000000e+00	   0.0000000e+00	   0.0000000e+00	
   1.1034407e+00	   8.1121451e-01	  -7.2068818e-01	             NaN	             NaN	             NaN	             NaN	             NaN	             NaN	             NaN	             NaN	             NaN	             NaN	             NaN	   0.0000000e+00	   0.0000000e+00	   0.0000000e+00	   0.0000000e+00	   0.0000000e+00	   0.0000000e+00	   0.0000000e+00	   0.0000000e+00	   0.0000000e+00	   0.0000000e+00	   0.0000000e+00	   0.0000000e+00	   0.0000000e+00	   0.0000000e+00	   0.0000000e+00	   0.0000000e+00	   0.0000000e+00	   0.0000000e+00	   0.0000000e+00	
   8.8222352e-01	  -4.4986179e-01	  -2.6475008e-01	   1.1736686e+00	             NaN	             NaN	             NaN	             NaN	             NaN	             NaN	             NaN	             NaN	             NaN	             NaN	             NaN	   0.0000000e+00	   0.0000000e+00	   0.0000000e+00	   0.0000000e+00	   0.0000000e+00	   0.0000000e+00	   0.0000000e+00	   0.0000000e+00	   0.0000000e+00	   0.0000000e+00	   0.0000000e+00	   0.0000000e+00	   0.0000000e+00	   0.0000000e+00	   0.0000000e+00	   0.0000000e+00	   0.0000000e+00	   0.0000000e+00	
   3.7315939e+00	   9.9677185e-01	   2.3059456e+00	   2.3965240e+00	             NaN	             NaN	             NaN	             NaN	             NaN	             NaN	             NaN	             NaN	             NaN	             NaN	             NaN	   0.0000000e+00	   0.0000000e+00	   0.0000000e+00	   0.0000000e+00	   0.0000000e+00	   0.0000000e+00	   0.0000000e+00	   0.0000000e+00	   0.0000000e+00	   0.0000000e+00	   0.0000000e+00	   0.0000000e+00	   0.0000000e+00	   0.0000000e+00	   0.0000000e+00	   0.0000000e+00	   0.0000000e+00	   0.0000000e+00	
   2.4775915e+00	   2.2045031e+00	   1.8170167e+00	   2.0155471e+00	   3.2344360e+00	             NaN	             NaN	             NaN	             NaN	             NaN	             NaN	             NaN	             NaN	             NaN	             NaN	             NaN	   0.0000000e+00	   0.0000000e+00	   0.0000000e+00	   0.0000000e+00	   0.0000000e+00	   0.0000000e+00	   0.0000000e+00	   0.0000000e+00	   0.0000000e+00	   0.0000000e+00	   0.0000000e+00	   0.0000000e+00	   0.0000000e+00	   0.0000000e+00	   0.0000000e+00	   0.0000000e+00	   0.0000000e+00	
   1.7889728e+00	  -3.4888209e-01	   2.4412853e+00	   2.2389562e+00	   3.2357413e+00	             NaN	             NaN	             NaN	             NaN	             NaN	             NaN	             NaN	             NaN	             NaN	             NaN	             NaN	   0.0000000e+00	   0.0000000e+00	   0.0000000e+00	   0.0000000e+00	   0.0000000e+00	   0.0000000e+00	   0.0000000e+00	   0.0000000e+00	   0.0000000e+00	   0.0000000e+00	   0.0000000e+00	   0.0000000e+00	   0.0000000e+00	   0.0000000e+00	   0.0000000e+00	   0.0000000e+00	   0.0000000e+00	
   1.9316851e+00	   1.9827513e+00	   2.1091490e+00	   2.9432070e+00	   3.5771923e+00	             NaN	             NaN	             NaN	             NaN	             NaN	             NaN	             NaN	             NaN	             NaN	             NaN	             NaN	   0.0000000e+00	   0.0000000e+00	   0.0000000e+00	   0.0000000e+00	   0.0000000e+00	   0.0000000e+00	   0.0000000e+00	   0.0000000e+00	   0.0000000e+00	   0.0000000e+00	   0.0000000e+00	   0.0000000e+00	   0.0000000e+00	   0.0000000e+00	   0.0000000e+00	   0.0000000e+00	   0.0000000e+00	
   3.3392885e+00	   3.2982378e+00	   2.7386365e+00	   3.5467390e+00	   3.5241384e+00	   4.7430362e+00	             NaN	             NaN	             NaN	             NaN	             NaN	             NaN	             NaN	             NaN	             NaN	             NaN	             NaN	   0.0000000e+00	   0.0000000e+00	   0.0000000e+00	   0.0000000e+00	   0.0000000e+00	   0.0000000e+00	   0.0000000e+00	   0.0000000e+00	   0.0000000e+00	   0.0000000e+00	   0.0000000e+00	   0.0000000e+00	   0.0000000e+00	   0.0000000e+00	   0.0000000e+00	   0.0000000e+00	
   3.4098206e+00	   2.7446463e+00	   2.6909291e+00	   2.9075682e+00	   3.9027556e+00	   4.6287475e+00	             NaN	             NaN	             NaN	             NaN	             NaN	             NaN	             NaN	             NaN	             NaN	             NaN	             NaN	   0.0000000e+00	   0.0000000e+00	   0.0000000e+00	   0.0000000e+00	   0.0000000e+00	   0.0000000e+00	   0.0000000e+00	   0.0000000e+00	   0.0000000e+00	   0.0000000e+00	   0.0000000e+00	   0.0000000e+00	   0.0000000e+00	   0.0000000e+00	   0.0000000e+00	   0.0000000e+00	
   1.2976615e+00	   1.9502774e+00	   3.2030076e+00	   3.2880267e+00	   4.3379220e+00	   4.5423577e+00	   5.1742099e+00	             NaN	             NaN	             NaN	             NaN	             NaN	             NaN	             NaN	             NaN	             NaN	             NaN	             NaN	   0.0000000e+00	   0.0000000e+00	   0.0000000e+00	   0.0000000e+00	   0.0000000e+00	   0.0000000e+00	   0.0000000e+00	   0.0000000e+00	   0.0000000e+00	   0.0000000e+00	   0.0000000e+00	   0.0000000e+00	   0.0000000e+00	   0.0000000e+00	   0.0000000e+00	
   3.1970409e+00	   2.6942245e+00	   2.9261300e+00	   3.4094155e+00	   3.9788586e+00	   4.6562706e+00	   5.0927673e+00	             NaN	             NaN	             NaN	             NaN	             NaN	             NaN	             NaN	             NaN	             NaN	             NaN	             NaN	   0.0000000e+00	   0.0000000e+00	   0.0000000e+00	   0.0000000e+00	   0.0000000e+00	   0.0000000e+00	   0.0000000e+00	   0.0000000e+00	   0.0000000e+00	   0.0000000e+00	   0.0000000e+00	   0.0000000e+00	   0.0000000e+00	   0.0000000e+00	   0.0000000e+00	
   2.7841411e+00	   3.3948407e+00	   3.1915462e+00	   3.5319440e+00	   4.1642444e+00	   4.4974464e+00	   5.2379528e+00	             NaN	             NaN	             NaN	             NaN	             NaN	             NaN	             NaN	             NaN	             NaN	             NaN	             NaN	   0.0000000e+00	   0.0000000e+00	   0.0000000e+00	   0.0000000e+00	   0.0000000e+00	   0.0000000e+00	   0.0000000e+00	   0.0000000e+00	   0.0000000e+00	   0.0000000e+00	   0.0000000e+00	   0.0000000e+00	   0.0000000e+00	   0.0000000e+00	   0.0000000e+00	
   4.1707645e+00	   3.2552063e+00	   3.5236605e+00	   3.9190716e+00	   4.0403055e+00	   4.6956297e+00	   5.0978937e+00	   5.2528114e+00	             NaN	             NaN	             NaN	             NaN	             NaN	             NaN	             NaN	             NaN	             NaN	             NaN	             NaN	   0.0000000e+00	   0.0000000e+00	   0.0000000e+00	   0.0000000e+00	   0.0000000e+00	   0.0000000e+00	   0.0000000e+00	   0.0000000e+00	   0.0000000e+00	   0.0000000e+00	   0.0000000e+00	   0.0000000e+00	   0.0000000e+00	   0.0000000e+00	
   3.4665657e+00	   2.7114652e+00	   3.3747561e+00	   4.0700075e+00	   4.3595334e+00	   4.5688788e+00	   5.0029390e+00	   5.2644445e+00	             NaN	             NaN	             NaN	             NaN	             NaN	             NaN	             NaN	             NaN	             NaN	             NaN	             NaN	   0.0000000e+00	   0.0000000e+00	   0.0000000e+00	   0.0000000e+00	   0.0000000e+00	   0.0000000e+00	   0.0000000e+00	   0.0000000e+00	   0.0000000e+00	   0.0000000e+00	   0.0000000e+00	   0.0000000e+00	   0.0000000e+00	   0.0000000e+00	
   3.1559707e+00	   3.5383260e+00	   3.6767125e+00	   3.9582224e+00	   4.5368124e+00	   4.2910022e+00	   4.9657751e+00	   4.9775131e+00	   4.4837813e+00	             NaN	             NaN	             NaN	             NaN	             NaN	             NaN	             NaN	             NaN	             NaN	             NaN	             NaN	   0.0000000e+00	   0.0000000e+00	   0.0000000e+00	   0.0000000e+00	   0.0000000e+00	   0.0000000e+00	   0.0000000e+00	   0.0000000e+00	   0.0000000e+00	   0.0000000e+00	   0.0000000e+00	   0.0000000e+00	   0.0000000e+00	
   3.3781227e+00	   2.9680123e+00	   3.2947366e+00	   3.8091583e+00	   4.1491087e+00	   4.5694143e+00	   4.8864749e+00	   4.9411104e+00	   4.4014019e+00	             NaN	             NaN	             NaN	             NaN	             NaN	             NaN	             NaN	             NaN	             NaN	             NaN	             NaN	   0.0000000e+00	   0.0000000e+00	   0.0000000e+00	   0.0000000e+00	   0.0000000e+00	   0.0000000e+00	   0.0000000e+00	   0.0000000e+00	   0.0000000e+00	   0.0000000e+00	   0.0000000e+00	   0.0000000e+00	   0.0000000e+00	
   3.1013323e+00	   3.3014352e+00	   3.6976857e+00	   3.6089150e+00	   4.0624214e+00	   4.5799480e+00	   4.7273638e+00	   5.0229307e+00	   4.4776441e+00	             NaN	             NaN	             NaN	             NaN	             NaN	             NaN	             NaN	             NaN	             NaN	             NaN	             NaN	   0.0000000e+00	   0.0000000e+00	   0.0000000e+00	   0.0000000e+00	   0.0000000e+00	   0.0000000e+00	   0.0000000e+00	   0.0000000e+00	   0.0000000e+00	   0.0000000e+00	   0.0000000e+00	   0.0000000e+00	   0.0000000e+00	
   3.1811590e+00	   2.9855900e+00	   3.6663118e+00	   4.0661771e+00	   4.1339352e+00	   4.4528501e+00	   4.7643395e+00	   4.8468262e+00	   4.2101926e+00	   3.5480920e+00	             NaN	             NaN	             NaN	             NaN	             NaN	             NaN	             NaN	             NaN	             NaN	             NaN	             NaN	   0.0000000e+00	   0.0000000e+00	   0.0000000e+00	   0.0000000e+00	   0.0000000e+00	   0.0000000e+00	   0.0000000e+00	   0.0000000e+00	   0.0000000e+00	   0.0000000e+00	   0.0000000e+00	   0.0000000e+00	
   3.8229071e+00	   3.0728920e+00	   4.0600057e+00	   4.0900485e+00	   4.1858666e+00	   4.4414987e+00	   4.6227946e+00	   4.4706154e+00	   4.3297327e+00	   3.4537604e+00	             NaN	             NaN	             NaN	             NaN	             NaN	             NaN	             NaN	             NaN	             NaN	             NaN	             NaN	   0.0000000e+00	   0.0000000e+00	   0.0000000e+00	   0.0000000e+00	   0.0000000e+00	   0.0000000e+00	   0.0000000e+00	   0.0000000e+00	   0.0000000e+00	   0.0000000e+00	   0.0000000e+00	   0.0000000e+00	
   2.8928400e+00	   3.3783957e+00	   3.5405747e+00	   3.6004304e+00	   4.0323560e+00	   4.1476980e+00	   4.4947697e+00	   4.4501556e+00	   4.1336921e+00	   3.3835947e+00	   2.9184831e+00	             NaN	             NaN	             NaN	             NaN	             NaN	             NaN	             NaN	             NaN	             NaN	             NaN	             NaN	   0.0000000e+00	   0.0000000e+00	   0.0000000e+00	   0.0000000e+00	   0.0000000e+00	   0.0000000e+00	   0.0000000e+00	   0.0000000e+00	   0.0000000e+00	   0.0000000e+00	   0.0000000e+00	
   2.8810975e+00	   3.1667827e+00	   3.3690322e+00	   3.4365137e+00	   3.7110619e+00	   4.1808201e+00	   4.2654201e+00	   4.2725544e+00	   4.1462816e+00	   3.2432604e+00	   2.7224873e+00	             NaN	             NaN	             NaN	             NaN	             NaN	             NaN	             NaN	             NaN	             NaN	             NaN	             NaN	   0.0000000e+00	   0.0000000e+00	   0.0000000e+00	   0.0000000e+00	   0.0000000e+00	   0.0000000e+00	   0.0000000e+00	   0.0000000e+00	   0.0000000e+00	   0.0000000e+00	   0.0000000e+00	
   3.8310803e+00	   3.0426019e+00	   3.3966711e+00	   3.7682366e+00	   3.6854897e+00	   4.1356086e+00	   4.2415007e+00	   4.3185947e+00	   3.9515520e+00	   3.4234028e+00	   2.7572541e+00	             NaN	             NaN	             NaN	             NaN	             NaN	             NaN	             NaN	             NaN	             NaN	             NaN	             NaN	   0.0000000e+00	   0.0000000e+00	   0.0000000e+00	   0.0000000e+00	   0.0000000e+00	   0.0000000e+00	   0.0000000e+00	   0.0000000e+00	   0.0000000e+00	   0.0000000e+00	   0.0000000e+00	
   3.9316506e+00	   3.8456751e+00	   3.3343388e+00	   3.5367147e+00	   3.6433009e+00	   3.9173457e+00	   3.9826580e+00	   4.1155765e+00	   3.8411205e+00	   3.3283550e+00	   2.6854108e+00	   2.3293819e+00	             NaN	             NaN	             NaN	             NaN	             NaN	             NaN	             NaN	             NaN	             NaN	             NaN	             NaN	   0.0000000e+00	   0.0000000e+00	   0.0000000e+00	   0.0000000e+00	   0.0000000e+00	   0.0000000e+00	   0.0000000e+00	   0.0000000e+00	   0.0000000e+00	   0.0000000e+00	
   4.0876180e+00	   2.8902032e+00	   3.1467885e+00	   3.7673996e+00	   3.6844301e+00	   3.8908066e+00	   4.1275440e+00	   4.1286542e+00	   3.7171948e+00	   3.1647610e+00	   2.6621284e+00	   2.1288456e+00	             NaN	             NaN	             NaN	             NaN	             NaN	             NaN	             NaN	             NaN	             NaN	             NaN	             NaN	   0.0000000e+00	   0.0000000e+00	   0.0000000e+00	   0.0000000e+00	   0.0000000e+00	   0.0000000e+00	   0.0000000e+00	   0.0000000e+00	   0.0000000e+00	   0.0000000e+00	
   3.6516993e+00	   3.2733997e+00	   3.2644486e+00	   3.2486703e+00	   3.5565228e+00	   3.7997119e+00	   3.8451405e+00	   3.7929859e+00	   3.6082926e+00	   3.2665734e+00	   2.5970716e+00	   2.1654222e+00	   2.2990081e+00	             NaN	             NaN	             NaN	             NaN	             NaN	             NaN	             NaN	             NaN	             NaN	             NaN	             NaN	   0.0000000e+00	   0.0000000e+00	   0.0000000e+00	   0.0000000e+00	   0.0000000e+00	   0.0000000e+00	   0.0000000e+00	   0.0000000e+00	   0.0000000e+00	
   3.6494266e+00	   3.1698366e+00	   3.2337979e+00	   3.2718262e+00	   3.6938113e+00	   3.5886351e+00	   3.8004117e+00	   3.5363434e+00	   3.5937280e+00	   3.2482739e+00	   2.6607767e+00	   2.2034684e+00	   1.9779918e+00	             NaN	             NaN	             NaN	             NaN	             NaN	             NaN	             NaN	             NaN	             NaN	             NaN	             NaN	   0.0000000e+00	   0.0000000e+00	   0.0000000e+00	   0.0000000e+00	   0.0000000e+00	   0.0000000e+00	   0.0000000e+00	   0.0000000e+00	   0.0000000e+00	
   3.5431731e+00	   3.2929733e+00	   2.9600904e+00	   3.0310997e+00	   3.4431594e+00	   3.4907626e+00	   3.6418068e+00	   3.5622422e+00	   3.4023273e+00	   3.0278651e+00	   2.6815781e+00	   2.1534341e+00	   1.7052512e+00	             NaN	             NaN	             NaN	             NaN	             NaN	             NaN	             NaN	             NaN	             NaN	             NaN	             NaN	   0.0000000e+00	   0.0000000e+00	   0.0000000e+00	   0.0000000e+00	   0.0000000e+00	   0.0000000e+00	   0.0000000e+00	   0.0000000e+00	   0.0000000e+00	
   3.4490510e+00	   2.9177071e+00	   2.9629171e+00	   3.1143738e+00	   3.1355683e+00	   3.3733642e+00	   3.4753200e+00	   3.5872108e+00	   3.4319891e+00	   3.0483555e+00	   2.5965254e+00	   2.1995511e+00	   1.7520305e+00	   1.6095075e+00	             NaN	             NaN	             NaN	             NaN	             NaN	             NaN	             NaN	             NaN	             NaN	             NaN	             NaN	   0.0000000e+00	   0.0000000e+00	   0.0000000e+00	   0.0000000e+00	   0.0000000e+00	   0.0000000e+00	   0.0000000e+00	   0.0000000e+00	
   3.5582429e+00	   3.6423434e+00	   3.1150596e+00	   2.9346351e+00	   3.2790603e+00	   3.1659541e+00	   3.3809420e+00	   3.2316660e+00	   3.1592957e+00	   3.0029847e+00	   2.6001616e+00	   2.1411847e+00	   1.8579157e+00	   1.5076558e+00	             NaN	             NaN	             NaN	             NaN	             NaN	             NaN	             NaN	             NaN	             NaN	             NaN	             NaN	   0.0000000e+00	   0.0000000e+00	   0.0000000e+00	   0.0000000e+00	   0.0000000e+00	   0.0000000e+00	   0.0000000e+00	   0.0000000e+00	
   3.1146632e+00	   3.0539058e+00	   2.7665756e+00	   2.9198080e+00	   2.9031742e+00	   2.9982641e+00	   3.1371739e+00	   3.0989917e+00	   3.0529672e+00	   2.9155300e+00	   2.5100020e+00	   2.1450976e+00	   1.7139089e+00	   1.5022997e+00	   1.5568843e+00	             NaN	             NaN	             NaN	             NaN	             NaN	             NaN	             NaN	             NaN	             NaN	             NaN	             NaN	   0.0000000e+00	   0.0000000e+00	   0.0000000e+00	   0.0000000e+00	   0.0000000e+00	   0.0000000e+00	   0.0000000e+00	
   3.2638711e+00	   3.2242126e+00	   2.9273156e+00	   3.0299716e+00	   3.0385949e+00	   3.0429793e+00	   3.2163837e+00	   3.0333035e+00	   3.1020211e+00	   2.9025102e+00	   2.5893279e+00	   2.1591720e+00	   1.8431264e+00	   1.5672827e+00	   1.4543340e+00	             NaN	             NaN	             NaN	             NaN	             NaN	             NaN	             NaN	             NaN	             NaN	             NaN	             NaN	   0.0000000e+00	   0.0000000e+00	   0.0000000e+00	   0.0000000e+00	   0.0000000e+00	   0.0000000e+00	   0.0000000e+00	
   4.3427426e+00	   3.0034204e+00	   2.8792617e+00	   3.0144758e+00	   2.9702578e+00	   3.0316286e+00	   2.9852669e+00	   3.1981483e+00	   2.9584579e+00	   2.7637407e+00	   2.5868805e+00	   2.1732048e+00	   1.9023496e+00	   1.5981597e+00	   1.5609564e+00	             NaN	             NaN	             NaN	             NaN	             NaN	             NaN	             NaN	             NaN	             NaN	             NaN	             NaN	   0.0000000e+00	   0.0000000e+00	   0.0000000e+00	   0.0000000e+00	   0.0000000e+00	   0.0000000e+00	   0.0000000e+00	
   2.4765735e+00	   2.9357560e+00	   2.9163007e+00	   2.8411960e+00	   2.8052359e+00	   3.0614843e+00	   3.1228298e+00	   3.0081258e+00	   2.9591873e+00	   2.7868565e+00	   2.6336654e+00	   2.2689317e+00	   1.9499353e+00	   1.6821411e+00	   1.5608378e+00	   1.4892380e+00	             NaN	             NaN	             NaN	             NaN	             NaN	             NaN	             NaN	             NaN	             NaN	             NaN	             NaN	   0.0000000e+00	   0.0000000e+00	   0.0000000e+00	   0.0000000e+00	   0.0000000e+00	   0.0000000e+00	
   3.2999739e+00	   3.1395992e+00	   2.8529081e+00	   3.1421235e+00	   2.9584864e+00	   2.9696206e+00	   2.9757480e+00	   2.9443732e+00	   2.8954131e+00	   2.7574496e+00	   2.5679051e+00	   2.2741528e+00	   1.9064178e+00	   1.7572081e+00	   1.5200115e+00	   1.6598639e+00	             NaN	             NaN	             NaN	             NaN	             NaN	             NaN	             NaN	             NaN	             NaN	             NaN	             NaN	   0.0000000e+00	   0.0000000e+00	   0.0000000e+00	   0.0000000e+00	   0.0000000e+00	   0.0000000e+00	
   3.9250967e+00	   2.9093351e+00	   3.2564994e+00	   3.1281240e+00	   2.9978156e+00	   2.8321920e+00	   2.8988382e+00	   2.8838653e+00	   2.8130861e+00	   2.6453111e+00	   2.5343025e+00	   2.2078017e+00	   1.9933042e+00	   1.8034439e+00	   1.5859789e+00	   1.5573119e+00	   9.7678213e-01	             NaN	             NaN	             NaN	             NaN	             NaN	             NaN	             NaN	             NaN	             NaN	             NaN	             NaN	   0.0000000e+00	   0.0000000e+00	   0.0000000e+00	   0.0000000e+00	   0.0000000e+00	
   3.0062129e+00	   2.5915344e+00	   2.8737378e+00	   3.1247101e+00	   2.8588160e+00	   2.6598222e+00	   2.7497405e+00	   2.7221710e+00	   2.8636869e+00	   2.6083827e+00	   2.4609546e+00	   2.3146559e+00	   2.0647111e+00	   1.8256094e+00	   1.5981445e+00	   1.4184293e+00	   1.3543211e+00	             NaN	             NaN	             NaN	             NaN	             NaN	             NaN	             NaN	             NaN	             NaN	             NaN	             NaN	   0.0000000e+00	   0.0000000e+00	   0.0000000e+00	   0.0000000e+00	   0.0000000e+00	
   3.8546209e+00	   3.8718051e+00	   3.4706151e+00	   3.1547205e+00	   2.8022671e+00	   2.6164388e+00	   2.8241974e+00	   2.8188357e+00	   2.7007418e+00	   2.6236128e+00	   2.4853093e+00	   2.2626504e+00	   2.1114621e+00	   1.8347805e+00	   1.6769211e+00	   1.4349165e+00	   1.5900052e+00	             NaN	             NaN	             NaN	             NaN	             NaN	             NaN	             NaN	             NaN	             NaN	             NaN	             NaN	   0.0000000e+00	   0.0000000e+00	   0.0000000e+00	   0.0000000e+00	   0.0000000e+00	
   3.2680943e+00	   3.1384491e+00	   2.5361592e+00	   2.6530100e+00	   2.7564777e+00	   2.7696009e+00	   2.7264113e+00	   2.7346668e+00	   2.7345463e+00	   2.6558688e+00	   2.5204982e+00	   2.2766229e+00	   2.0587484e+00	   1.9405207e+00	   1.7480888e+00	   1.5359333e+00	   1.4872089e+00	   1.0640408e+00	             NaN	             NaN	             NaN	             NaN	             NaN	             NaN	             NaN	             NaN	             NaN	             NaN	             NaN	   0.0000000e+00	   0.0000000e+00	   0.0000000e+00	   0.0000000e+00	
   3.6216051e+00	   3.5177922e+00	   3.0359145e+00	   2.9241699e+00	   2.6670023e+00	   2.7278658e+00	   2.6030936e+00	   2.7145650e+00	   2.5854742e+00	   2.4434723e+00	   2.4069438e+00	   2.2684163e+00	   2.1294636e+00	   1.9950766e+00	   1.7478267e+00	   1.5728019e+00	   1.4903962e+00	   1.2278802e+00	             NaN	             NaN	             NaN	             NaN	             NaN	             NaN	             NaN	             NaN	             NaN	             NaN	             NaN	   0.0000000e+00	   0.0000000e+00	   0.0000000e+00	   0.0000000e+00	
   3.6312182e+00	   2.7874184e+00	   3.1532287e+00	   2.8335506e+00	   2.7840253e+00	   2.4663107e+00	   2.6176428e+00	   2.5138764e+00	   2.5371832e+00	   2.5208668e+00	   2.3970099e+00	   2.3155462e+00	   2.1358636e+00	   1.9167510e+00	   1.7768910e+00	   1.5470712e+00	   1.4264471e+00	   1.4140196e+00	   6.4002463e-01	             NaN	             NaN	             NaN	             NaN	             NaN	             NaN	             NaN	             NaN	             NaN	             NaN	             NaN	   0.0000000e+00	   0.0000000e+00	   0.0000000e+00	
   2.9089885e+00	   3.0908438e+00	   2.7485088e+00	   2.6705103e+00	   2.6833713e+00	   2.5906066e+00	   2.4586781e+00	   2.5398585e+00	   2.5598266e+00	   2.4912862e+00	   2.3693118e+00	   2.1925188e+00	   2.0611464e+00	   1.9671090e+00	   1.8101468e+00	   1.6524966e+00	   1.4431530e+00	   1.4134653e+00	   9.3368517e-01	             NaN	             NaN	             NaN	             NaN	             NaN	             NaN	             NaN	             NaN	             NaN	             NaN	             NaN	   0.0000000e+00	   0.0000000e+00	   0.0000000e+00	
   4.4042657e+00	   3.7499558e+00	   3.3168442e+00	   3.5171742e+00	   2.6679013e+00	   2.4584444e+00	   2.5030270e+00	   2.5824821e+00	   2.5241985e+00	   2.4457963e+00	   2.3718777e+00	   2.2973503e+00	   2.1318874e+00	   1.9584551e+00	   1.8620522e+00	   1.7094220e+00	   1.4960812e+00	   1.3958739e+00	   1.2410920e+00	             NaN	             NaN	             NaN	             NaN	             NaN	             NaN	             NaN	             NaN	             NaN	             NaN	             NaN	   0.0000000e+00	   0.0000000e+00	   0.0000000e+00	
   4.3562321e+00	   4.1331399e+00	   2.9050876e+00	   2.7320236e+00	   2.8146749e+00	   2.6700332e+00	   2.4652893e+00	   2.5237931e+00	   2.3907544e+00	   2.4885594e+00	   2.3399298e+00	   2.3118052e+00	   2.1534471e+00	   2.0073757e+00	   1.9398740e+00	   1.7291716e+00	   1.5436710e+00	   1.4313380e+00	   1.2230757e+00	   6.4584165e-01	             NaN	             NaN	             NaN	             NaN	             NaN	             NaN	             NaN	             NaN	             NaN	             NaN	             NaN	   0.0000000e+00	   0.0000000e+00	
   4.0869141e+00	   3.2832097e+00	   3.9001622e+00	   3.2605419e+00	   2.7337065e+00	   2.6043062e+00	   2.5612464e+00	   2.3808931e+00	   2.4552842e+00	   2.4512925e+00	   2.3227733e+00	   2.2616219e+00	   2.1982646e+00	   2.1148185e+00	   1.9891394e+00	   1.8170513e+00	   1.5703109e+00	   1.4077443e+00	   1.3549695e+00	   8.8143228e-01	             NaN	             NaN	             NaN	             NaN	             NaN	             NaN	             NaN	             NaN	             NaN	             NaN	             NaN	   0.0000000e+00	   0.0000000e+00	
   4.5831247e+00	   2.6910591e+00	   3.3474308e+00	   2.9703407e+00	   2.7900749e+00	   2.5601566e+00	   2.4619985e+00	   2.5647133e+00	   2.4258183e+00	   2.3323649e+00	   2.3321366e+00	   2.2563609e+00	   2.1006347e+00	   2.1010035e+00	   1.9734390e+00	   1.8429747e+00	   1.6492659e+00	   1.4456536e+00	   1.3649873e+00	   1.1268571e+00	   4.4348243e-01	             NaN	             NaN	             NaN	             NaN	             NaN	             NaN	             NaN	             NaN	             NaN	             NaN	             NaN	   0.0000000e+00	
   3.7112477e+00	   4.7266024e+00	   2.7379661e+00	   3.2914219e+00	   2.5733652e+00	   2.6190598e+00	   2.4898036e+00	   2.4154006e+00	   2.5140126e+00	   2.4246544e+00	   2.3695457e+00	   2.2871942e+00	   2.2644820e+00	   2.1496513e+00	   2.0371769e+00	   1.8674819e+00	   1.7141623e+00	   1.5053773e+00	   1.3116475e+00	   1.2712242e+00	   4.3535413e-01	             NaN	             NaN	             NaN	             NaN	             NaN	             NaN	             NaN	             NaN	             NaN	             NaN	             NaN	   0.0000000e+00	
   3.8439391e+00	   3.3774674e+00	   3.0357422e+00	   3.6610704e+00	   3.0714975e+00	   2.7186056e+00	   2.6190528e+00	   2.3725959e+00	   2.4252872e+00	   2.3879774e+00	   2.3746744e+00	   2.3148420e+00	   2.2427945e+00	   2.1478917e+00	   2.0548658e+00	   1.9348151e+00	   1.7394064e+00	   1.5467604e+00	   1.3358306e+00	   1.4099967e+00	   7.2344993e-01	             NaN	             NaN	             NaN	             NaN	             NaN	             NaN	             NaN	             NaN	             NaN	             NaN	             NaN	   0.0000000e+00	
   2.1807542e+00	   3.9579273e+00	   2.9430133e+00	   3.2684437e+00	   2.8980779e+00	   2.4536820e+00	   2.6090477e+00	   2.3326369e+00	   2.4373518e+00	   2.3815827e+00	   2.3817433e+00	   2.2703770e+00	   2.2320228e+00	   2.1982391e+00	   2.0656740e+00	   1.9429083e+00	   1.7338950e+00	   1.5862730e+00	   1.3956674e+00	   1.3664237e+00	   9.7076175e-01	   4.3547988e-01	             NaN	             NaN	             NaN	             NaN	             NaN	             NaN	             NaN	             NaN	             NaN	             NaN	             NaN	
   3.0003444e+00	   3.0656104e+00	   3.1456782e+00	   2.8499930e+00	   2.7612053e+00	   2.6042686e+00	   2.5098007e+00	   2.4107375e+00	   2.4245747e+00	   2.3034329e+00	   2.2947803e+00	   2.2775098e+00	   2.3092955e+00	   2.2218552e+00	   2.0759452e+00	   1.9467517e+00	   1.8454404e+00	   1.6082171e+00	   1.4035591e+00	   1.2335957e+00	   1.1921799e+00	   4.6801358e-01	             NaN	             NaN	             NaN	             NaN	             NaN	             NaN	             NaN	             NaN	             NaN	             NaN	             NaN	
   4.3538936e+00	   3.8087935e+00	   3.6166906e+00	   3.0887083e+00	   2.8523203e+00	   2.6627188e+00	   2.4406102e+00	   2.4262259e+00	   2.4366330e+00	   2.3916140e+00	   2.3470097e+00	   2.3113491e+00	   2.2700582e+00	   2.1803069e+00	   2.1740633e+00	   1.9942451e+00	   1.8419699e+00	   1.6624800e+00	   1.4680127e+00	   1.2337647e+00	   1.1636010e+00	   6.5564129e-01	   4.7241720e-01	             NaN	             NaN	             NaN	             NaN	             NaN	             NaN	             NaN	             NaN	             NaN	             NaN	
   4.0519524e+00	   3.4178629e+00	   3.6460437e+00	   3.5169109e+00	   2.8721274e+00	   2.7679299e+00	   2.5458707e+00	   2.3924035e+00	   2.3475080e+00	   2.3264185e+00	   2.4062628e+00	   2.2750304e+00	   2.2418672e+00	   2.2516881e+00	   2.1811838e+00	   2.0015957e+00	   1.8800474e+00	   1.7142291e+00	   1.4600390e+00	   1.2467638e+00	   1.1912602e+00	   9.2792469e-01	   5.0892730e-01	             NaN	             NaN	             NaN	             NaN	             NaN	             NaN	             NaN	             NaN	             NaN	             NaN	
   4.4135056e+00	   3.7701513e+00	   2.3874277e+00	   3.3137960e+00	   2.7723749e+00	   2.6848625e+00	   2.5040421e+00	   2.4066227e+00	   2.4247177e+00	   2.3725367e+00	   2.3477212e+00	   2.3280394e+00	   2.3508177e+00	   2.2363265e+00	   2.2357911e+00	   2.0469217e+00	   1.9174470e+00	   1.7234539e+00	   1.5177786e+00	   1.2691317e+00	   1.2382460e+00	   1.1600399e+00	   4.6474303e-01	             NaN	             NaN	             NaN	             NaN	             NaN	             NaN	             NaN	             NaN	             NaN	             NaN	
   4.1944396e+00	   4.1038799e+00	   3.5666002e+00	   3.1870924e+00	   2.9151238e+00	   2.7029438e+00	   2.5421423e+00	   2.4452683e+00	   2.4151561e+00	   2.3416846e+00	   2.4545309e+00	   2.3984532e+00	   2.3294741e+00	   2.3111124e+00	   2.2147959e+00	   2.0584099e+00	   1.8709229e+00	   1.7633867e+00	   1.5215420e+00	   1.3352756e+00	   1.2210446e+00	   1.1851420e+00	   6.9643550e-01	   4.8021582e-01	             NaN	             NaN	             NaN	             NaN	             NaN	             NaN	             NaN	             NaN	             NaN	
   4.6540206e+00	   3.5134837e+00	   3.9327495e+00	   3.4184028e+00	   3.2165110e+00	   2.6282420e+00	   2.5753525e+00	   2.4600497e+00	   2.4197523e+00	   2.4006899e+00	   2.4448027e+00	   2.3165442e+00	   2.3159695e+00	   2.3105299e+00	   2.2450950e+00	   2.1183351e+00	   2.0168577e+00	   1.7329420e+00	   1.5976721e+00	   1.4050349e+00	   1.2133549e+00	   1.1523958e+00	   8.7774320e-01	   4.0429454e-01	             NaN	             NaN	             NaN	             NaN	             NaN	             NaN	             NaN	             NaN	             NaN	
   3.9006950e+00	   3.9780388e+00	   4.1714317e+00	   3.2612385e+00	   3.3736636e+00	   2.7046015e+00	   2.5519195e+00	   2.5125021e+00	   2.4491917e+00	   2.4310692e+00	   2.4889500e+00	   2.2762288e+00	   2.3099681e+00	   2.3403906e+00	   2.2133333e+00	   2.1204261e+00	   1.9534773e+00	   1.8369589e+00	   1.6296146e+00	   1.4268517e+00	   1.2506042e+00	   1.1355311e+00	   1.1030587e+00	   4.5797131e-01	   5.7294235e-01	             NaN	             NaN	             NaN	             NaN	             NaN	             NaN	             NaN	             NaN	
   3.6643384e+00	   4.4989522e+00	   3.2098690e+00	   3.5615952e+00	   2.9833982e+00	   2.8984307e+00	   2.4969262e+00	   2.5385694e+00	   2.3444117e+00	   2.3991813e+00	   2.4051809e+00	   2.3360279e+00	   2.3844212e+00	   2.3435633e+00	   2.2248021e+00	   2.1342818e+00	   1.9944388e+00	   1.8296305e+00	   1.6923146e+00	   1.4462330e+00	   1.2997816e+00	   1.1848887e+00	   1.0992557e+00	   5.9172948e-01	   5.5940557e-01	             NaN	             NaN	             NaN	             NaN	             NaN	             NaN	             NaN	             NaN	
   4.1240641e+00	   3.3968414e+00	   3.3326596e+00	   3.1552356e+00	   3.2725209e+00	   2.6422900e+00	   2.6515840e+00	   2.5464747e+00	   2.3470583e+00	   2.3699986e+00	   2.4121103e+00	   2.3412734e+00	   2.3202161e+00	   2.3221991e+00	   2.2831272e+00	   2.1224020e+00	   1.9584960e+00	   1.8240338e+00	   1.6761186e+00	   1.4969366e+00	   1.3489398e+00	   1.1719106e+00	   1.0872719e+00	   8.2929633e-01	   5.9598603e-01	             NaN	             NaN	             NaN	             NaN	             NaN	             NaN	             NaN	             NaN	
   3.9716274e+00	   3.7860877e+00	   3.5822595e+00	   3.6449871e+00	   3.1824009e+00	   2.7423946e+00	   2.5660175e+00	   2.5486445e+00	   2.4901131e+00	   2.3647868e+00	   2.3766332e+00	   2.2985291e+00	   2.3619951e+00	   2.3482269e+00	   2.1948703e+00	   2.1481282e+00	   2.0092096e+00	   1.8289217e+00	   1.6521280e+00	   1.5290447e+00	   1.3559658e+00	   1.2101495e+00	   1.1117592e+00	   8.0051963e-01	   5.5610755e-01	   5.5860848e-01	             NaN	             NaN	             NaN	             NaN	             NaN	             NaN	             NaN	
   5.8050619e+00	   4.3943641e+00	   4.0902716e+00	   3.7230827e+00	   2.9660489e+00	   2.8925141e+00	   2.5763987e+00	   2.5335790e+00	   2.4938868e+00	   2.3622054e+00	   2.3667428e+00	   2.3242338e+00	   2.3730029e+00	   2.3067493e+00	   2.3357843e+00	   2.2027479e+00	   1.9812113e+00	   1.8650565e+00	   1.7224797e+00	   1.5535610e+00	   1.3919927e+00	   1.2101577e+00	   1.1148491e+00	   1.0317873e+00	   6.2031237e-01	   5.7442300e-01	             NaN	             NaN	             NaN	             NaN	             NaN	             NaN	             NaN	
   4.3187415e+00	   3.7090253e+00	   4.5268743e+00	   3.4505328e+00	   3.4876082e+00	   2.9508278e+00	   2.6589030e+00	   2.5517008e+00	   2.3704266e+00	   2.3237673e+00	   2.3155717e+00	   2.3665123e+00	   2.3457788e+00	   2.3407691e+00	   2.2961086e+00	   2.2043804e+00	   2.0109102e+00	   1.8837304e+00	   1.7083223e+00	   1.5781543e+00	   1.4017829e+00	   1.2535427e+00	   1.1368346e+00	   1.1207037e+00	   7.1565710e-01	   5.2035057e-01	   5.1134141e-01	             NaN	             NaN	             NaN	             NaN	             NaN	             NaN	
   4.0768600e+00	   4.0693948e+00	   4.4054185e+00	   3.9154929e+00	   3.3210674e+00	   2.9389046e+00	   2.7122917e+00	   2.5257510e+00	   2.3888888e+00	   2.3202644e+00	   2.3206242e+00	   2.3724062e+00	   2.3066010e+00	   2.3554696e+00	   2.2405828e+00	   2.2096994e+00	   2.0347043e+00	   1.8453580e+00	   1.7744768e+00	   1.5799575e+00	   1.4447691e+00	   1.2872974e+00	   1.1467563e+00	   1.0824661e+00	   8.2074280e-01	   5.2222095e-01	   5.4779823e-01	             NaN	             NaN	             NaN	             NaN	             NaN	             NaN	
   4.9753809e+00	   4.3187929e+00	   4.0263049e+00	   3.5691783e+00	   3.4549423e+00	   2.7145343e+00	   2.7729898e+00	   2.6464658e+00	   2.3222306e+00	   2.3953370e+00	   2.3376223e+00	   2.3596340e+00	   2.3491683e+00	   2.3108090e+00	   2.2599394e+00	   2.1671798e+00	   2.0466898e+00	   1.9162998e+00	   1.7578926e+00	   1.6033877e+00	   1.4734256e+00	   1.3009103e+00	   1.1710483e+00	   1.0085214e+00	   9.2662755e-01	   5.8179883e-01	   5.1099240e-01	             NaN	             NaN	             NaN	             NaN	             NaN	             NaN	
   5.0687895e+00	   4.4318106e+00	   4.2549274e+00	   3.3068881e+00	   3.3493062e+00	   3.0703812e+00	   2.6422491e+00	   2.4727634e+00	   2.4198611e+00	   2.2453584e+00	   2.3406656e+00	   2.2535331e+00	   2.3169689e+00	   2.2490054e+00	   2.2480316e+00	   2.1993447e+00	   2.0161196e+00	   1.8614935e+00	   1.7562871e+00	   1.6500988e+00	   1.4341066e+00	   1.3415029e+00	   1.1742475e+00	   1.0592975e+00	   1.0545971e+00	   6.8634651e-01	   5.3944859e-01	   5.3051998e-01	             NaN	             NaN	             NaN	             NaN	             NaN	
   3.6105821e+00	   3.8622418e+00	   3.9667768e+00	   3.8033807e+00	   3.2376279e+00	   3.0390318e+00	   2.7767932e+00	   2.5405068e+00	   2.4417753e+00	   2.4111800e+00	   2.2622092e+00	   2.2843507e+00	   2.2406102e+00	   2.2668410e+00	   2.2089149e+00	   2.1456943e+00	   2.0322536e+00	   1.9004233e+00	   1.7700898e+00	   1.6633329e+00	   1.5083431e+00	   1.3733402e+00	   1.2322387e+00	   1.0728143e+00	   1.0161590e+00	   8.8583247e-01	   6.0792301e-01	   5.0689274e-01	             NaN	             NaN	             NaN	             NaN	             NaN	
   4.3162140e+00	   4.2953418e+00	   3.8624255e+00	   3.8814252e+00	   3.4709033e+00	   2.9562132e+00	   2.6952386e+00	   2.5375755e+00	   2.4375319e+00	   2.2973791e+00	   2.2975870e+00	   2.2948314e+00	   2.2693058e+00	   2.2819524e+00	   2.1782938e+00	   2.1710772e+00	   1.9340468e+00	   1.9125493e+00	   1.8025787e+00	   1.6483830e+00	   1.4989773e+00	   1.4064495e+00	   1.2192242e+00	   1.0862722e+00	   1.0238648e+00	   8.7631321e-01	   5.3744704e-01	   5.5148777e-01	   4.6618402e-01	             NaN	             NaN	             NaN	             NaN	
   4.7739118e+00	   4.2531274e+00	   4.4069457e+00	   3.6689703e+00	   3.2489645e+00	   3.0504526e+00	   2.7253200e+00	   2.5474169e+00	   2.3497890e+00	   2.3665326e+00	   2.2215260e+00	   2.2747045e+00	   2.2742930e+00	   2.2701740e+00	   2.2033636e+00	   2.2122590e+00	   2.0360698e+00	   1.9064801e+00	   1.8015466e+00	   1.6495382e+00	   1.4967171e+00	   1.4095321e+00	   1.2545424e+00	   1.1446791e+00	   1.0148569e+00	   9.5942457e-01	   7.2633987e-01	   5.2817319e-01	   4.8415407e-01	             NaN	             NaN	             NaN	             NaN	
   4.4564126e+00	   3.9405981e+00	   4.3139194e+00	   3.4102334e+00	   3.5655220e+00	   3.0201652e+00	   2.7895861e+00	   2.5711033e+00	   2.2779703e+00	   2.2672998e+00	   2.2370164e+00	   2.2644630e+00	   2.2827620e+00	   2.2471702e+00	   2.1552012e+00	   2.1138783e+00	   2.0129413e+00	   1.8822137e+00	   1.7885172e+00	   1.6571150e+00	   1.5510213e+00	   1.4370239e+00	   1.2773086e+00	   1.1819639e+00	   1.0507298e+00	   9.2940476e-01	   8.5036531e-01	   5.0998241e-01	   4.8982157e-01	             NaN	             NaN	             NaN	             NaN	
   3.5605744e+00	   4.0781413e+00	   4.1409952e+00	   3.6119874e+00	   3.4378082e+00	   2.9989558e+00	   2.8061830e+00	   2.5898982e+00	   2.3451069e+00	   2.3057657e+00	   2.2400709e+00	   2.2696442e+00	   2.2547721e+00	   2.2089522e+00	   2.2132574e+00	   2.1553880e+00	   2.0198161e+00	   1.9139960e+00	   1.8073706e+00	   1.6423131e+00	   1.5780714e+00	   1.4648868e+00	   1.3238660e+00	   1.1882241e+00	   1.0271407e+00	   9.9253103e-01	   8.5149813e-01	   5.3562225e-01	   5.0688645e-01	   4.4528065e-01	             NaN	             NaN	             NaN	
   4.0296101e+00	   5.1260102e+00	   3.8066125e+00	   4.0427961e+00	   3.4324085e+00	   3.1969827e+00	   2.8522777e+00	   2.6564377e+00	   2.5386630e+00	   2.3334900e+00	   2.2737566e+00	   2.1865877e+00	   2.1944521e+00	   2.2372907e+00	   2.1885749e+00	   2.1435698e+00	   2.0144031e+00	   1.8905350e+00	   1.8218311e+00	   1.6352699e+00	   1.5443041e+00	   1.4502783e+00	   1.3326732e+00	   1.1861885e+00	   1.0949850e+00	   9.5670462e-01	   9.4863519e-01	   5.9909701e-01	   5.0213463e-01	   4.7093184e-01	             NaN	             NaN	             NaN	
   4.1834151e+00	   3.8371475e+00	   3.6314892e+00	   3.6150371e+00	   3.1924569e+00	   3.1515575e+00	   2.7547392e+00	   2.7290272e+00	   2.4087234e+00	   2.2302730e+00	   2.2085028e+00	   2.2010875e+00	   2.2417528e+00	   2.2081370e+00	   2.1596741e+00	   2.0706572e+00	   1.9116330e+00	   1.8432551e+00	   1.7596610e+00	   1.6844752e+00	   1.5882508e+00	   1.4479750e+00	   1.3141466e+00	   1.2149960e+00	   1.0662182e+00	   1.0374997e+00	   9.2270461e-01	   7.1744570e-01	   5.1680460e-01	   4.9437144e-01	   4.1098853e-01	             NaN	             NaN	
   4.7537807e+00	   4.5704313e+00	   3.7068150e+00	   3.7503549e+00	   3.3076531e+00	   3.0402100e+00	   2.6795924e+00	   2.5369915e+00	   2.4294563e+00	   2.2179694e+00	   2.1938922e+00	   2.2067059e+00	   2.1610835e+00	   2.1568483e+00	   2.1006431e+00	   2.0826129e+00	   1.9762573e+00	   1.8537278e+00	   1.8027538e+00	   1.6476266e+00	   1.5901080e+00	   1.4885499e+00	   1.3130339e+00	   1.2206889e+00	   1.1078547e+00	   1.0055611e+00	   9.2425256e-01	   7.6592094e-01	   5.2717175e-01	   5.0583617e-01	   4.3586084e-01	             NaN	             NaN	
   4.0179406e+00	   4.3888727e+00	   3.7285328e+00	   3.6897183e+00	   3.6074257e+00	   2.9987729e+00	   2.7946369e+00	   2.6140551e+00	   2.4073918e+00	   2.2101830e+00	   2.3003651e+00	   2.2332630e+00	   2.1592576e+00	   2.0465026e+00	   2.0876688e+00	   2.0013855e+00	   1.9811125e+00	   1.8665333e+00	   1.7639550e+00	   1.6627728e+00	   1.5772846e+00	   1.4575845e+00	   1.3554585e+00	   1.2342200e+00	   1.1368236e+00	   1.0292860e+00	   9.1490614e-01	   8.0065682e-01	   5.2701383e-01	   4.9206964e-01	   4.6723646e-01	             NaN	             NaN	
   4.0986072e+00	   3.8650676e+00	   4.2325509e+00	   3.9812249e+00	   3.4009510e+00	   3.2054119e+00	   2.9384491e+00	   2.6541739e+00	   2.3962142e+00	   2.1984267e+00	   2.2014391e+00	   2.1376759e+00	   2.1972471e+00	   2.1591323e+00	   2.1153238e+00	   1.9954496e+00	   1.9124365e+00	   1.8110963e+00	   1.7639797e+00	   1.6800234e+00	   1.5653324e+00	   1.4419512e+00	   1.3317111e+00	   1.2428661e+00	   1.1379073e+00	   1.0294654e+00	   9.4359031e-01	   8.5918862e-01	   6.4545527e-01	   5.0203194e-01	   4.8401061e-01	   4.0248857e-01	             NaN	
   4.4562733e+00	   4.2448068e+00	   4.2565658e+00	   3.8165077e+00	   3.4079042e+00	   3.1670529e+00	   2.9087149e+00	   2.6179819e+00	   2.4043657e+00	   2.2500869e+00	   2.2042551e+00	   2.1072452e+00	   2.1508926e+00	   2.0755462e+00	   2.0473457e+00	   1.9984447e+00	   1.8649743e+00	   1.8525142e+00	   1.7082897e+00	   1.6107477e+00	   1.5854302e+00	   1.4579946e+00	   1.3738569e+00	   1.2504021e+00	   1.1861258e+00	   1.0515509e+00	   9.4844672e-01	   8.7163471e-01	   6.8211993e-01	   4.8003058e-01	   4.9804251e-01	   4.3330847e-01	             NaN	
   3.9288105e+00	   3.9553438e+00	   4.0404522e+00	   3.8406333e+00	   3.4072424e+00	   3.2142573e+00	   2.9246205e+00	   2.6637834e+00	   2.3417687e+00	   2.2502205e+00	   2.1206242e+00	   2.0171250e+00	   2.0475784e+00	   2.0664215e+00	   2.0273528e+00	   2.0010636e+00	   1.8984028e+00	   1.8427662e+00	   1.7117533e+00	   1.6739462e+00	   1.5438633e+00	   1.4595117e+00	   1.3587742e+00	   1.2535369e+00	   1.1425956e+00	   1.0846855e+00	   9.4455539e-01	   8.9677054e-01	   8.2330530e-01	   5.4146407e-01	   4.7990548e-01	   4.5269291e-01	   3.5350475e-01	
   4.1938158e+00	   3.4908429e+00	   4.1922514e+00	   3.7541831e+00	   3.5263475e+00	   3.1585502e+00	   2.9645430e+00	   2.7292098e+00	   2.3712312e+00	   2.2527306e+00	   2.1440824e+00	   2.0765327e+00	   1.9877224e+00	   2.0314501e+00	   2.0457280e+00	   1.9176195e+00	   1.8346244e+00	   1.7787810e+00	   1.7242255e+00	   1.6648209e+00	   1.5507131e+00	   1.4659469e+00	   1.4008198e+00	   1.2770291e+00	   1.2344276e+00	   1.1070390e+00	   9.6305525e-01	   8.8096006e-01	   7.6935654e-01	   5.6131250e-01	   4.8109190e-01	   4.4579441e-01	   3.9481714e-01	
   4.3624314e+00	   3.9363740e+00	   4.0078459e+00	   3.5149137e+00	   3.5013733e+00	   3.1088451e+00	   2.9402105e+00	   2.6523109e+00	   2.4098467e+00	   2.1082333e+00	   2.1385413e+00	   2.1222058e+00	   2.0270054e+00	   2.0335445e+00	   1.9676461e+00	   1.9463408e+00	   1.8462130e+00	   1.7656795e+00	   1.7365727e+00	   1.6120574e+00	   1.5456330e+00	   1.5248282e+00	   1.3680381e+00	   1.2883808e+00	   1.2046690e+00	   1.1097461e+00	   1.0189145e+00	   9.3423344e-01	   8.2372528e-01	   6.5108176e-01	   4.5559125e-01	   4.7604451e-01	   4.0546844e-01	
   3.9285490e+00	   3.7942894e+00	   3.8291339e+00	   3.6453289e+00	   3.3050386e+00	   3.2392806e+00	   2.8749339e+00	   2.5783338e+00	   2.3861352e+00	   2.2342861e+00	   2.0192856e+00	   2.0115852e+00	   2.0114161e+00	   1.9420480e+00	   1.9684900e+00	   1.8886839e+00	   1.8281597e+00	   1.7713696e+00	   1.6963019e+00	   1.6367238e+00	   1.5559377e+00	   1.4819276e+00	   1.3872808e+00	   1.2559815e+00	   1.1898954e+00	   1.1189547e+00	   1.0027272e+00	   9.4368511e-01	   8.5844986e-01	   7.8032460e-01	   4.5776939e-01	   4.8661482e-01	   4.1768527e-01	
   4.5878306e+00	   4.4885899e+00	   4.1316850e+00	   3.8734631e+00	   3.4902031e+00	   3.1477802e+00	   3.0000164e+00	   2.7071448e+00	   2.3627672e+00	   2.1688155e+00	   2.1056769e+00	   2.0143558e+00	   1.9514775e+00	   1.9626304e+00	   1.9029974e+00	   1.8106008e+00	   1.8116100e+00	   1.6907606e+00	   1.6646695e+00	   1.6256281e+00	   1.5266446e+00	   1.4944615e+00	   1.3660714e+00	   1.2977963e+00	   1.2203829e+00	   1.1155313e+00	   1.0395344e+00	   9.0166860e-01	   8.2413186e-01	   7.7864081e-01	   5.3312688e-01	   4.5515409e-01	   4.3941830e-01	
   3.1864429e+00	   4.1729618e+00	   4.0378261e+00	   3.8201522e+00	   3.4651982e+00	   3.1921641e+00	   2.8392635e+00	   2.6180902e+00	   2.3200022e+00	   2.1612804e+00	   2.0907666e+00	   1.9676797e+00	   1.9472610e+00	   1.9465431e+00	   1.9251974e+00	   1.8262033e+00	   1.7375089e+00	   1.7237129e+00	   1.6429849e+00	   1.6241855e+00	   1.5600760e+00	   1.4070459e+00	   1.3682862e+00	   1.2630731e+00	   1.2365638e+00	   1.1298472e+00	   1.0437414e+00	   9.1147965e-01	   8.5638595e-01	   7.8924056e-01	   6.3238239e-01	   5.0771159e-01	   4.5538500e-01	
             NaN	   3.9943384e+00	   3.9829047e+00	   3.6322834e+00	   3.4536371e+00	   3.1442337e+00	   2.9016608e+00	   2.5695754e+00	   2.3376415e+00	   2.2287518e+00	   2.0085690e+00	   1.9332148e+00	   1.8954838e+00	   1.8256514e+00	   1.8183119e+00	   1.8126438e+00	   1.7193677e+00	   1.6892590e+00	   1.6325263e+00	   1.5458632e+00	   1.5356149e+00	   1.4151794e+00	   1.3509724e+00	   1.2661068e+00	   1.2199901e+00	   1.1335358e+00	   1.0606031e+00	   9.5167601e-01	   8.8236886e-01	   7.9414961e-01	   7.1169484e-01	   4.3973707e-01	   4.5427642e-01	
             NaN	   3.9038556e+00	   3.6917943e+00	   3.5224476e+00	   3.4254473e+00	   3.1697241e+00	   2.7189591e+00	   2.5755226e+00	   2.3071366e+00	   2.0822710e+00	   2.0055578e+00	   1.8860961e+00	   1.8964910e+00	   1.8550378e+00	   1.8449919e+00	   1.7803713e+00	   1.7298727e+00	   1.6576617e+00	   1.6201837e+00	   1.5070774e+00	   1.4860320e+00	   1.4111497e+00	   1.3629803e+00	   1.2478422e+00	   1.2027142e+00	   1.1515834e+00	   1.0568236e+00	   9.6889432e-01	   8.6673320e-01	   7.8860871e-01	   7.3039334e-01	   5.1565485e-01	   4.7086555e-01	
             NaN	   3.8487673e+00	   4.1334131e+00	   3.4849150e+00	   3.3730442e+00	   3.1808729e+00	   2.8850658e+00	   2.5427362e+00	   2.2349987e+00	   2.2456554e+00	   2.0743891e+00	   1.9615713e+00	   1.8398526e+00	   1.9145116e+00	   1.7733789e+00	   1.7689838e+00	   1.6743578e+00	   1.6235502e+00	   1.6008504e+00	   1.5549050e+00	   1.5310865e+00	   1.4159062e+00	   1.3375396e+00	   1.2788291e+00	   1.1889020e+00	   1.1688174e+00	   1.0603243e+00	   9.7647632e-01	   8.7809898e-01	   7.6596676e-01	   6.8955205e-01	   5.6421178e-01	   4.2368406e-01	
             NaN	   3.3826456e+00	   3.8701937e+00	   3.6590219e+00	   3.3492437e+00	   3.1127674e+00	   2.9037941e+00	   2.5345045e+00	   2.2380833e+00	   2.1060135e+00	   1.9543706e+00	   1.8189263e+00	   1.8402726e+00	   1.8047204e+00	   1.7766427e+00	   1.7455372e+00	   1.6894986e+00	   1.6517690e+00	   1.5959862e+00	   1.5663035e+00	   1.4587178e+00	   1.4272071e+00	   1.3418598e+00	   1.2882256e+00	   1.2354191e+00	   1.1573929e+00	   1.0655569e+00	   9.8347457e-01	   8.7337317e-01	   7.9267364e-01	   7.6112517e-01	   6.2786037e-01	   4.8969802e-01	
             NaN	   3.2701207e+00	   3.9097818e+00	   3.5444385e+00	   3.2309833e+00	   3.1646301e+00	   2.7561548e+00	   2.5046427e+00	   2.3220945e+00	   2.1200479e+00	   1.9998790e+00	   1.8767274e+00	   1.7558394e+00	   1.7552522e+00	   1.7384326e+00	   1.6576552e+00	   1.6751993e+00	   1.6056059e+00	   1.5588912e+00	   1.4918013e+00	   1.4595344e+00	   1.3895512e+00	   1.3119550e+00	   1.2262345e+00	   1.2067419e+00	   1.1524485e+00	   1.0546562e+00	   9.8727367e-01	   8.8387386e-01	   7.9992045e-01	   7.5515809e-01	   7.1716766e-01	   5.0283620e-01	
             NaN	   3.8066875e+00	   3.7244859e+00	   3.5265591e+00	   3.1657395e+00	   3.1066032e+00	   2.8897398e+00	   2.5211931e+00	   2.2793281e+00	   2.0365217e+00	   1.9643121e+00	   1.8659687e+00	   1.8066134e+00	   1.7284693e+00	   1.7756309e+00	   1.6454592e+00	   1.6239810e+00	   1.6328469e+00	   1.5761864e+00	   1.5173098e+00	   1.4548265e+00	   1.3998644e+00	   1.3389166e+00	   1.2512151e+00	   1.2048935e+00	   1.1526555e+00	   1.0533277e+00	   1.0013852e+00	   9.2799356e-01	   8.1388650e-01	   7.6378936e-01	   7.1020879e-01	   5.1799492e-01	
             NaN	             NaN	   3.7621864e+00	   3.3474175e+00	   3.2412165e+00	   3.0038991e+00	   2.7204314e+00	   2.5480963e+00	   2.1983165e+00	   2.0733764e+00	   1.8547087e+00	   1.8106669e+00	   1.7338124e+00	   1.6927328e+00	   1.6337847e+00	   1.6819360e+00	   1.6262981e+00	   1.5446148e+00	   1.5147810e+00	   1.4620721e+00	   1.4303052e+00	   1.3594920e+00	   1.2710819e+00	   1.2351398e+00	   1.2099917e+00	   1.1499891e+00	   1.0672698e+00	   9.6585697e-01	   8.7507212e-01	   8.1806314e-01	   7.1330590e-01	   7.1557296e-01	   5.7548762e-01	
             NaN	             NaN	   3.4207551e+00	   3.2402612e+00	   3.1708042e+00	   3.0812047e+00	   2.7643385e+00	   2.5287537e+00	   2.2606345e+00	   2.0602855e+00	   1.9144401e+00	   1.8217508e+00	   1.7699142e+00	   1.6519086e+00	   1.6529885e+00	   1.6037333e+00	   1.5678654e+00	   1.5290260e+00	   1.5404051e+00	   1.4322456e+00	   1.3759156e+00	   1.3131942e+00	   1.2914251e+00	   1.2281883e+00	   1.1674613e+00	   1.1246287e+00	   1.0602886e+00	   9.6794049e-01	   8.9933190e-01	   8.2916601e-01	   7.2260660e-01	   7.1398943e-01	   5.8321120e-01	
             NaN	             NaN	   3.5747724e+00	   3.4059772e+00	   3.4265205e+00	   2.9531479e+00	   2.7720198e+00	   2.5580661e+00	   2.3003855e+00	   1.9948620e+00	   1.9195684e+00	   1.7748208e+00	   1.7357284e+00	   1.7169261e+00	   1.6244585e+00	   1.5996937e+00	   1.5734480e+00	   1.5183472e+00	   1.4857011e+00	   1.4111526e+00	   1.4093254e+00	   1.3551123e+00	   1.2801755e+00	   1.2135092e+00	   1.1685422e+00	   1.1320405e+00	   1.0501782e+00	   1.0019494e+00	   8.9385250e-01	   8.1454376e-01	   7.5819002e-01	   6.9274756e-01	   6.4435643e-01	
             NaN	             NaN	   3.3812442e+00	   3.2858527e+00	   3.0470190e+00	   2.8971135e+00	   2.6378316e+00	   2.4629676e+00	   2.2018442e+00	   2.0533890e+00	   1.7773663e+00	   1.7927372e+00	   1.6680621e+00	   1.6432972e+00	   1.5858754e+00	   1.5797611e+00	   1.4795429e+00	   1.5111689e+00	   1.4619349e+00	   1.3627482e+00	   1.3802647e+00	   1.3011890e+00	   1.2551864e+00	   1.2080643e+00	   1.1634681e+00	   1.1255277e+00	   1.0369385e+00	   1.0069670e+00	   9.2251649e-01	   8.4054955e-01	   7.5660363e-01	   6.9278723e-01	   6.2643007e-01	
             NaN	             NaN	   3.3189008e+00	   3.2959807e+00	   3.1793729e+00	   2.8715282e+00	   2.8237329e+00	   2.4577359e+00	   2.1803506e+00	   1.9331637e+00	   1.8522513e+00	   1.6972923e+00	   1.6059352e+00	   1.5902429e+00	   1.5345135e+00	   1.5595773e+00	   1.5093350e+00	   1.4692781e+00	   1.4223970e+00	   1.3814102e+00	   1.3444397e+00	   1.2821322e+00	   1.2291930e+00	   1.1580603e+00	   1.1302416e+00	   1.1095241e+00	   1.0323509e+00	   9.7413820e-01	   9.0285484e-01	   8.1181223e-01	   7.3217466e-01	   7.0721279e-01	   6.5946188e-01	
             NaN	             NaN	             NaN	   3.3304940e+00	   3.1411622e+00	   2.8055514e+00	   2.5587722e+00	   2.3819803e+00	   2.2510654e+00	   1.9868619e+00	   1.8324129e+00	   1.6849510e+00	   1.6138678e+00	   1.6497992e+00	   1.5541357e+00	   1.5267012e+00	   1.5170889e+00	   1.4821821e+00	   1.4471140e+00	   1.3248656e+00	   1.3076601e+00	   1.2786895e+00	   1.2404474e+00	   1.1825558e+00	   1.1192195e+00	   1.0525154e+00	   1.0120412e+00	   9.6937888e-01	   9.0427472e-01	   8.1297680e-01	   7.5640389e-01	   6.8837890e-01	   6.4154443e-01	
             NaN	             NaN	             NaN	   3.2352431e+00	   3.1143021e+00	   2.9534363e+00	   2.6390807e+00	   2.4151543e+00	   2.1841689e+00	   1.8849108e+00	   1.7570749e+00	   1.6785335e+00	   1.6091199e+00	   1.5930832e+00	   1.5197744e+00	   1.4957087e+00	   1.4742386e+00	   1.4186417e+00	   1.3921762e+00	   1.2976353e+00	   1.2781716e+00	   1.2409624e+00	   1.1754522e+00	   1.1492711e+00	   1.1240823e+00	   1.0540448e+00	   1.0062484e+00	   9.6062960e-01	   8.8699574e-01	   8.1429912e-01	   7.4723078e-01	   6.7084271e-01	   6.3433241e-01	
             NaN	             NaN	             NaN	   3.0210487e+00	   3.0064501e+00	   2.8357011e+00	   2.6361197e+00	   2.3495848e+00	   2.1332985e+00	   1.8985951e+00	   1.7652310e+00	   1.6835249e+00	   1.5337796e+00	   1.5088282e+00	   1.5050314e+00	   1.4922448e+00	   1.4630154e+00	   1.3533476e+00	   1.3828203e+00	   1.3396711e+00	   1.2801236e+00	   1.2331212e+00	   1.1541841e+00	   1.1404873e+00	   1.0944886e+00	   1.0805945e+00	   1.0240595e+00	   9.6871749e-01	   8.9465260e-01	   8.3030361e-01	   7.4799424e-01	   6.8572139e-01	   6.2625319e-01	
             NaN	             NaN	             NaN	   3.0593398e+00	   2.9857665e+00	   2.7419321e+00	   2.5370791e+00	   2.3708032e+00	   2.1480080e+00	   1.9138442e+00	   1.8139753e+00	   1.6020479e+00	   1.5467552e+00	   1.5193326e+00	   1.4850865e+00	   1.4318184e+00	   1.4237909e+00	   1.3867166e+00	   1.3873234e+00	   1.2996549e+00	   1.2551757e+00	   1.2197392e+00	   1.1617704e+00	   1.1097639e+00	   1.1121372e+00	   1.0386852e+00	   1.0061227e+00	   9.4476620e-01	   8.7960198e-01	   8.2098985e-01	   7.5380839e-01	   7.0380562e-01	   6.2298511e-01	
             NaN	             NaN	             NaN	   2.8533008e+00	   2.9042237e+00	   2.7394239e+00	   2.5209505e+00	   2.2796084e+00	   2.0518461e+00	   1.8741487e+00	   1.7254152e+00	   1.5293433e+00	   1.4975608e+00	   1.4739547e+00	   1.4344267e+00	   1.3880654e+00	   1.3978635e+00	   1.3307363e+00	   1.2980020e+00	   1.2894855e+00	   1.2301700e+00	   1.1877291e+00	   1.1181811e+00	   1.0817107e+00	   1.0689190e+00	   1.0364100e+00	   9.6170115e-01	   9.2886869e-01	   8.7357750e-01	   8.1029369e-01	   7.3801830e-01	   6.8717142e-01	   6.2167165e-01	
             NaN	             NaN	             NaN	             NaN	   2.9819431e+00	   2.6456879e+00	   2.5808797e+00	   2.3069588e+00	   2.1160427e+00	   1.8088434e+00	   1.6495394e+00	   1.5808455e+00	   1.5430495e+00	   1.4501863e+00	   1.4046752e+00	   1.3757356e+00	   1.3152125e+00	   1.3092890e+00	   1.3003365e+00	   1.2394719e+00	   1.1869514e+00	   1.2028614e+00	   1.1269521e+00	   1.0989792e+00	   1.0686788e+00	   1.0191962e+00	   9.8059730e-01	   9.1640315e-01	   8.7643187e-01	   8.0960874e-01	   7.5672328e-01	   6.8444847e-01	   6.4970073e-01	
             NaN	             NaN	             NaN	             NaN	   2.9595008e+00	   2.5943345e+00	   2.3779953e+00	   2.2054264e+00	   2.0051206e+00	   1.7650517e+00	   1.6668585e+00	   1.5853375e+00	   1.4595368e+00	   1.4664128e+00	   1.4005371e+00	   1.3559059e+00	   1.3344236e+00	   1.3274852e+00	   1.2342355e+00	   1.2144393e+00	   1.1467040e+00	   1.1330443e+00	   1.1270059e+00	   1.0634304e+00	   1.0461228e+00	   1.0607939e+00	   9.8022257e-01	   9.2328268e-01	   8.5243560e-01	   7.9411170e-01	   7.6614413e-01	   7.3160343e-01	   6.1663602e-01	
             NaN	             NaN	             NaN	             NaN	   2.7697909e+00	   2.5027063e+00	   2.3929616e+00	   2.2966088e+00	   1.9733847e+00	   1.7450996e+00	   1.6168230e+00	   1.4811201e+00	   1.4394716e+00	   1.3739534e+00	   1.3324571e+00	   1.2926101e+00	   1.2983080e+00	   1.2679485e+00	   1.2380752e+00	   1.1908534e+00	   1.1547763e+00	   1.0814821e+00	   1.0826890e+00	   1.0443085e+00	   9.9549140e-01	   9.8211909e-01	   9.3903590e-01	   8.8706145e-01	   8.4065049e-01	   7.7855741e-01	   7.2555093e-01	   6.7715303e-01	   6.3790951e-01	
             NaN	             NaN	             NaN	             NaN	   2.7501141e+00	   2.6441705e+00	   2.3550745e+00	   2.2479318e+00	   1.9737722e+00	   1.7190670e+00	   1.5927320e+00	   1.4686158e+00	   1.3900350e+00	   1.3267986e+00	   1.2909131e+00	   1.2900870e+00	   1.2774133e+00	   1.2091050e+00	   1.1610611e+00	   1.1764480e+00	   1.1151459e+00	   1.1056596e+00	   1.0059557e+00	   1.0636184e+00	   1.0148216e+00	   9.5135678e-01	   9.5234277e-01	   8.9078060e-01	   8.3014945e-01	   7.7434960e-01	   7.2181358e-01	   6.7605163e-01	   6.4300358e-01	
             NaN	             NaN	             NaN	             NaN	   2.8232703e+00	   2.5779532e+00	   2.4053373e+00	   2.1185604e+00	   1.8371349e+00	   1.6924520e+00	   1.6411531e+00	   1.4175209e+00	   1.3770377e+00	   1.3623098e+00	   1.2477747e+00	   1.2619557e+00	   1.2293953e+00	   1.1798330e+00	   1.1877254e+00	   1.1588043e+00	   1.1099127e+00	   1.0881736e+00	   1.0685884e+00	   1.0136380e+00	   9.7218600e-01	   9.6742419e-01	   9.0840855e-01	   8.7783329e-01	   8.2412340e-01	   7.6388674e-01	   7.1366934e-01	   6.7662366e-01	   6.1865233e-01	
             NaN	             NaN	             NaN	             NaN	             NaN	   2.4895750e+00	   2.2272248e+00	   2.1165827e+00	   1.9408900e+00	   1.7210297e+00	   1.5048769e+00	   1.4056116e+00	   1.3822797e+00	   1.3241527e+00	   1.2386825e+00	   1.2282977e+00	   1.2271136e+00	   1.1709056e+00	   1.1443199e+00	   1.1249462e+00	   1.0854657e+00	   1.0363920e+00	   9.9734227e-01	   9.6640603e-01	   9.5084142e-01	   9.1574162e-01	   8.8727586e-01	   8.7238369e-01	   7.9892486e-01	   7.9109670e-01	   6.9607707e-01	   6.7699743e-01	   6.1053545e-01	
             NaN	             NaN	             NaN	             NaN	             NaN	   2.5974775e+00	   2.2432726e+00	   2.0723493e+00	   1.9106816e+00	   1.6758769e+00	   1.5095475e+00	   1.4083073e+00	   1.3528680e+00	   1.2707746e+00	   1.2584557e+00	   1.2323780e+00	   1.1847558e+00	   1.1464868e+00	   1.1143116e+00	   1.1013836e+00	   1.0609684e+00	   1.0301865e+00	   1.0052478e+00	   9.4743277e-01	   9.2375065e-01	   9.3749959e-01	   8.6519524e-01	   8.6826080e-01	   7.9625985e-01	   7.7860812e-01	   7.0022334e-01	   6.6323902e-01	   6.0545174e-01	
             NaN	             NaN	             NaN	             NaN	             NaN	   2.3238780e+00	   2.2993470e+00	   2.0217751e+00	   1.8509518e+00	   1.6008906e+00	   1.4946132e+00	   1.3713494e+00	   1.2885952e+00	   1.2632358e+00	   1.2097621e+00	   1.1467940e+00	   1.1703090e+00	   1.1136626e+00	   1.0999589e+00	   1.0882022e+00	   1.0125935e+00	   1.0003014e+00	   9.7893781e-01	   9.2845768e-01	   9.0094619e-01	   8.9426795e-01	   8.7909767e-01	   8.1914253e-01	   7.9499611e-01	   7.4210222e-01	   6.9637620e-01	   6.6110001e-01	   6.0773078e-01	
             NaN	             NaN	             NaN	             NaN	             NaN	   2.4661382e+00	   2.0573272e+00	   2.0394572e+00	   1.8316416e+00	   1.5818015e+00	   1.4608086e+00	   1.3696273e+00	   1.2190133e+00	   1.2234413e+00	   1.1578813e+00	   1.1594232e+00	   1.1153267e+00	   1.0996647e+00	   1.0624006e+00	   1.0346045e+00	   1.0160909e+00	   9.6395947e-01	   9.4893958e-01	   9.1731193e-01	   9.1869060e-01	   9.0115233e-01	   8.4028328e-01	   8.1863138e-01	   7.6933164e-01	   7.0874900e-01	   7.0505096e-01	   6.5153682e-01	   6.0730241e-01	
             NaN	             NaN	             NaN	             NaN	             NaN	   2.3000513e+00	   2.2618390e+00	   2.0157175e+00	   1.7096014e+00	   1.5275132e+00	   1.4315457e+00	   1.3757162e+00	   1.2798375e+00	   1.1813908e+00	   1.1994843e+00	   1.0954495e+00	   1.0484572e+00	   1.0899139e+00	   1.0308533e+00	   9.9783886e-01	   9.9081549e-01	   9.8523708e-01	   9.4223261e-01	   8.7987896e-01	   8.7712399e-01	   8.5269392e-01	   8.2655730e-01	   7.9512830e-01	   7.5981473e-01	   7.2250357e-01	   6.9625772e-01	   6.2180460e-01	   5.9944455e-01	
             NaN	             NaN	             NaN	             NaN	             NaN	             NaN	   2.0948257e+00	   1.8437704e+00	   1.6880998e+00	   1.4733252e+00	   1.4090320e+00	   1.2716332e+00	   1.2622254e+00	   1.1986355e+00	   1.1367457e+00	   1.1248630e+00	   1.0606243e+00	   1.0256442e+00	   9.9972590e-01	   9.8419217e-01	   9.8833456e-01	   9.2562484e-01	   8.9152237e-01	   8.9664708e-01	   8.4969725e-01	   8.2310466e-01	   8.2013812e-01	   8.0531682e-01	   7.3760111e-01	   6.8340787e-01	   6.6981077e-01	   6.1157218e-01	   5.7537994e-01	
             NaN	             NaN	             NaN	             NaN	             NaN	             NaN	   2.0419683e+00	   1.9789368e+00	   1.6515822e+00	   1.5073521e+00	   1.4109977e+00	   1.3135585e+00	   1.2197244e+00	   1.1393357e+00	   1.1244059e+00	   1.0587403e+00	   1.0748644e+00	   9.9442171e-01	   9.9374207e-01	   9.8538535e-01	   9.4832366e-01	   8.9047142e-01	   8.6899214e-01	   8.6409352e-01	   8.3273643e-01	   8.4260884e-01	   8.3633172e-01	   7.7358753e-01	   7.2386954e-01	   6.9924895e-01	   6.5270147e-01	   6.2510366e-01	   5.9055585e-01	
   0.0000000e+00	             NaN	             NaN	             NaN	             NaN	             NaN	   2.0862794e+00	   1.8702343e+00	   1.7166502e+00	   1.5032750e+00	   1.3610302e+00	   1.3387687e+00	   1.2063698e+00	   1.1030895e+00	   1.0831265e+00	   1.0690413e+00	   1.0263661e+00	   9.5773650e-01	   9.1238218e-01	   9.4544407e-01	   9.5279850e-01	   8.9893819e-01	   8.7134248e-01	   8.4854608e-01	   8.2930704e-01	   8.0401165e-01	   7.8415825e-01	   7.2950500e-01	   7.4504374e-01	   6.7356069e-01	   6.3977485e-01	   5.9243830e-01	   5.6562781e-01	
   0.0000000e+00	             NaN	             NaN	             NaN	             NaN	             NaN	   2.0188394e+00	   1.8433808e+00	   1.6698543e+00	   1.5109132e+00	   1.3305768e+00	   1.2349483e+00	   1.1991558e+00	   1.1224316e+00	   1.0777331e+00	   1.0363492e+00	   1.0595696e+00	   9.7867057e-01	   9.1699540e-01	   9.1264645e-01	   8.9778001e-01	   8.8565368e-01	   8.1934480e-01	   8.3859211e-01	   8.1743939e-01	   7.6635961e-01	   7.5935599e-01	   7.3027781e-01	   7.0845180e-01	   6.3682170e-01	   6.3217113e-01	   6.0064342e-01	   5.6170517e-01	
   0.0000000e+00	             NaN	             NaN	             NaN	             NaN	             NaN	   1.8731095e+00	   1.7416722e+00	   1.6151683e+00	   1.4227562e+00	   1.3265710e+00	   1.1735751e+00	   1.1857843e+00	   1.1755540e+00	   1.0606120e+00	   1.0365635e+00	   9.5451609e-01	   9.3660090e-01	   9.2753333e-01	   9.3027803e-01	   8.5887704e-01	   8.4789243e-01	   8.0745853e-01	   7.8292035e-01	   7.9018150e-01	   7.7048066e-01	   7.2520372e-01	   7.2124021e-01	   6.8664623e-01	   6.5459470e-01	   6.2153455e-01	   5.7633725e-01	   5.5914803e-01	
   0.0000000e+00	             NaN	             NaN	             NaN	             NaN	             NaN	             NaN	   1.8896837e+00	   1.5432821e+00	   1.3586700e+00	   1.2642298e+00	   1.2089352e+00	   1.1045087e+00	   1.0711430e+00	   1.0283137e+00	   9.7554970e-01	   9.4086487e-01	   8.9067193e-01	   8.7090571e-01	   9.1792498e-01	   8.4068623e-01	   8.4626885e-01	   8.0201436e-01	   7.9683030e-01	   7.9872421e-01	   7.4404591e-01	   7.4563902e-01	   7.3044677e-01	   7.0588496e-01	   6.3050077e-01	   6.1656331e-01	   5.8526944e-01	   5.6832590e-01	
   0.0000000e+00	             NaN	             NaN	             NaN	             NaN	             NaN	             NaN	   1.7791372e+00	   1.5757096e+00	   1.3422926e+00	   1.2005429e+00	   1.2322497e+00	   1.0662059e+00	   9.9694714e-01	   9.6244704e-01	   9.4902339e-01	   9.4646154e-01	   8.8083630e-01	   9.0301593e-01	   8.2192442e-01	   8.5668349e-01	   7.6592871e-01	   7.5413982e-01	   7.6737399e-01	   7.5401801e-01	   7.5597062e-01	   7.1947367e-01	   6.6878808e-01	   6.5471548e-01	   6.1824772e-01	   5.9606050e-01	   5.8920646e-01	   5.5161898e-01	
   0.0000000e+00	   0.0000000e+00	             NaN	             NaN	             NaN	             NaN	             NaN	   1.7475782e+00	   1.5749973e+00	   1.3979851e+00	   1.2716882e+00	   1.1131391e+00	   1.1067539e+00	   1.0590586e+00	   9.5500960e-01	   9.4027820e-01	   8.9422312e-01	   8.5191762e-01	   8.6577822e-01	   8.4076042e-01	   8.3664540e-01	   7.6407450e-01	   7.7838595e-01	   7.3666580e-01	   7.0886831e-01	   6.9504313e-01	   7.0450248e-01	   6.8396751e-01	   6.3918704e-01	   6.2766650e-01	   6.1089219e-01	   5.3456932e-01	   5.3129735e-01	
   0.0000000e+00	   0.0000000e+00	             NaN	             NaN	             NaN	             NaN	             NaN	   1.6932327e+00	   1.4584146e+00	   1.3013572e+00	   1.1894965e+00	   1.1443360e+00	   1.0936739e+00	   1.0476491e+00	   9.6995140e-01	   9.1225885e-01	   9.1962342e-01	   8.4151673e-01	   8.5781977e-01	   8.1819897e-01	   8.1071888e-01	   7.5255653e-01	   7.1735861e-01	   7.2668781e-01	   7.2242471e-01	   7.2370697e-01	   6.8973432e-01	   6.6795127e-01	   6.4485763e-01	   5.7596180e-01	   5.7516961e-01	   5.3014269e-01	   5.3404956e-01	
   0.0000000e+00	   0.0000000e+00	             NaN	             NaN	             NaN	             NaN	             NaN	   1.6830645e+00	   1.4614251e+00	   1.2264186e+00	   1.2466222e+00	   1.0457450e+00	   1.0075795e+00	   9.5907612e-01	   9.5619440e-01	   9.0025097e-01	   8.6015599e-01	   8.1549654e-01	   8.1487141e-01	   7.9854250e-01	   7.6442264e-01	   7.5607954e-01	   7.2766868e-01	   7.1485837e-01	   6.8507331e-01	   6.7144788e-01	   6.9493001e-01	   6.3716478e-01	   6.0311042e-01	   5.7805653e-01	   5.4456886e-01	   5.1916480e-01	   4.9264994e-01	
   0.0000000e+00	   0.0000000e+00	             NaN	             NaN	             NaN	             NaN	             NaN	             NaN	   1.3638280e+00	   1.2660439e+00	   1.1934857e+00	   1.0854640e+00	   1.0362221e+00	   9.4419582e-01	   8.9799306e-01	   9.1150267e-01	   8.5915178e-01	   8.3779878e-01	   8.2761711e-01	   8.0136365e-01	   7.5330710e-01	   7.1993844e-01	   7.0296035e-01	   6.9229458e-01	   6.7216024e-01	   6.5741056e-01	   6.5135477e-01	   6.2971970e-01	   6.1495142e-01	   5.5029618e-01	   5.4249107e-01	   5.1103069e-01	   5.1780466e-01	
   0.0000000e+00	   0.0000000e+00	             NaN	             NaN	             NaN	             NaN	             NaN	             NaN	   1.3924015e+00	   1.2726813e+00	   1.1357669e+00	   1.0101866e+00	   9.6081218e-01	   9.2222343e-01	   8.8192280e-01	   8.6693213e-01	   8.1454398e-01	   7.5859494e-01	   8.0493033e-01	   7.4841025e-01	   7.0795729e-01	   6.9069363e-01	   6.6922117e-01	   6.4873563e-01	   6.5970912e-01	   6.4808711e-01	   6.4417411e-01	   6.0910991e-01	   5.8494910e-01	   5.5546147e-01	   5.2617364e-01	   5.0658300e-01	   4.8921637e-01	
   0.0000000e+00	   0.0000000e+00	   0.0000000e+00	             NaN	             NaN	             NaN	             NaN	             NaN	   1.3210466e+00	   1.2764017e+00	   1.1669207e+00	   1.0482803e+00	   9.8777135e-01	   9.0571362e-01	   8.7068398e-01	   8.6070839e-01	   7.7215621e-01	   7.9635683e-01	   7.5081689e-01	   7.5257198e-01	   6.9068632e-01	   6.8504231e-01	   6.7127123e-01	   6.2958728e-01	   6.3089180e-01	   6.3913182e-01	   6.2944321e-01	   5.8200237e-01	   5.7249451e-01	   5.4303006e-01	   5.5210818e-01	   5.0123810e-01	   4.7604431e-01	
   0.0000000e+00	   0.0000000e+00	   0.0000000e+00	             NaN	             NaN	             NaN	             NaN	             NaN	   1.3218399e+00	   1.1699032e+00	   1.0484862e+00	   9.9576155e-01	   8.6970069e-01	   8.8901674e-01	   8.5418847e-01	   7.7664506e-01	   7.7440869e-01	   7.7040324e-01	   7.8875485e-01	   6.9433248e-01	   6.8293898e-01	   6.7199332e-01	   6.2194852e-01	   6.1064318e-01	   6.2920993e-01	   6.1593532e-01	   6.2299193e-01	   5.9594502e-01	   5.5438183e-01	   5.3582700e-01	   5.1000504e-01	   5.0070272e-01	   4.5899492e-01	
   0.0000000e+00	   0.0000000e+00	   0.0000000e+00	             NaN	             NaN	             NaN	             NaN	             NaN	   1.3148821e+00	   1.2020383e+00	   1.0878926e+00	   1.0121377e+00	   9.5564318e-01	   8.1848744e-01	   8.4947738e-01	   7.6652634e-01	   7.5363921e-01	   7.3628608e-01	   7.5301319e-01	   6.9785487e-01	   7.0807696e-01	   6.2496521e-01	   6.2090360e-01	   5.8821745e-01	   5.9634570e-01	   6.0571226e-01	   5.7042178e-01	   5.7864243e-01	   5.3604242e-01	   5.3129198e-01	   5.1528746e-01	   4.6404333e-01	   4.5190945e-01	
   0.0000000e+00	   0.0000000e+00	   0.0000000e+00	             NaN	             NaN	             NaN	             NaN	             NaN	   1.2344296e+00	   1.1862796e+00	   1.0414938e+00	   9.7280930e-01	   9.2949156e-01	   8.7593849e-01	   8.0141724e-01	   8.1464849e-01	   7.2398554e-01	   7.6772550e-01	   7.4800177e-01	   6.5718891e-01	   6.7227556e-01	   6.1951970e-01	   6.5259488e-01	   5.9093620e-01	   5.7705238e-01	   5.5761904e-01	   5.6567314e-01	   5.4371917e-01	   5.3659990e-01	   5.3109297e-01	   4.9058695e-01	   4.6604560e-01	   4.5240170e-01	
   0.0000000e+00	   0.0000000e+00	   0.0000000e+00	             NaN	             NaN	             NaN	             NaN	             NaN	             NaN	   1.1013823e+00	   1.0502204e+00	   9.9660183e-01	   8.8886125e-01	   8.4293886e-01	   8.1284331e-01	   7.7452030e-01	   7.0538625e-01	   6.8207284e-01	   6.8583668e-01	   6.7839013e-01	   6.5635980e-01	   6.7157279e-01	   5.8604086e-01	   5.6342240e-01	   6.0047811e-01	   5.8668148e-01	   5.7192611e-01	   5.1425151e-01	   5.1389661e-01	   4.8773507e-01	   4.6750891e-01	   4.6102357e-01	   4.2175682e-01	
   0.0000000e+00	   0.0000000e+00	   0.0000000e+00	   0.0000000e+00	             NaN	             NaN	             NaN	             NaN	             NaN	   1.0809901e+00	   1.0371899e+00	   9.8100530e-01	   8.8998855e-01	   7.7650247e-01	   7.8826901e-01	   7.2308270e-01	   7.0452296e-01	   6.6332095e-01	   6.5686281e-01	   6.5381667e-01	   5.9298538e-01	   6.0972540e-01	   6.0205108e-01	   5.3656426e-01	   5.6634278e-01	   5.7482058e-01	   5.1752976e-01	   5.2421062e-01	   4.8635668e-01	   4.8223272e-01	   4.5027800e-01	   4.6378572e-01	   4.2831677e-01	
   0.0000000e+00	   0.0000000e+00	   0.0000000e+00	   0.0000000e+00	             NaN	             NaN	             NaN	             NaN	             NaN	   1.0450909e+00	   1.0171171e+00	   8.8240302e-01	   8.4603489e-01	   8.3170407e-01	   7.7749338e-01	   7.3649907e-01	   6.9808022e-01	   6.5236350e-01	   6.5401397e-01	   6.3532212e-01	   6.2194846e-01	   6.0654288e-01	   5.6133822e-01	   5.4412329e-01	   5.4648858e-01	   5.1989057e-01	   5.1306301e-01	   5.2198559e-01	   5.0496496e-01	   4.7654340e-01	   4.3207257e-01	   4.2503888e-01	   3.9803494e-01	
   0.0000000e+00	   0.0000000e+00	   0.0000000e+00	   0.0000000e+00	             NaN	             NaN	             NaN	             NaN	             NaN	   1.0460493e+00	   9.4091308e-01	   8.0468886e-01	   8.2262330e-01	   7.9376675e-01	   7.6789412e-01	   7.2407601e-01	   6.6872098e-01	   6.4821347e-01	   5.9183870e-01	   6.2968874e-01	   5.9535757e-01	   5.6989246e-01	   5.5732575e-01	   5.5992720e-01	   5.5221655e-01	   5.2739811e-01	   4.7056309e-01	   4.8492617e-01	   4.7580806e-01	   4.4253264e-01	   4.4441927e-01	   4.3693370e-01	   3.9305713e-01	
   0.0000000e+00	   0.0000000e+00	   0.0000000e+00	   0.0000000e+00	             NaN	             NaN	             NaN	             NaN	             NaN	   1.1009964e+00	   9.7871601e-01	   9.0062087e-01	   7.4262651e-01	   7.2833915e-01	   6.8683524e-01	   6.5003708e-01	   6.4614324e-01	   6.3685762e-01	   6.4880594e-01	   5.6611204e-01	   5.9263173e-01	   5.7362830e-01	   5.3793845e-01	   5.2402275e-01	   5.2224087e-01	   4.8668191e-01	   4.9490640e-01	   4.8293929e-01	   4.6701228e-01	   4.4026766e-01	   3.9537342e-01	   4.1763914e-01	   3.9377394e-01	
   0.0000000e+00	   0.0000000e+00	   0.0000000e+00	   0.0000000e+00	             NaN	             NaN	             NaN	             NaN	             NaN	             NaN	   9.1489093e-01	   8.9611607e-01	   7.5150723e-01	   7.3086084e-01	   6.8819431e-01	   6.6358891e-01	   5.9999250e-01	   6.4747376e-01	   5.8964492e-01	   5.9333582e-01	   5.7207457e-01	   5.4257826e-01	   5.4199931e-01	   4.9767256e-01	   5.0018331e-01	   4.9193373e-01	   4.9093142e-01	   4.7086612e-01	   4.4278226e-01	   4.2906349e-01	   4.1249786e-01	   4.0546959e-01	   4.0420966e-01	
   0.0000000e+00	   0.0000000e+00	   0.0000000e+00	   0.0000000e+00	             NaN	             NaN	             NaN	             NaN	             NaN	             NaN	   9.5276990e-01	   7.9148493e-01	   7.7400863e-01	   7.5300053e-01	   7.3035087e-01	   6.7183262e-01	   6.2856072e-01	   5.7713436e-01	   5.6517601e-01	   6.1089373e-01	   5.4972463e-01	   5.2772614e-01	   5.0113410e-01	   4.8630686e-01	   4.9270198e-01	   4.6954918e-01	   4.9458369e-01	   4.6882754e-01	   4.2508909e-01	   4.1356802e-01	   3.9178437e-01	   3.9792031e-01	   3.8353785e-01	
   0.0000000e+00	   0.0000000e+00	   0.0000000e+00	   0.0000000e+00	   0.0000000e+00	             NaN	             NaN	             NaN	             NaN	             NaN	   9.0909003e-01	   8.5473999e-01	   7.1287579e-01	   7.1230020e-01	   6.5503145e-01	   6.1576536e-01	   5.7098966e-01	   5.9655609e-01	   5.7334060e-01	   5.5375118e-01	   5.2678026e-01	   5.1423497e-01	   4.9817326e-01	   4.8810607e-01	   4.5521167e-01	   4.6237770e-01	   4.5078917e-01	   4.5248809e-01	   4.2449763e-01	   4.0011359e-01	   3.9234695e-01	   3.7563060e-01	   3.4715525e-01	
   0.0000000e+00	   0.0000000e+00	   0.0000000e+00	   0.0000000e+00	   0.0000000e+00	             NaN	             NaN	             NaN	             NaN	             NaN	   7.9733587e-01	   7.7400828e-01	   7.3616936e-01	   7.2496771e-01	   6.6485650e-01	   6.0807107e-01	   6.1799319e-01	   5.5363785e-01	   5.9746985e-01	   5.4678904e-01	   5.0816198e-01	   4.7888927e-01	   4.8934391e-01	   4.6139672e-01	   4.6170680e-01	   4.4504408e-01	   4.2491224e-01	   3.9652172e-01	   4.2827563e-01	   3.8360906e-01	   3.7936741e-01	   3.5113287e-01	   3.5642521e-01	
   0.0000000e+00	   0.0000000e+00	   0.0000000e+00	   0.0000000e+00	   0.0000000e+00	             NaN	             NaN	             NaN	             NaN	             NaN	   8.0074319e-01	   7.3425626e-01	   7.8661106e-01	   6.5076153e-01	   6.3355777e-01	   6.1871835e-01	   5.9698774e-01	   5.3631601e-01	   5.9041228e-01	   5.1062178e-01	   5.0288990e-01	   4.7431716e-01	   4.8736253e-01	   4.4368571e-01	   4.0493621e-01	   4.3146575e-01	   4.3032383e-01	   4.1107104e-01	   3.7848923e-01	   3.7011692e-01	   3.8386786e-01	   3.8250191e-01	   3.5099880e-01	
   0.0000000e+00	   0.0000000e+00	   0.0000000e+00	   0.0000000e+00	   0.0000000e+00	             NaN	             NaN	             NaN	             NaN	             NaN	             NaN	   7.4441184e-01	   6.2294697e-01	   6.0782218e-01	   5.6946145e-01	   5.8674320e-01	   5.3272993e-01	   5.4788128e-01	   5.2784421e-01	   4.7533812e-01	   4.8040595e-01	   4.8362458e-01	   4.4908806e-01	   4.3460580e-01	   4.2558218e-01	   4.5586691e-01	   4.0261501e-01	   4.2676363e-01	   3.9816148e-01	   3.7777611e-01	   3.6723134e-01	   3.6410081e-01	   3.4621729e-01	
   0.0000000e+00	   0.0000000e+00	   0.0000000e+00	   0.0000000e+00	   0.0000000e+00	             NaN	             NaN	             NaN	             NaN	             NaN	             NaN	   7.2759855e-01	   6.6115810e-01	   6.5476130e-01	   5.6455122e-01	   5.4792346e-01	   5.5081775e-01	   5.6737944e-01	   5.0259606e-01	   4.8600407e-01	   4.6711503e-01	   4.6390760e-01	   4.4837610e-01	   4.2956789e-01	   4.0768628e-01	   4.1705799e-01	   4.0073543e-01	   3.9400899e-01	   3.9084734e-01	   3.6846298e-01	   3.5388552e-01	   3.1470781e-01	   3.4326548e-01	
   0.0000000e+00	   0.0000000e+00	   0.0000000e+00	   0.0000000e+00	   0.0000000e+00	   0.0000000e+00	             NaN	             NaN	             NaN	             NaN	             NaN	   7.2696340e-01	   6.4693597e-01	   5.9810663e-01	   5.6436588e-01	   6.0009176e-01	   5.3931033e-01	   5.6318633e-01	   5.0265589e-01	   4.7693708e-01	   4.7396252e-01	   4.4559016e-01	   4.0403149e-01	   3.9578499e-01	   3.9609688e-01	   4.1776883e-01	   3.6914280e-01	   3.7678311e-01	   3.5064238e-01	   3.4982464e-01	   3.5994523e-01	   3.2934466e-01	   3.0658035e-01	
   0.0000000e+00	   0.0000000e+00	   0.0000000e+00	   0.0000000e+00	   0.0000000e+00	   0.0000000e+00	             NaN	             NaN	             NaN	             NaN	             NaN	   7.1452401e-01	   6.1809555e-01	   6.1386236e-01	   5.9996395e-01	   5.2426749e-01	   5.2187931e-01	   4.5561702e-01	   4.3146125e-01	   4.5951440e-01	   4.5491997e-01	   4.6913741e-01	   4.2974987e-01	   4.0219653e-01	   3.8141571e-01	   3.6360133e-01	   4.1329113e-01	   3.5570002e-01	   3.4886206e-01	   3.2718028e-01	   2.9878522e-01	   3.1036009e-01	   3.2893067e-01	
   0.0000000e+00	   0.0000000e+00	   0.0000000e+00	   0.0000000e+00	   0.0000000e+00	   0.0000000e+00	             NaN	             NaN	             NaN	             NaN	             NaN	   6.6412171e-01	   5.7592602e-01	   5.9359551e-01	   5.5244838e-01	   4.9293507e-01	   5.0623468e-01	   4.8844077e-01	   4.9092531e-01	   4.4388454e-01	   4.2131065e-01	   4.5417839e-01	   4.3166349e-01	   4.1156287e-01	   3.7212035e-01	   3.8526585e-01	   3.5502769e-01	   3.5723453e-01	   3.4066409e-01	   3.6578619e-01	   3.1195348e-01	   3.1882248e-01	   3.0300309e-01	
   0.0000000e+00	   0.0000000e+00	   0.0000000e+00	   0.0000000e+00	   0.0000000e+00	   0.0000000e+00	             NaN	             NaN	             NaN	             NaN	             NaN	             NaN	   5.6870121e-01	   5.9878036e-01	   5.5626811e-01	   5.1816087e-01	   4.7528720e-01	   4.6546981e-01	   4.4348533e-01	   4.3318143e-01	   4.1236025e-01	   4.0689511e-01	   3.6577142e-01	   3.8576302e-01	   3.8642296e-01	   3.9055269e-01	   3.6374325e-01	   3.5365977e-01	   3.2670261e-01	   3.2538076e-01	   3.0825897e-01	   2.9826035e-01	   2.9322463e-01	
   0.0000000e+00	   0.0000000e+00	   0.0000000e+00	   0.0000000e+00	   0.0000000e+00	   0.0000000e+00	             NaN	             NaN	             NaN	             NaN	             NaN	             NaN	   5.8702519e-01	   5.7134846e-01	   5.3025939e-01	   5.1049715e-01	   4.9661665e-01	   4.5270572e-01	   4.4001586e-01	   4.3382936e-01	   4.0927543e-01	   4.0514648e-01	   3.6690931e-01	   3.7407749e-01	   3.7554763e-01	   3.6041871e-01	   3.5177672e-01	   3.4822718e-01	   3.0870052e-01	   3.0909513e-01	   3.1213541e-01	   3.0997894e-01	   2.6834743e-01	
   0.0000000e+00	   0.0000000e+00	   0.0000000e+00	   0.0000000e+00	   0.0000000e+00	   0.0000000e+00	   0.0000000e+00	             NaN	             NaN	             NaN	             NaN	             NaN	   6.0817842e-01	   5.8463170e-01	   5.0427345e-01	   5.2355403e-01	   4.8175112e-01	   4.6855705e-01	   4.3201207e-01	   4.2629922e-01	   3.8536188e-01	   3.6921578e-01	   3.8666743e-01	   3.8339015e-01	   3.5986753e-01	   3.6128949e-01	   3.6367694e-01	   3.1742905e-01	   2.9882633e-01	   3.3283852e-01	   2.9347741e-01	   2.7316221e-01	   2.8097773e-01	
   0.0000000e+00	   0.0000000e+00	   0.0000000e+00	   0.0000000e+00	   0.0000000e+00	   0.0000000e+00	   0.0000000e+00	             NaN	             NaN	             NaN	             NaN	             NaN	   5.5447483e-01	   4.5807653e-01	   4.7845489e-01	   4.8186805e-01	   4.1967757e-01	   4.1513483e-01	   4.5059509e-01	   4.1337439e-01	   3.7499905e-01	   3.9453597e-01	   3.5396470e-01	   3.3551744e-01	   3.5854080e-01	   3.0877603e-01	   3.4774942e-01	   2.9148246e-01	   3.0369591e-01	   3.0497024e-01	   2.7505186e-01	   2.6387384e-01	   2.8983947e-01	
   0.0000000e+00	   0.0000000e+00	   0.0000000e+00	   0.0000000e+00	   0.0000000e+00	   0.0000000e+00	   0.0000000e+00	             NaN	             NaN	             NaN	             NaN	             NaN	   5.5062088e-01	   5.6488125e-01	   5.0245715e-01	   4.6158619e-01	   4.4500874e-01	   4.2606173e-01	   3.9450398e-01	   3.4694749e-01	   3.8667898e-01	   3.7877660e-01	   3.5853901e-01	   3.2659038e-01	   3.6372274e-01	   3.3859897e-01	   3.0691335e-01	   3.1771902e-01	   2.9902691e-01	   2.9370810e-01	   2.8144668e-01	   2.7896969e-01	   2.6506874e-01	
   0.0000000e+00	   0.0000000e+00	   0.0000000e+00	   0.0000000e+00	   0.0000000e+00	   0.0000000e+00	   0.0000000e+00	             NaN	             NaN	             NaN	             NaN	             NaN	             NaN	   4.8456274e-01	   4.8545270e-01	   4.6135417e-01	   4.3064311e-01	   3.9893318e-01	   3.7099367e-01	   4.1116450e-01	   3.7168129e-01	   3.3041787e-01	   3.4770402e-01	   3.4857632e-01	   3.2671227e-01	   3.4461251e-01	   2.9543016e-01	   2.9987632e-01	   2.8454032e-01	   2.9416830e-01	   2.5679228e-01	   2.5606559e-01	   2.5172847e-01	
   0.0000000e+00	   0.0000000e+00	   0.0000000e+00	   0.0000000e+00	   0.0000000e+00	   0.0000000e+00	   0.0000000e+00	             NaN	             NaN	             NaN	             NaN	             NaN	             NaN	   5.1298854e-01	   4.8936490e-01	   4.5212182e-01	   4.0029843e-01	   3.9517708e-01	   3.6125800e-01	   3.6520491e-01	   3.4838925e-01	   3.4520375e-01	   3.4759789e-01	   3.2345321e-01	   3.1783732e-01	   2.8953981e-01	   3.1014655e-01	   2.6606860e-01	   2.6708474e-01	   2.8343982e-01	   2.7463566e-01	   2.6745050e-01	   2.6246801e-01	
   0.0000000e+00	   0.0000000e+00	   0.0000000e+00	   0.0000000e+00	   0.0000000e+00	   0.0000000e+00	   0.0000000e+00	   0.0000000e+00	             NaN	             NaN	             NaN	             NaN	             NaN	   5.4132873e-01	   4.2855885e-01	   4.1550435e-01	   4.4953729e-01	   3.6675039e-01	   3.6983225e-01	   3.6489033e-01	   3.5891998e-01	   3.2621576e-01	   3.0974573e-01	   3.2268675e-01	   3.1785175e-01	   3.0272895e-01	   3.0631190e-01	   2.8225393e-01	   2.8242321e-01	   2.7193207e-01	   2.4962024e-01	   2.5212022e-01	   2.3872921e-01	
   0.0000000e+00	   0.0000000e+00	   0.0000000e+00	   0.0000000e+00	   0.0000000e+00	   0.0000000e+00	   0.0000000e+00	   0.0000000e+00	             NaN	             NaN	             NaN	             NaN	             NaN	   4.4884036e-01	   4.2329626e-01	   4.0631704e-01	   3.8617325e-01	   3.8645517e-01	   3.4558091e-01	   3.6245960e-01	   3.0826188e-01	   3.1957095e-01	   3.2312408e-01	   2.8928607e-01	   2.8641547e-01	   3.1290228e-01	   2.9129166e-01	   2.9376493e-01	   2.7735633e-01	   2.5128055e-01	   2.6031002e-01	   2.5330761e-01	   2.4058242e-01	
   0.0000000e+00	   0.0000000e+00	   0.0000000e+00	   0.0000000e+00	   0.0000000e+00	   0.0000000e+00	   0.0000000e+00	   0.0000000e+00	             NaN	             NaN	             NaN	             NaN	             NaN	   4.5511092e-01	   4.3290707e-01	   4.0511937e-01	   3.7316625e-01	   3.7497910e-01	   3.6480602e-01	   3.4141980e-01	   3.0204605e-01	   3.3874938e-01	   2.9581301e-01	   2.9912645e-01	   2.9867910e-01	   2.6019269e-01	   2.9626397e-01	   2.5669908e-01	   2.7712748e-01	   2.2952978e-01	   2.4075102e-01	   2.4051870e-01	   2.3151029e-01	
   0.0000000e+00	   0.0000000e+00	   0.0000000e+00	   0.0000000e+00	   0.0000000e+00	   0.0000000e+00	   0.0000000e+00	   0.0000000e+00	             NaN	             NaN	             NaN	             NaN	             NaN	             NaN	   4.3795924e-01	   3.7371143e-01	   3.7149893e-01	   3.5593182e-01	   3.6620041e-01	   3.0395248e-01	   3.1689222e-01	   3.1218755e-01	   2.6544216e-01	   2.8011816e-01	   3.0551700e-01	   2.4565560e-01	   2.6241181e-01	   2.4053495e-01	   2.4233125e-01	   2.4687542e-01	   2.4103459e-01	   2.2706538e-01	   2.2519844e-01	
   0.0000000e+00	   0.0000000e+00	   0.0000000e+00	   0.0000000e+00	   0.0000000e+00	   0.0000000e+00	   0.0000000e+00	   0.0000000e+00	             NaN	             NaN	             NaN	             NaN	             NaN	             NaN	   3.8117957e-01	   3.8921700e-01	   3.1055775e-01	   3.3291237e-01	   3.2918732e-01	   3.3025311e-01	   2.7742109e-01	   2.8827816e-01	   3.0021664e-01	   3.0405333e-01	   2.9322827e-01	   2.6934612e-01	   2.6162587e-01	   2.3843068e-01	   2.1741287e-01	   2.1887293e-01	   2.1466402e-01	   2.0412444e-01	   2.1853818e-01	
   0.0000000e+00	   0.0000000e+00	   0.0000000e+00	   0.0000000e+00	   0.0000000e+00	   0.0000000e+00	   0.0000000e+00	   0.0000000e+00	   0.0000000e+00	             NaN	             NaN	             NaN	             NaN	             NaN	   3.9839366e-01	   3.3197841e-01	   3.5467429e-01	   3.4567429e-01	   3.0307834e-01	   3.1986359e-01	   2.8708887e-01	   2.8621741e-01	   2.8105134e-01	   2.4797710e-01	   2.4757032e-01	   2.5997456e-01	   2.3893012e-01	   2.6534512e-01	   2.2997240e-01	   2.1846428e-01	   2.2246377e-01	   2.2660766e-01	   2.2420200e-01	
   0.0000000e+00	   0.0000000e+00	   0.0000000e+00	   0.0000000e+00	   0.0000000e+00	   0.0000000e+00	   0.0000000e+00	   0.0000000e+00	   0.0000000e+00	             NaN	             NaN	             NaN	             NaN	             NaN	   3.9376814e-01	   3.8945466e-01	   3.4995829e-01	   3.1735029e-01	   3.0286436e-01	   3.0146453e-01	   2.8243923e-01	   2.7441958e-01	   2.8134768e-01	   2.8300191e-01	   2.8515799e-01	   2.3905519e-01	   2.3371311e-01	   2.4256613e-01	   2.2456117e-01	   2.3730066e-01	   2.1330090e-01	   1.9629319e-01	   1.9082620e-01	
   0.0000000e+00	   0.0000000e+00	   0.0000000e+00	   0.0000000e+00	   0.0000000e+00	   0.0000000e+00	   0.0000000e+00	   0.0000000e+00	   0.0000000e+00	             NaN	             NaN	             NaN	             NaN	             NaN	   3.2115587e-01	   3.6654576e-01	   3.7405123e-01	   3.0723732e-01	   3.2188645e-01	   2.7707250e-01	   3.0892239e-01	   2.6356575e-01	   2.5994375e-01	   2.3494877e-01	   2.4538101e-01	   2.3093362e-01	   2.3228297e-01	   2.2792076e-01	   2.2192790e-01	   1.9426010e-01	   1.8840336e-01	   1.9952104e-01	   1.9587882e-01	
   0.0000000e+00	   0.0000000e+00	   0.0000000e+00	   0.0000000e+00	   0.0000000e+00	   0.0000000e+00	   0.0000000e+00	   0.0000000e+00	   0.0000000e+00	             NaN	             NaN	             NaN	             NaN	             NaN	             NaN	   3.5036553e-01	   3.3068885e-01	   2.9696389e-01	   2.8294811e-01	   2.5973818e-01	   2.7156742e-01	   2.5309450e-01	   2.5376133e-01	   2.5002370e-01	   2.6484148e-01	   2.5014360e-01	   2.3073217e-01	   2.0186883e-01	   2.3002307e-01	   1.9775411e-01	   1.9467658e-01	   2.0081287e-01	   2.0911482e-01	
   0.0000000e+00	   0.0000000e+00	   0.0000000e+00	   0.0000000e+00	   0.0000000e+00	   0.0000000e+00	   0.0000000e+00	   0.0000000e+00	   0.0000000e+00	             NaN	             NaN	             NaN	             NaN	             NaN	             NaN	   3.4437927e-01	   3.4186658e-01	   2.9810252e-01	   2.8993774e-01	   2.8770679e-01	   2.8833232e-01	   2.5193043e-01	   2.5950851e-01	   2.6564439e-01	   2.4161463e-01	   2.3222126e-01	   1.9513422e-01	   2.1172004e-01	   2.0983666e-01	   2.0094852e-01	   1.8817750e-01	   1.8371052e-01	   1.8998775e-01	
   0.0000000e+00	   0.0000000e+00	   0.0000000e+00	   0.0000000e+00	   0.0000000e+00	   0.0000000e+00	   0.0000000e+00	   0.0000000e+00	   0.0000000e+00	   0.0000000e+00	             NaN	             NaN	             NaN	             NaN	             NaN	   3.3047618e-01	   3.0853855e-01	   3.2267270e-01	   2.8887994e-01	   2.7631629e-01	   2.8621506e-01	   2.2479728e-01	   2.3461472e-01	   2.0897313e-01	   2.0040110e-01	   2.2048314e-01	   2.1266746e-01	   2.3714353e-01	   1.9123673e-01	   2.0683881e-01	   1.8747293e-01	   1.8866892e-01	   1.8375067e-01	
