  -1.8428133e+01	  -2.5345259e+01	  -2.1719712e+01	             NaN	             NaN	             NaN	             NaN	             NaN	             NaN	             NaN	             NaN	             NaN	             NaN	             NaN	   0.0000000e+00	   0.0000000e+00	   0.0000000e+00	   0.0000000e+00	   0.0000000e+00	   0.0000000e+00	   0.0000000e+00	   0.0000000e+00	   0.0000000e+00	   0.0000000e+00	   0.0000000e+00	   0.0000000e+00	   0.0000000e+00	   0.0000000e+00	   0.0000000e+00	   0.0000000e+00	   0.0000000e+00	   0.0000000e+00	   0.0000000e+00	
  -1.9357954e+01	  -2.0175979e+01	  -1.9939435e+01	             NaN	             NaN	             NaN	             NaN	             NaN	             NaN	             NaN	             NaN	             NaN	             NaN	             NaN	   0.0000000e+00	   0.0000000e+00	   0.0000000e+00	   0.0000000e+00	   0.0000000e+00	   0.0000000e+00	   0.0000000e+00	   0.0000000e+00	   0.0000000e+00	   0.0000000e+00	   0.0000000e+00	   0.0000000e+00	   0.0000000e+00	   0.0000000e+00	   0.0000000e+00	   0.0000000e+00	   0.0000000e+00	   0.0000000e+00	   0.0000000e+00	
  -1.5700552e+01	  -1.8430861e+01	  -1.7817013e+01	             NaN	             NaN	             NaN	             NaN	             NaN	             NaN	             NaN	             NaN	             NaN	             NaN	             NaN	   0.0000000e+00	   0.0000000e+00	   0.0000000e+00	   0.0000000e+00	   0.0000000e+00	   0.0000000e+00	   0.0000000e+00	   0.0000000e+00	   0.0000000e+00	   0.0000000e+00	   0.0000000e+00	   0.0000000e+00	   0.0000000e+00	   0.0000000e+00	   0.0000000e+00	   0.0000000e+00	   0.0000000e+00	   0.0000000e+00	   0.0000000e+00	
  -1.2437115e+01	  -1.6552062e+01	  -1.4391928e+01	  -9.3198357e+00	             NaN	             NaN	             NaN	             NaN	             NaN	             NaN	             NaN	             NaN	             NaN	             NaN	             NaN	   0.0000000e+00	   0.0000000e+00	   0.0000000e+00	   0.0000000e+00	   0.0000000e+00	   0.0000000e+00	   0.0000000e+00	   0.0000000e+00	   0.0000000e+00	   0.0000000e+00	   0.0000000e+00	   0.0000000e+00	   0.0000000e+00	   0.0000000e+00	   0.0000000e+00	   0.0000000e+00	   0.0000000e+00	   0.0000000e+00	
  -1.0675935e+01	  -1.3940258e+01	  -1.0795931e+01	  -7.0833127e+00	             NaN	             NaN	             NaN	             NaN	             NaN	             NaN	             NaN	             NaN	             NaN	             NaN	             NaN	   0.0000000e+00	   0.0000000e+00	   0.0000000e+00	   0.0000000e+00	   0.0000000e+00	   0.0000000e+00	   0.0000000e+00	   0.0000000e+00	   0.0000000e+00	   0.0000000e+00	   0.0000000e+00	   0.0000000e+00	   0.0000000e+00	   0.0000000e+00	   0.0000000e+00	   0.0000000e+00	   0.0000000e+00	   0.0000000e+00	
  -8.9567930e+00	  -1.0696674e+01	  -9.6549732e+00	  -5.7459290e+00	  -1.8766137e+00	             NaN	             NaN	             NaN	             NaN	             NaN	             NaN	             NaN	             NaN	             NaN	             NaN	             NaN	   0.0000000e+00	   0.0000000e+00	   0.0000000e+00	   0.0000000e+00	   0.0000000e+00	   0.0000000e+00	   0.0000000e+00	   0.0000000e+00	   0.0000000e+00	   0.0000000e+00	   0.0000000e+00	   0.0000000e+00	   0.0000000e+00	   0.0000000e+00	   0.0000000e+00	   0.0000000e+00	   0.0000000e+00	
  -8.3235074e+00	  -9.3286631e+00	  -7.7696166e+00	  -4.7818230e+00	  -1.9592202e+00	             NaN	             NaN	             NaN	             NaN	             NaN	             NaN	             NaN	             NaN	             NaN	             NaN	             NaN	   0.0000000e+00	   0.0000000e+00	   0.0000000e+00	   0.0000000e+00	   0.0000000e+00	   0.0000000e+00	   0.0000000e+00	   0.0000000e+00	   0.0000000e+00	   0.0000000e+00	   0.0000000e+00	   0.0000000e+00	   0.0000000e+00	   0.0000000e+00	   0.0000000e+00	   0.0000000e+00	   0.0000000e+00	
  -6.5307892e+00	  -7.2410078e+00	  -7.0145781e+00	  -3.5734753e+00	  -1.3463243e+00	             NaN	             NaN	             NaN	             NaN	             NaN	             NaN	             NaN	             NaN	             NaN	             NaN	             NaN	   0.0000000e+00	   0.0000000e+00	   0.0000000e+00	   0.0000000e+00	   0.0000000e+00	   0.0000000e+00	   0.0000000e+00	   0.0000000e+00	   0.0000000e+00	   0.0000000e+00	   0.0000000e+00	   0.0000000e+00	   0.0000000e+00	   0.0000000e+00	   0.0000000e+00	   0.0000000e+00	   0.0000000e+00	
  -5.5371874e+00	  -6.1180160e+00	  -5.3081853e+00	  -3.0960899e+00	  -9.2509820e-01	   7.5278273e-01	             NaN	             NaN	             NaN	             NaN	             NaN	             NaN	             NaN	             NaN	             NaN	             NaN	             NaN	   0.0000000e+00	   0.0000000e+00	   0.0000000e+00	   0.0000000e+00	   0.0000000e+00	   0.0000000e+00	   0.0000000e+00	   0.0000000e+00	   0.0000000e+00	   0.0000000e+00	   0.0000000e+00	   0.0000000e+00	   0.0000000e+00	   0.0000000e+00	   0.0000000e+00	   0.0000000e+00	
  -3.7590578e+00	  -5.1033192e+00	  -4.2780989e+00	  -2.3827125e+00	  -3.2903913e-01	   9.6551510e-01	             NaN	             NaN	             NaN	             NaN	             NaN	             NaN	             NaN	             NaN	             NaN	             NaN	             NaN	   0.0000000e+00	   0.0000000e+00	   0.0000000e+00	   0.0000000e+00	   0.0000000e+00	   0.0000000e+00	   0.0000000e+00	   0.0000000e+00	   0.0000000e+00	   0.0000000e+00	   0.0000000e+00	   0.0000000e+00	   0.0000000e+00	   0.0000000e+00	   0.0000000e+00	   0.0000000e+00	
  -4.5161671e+00	  -4.1191835e+00	  -3.2570969e+00	  -1.4000537e+00	   1.8808873e-01	   1.3682331e+00	   2.0185635e+00	             NaN	             NaN	             NaN	             NaN	             NaN	             NaN	             NaN	             NaN	             NaN	             NaN	             NaN	   0.0000000e+00	   0.0000000e+00	   0.0000000e+00	   0.0000000e+00	   0.0000000e+00	   0.0000000e+00	   0.0000000e+00	   0.0000000e+00	   0.0000000e+00	   0.0000000e+00	   0.0000000e+00	   0.0000000e+00	   0.0000000e+00	   0.0000000e+00	   0.0000000e+00	
  -2.5202868e+00	  -3.3645720e+00	  -2.5511583e+00	  -9.0538919e-01	   5.3805196e-01	   1.6945092e+00	   2.4179857e+00	             NaN	             NaN	             NaN	             NaN	             NaN	             NaN	             NaN	             NaN	             NaN	             NaN	             NaN	   0.0000000e+00	   0.0000000e+00	   0.0000000e+00	   0.0000000e+00	   0.0000000e+00	   0.0000000e+00	   0.0000000e+00	   0.0000000e+00	   0.0000000e+00	   0.0000000e+00	   0.0000000e+00	   0.0000000e+00	   0.0000000e+00	   0.0000000e+00	   0.0000000e+00	
  -1.8758859e+00	  -2.3425233e+00	  -1.4058547e+00	  -1.4388691e-01	   9.6449037e-01	   1.8549762e+00	   2.6573771e+00	             NaN	             NaN	             NaN	             NaN	             NaN	             NaN	             NaN	             NaN	             NaN	             NaN	             NaN	   0.0000000e+00	   0.0000000e+00	   0.0000000e+00	   0.0000000e+00	   0.0000000e+00	   0.0000000e+00	   0.0000000e+00	   0.0000000e+00	   0.0000000e+00	   0.0000000e+00	   0.0000000e+00	   0.0000000e+00	   0.0000000e+00	   0.0000000e+00	   0.0000000e+00	
  -9.4576492e-01	  -1.8812069e+00	  -7.8101954e-01	   3.5015996e-01	   1.0999161e+00	   2.1196969e+00	   2.8910219e+00	   3.1001001e+00	             NaN	             NaN	             NaN	             NaN	             NaN	             NaN	             NaN	             NaN	             NaN	             NaN	             NaN	   0.0000000e+00	   0.0000000e+00	   0.0000000e+00	   0.0000000e+00	   0.0000000e+00	   0.0000000e+00	   0.0000000e+00	   0.0000000e+00	   0.0000000e+00	   0.0000000e+00	   0.0000000e+00	   0.0000000e+00	   0.0000000e+00	   0.0000000e+00	
  -4.5616308e-01	  -4.9063772e-01	  -1.8789315e-01	   5.3488211e-01	   1.4397346e+00	   2.4379282e+00	   3.2167081e+00	   3.6874860e+00	             NaN	             NaN	             NaN	             NaN	             NaN	             NaN	             NaN	             NaN	             NaN	             NaN	             NaN	   0.0000000e+00	   0.0000000e+00	   0.0000000e+00	   0.0000000e+00	   0.0000000e+00	   0.0000000e+00	   0.0000000e+00	   0.0000000e+00	   0.0000000e+00	   0.0000000e+00	   0.0000000e+00	   0.0000000e+00	   0.0000000e+00	   0.0000000e+00	
   9.6615091e-01	  -1.8830959e-01	   2.2380225e-01	   9.1609638e-01	   1.6623499e+00	   2.3894058e+00	   3.4200499e+00	   4.0671484e+00	   4.0688784e+00	             NaN	             NaN	             NaN	             NaN	             NaN	             NaN	             NaN	             NaN	             NaN	             NaN	             NaN	   0.0000000e+00	   0.0000000e+00	   0.0000000e+00	   0.0000000e+00	   0.0000000e+00	   0.0000000e+00	   0.0000000e+00	   0.0000000e+00	   0.0000000e+00	   0.0000000e+00	   0.0000000e+00	   0.0000000e+00	   0.0000000e+00	
   4.0771004e-01	   5.0330459e-01	   6.8332132e-01	   1.5221984e+00	   2.2600255e+00	   2.9761177e+00	   3.8120536e+00	   4.4252225e+00	   5.1638834e+00	             NaN	             NaN	             NaN	             NaN	             NaN	             NaN	             NaN	             NaN	             NaN	             NaN	             NaN	   0.0000000e+00	   0.0000000e+00	   0.0000000e+00	   0.0000000e+00	   0.0000000e+00	   0.0000000e+00	   0.0000000e+00	   0.0000000e+00	   0.0000000e+00	   0.0000000e+00	   0.0000000e+00	   0.0000000e+00	   0.0000000e+00	
   1.0552254e+00	   1.3293114e+00	   1.5371657e+00	   1.8161427e+00	   2.4157214e+00	   3.4115016e+00	   4.2448471e+00	   5.1344773e+00	   5.8787353e+00	             NaN	             NaN	             NaN	             NaN	             NaN	             NaN	             NaN	             NaN	             NaN	             NaN	             NaN	   0.0000000e+00	   0.0000000e+00	   0.0000000e+00	   0.0000000e+00	   0.0000000e+00	   0.0000000e+00	   0.0000000e+00	   0.0000000e+00	   0.0000000e+00	   0.0000000e+00	   0.0000000e+00	   0.0000000e+00	   0.0000000e+00	
   1.9989847e+00	   1.3914918e+00	   1.7527261e+00	   2.4260450e+00	   2.8628464e+00	   3.5423015e+00	   4.4689054e+00	   5.5841739e+00	   6.7018775e+00	   6.7668318e+00	             NaN	             NaN	             NaN	             NaN	             NaN	             NaN	             NaN	             NaN	             NaN	             NaN	             NaN	   0.0000000e+00	   0.0000000e+00	   0.0000000e+00	   0.0000000e+00	   0.0000000e+00	   0.0000000e+00	   0.0000000e+00	   0.0000000e+00	   0.0000000e+00	   0.0000000e+00	   0.0000000e+00	   0.0000000e+00	
   2.7960196e+00	   2.1071378e+00	   2.1956729e+00	   2.8522598e+00	   3.3861257e+00	   4.1348628e+00	   4.7289040e+00	   5.8918939e+00	   7.1302572e+00	   7.9756307e+00	             NaN	             NaN	             NaN	             NaN	             NaN	             NaN	             NaN	             NaN	             NaN	             NaN	             NaN	   0.0000000e+00	   0.0000000e+00	   0.0000000e+00	   0.0000000e+00	   0.0000000e+00	   0.0000000e+00	   0.0000000e+00	   0.0000000e+00	   0.0000000e+00	   0.0000000e+00	   0.0000000e+00	   0.0000000e+00	
   2.4970108e+00	   2.3131047e+00	   2.0453372e+00	   3.1602598e+00	   3.7439788e+00	   4.3794659e+00	   5.3746721e+00	   6.3280806e+00	   7.7289610e+00	   8.7698726e+00	   6.6781803e+00	             NaN	             NaN	             NaN	             NaN	             NaN	             NaN	             NaN	             NaN	             NaN	             NaN	             NaN	   0.0000000e+00	   0.0000000e+00	   0.0000000e+00	   0.0000000e+00	   0.0000000e+00	   0.0000000e+00	   0.0000000e+00	   0.0000000e+00	   0.0000000e+00	   0.0000000e+00	   0.0000000e+00	
   3.2599313e+00	   2.8563556e+00	   3.0757136e+00	   3.2611858e+00	   3.9134973e+00	   4.8848547e+00	   5.6718326e+00	   6.9590158e+00	   8.1996568e+00	   9.6605448e+00	   9.1275077e+00	             NaN	             NaN	             NaN	             NaN	             NaN	             NaN	             NaN	             NaN	             NaN	             NaN	             NaN	   0.0000000e+00	   0.0000000e+00	   0.0000000e+00	   0.0000000e+00	   0.0000000e+00	   0.0000000e+00	   0.0000000e+00	   0.0000000e+00	   0.0000000e+00	   0.0000000e+00	   0.0000000e+00	
   4.0801758e+00	   3.4893552e+00	   3.1493642e+00	   3.9959819e+00	   4.4908881e+00	   5.2458544e+00	   6.0262745e+00	   7.0464017e+00	   8.7687486e+00	   1.0236065e+01	   1.0653117e+01	             NaN	             NaN	             NaN	             NaN	             NaN	             NaN	             NaN	             NaN	             NaN	             NaN	             NaN	   0.0000000e+00	   0.0000000e+00	   0.0000000e+00	   0.0000000e+00	   0.0000000e+00	   0.0000000e+00	   0.0000000e+00	   0.0000000e+00	   0.0000000e+00	   0.0000000e+00	   0.0000000e+00	
   3.9449278e+00	   3.9615408e+00	   4.2543058e+00	   4.6105862e+00	   4.8766227e+00	   5.5293208e+00	   6.7127734e+00	   7.7578417e+00	   9.5171289e+00	   1.1025888e+01	   1.1944132e+01	   9.5803061e+00	             NaN	             NaN	             NaN	             NaN	             NaN	             NaN	             NaN	             NaN	             NaN	             NaN	             NaN	   0.0000000e+00	   0.0000000e+00	   0.0000000e+00	   0.0000000e+00	   0.0000000e+00	   0.0000000e+00	   0.0000000e+00	   0.0000000e+00	   0.0000000e+00	   0.0000000e+00	
   5.6071229e+00	   4.9934353e+00	   4.6331494e+00	   5.1601759e+00	   5.3089703e+00	   5.9094955e+00	   6.9521878e+00	   8.2334576e+00	   1.0190641e+01	   1.1886441e+01	   1.3160613e+01	   1.2393384e+01	             NaN	             NaN	             NaN	             NaN	             NaN	             NaN	             NaN	             NaN	             NaN	             NaN	             NaN	   0.0000000e+00	   0.0000000e+00	   0.0000000e+00	   0.0000000e+00	   0.0000000e+00	   0.0000000e+00	   0.0000000e+00	   0.0000000e+00	   0.0000000e+00	   0.0000000e+00	
   5.7113365e+00	   5.5030123e+00	   5.2625379e+00	   5.4923909e+00	   5.5120596e+00	   6.3134817e+00	   7.5788554e+00	   9.1821780e+00	   1.0466527e+01	   1.2810241e+01	   1.4272797e+01	   1.4522270e+01	   8.9059432e+00	             NaN	             NaN	             NaN	             NaN	             NaN	             NaN	             NaN	             NaN	             NaN	             NaN	             NaN	   0.0000000e+00	   0.0000000e+00	   0.0000000e+00	   0.0000000e+00	   0.0000000e+00	   0.0000000e+00	   0.0000000e+00	   0.0000000e+00	   0.0000000e+00	
   5.2350402e+00	   4.9238644e+00	   5.6040540e+00	   5.6954413e+00	   6.5325549e+00	   7.1316017e+00	   8.2165971e+00	   9.4507864e+00	   1.1610358e+01	   1.3566733e+01	   1.5179372e+01	   1.6018215e+01	   1.3579415e+01	             NaN	             NaN	             NaN	             NaN	             NaN	             NaN	             NaN	             NaN	             NaN	             NaN	             NaN	   0.0000000e+00	   0.0000000e+00	   0.0000000e+00	   0.0000000e+00	   0.0000000e+00	   0.0000000e+00	   0.0000000e+00	   0.0000000e+00	   0.0000000e+00	
   4.8900365e+00	   5.5107734e+00	   6.3040895e+00	   6.4934425e+00	   6.8180172e+00	   7.7148647e+00	   8.9154506e+00	   1.0394204e+01	   1.2545122e+01	   1.4755911e+01	   1.6429669e+01	   1.7266020e+01	   1.6629056e+01	             NaN	             NaN	             NaN	             NaN	             NaN	             NaN	             NaN	             NaN	             NaN	             NaN	             NaN	   0.0000000e+00	   0.0000000e+00	   0.0000000e+00	   0.0000000e+00	   0.0000000e+00	   0.0000000e+00	   0.0000000e+00	   0.0000000e+00	   0.0000000e+00	
   6.0410034e+00	   6.1646034e+00	   7.0147306e+00	   7.6461454e+00	   7.3295633e+00	   8.2599008e+00	   9.5054488e+00	   1.1089704e+01	   1.3059148e+01	   1.5618393e+01	   1.7639969e+01	   1.8889558e+01	   1.9087151e+01	   1.3805448e+01	             NaN	             NaN	             NaN	             NaN	             NaN	             NaN	             NaN	             NaN	             NaN	             NaN	             NaN	   0.0000000e+00	   0.0000000e+00	   0.0000000e+00	   0.0000000e+00	   0.0000000e+00	   0.0000000e+00	   0.0000000e+00	   0.0000000e+00	
   6.2070041e+00	   6.4626428e+00	   7.7065124e+00	   7.9492709e+00	   8.2021457e+00	   9.1149664e+00	   1.0181283e+01	   1.1798816e+01	   1.4046259e+01	   1.6707375e+01	   1.8427488e+01	   2.0106427e+01	   2.0792632e+01	   1.8677130e+01	             NaN	             NaN	             NaN	             NaN	             NaN	             NaN	             NaN	             NaN	             NaN	             NaN	             NaN	   0.0000000e+00	   0.0000000e+00	   0.0000000e+00	   0.0000000e+00	   0.0000000e+00	   0.0000000e+00	   0.0000000e+00	   0.0000000e+00	
   6.0052288e+00	   6.7911477e+00	   7.8718944e+00	   8.9460735e+00	   8.9079742e+00	   9.7366374e+00	   1.1068407e+01	   1.2476368e+01	   1.4727455e+01	   1.7303655e+01	   1.9861737e+01	   2.1608453e+01	   2.2440718e+01	   2.1948064e+01	   1.3905677e+01	             NaN	             NaN	             NaN	             NaN	             NaN	             NaN	             NaN	             NaN	             NaN	             NaN	             NaN	   0.0000000e+00	   0.0000000e+00	   0.0000000e+00	   0.0000000e+00	   0.0000000e+00	   0.0000000e+00	   0.0000000e+00	
   6.1975978e+00	   7.2187616e+00	   9.5184536e+00	   1.0126718e+01	   1.0388170e+01	   1.0924672e+01	   1.2332232e+01	   1.3820506e+01	   1.6027357e+01	   1.8857015e+01	   2.1821727e+01	   2.3285975e+01	   2.4739636e+01	   2.5210590e+01	   2.0004653e+01	             NaN	             NaN	             NaN	             NaN	             NaN	             NaN	             NaN	             NaN	             NaN	             NaN	             NaN	   0.0000000e+00	   0.0000000e+00	   0.0000000e+00	   0.0000000e+00	   0.0000000e+00	   0.0000000e+00	   0.0000000e+00	
   4.9165459e+00	   8.1821733e+00	   1.0067264e+01	   1.1298679e+01	   1.1459404e+01	   1.1963316e+01	   1.3140899e+01	   1.5128055e+01	   1.7444012e+01	   2.0552995e+01	   2.3426189e+01	   2.5758115e+01	   2.7496562e+01	   2.8323935e+01	   2.5741406e+01	             NaN	             NaN	             NaN	             NaN	             NaN	             NaN	             NaN	             NaN	             NaN	             NaN	             NaN	   0.0000000e+00	   0.0000000e+00	   0.0000000e+00	   0.0000000e+00	   0.0000000e+00	   0.0000000e+00	   0.0000000e+00	
   5.4607914e+00	   7.3603736e+00	   1.1334067e+01	   1.2693238e+01	   1.2853947e+01	   1.3555297e+01	   1.5087646e+01	   1.6495154e+01	   1.9023975e+01	   2.2120229e+01	   2.5746657e+01	   2.8220268e+01	   3.0216072e+01	   3.1389930e+01	   3.0871195e+01	   2.3318211e+01	             NaN	             NaN	             NaN	             NaN	             NaN	             NaN	             NaN	             NaN	             NaN	             NaN	             NaN	   0.0000000e+00	   0.0000000e+00	   0.0000000e+00	   0.0000000e+00	   0.0000000e+00	   0.0000000e+00	
   6.6852992e+00	   7.7079143e+00	   1.1694219e+01	   1.3709925e+01	   1.4665071e+01	   1.5249516e+01	   1.6331728e+01	   1.8083476e+01	   2.0513313e+01	   2.3922730e+01	   2.7562122e+01	   3.0681577e+01	   3.3158195e+01	   3.4839265e+01	   3.4720402e+01	   2.9984230e+01	             NaN	             NaN	             NaN	             NaN	             NaN	             NaN	             NaN	             NaN	             NaN	             NaN	             NaN	   0.0000000e+00	   0.0000000e+00	   0.0000000e+00	   0.0000000e+00	   0.0000000e+00	   0.0000000e+00	
   4.2221772e+00	   8.0633745e+00	   1.2518611e+01	   1.5690321e+01	   1.6133969e+01	   1.6643431e+01	   1.8116347e+01	   1.9625002e+01	   2.2236751e+01	   2.5983673e+01	   2.9564458e+01	   3.3095189e+01	   3.5784508e+01	   3.7597078e+01	   3.8069183e+01	   3.6104434e+01	   2.7595924e+01	             NaN	             NaN	             NaN	             NaN	             NaN	             NaN	             NaN	             NaN	             NaN	             NaN	             NaN	   0.0000000e+00	   0.0000000e+00	   0.0000000e+00	   0.0000000e+00	   0.0000000e+00	
   4.0690505e+00	   7.4940035e+00	   1.2569468e+01	   1.6387452e+01	   1.7235678e+01	   1.8115181e+01	   1.9700546e+01	   2.1006283e+01	   2.3505979e+01	   2.7411770e+01	   3.1352337e+01	   3.4742445e+01	   3.8146253e+01	   4.0101489e+01	   4.1076595e+01	   3.9596451e+01	   3.2181731e+01	             NaN	             NaN	             NaN	             NaN	             NaN	             NaN	             NaN	             NaN	             NaN	             NaN	             NaN	   0.0000000e+00	   0.0000000e+00	   0.0000000e+00	   0.0000000e+00	   0.0000000e+00	
   2.9092315e+00	   7.3560419e+00	   1.3659914e+01	   1.7199594e+01	   1.8485124e+01	   1.9492930e+01	   2.1010878e+01	   2.2867273e+01	   2.5300945e+01	   2.9227077e+01	   3.3026303e+01	   3.7163754e+01	   4.0539492e+01	   4.3096891e+01	   4.4044402e+01	   4.4040701e+01	   3.8709096e+01	             NaN	             NaN	             NaN	             NaN	             NaN	             NaN	             NaN	             NaN	             NaN	             NaN	             NaN	   0.0000000e+00	   0.0000000e+00	   0.0000000e+00	   0.0000000e+00	   0.0000000e+00	
   3.2383652e+00	   6.8933883e+00	   1.3925790e+01	   1.8593433e+01	   2.0395615e+01	   2.1368571e+01	   2.2596011e+01	   2.4292465e+01	   2.7187007e+01	   3.1162190e+01	   3.5763050e+01	   3.9766756e+01	   4.3564169e+01	   4.6401331e+01	   4.7765500e+01	   4.8012647e+01	   4.4679060e+01	   3.7144585e+01	             NaN	             NaN	             NaN	             NaN	             NaN	             NaN	             NaN	             NaN	             NaN	             NaN	             NaN	   0.0000000e+00	   0.0000000e+00	   0.0000000e+00	   0.0000000e+00	
   2.6726152e+00	   7.2803861e+00	   1.4492592e+01	   1.9748556e+01	   2.1322944e+01	   2.3068029e+01	   2.4317679e+01	   2.6246239e+01	   2.8796342e+01	   3.2938407e+01	   3.7597438e+01	   4.1736672e+01	   4.5929004e+01	   4.9583881e+01	   5.1310801e+01	   5.1734866e+01	   5.0405826e+01	   4.2913878e+01	             NaN	             NaN	             NaN	             NaN	             NaN	             NaN	             NaN	             NaN	             NaN	             NaN	             NaN	   0.0000000e+00	   0.0000000e+00	   0.0000000e+00	   0.0000000e+00	
   2.9220761e+00	   6.1365907e+00	   1.5264559e+01	   2.1036046e+01	   2.3879615e+01	   2.4750083e+01	   2.6178813e+01	   2.7954161e+01	   3.0703595e+01	   3.4571479e+01	   3.9575408e+01	   4.4216118e+01	   4.9009730e+01	   5.2810947e+01	   5.4993191e+01	   5.5413177e+01	   5.4847656e+01	   4.9930562e+01	   4.3921551e+01	             NaN	             NaN	             NaN	             NaN	             NaN	             NaN	             NaN	             NaN	             NaN	             NaN	             NaN	   0.0000000e+00	   0.0000000e+00	   0.0000000e+00	
   1.2459465e+00	   6.7051636e+00	   1.5299531e+01	   2.2603192e+01	   2.5212024e+01	   2.6640956e+01	   2.7512439e+01	   2.9770023e+01	   3.2298430e+01	   3.6897347e+01	   4.1556524e+01	   4.6561394e+01	   5.2267493e+01	   5.6167782e+01	   5.8796159e+01	   5.9276972e+01	   5.9137366e+01	   5.5736997e+01	   4.8395491e+01	             NaN	             NaN	             NaN	             NaN	             NaN	             NaN	             NaN	             NaN	             NaN	             NaN	             NaN	   0.0000000e+00	   0.0000000e+00	   0.0000000e+00	
   2.2936090e+00	   6.8528758e+00	   1.5963165e+01	   2.3895132e+01	   2.6444123e+01	   2.7906596e+01	   3.0060121e+01	   3.1196459e+01	   3.4252969e+01	   3.8902354e+01	   4.4033720e+01	   4.9633315e+01	   5.4920816e+01	   5.9738178e+01	   6.2476120e+01	   6.3436231e+01	   6.3542037e+01	   6.2042506e+01	   5.4195833e+01	             NaN	             NaN	             NaN	             NaN	             NaN	             NaN	             NaN	             NaN	             NaN	             NaN	             NaN	   0.0000000e+00	   0.0000000e+00	   0.0000000e+00	
   1.6814586e+00	   7.9076549e+00	   1.6922909e+01	   2.5255213e+01	   2.8376833e+01	   2.9809408e+01	   3.1202604e+01	   3.3714694e+01	   3.6561578e+01	   4.1250786e+01	   4.6817544e+01	   5.2208935e+01	   5.8048589e+01	   6.3502912e+01	   6.6668039e+01	   6.7607156e+01	   6.8361568e+01	   6.7113818e+01	   6.0998078e+01	   5.5467482e+01	             NaN	             NaN	             NaN	             NaN	             NaN	             NaN	             NaN	             NaN	             NaN	             NaN	             NaN	   0.0000000e+00	   0.0000000e+00	
   1.7725874e+00	   7.5670828e+00	   1.7746188e+01	   2.6527338e+01	   3.0203130e+01	   3.1950256e+01	   3.3161812e+01	   3.5233958e+01	   3.9102770e+01	   4.3302695e+01	   4.9161400e+01	   5.4833295e+01	   6.1336064e+01	   6.6435727e+01	   7.0451013e+01	   7.1559757e+01	   7.2410346e+01	   7.1932691e+01	   6.7729841e+01	   5.9918452e+01	             NaN	             NaN	             NaN	             NaN	             NaN	             NaN	             NaN	             NaN	             NaN	             NaN	             NaN	   0.0000000e+00	   0.0000000e+00	
   3.4955673e+00	   8.5554119e+00	   1.9393399e+01	   2.7467318e+01	   3.2429765e+01	   3.3959053e+01	   3.5690485e+01	   3.7552016e+01	   4.0750922e+01	   4.5337441e+01	   5.1315102e+01	   5.7345137e+01	   6.4518508e+01	   7.0342739e+01	   7.4165216e+01	   7.5913703e+01	   7.7014867e+01	   7.6291495e+01	   7.3631285e+01	   6.6167158e+01	   6.1925759e+01	             NaN	             NaN	             NaN	             NaN	             NaN	             NaN	             NaN	             NaN	             NaN	             NaN	             NaN	   0.0000000e+00	
   4.1882964e+00	   8.9128316e+00	   2.0395202e+01	   2.8874744e+01	   3.3642355e+01	   3.5566579e+01	   3.7711030e+01	   3.9472574e+01	   4.2830614e+01	   4.7658475e+01	   5.4113168e+01	   6.0807303e+01	   6.7835941e+01	   7.4112281e+01	   7.8336727e+01	   8.0701144e+01	   8.1760326e+01	   8.1688967e+01	   7.9620456e+01	   7.3049437e+01	   6.6390187e+01	             NaN	             NaN	             NaN	             NaN	             NaN	             NaN	             NaN	             NaN	             NaN	             NaN	             NaN	   0.0000000e+00	
   3.8902854e+00	   1.0265895e+01	   2.1810828e+01	   3.1024073e+01	   3.6141523e+01	   3.8328915e+01	   3.9920704e+01	   4.2025136e+01	   4.5498441e+01	   5.0780090e+01	   5.6830653e+01	   6.3710433e+01	   7.1697122e+01	   7.8056040e+01	   8.2784919e+01	   8.4607673e+01	   8.6530488e+01	   8.6547507e+01	   8.4810038e+01	   8.0122330e+01	   7.1351579e+01	             NaN	             NaN	             NaN	             NaN	             NaN	             NaN	             NaN	             NaN	             NaN	             NaN	             NaN	   0.0000000e+00	
   5.5859291e+00	   1.1731347e+01	   2.3488065e+01	   3.2993360e+01	   3.7416231e+01	   3.9860720e+01	   4.1559817e+01	   4.3737956e+01	   4.7564006e+01	   5.2997213e+01	   5.9494140e+01	   6.6649969e+01	   7.4271655e+01	   8.1300602e+01	   8.6853345e+01	   8.8680982e+01	   9.1025445e+01	   9.1418857e+01	   9.0006152e+01	   8.6515996e+01	   7.7526309e+01	   7.1343651e+01	             NaN	             NaN	             NaN	             NaN	             NaN	             NaN	             NaN	             NaN	             NaN	             NaN	             NaN	
   6.5475840e+00	   1.3538581e+01	   2.3797430e+01	   3.3723387e+01	   3.9715954e+01	   4.2017585e+01	   4.4142757e+01	   4.5903836e+01	   4.9206092e+01	   5.5438228e+01	   6.1663737e+01	   6.9282135e+01	   7.7353533e+01	   8.5250815e+01	   9.0791801e+01	   9.3728022e+01	   9.5346122e+01	   9.6219496e+01	   9.4973598e+01	   9.2610620e+01	   8.4157076e+01	   7.5700578e+01	             NaN	             NaN	             NaN	             NaN	             NaN	             NaN	             NaN	             NaN	             NaN	             NaN	             NaN	
   9.3574673e+00	   1.4388803e+01	   2.5970484e+01	   3.6261475e+01	   4.1302105e+01	   4.3733559e+01	   4.6093106e+01	   4.8051754e+01	   5.1854145e+01	   5.7587446e+01	   6.4441116e+01	   7.1799077e+01	   8.0937800e+01	   8.8318672e+01	   9.4779065e+01	   9.7841085e+01	   9.9863001e+01	   1.0099370e+02	   9.9833993e+01	   9.7684435e+01	   9.0937004e+01	   8.1019577e+01	   7.4602858e+01	             NaN	             NaN	             NaN	             NaN	             NaN	             NaN	             NaN	             NaN	             NaN	             NaN	
   9.7758364e+00	   1.7052188e+01	   2.8408316e+01	   3.7521141e+01	   4.3448220e+01	   4.5483753e+01	   4.8217806e+01	   5.0391697e+01	   5.4180273e+01	   5.9756653e+01	   6.7402821e+01	   7.5253502e+01	   8.4363731e+01	   9.2005214e+01	   9.8841474e+01	   1.0195421e+02	   1.0447730e+02	   1.0560530e+02	   1.0520838e+02	   1.0328838e+02	   9.7444718e+01	   8.6761368e+01	   7.9690113e+01	             NaN	             NaN	             NaN	             NaN	             NaN	             NaN	             NaN	             NaN	             NaN	             NaN	
   1.3670925e+01	   1.8735811e+01	   2.9015202e+01	   3.9633663e+01	   4.5806114e+01	   4.8002592e+01	   5.0280594e+01	   5.2572740e+01	   5.5917425e+01	   6.2760815e+01	   6.9845907e+01	   7.7914153e+01	   8.7044575e+01	   9.6339789e+01	   1.0276345e+02	   1.0625874e+02	   1.0931209e+02	   1.1050288e+02	   1.1022296e+02	   1.0869375e+02	   1.0417150e+02	   9.3722879e+01	   8.4462227e+01	             NaN	             NaN	             NaN	             NaN	             NaN	             NaN	             NaN	             NaN	             NaN	             NaN	
   1.4435270e+01	   2.0476739e+01	   3.1434810e+01	   4.2536974e+01	   4.7525969e+01	   5.0837483e+01	   5.2367757e+01	   5.4541018e+01	   5.8643606e+01	   6.4956689e+01	   7.2555440e+01	   8.0799526e+01	   9.0766880e+01	   1.0043144e+02	   1.0686615e+02	   1.1137281e+02	   1.1387558e+02	   1.1542888e+02	   1.1521271e+02	   1.1362517e+02	   1.0958725e+02	   1.0097331e+02	   8.9933645e+01	   8.2452133e+01	             NaN	             NaN	             NaN	             NaN	             NaN	             NaN	             NaN	             NaN	             NaN	
   1.6933411e+01	   2.2861247e+01	   3.4679039e+01	   4.4080082e+01	   4.9458932e+01	   5.2277804e+01	   5.4083145e+01	   5.7100713e+01	   6.1075302e+01	   6.7148456e+01	   7.4662118e+01	   8.3444449e+01	   9.3548796e+01	   1.0321273e+02	   1.1140029e+02	   1.1459359e+02	   1.1821120e+02	   1.1992704e+02	   1.2015115e+02	   1.1885575e+02	   1.1489909e+02	   1.0721633e+02	   9.5792546e+01	   8.7746935e+01	             NaN	             NaN	             NaN	             NaN	             NaN	             NaN	             NaN	             NaN	             NaN	
   1.6864468e+01	   2.4447784e+01	   3.6847308e+01	   4.6159384e+01	   5.0963988e+01	   5.4201285e+01	   5.6264412e+01	   5.8677796e+01	   6.2687026e+01	   6.9760136e+01	   7.7276013e+01	   8.5995095e+01	   9.6571695e+01	   1.0655189e+02	   1.1416399e+02	   1.1877074e+02	   1.2213066e+02	   1.2400631e+02	   1.2444038e+02	   1.2352163e+02	   1.2051391e+02	   1.1361941e+02	   1.0228885e+02	   9.2584419e+01	   8.4066171e+01	             NaN	             NaN	             NaN	             NaN	             NaN	             NaN	             NaN	             NaN	
   2.0563068e+01	   2.7036219e+01	   3.8891672e+01	   4.8946366e+01	   5.3685529e+01	   5.6137324e+01	   5.8795707e+01	   6.0493841e+01	   6.4779583e+01	   7.1153427e+01	   7.9537436e+01	   8.8180901e+01	   9.9305204e+01	   1.0960927e+02	   1.1733962e+02	   1.2219916e+02	   1.2584616e+02	   1.2844376e+02	   1.2915559e+02	   1.2828074e+02	   1.2538163e+02	   1.1897263e+02	   1.0895140e+02	   9.7810763e+01	   8.9552608e+01	             NaN	             NaN	             NaN	             NaN	             NaN	             NaN	             NaN	             NaN	
   2.2570098e+01	   2.9614765e+01	   4.0121573e+01	   5.0344298e+01	   5.5867954e+01	   5.7457317e+01	   6.0541832e+01	   6.3123637e+01	   6.7161025e+01	   7.3268949e+01	   8.1743910e+01	   9.0951735e+01	   1.0164651e+02	   1.1213489e+02	   1.2060069e+02	   1.2565882e+02	   1.2980471e+02	   1.3169601e+02	   1.3337264e+02	   1.3298476e+02	   1.2981495e+02	   1.2394662e+02	   1.1499588e+02	   1.0288653e+02	   9.4608355e+01	             NaN	             NaN	             NaN	             NaN	             NaN	             NaN	             NaN	             NaN	
   2.5083370e+01	   3.3082620e+01	   4.2897356e+01	   5.2199393e+01	   5.7642195e+01	   5.9636585e+01	   6.2653937e+01	   6.4963330e+01	   6.8579657e+01	   7.5924903e+01	   8.3778709e+01	   9.3045088e+01	   1.0452734e+02	   1.1476649e+02	   1.2419824e+02	   1.2919226e+02	   1.3320738e+02	   1.3584894e+02	   1.3713474e+02	   1.3737152e+02	   1.3463571e+02	   1.2874058e+02	   1.2074739e+02	   1.0888099e+02	   9.9518143e+01	   8.9555805e+01	             NaN	             NaN	             NaN	             NaN	             NaN	             NaN	             NaN	
   2.7302423e+01	   3.3649570e+01	   4.5670912e+01	   5.4722606e+01	   6.0124009e+01	   6.2506108e+01	   6.4432640e+01	   6.6578922e+01	   7.0303170e+01	   7.7568518e+01	   8.5761408e+01	   9.5410958e+01	   1.0660836e+02	   1.1753737e+02	   1.2703423e+02	   1.3173545e+02	   1.3646054e+02	   1.3906044e+02	   1.4068236e+02	   1.4119124e+02	   1.3884451e+02	   1.3314564e+02	   1.2627669e+02	   1.1535928e+02	   1.0406166e+02	   9.4765894e+01	             NaN	             NaN	             NaN	             NaN	             NaN	             NaN	             NaN	
   2.8241618e+01	   3.7343200e+01	   4.8923683e+01	   5.6643499e+01	   6.2423069e+01	   6.4421007e+01	   6.6108726e+01	   6.8214436e+01	   7.3051554e+01	   7.9712648e+01	   8.7649109e+01	   9.7574519e+01	   1.0910051e+02	   1.2030300e+02	   1.2897581e+02	   1.3454428e+02	   1.3962591e+02	   1.4307846e+02	   1.4487766e+02	   1.4518395e+02	   1.4296720e+02	   1.3779186e+02	   1.3108621e+02	   1.2111729e+02	   1.0929611e+02	   9.9858219e+01	   8.8148563e+01	             NaN	             NaN	             NaN	             NaN	             NaN	             NaN	
   3.1094391e+01	   3.7927058e+01	   5.0332774e+01	   5.8462833e+01	   6.4096568e+01	   6.6244227e+01	   6.8621794e+01	   7.0825462e+01	   7.4350719e+01	   8.1068941e+01	   8.9813306e+01	   9.9581760e+01	   1.1088463e+02	   1.2243045e+02	   1.3202034e+02	   1.3758123e+02	   1.4291395e+02	   1.4581629e+02	   1.4823531e+02	   1.4878052e+02	   1.4700124e+02	   1.4233148e+02	   1.3597190e+02	   1.2748476e+02	   1.1551132e+02	   1.0526536e+02	   9.4023582e+01	             NaN	             NaN	             NaN	             NaN	             NaN	             NaN	
   3.5432481e+01	   4.2499712e+01	   5.1168903e+01	   6.0963431e+01	   6.6068690e+01	   6.7926391e+01	   7.0202296e+01	   7.2118485e+01	   7.6093595e+01	   8.2996253e+01	   9.1260565e+01	   1.0121209e+02	   1.1292971e+02	   1.2460261e+02	   1.3418997e+02	   1.4007364e+02	   1.4525994e+02	   1.4936336e+02	   1.5163380e+02	   1.5268704e+02	   1.5101501e+02	   1.4669008e+02	   1.4052298e+02	   1.3261723e+02	   1.2151710e+02	   1.1013672e+02	   9.9845799e+01	             NaN	             NaN	             NaN	             NaN	             NaN	             NaN	
   3.6844487e+01	   4.2990151e+01	   5.5116166e+01	   6.3172792e+01	   6.8021456e+01	   6.9934502e+01	   7.1547630e+01	   7.4397726e+01	   7.8074578e+01	   8.4733568e+01	   9.2965172e+01	   1.0308474e+02	   1.1478251e+02	   1.2605784e+02	   1.3647263e+02	   1.4282648e+02	   1.4823323e+02	   1.5189359e+02	   1.5463851e+02	   1.5588129e+02	   1.5503994e+02	   1.5046414e+02	   1.4497125e+02	   1.3720850e+02	   1.2812679e+02	   1.1531663e+02	   1.0485761e+02	   9.1796330e+01	             NaN	             NaN	             NaN	             NaN	             NaN	
   3.6873860e+01	   4.5486309e+01	   5.6313814e+01	   6.2867334e+01	   6.9353227e+01	   7.0956455e+01	   7.3865249e+01	   7.5985385e+01	   7.9210754e+01	   8.6027137e+01	   9.4339763e+01	   1.0417736e+02	   1.1599826e+02	   1.2764390e+02	   1.3808723e+02	   1.4399807e+02	   1.4978825e+02	   1.5347535e+02	   1.5685697e+02	   1.5872714e+02	   1.5774023e+02	   1.5366516e+02	   1.4820755e+02	   1.4094307e+02	   1.3194437e+02	   1.1985133e+02	   1.0856660e+02	   9.6142913e+01	             NaN	             NaN	             NaN	             NaN	             NaN	
   3.9703071e+01	   4.6787649e+01	   5.7784213e+01	   6.6065187e+01	   7.0692689e+01	   7.3496644e+01	   7.5342972e+01	   7.7193272e+01	   8.0864296e+01	   8.7234198e+01	   9.5799507e+01	   1.0520205e+02	   1.1721121e+02	   1.2926782e+02	   1.3953069e+02	   1.4586348e+02	   1.5197371e+02	   1.5637807e+02	   1.5933128e+02	   1.6097012e+02	   1.6047316e+02	   1.5673641e+02	   1.5191556e+02	   1.4481756e+02	   1.3712028e+02	   1.2489576e+02	   1.1284007e+02	   1.0112173e+02	   8.6739175e+01	             NaN	             NaN	             NaN	             NaN	
   4.0862272e+01	   4.8502515e+01	   5.8191561e+01	   6.6541777e+01	   7.2333224e+01	   7.4316238e+01	   7.7407526e+01	   7.8721432e+01	   8.3193273e+01	   8.9194698e+01	   9.7754445e+01	   1.0678121e+02	   1.1874273e+02	   1.3031937e+02	   1.4137311e+02	   1.4783600e+02	   1.5394977e+02	   1.5854043e+02	   1.6176829e+02	   1.6402526e+02	   1.6375405e+02	   1.6001016e+02	   1.5531866e+02	   1.4888310e+02	   1.4167940e+02	   1.3098964e+02	   1.1766197e+02	   1.0581192e+02	   9.2065283e+01	             NaN	             NaN	             NaN	             NaN	
   4.2933507e+01	   4.9538112e+01	   6.0385790e+01	   6.8144424e+01	   7.4610335e+01	   7.6469013e+01	   7.8465846e+01	   8.0324457e+01	   8.3933034e+01	   9.0542144e+01	   9.8175586e+01	   1.0821773e+02	   1.1974272e+02	   1.3194096e+02	   1.4227061e+02	   1.4945549e+02	   1.5579531e+02	   1.6036925e+02	   1.6412276e+02	   1.6627159e+02	   1.6626550e+02	   1.6320974e+02	   1.5847006e+02	   1.5266090e+02	   1.4553697e+02	   1.3574076e+02	   1.2246212e+02	   1.1027151e+02	   9.7085471e+01	             NaN	             NaN	             NaN	             NaN	
   4.2275256e+01	   5.1955305e+01	   6.2807310e+01	   6.9615549e+01	   7.5117972e+01	   7.7222269e+01	   8.0148006e+01	   8.2504070e+01	   8.5619060e+01	   9.1521967e+01	   9.9735190e+01	   1.0945352e+02	   1.2143149e+02	   1.3357769e+02	   1.4329516e+02	   1.5052345e+02	   1.5724332e+02	   1.6190406e+02	   1.6586092e+02	   1.6808189e+02	   1.6852444e+02	   1.6573485e+02	   1.6178777e+02	   1.5583994e+02	   1.4916877e+02	   1.4040892e+02	   1.2755880e+02	   1.1456634e+02	   1.0169865e+02	   8.7358839e+01	             NaN	             NaN	             NaN	
   4.4268131e+01	   5.3493973e+01	   6.4375669e+01	   7.1355856e+01	   7.6851198e+01	   7.9346582e+01	   8.1075827e+01	   8.3489797e+01	   8.7530007e+01	   9.2623971e+01	   1.0085344e+02	   1.0974779e+02	   1.2183931e+02	   1.3378009e+02	   1.4442674e+02	   1.5134946e+02	   1.5831473e+02	   1.6328243e+02	   1.6744997e+02	   1.7020603e+02	   1.7061904e+02	   1.6811883e+02	   1.6403572e+02	   1.5869218e+02	   1.5289034e+02	   1.4424303e+02	   1.3246697e+02	   1.1877015e+02	   1.0631562e+02	   9.2000009e+01	             NaN	             NaN	             NaN	
   4.5023880e+01	   5.4663872e+01	   6.5701277e+01	   7.2548194e+01	   7.7502002e+01	   8.0353563e+01	   8.3311016e+01	   8.5184919e+01	   8.8049362e+01	   9.4332185e+01	   1.0140382e+02	   1.1101276e+02	   1.2244566e+02	   1.3437705e+02	   1.4500388e+02	   1.5218079e+02	   1.5965284e+02	   1.6406473e+02	   1.6845850e+02	   1.7155602e+02	   1.7238135e+02	   1.7000138e+02	   1.6662264e+02	   1.6161217e+02	   1.5589490e+02	   1.4819001e+02	   1.3705040e+02	   1.2290556e+02	   1.1030810e+02	   9.6834754e+01	   8.1777567e+01	             NaN	             NaN	
   4.7007976e+01	   5.5932798e+01	   6.5582470e+01	   7.3252577e+01	   7.9367994e+01	   8.1700507e+01	   8.4576780e+01	   8.6652783e+01	   8.9209549e+01	   9.5078945e+01	   1.0279889e+02	   1.1129230e+02	   1.2333881e+02	   1.3521368e+02	   1.4516615e+02	   1.5288191e+02	   1.6024174e+02	   1.6543215e+02	   1.7007979e+02	   1.7351178e+02	   1.7410686e+02	   1.7242939e+02	   1.6883174e+02	   1.6406913e+02	   1.5886356e+02	   1.5191279e+02	   1.4125159e+02	   1.2769686e+02	   1.1445996e+02	   1.0130236e+02	   8.6518520e+01	             NaN	             NaN	
   4.6565025e+01	   5.7482799e+01	   6.6077339e+01	   7.4758094e+01	   7.9675426e+01	   8.1902725e+01	   8.5434189e+01	   8.7338222e+01	   8.9804835e+01	   9.6129022e+01	   1.0315799e+02	   1.1263468e+02	   1.2351593e+02	   1.3522840e+02	   1.4581134e+02	   1.5365126e+02	   1.6083761e+02	   1.6586919e+02	   1.7048458e+02	   1.7440536e+02	   1.7560254e+02	   1.7387451e+02	   1.7104622e+02	   1.6655830e+02	   1.6174414e+02	   1.5492332e+02	   1.4526708e+02	   1.3188104e+02	   1.1825427e+02	   1.0531428e+02	   9.0770347e+01	             NaN	             NaN	
   4.9992474e+01	   5.7457928e+01	   6.6946758e+01	   7.5090412e+01	   8.0797084e+01	   8.4069071e+01	   8.6438926e+01	   8.8349866e+01	   9.1468988e+01	   9.7203613e+01	   1.0430045e+02	   1.1298926e+02	   1.2382577e+02	   1.3522783e+02	   1.4620776e+02	   1.5376062e+02	   1.6128830e+02	   1.6689168e+02	   1.7172760e+02	   1.7537408e+02	   1.7677965e+02	   1.7533291e+02	   1.7285440e+02	   1.6842648e+02	   1.6418130e+02	   1.5757587e+02	   1.4827623e+02	   1.3598934e+02	   1.2195892e+02	   1.0932729e+02	   9.4994360e+01	   8.1025483e+01	             NaN	
   4.9198315e+01	   5.8899922e+01	   6.9368735e+01	   7.5475478e+01	   8.1183449e+01	   8.4406568e+01	   8.7883709e+01	   8.9753429e+01	   9.2270755e+01	   9.7183909e+01	   1.0467697e+02	   1.1283737e+02	   1.2480184e+02	   1.3599360e+02	   1.4612870e+02	   1.5385499e+02	   1.6142136e+02	   1.6734794e+02	   1.7219823e+02	   1.7608780e+02	   1.7769931e+02	   1.7676718e+02	   1.7423673e+02	   1.7083131e+02	   1.6640134e+02	   1.6036984e+02	   1.5171778e+02	   1.3985311e+02	   1.2589583e+02	   1.1297312e+02	   9.9170820e+01	   8.5255184e+01	             NaN	
   4.9451469e+01	   5.9602849e+01	   6.9792601e+01	   7.6642492e+01	   8.2593959e+01	   8.5291403e+01	   8.7957688e+01	   9.0715643e+01	   9.3043041e+01	   9.8153085e+01	   1.0543365e+02	   1.1341228e+02	   1.2422179e+02	   1.3559258e+02	   1.4598881e+02	   1.5408600e+02	   1.6161137e+02	   1.6726252e+02	   1.7245939e+02	   1.7647455e+02	   1.7873266e+02	   1.7741456e+02	   1.7546398e+02	   1.7225539e+02	   1.6875355e+02	   1.6323220e+02	   1.5449080e+02	   1.4325027e+02	   1.2985921e+02	   1.1619514e+02	   1.0299477e+02	   8.9404826e+01	   7.6279923e+01	
   5.1016294e+01	   5.9978608e+01	   6.8277467e+01	   7.8410057e+01	   8.3396613e+01	   8.5702674e+01	   8.8589961e+01	   9.1546745e+01	   9.4389166e+01	   9.9401417e+01	   1.0604552e+02	   1.1397441e+02	   1.2475386e+02	   1.3564991e+02	   1.4569461e+02	   1.5388431e+02	   1.6123871e+02	   1.6771761e+02	   1.7328539e+02	   1.7741032e+02	   1.7924451e+02	   1.7893309e+02	   1.7697060e+02	   1.7377455e+02	   1.7062191e+02	   1.6545099e+02	   1.5737786e+02	   1.4677050e+02	   1.3413881e+02	   1.2025472e+02	   1.0714750e+02	   9.3317991e+01	   8.0349433e+01	
   5.2174334e+01	   6.1810287e+01	   7.0780915e+01	   7.8166421e+01	   8.4081812e+01	   8.6552209e+01	   9.0246822e+01	   9.2146442e+01	   9.4675785e+01	   9.9747867e+01	   1.0624562e+02	   1.1454058e+02	   1.2474771e+02	   1.3576741e+02	   1.4604609e+02	   1.5401711e+02	   1.6139676e+02	   1.6747281e+02	   1.7363337e+02	   1.7805004e+02	   1.8012537e+02	   1.7997233e+02	   1.7810997e+02	   1.7542833e+02	   1.7231450e+02	   1.6778772e+02	   1.6000255e+02	   1.4976465e+02	   1.3774359e+02	   1.2409213e+02	   1.1050052e+02	   9.7347793e+01	   8.4262199e+01	
   5.1316830e+01	   6.0713763e+01	   7.1490822e+01	   7.8167901e+01	   8.5230444e+01	   8.7784990e+01	   9.1098823e+01	   9.3472628e+01	   9.5421931e+01	   1.0003695e+02	   1.0688841e+02	   1.1464511e+02	   1.2472800e+02	   1.3612669e+02	   1.4558436e+02	   1.5344965e+02	   1.6136493e+02	   1.6797127e+02	   1.7341619e+02	   1.7840074e+02	   1.8087575e+02	   1.8022711e+02	   1.7951817e+02	   1.7674519e+02	   1.7447245e+02	   1.6961703e+02	   1.6255490e+02	   1.5321270e+02	   1.4136162e+02	   1.2780465e+02	   1.1377161e+02	   1.0092989e+02	   8.8490475e+01	
   5.2614648e+01	   6.2056914e+01	   7.0479309e+01	   7.9948745e+01	   8.4165004e+01	   8.8775730e+01	   9.1477638e+01	   9.4387346e+01	   9.6385394e+01	   1.0104776e+02	   1.0699166e+02	   1.1483102e+02	   1.2541300e+02	   1.3559168e+02	   1.4539031e+02	   1.5358587e+02	   1.6115232e+02	   1.6796320e+02	   1.7352528e+02	   1.7853793e+02	   1.8097308e+02	   1.8102799e+02	   1.8012183e+02	   1.7770270e+02	   1.7557651e+02	   1.7150300e+02	   1.6441600e+02	   1.5557839e+02	   1.4440231e+02	   1.3118387e+02	   1.1681937e+02	   1.0439634e+02	   9.2166980e+01	
   5.3765442e+01	   6.2671295e+01	   7.1341743e+01	   7.9134491e+01	   8.5754093e+01	   8.8652947e+01	   9.2663335e+01	   9.4793324e+01	   9.7297812e+01	   1.0137692e+02	   1.0775143e+02	   1.1493892e+02	   1.2477982e+02	   1.3523492e+02	   1.4492904e+02	   1.5302714e+02	   1.6115898e+02	   1.6763120e+02	   1.7335367e+02	   1.7835680e+02	   1.8118181e+02	   1.8173485e+02	   1.8120888e+02	   1.7930367e+02	   1.7675721e+02	   1.7341608e+02	   1.6677906e+02	   1.5788692e+02	   1.4709419e+02	   1.3463673e+02	   1.2030479e+02	   1.0759225e+02	   9.5676900e+01	
             NaN	   6.2404667e+01	   7.2128921e+01	   8.0410945e+01	   8.5448579e+01	   8.8798050e+01	   9.3014018e+01	   9.4579105e+01	   9.8080611e+01	   1.0171320e+02	   1.0785310e+02	   1.1499560e+02	   1.2488624e+02	   1.3548650e+02	   1.4453682e+02	   1.5287956e+02	   1.6041897e+02	   1.6657982e+02	   1.7300297e+02	   1.7811596e+02	   1.8119998e+02	   1.8168022e+02	   1.8136196e+02	   1.7979430e+02	   1.7828478e+02	   1.7488105e+02	   1.6875207e+02	   1.6004564e+02	   1.4954645e+02	   1.3775965e+02	   1.2372956e+02	   1.1062226e+02	   9.9235828e+01	
             NaN	   6.3301188e+01	   7.1300511e+01	   8.0077716e+01	   8.6499442e+01	   9.0106927e+01	   9.3085018e+01	   9.5873342e+01	   9.7690797e+01	   1.0255788e+02	   1.0825407e+02	   1.1479338e+02	   1.2464066e+02	   1.3476326e+02	   1.4377974e+02	   1.5202500e+02	   1.5961671e+02	   1.6650619e+02	   1.7268828e+02	   1.7770326e+02	   1.8173836e+02	   1.8195239e+02	   1.8197464e+02	   1.8059044e+02	   1.7908862e+02	   1.7608443e+02	   1.7019678e+02	   1.6207399e+02	   1.5189497e+02	   1.4068816e+02	   1.2674692e+02	   1.1346693e+02	   1.0240752e+02	
             NaN	   6.3201334e+01	   7.1604740e+01	   7.9023164e+01	   8.5856672e+01	   9.0165564e+01	   9.3703210e+01	   9.6036711e+01	   9.8104239e+01	   1.0310902e+02	   1.0837762e+02	   1.1482886e+02	   1.2438271e+02	   1.3482312e+02	   1.4387467e+02	   1.5101329e+02	   1.5926631e+02	   1.6552468e+02	   1.7202758e+02	   1.7760867e+02	   1.8125105e+02	   1.8205730e+02	   1.8225795e+02	   1.8081836e+02	   1.8002390e+02	   1.7715893e+02	   1.7194119e+02	   1.6403722e+02	   1.5430249e+02	   1.4323214e+02	   1.3026292e+02	   1.1647900e+02	   1.0530600e+02	
             NaN	   6.2231506e+01	   7.1702499e+01	   8.0927424e+01	   8.6079342e+01	   9.0209962e+01	   9.3962380e+01	   9.6753577e+01	   9.8928385e+01	   1.0317001e+02	   1.0839331e+02	   1.1545509e+02	   1.2442931e+02	   1.3379189e+02	   1.4331424e+02	   1.5077119e+02	   1.5894305e+02	   1.6530477e+02	   1.7193061e+02	   1.7739977e+02	   1.8085027e+02	   1.8189291e+02	   1.8220241e+02	   1.8141017e+02	   1.8057120e+02	   1.7848007e+02	   1.7323849e+02	   1.6573281e+02	   1.5625292e+02	   1.4580722e+02	   1.3288042e+02	   1.1958699e+02	   1.0841356e+02	
             NaN	   6.2674908e+01	   7.3004584e+01	   8.0068193e+01	   8.6420789e+01	   9.0483873e+01	   9.3890288e+01	   9.7702282e+01	   9.9885058e+01	   1.0332275e+02	   1.0909311e+02	   1.1537691e+02	   1.2380886e+02	   1.3347874e+02	   1.4218697e+02	   1.4991039e+02	   1.5760077e+02	   1.6465635e+02	   1.7072106e+02	   1.7651244e+02	   1.8026566e+02	   1.8205104e+02	   1.8240559e+02	   1.8180575e+02	   1.8125987e+02	   1.7933600e+02	   1.7450431e+02	   1.6725979e+02	   1.5796412e+02	   1.4791043e+02	   1.3564154e+02	   1.2239512e+02	   1.1100010e+02	
             NaN	   6.2281291e+01	   7.1065416e+01	   7.9531007e+01	   8.5245510e+01	   9.0325710e+01	   9.4688891e+01	   9.7227006e+01	   9.9988235e+01	   1.0343128e+02	   1.0898898e+02	   1.1461998e+02	   1.2359777e+02	   1.3284801e+02	   1.4213877e+02	   1.4964964e+02	   1.5674412e+02	   1.6362038e+02	   1.7026084e+02	   1.7607621e+02	   1.7997083e+02	   1.8137504e+02	   1.8229809e+02	   1.8234713e+02	   1.8183737e+02	   1.8034456e+02	   1.7591148e+02	   1.6851932e+02	   1.5991206e+02	   1.4986337e+02	   1.3808527e+02	   1.2541451e+02	   1.1377327e+02	
             NaN	             NaN	   7.0466043e+01	   7.9342309e+01	   8.5637624e+01	   9.0217761e+01	   9.4343529e+01	   9.7509123e+01	   9.9456376e+01	   1.0435172e+02	   1.0865650e+02	   1.1419790e+02	   1.2331792e+02	   1.3290850e+02	   1.4052470e+02	   1.4851968e+02	   1.5552171e+02	   1.6274388e+02	   1.6950444e+02	   1.7504158e+02	   1.7937456e+02	   1.8103760e+02	   1.8221314e+02	   1.8205945e+02	   1.8205888e+02	   1.8105087e+02	   1.7626494e+02	   1.7000241e+02	   1.6135895e+02	   1.5161502e+02	   1.4034480e+02	   1.2792774e+02	   1.1631617e+02	
             NaN	             NaN	   7.1602006e+01	   7.9178850e+01	   8.5922655e+01	   9.0780821e+01	   9.4326032e+01	   9.6771070e+01	   9.9886939e+01	   1.0415230e+02	   1.0864998e+02	   1.1484309e+02	   1.2287923e+02	   1.3171772e+02	   1.3986637e+02	   1.4764396e+02	   1.5508482e+02	   1.6174454e+02	   1.6833787e+02	   1.7439013e+02	   1.7840544e+02	   1.8058608e+02	   1.8164466e+02	   1.8200346e+02	   1.8238931e+02	   1.8099073e+02	   1.7736492e+02	   1.7107001e+02	   1.6290709e+02	   1.5351626e+02	   1.4210249e+02	   1.3056226e+02	   1.1913914e+02	
             NaN	             NaN	   7.1995203e+01	   7.8805408e+01	   8.5197063e+01	   9.0612530e+01	   9.4673818e+01	   9.8753666e+01	   1.0007566e+02	   1.0335292e+02	   1.0917420e+02	   1.1448060e+02	   1.2220932e+02	   1.3104044e+02	   1.3855620e+02	   1.4618736e+02	   1.5357282e+02	   1.6036272e+02	   1.6732203e+02	   1.7322690e+02	   1.7782947e+02	   1.7986689e+02	   1.8109627e+02	   1.8134478e+02	   1.8238608e+02	   1.8145637e+02	   1.7790318e+02	   1.7189261e+02	   1.6402399e+02	   1.5504052e+02	   1.4396773e+02	   1.3253245e+02	   1.2156909e+02	
             NaN	             NaN	   7.1143670e+01	   7.8455984e+01	   8.5365979e+01	   8.9974605e+01	   9.4105434e+01	   9.7620230e+01	   9.9566638e+01	   1.0405533e+02	   1.0874187e+02	   1.1345460e+02	   1.2136877e+02	   1.2985190e+02	   1.3767773e+02	   1.4502944e+02	   1.5209365e+02	   1.5931531e+02	   1.6566602e+02	   1.7170278e+02	   1.7578048e+02	   1.7828781e+02	   1.8019712e+02	   1.8044774e+02	   1.8187735e+02	   1.8108240e+02	   1.7768239e+02	   1.7234843e+02	   1.6470641e+02	   1.5593327e+02	   1.4523800e+02	   1.3426228e+02	   1.2416444e+02	
             NaN	             NaN	   6.9347188e+01	   7.8524357e+01	   8.4935832e+01	   9.0179275e+01	   9.3771077e+01	   9.7417253e+01	   9.9341696e+01	   1.0370677e+02	   1.0812222e+02	   1.1309448e+02	   1.2105796e+02	   1.2924686e+02	   1.3684702e+02	   1.4404501e+02	   1.5104088e+02	   1.5764122e+02	   1.6439117e+02	   1.7044672e+02	   1.7507694e+02	   1.7758000e+02	   1.7951822e+02	   1.8033417e+02	   1.8179830e+02	   1.8137685e+02	   1.7840565e+02	   1.7283944e+02	   1.6569405e+02	   1.5730476e+02	   1.4702129e+02	   1.3587799e+02	   1.2615942e+02	
             NaN	             NaN	             NaN	   7.7750487e+01	   8.4101573e+01	   9.0353603e+01	   9.4528377e+01	   9.6783068e+01	   1.0008386e+02	   1.0325505e+02	   1.0782520e+02	   1.1292431e+02	   1.2071291e+02	   1.2891248e+02	   1.3610903e+02	   1.4327506e+02	   1.5052183e+02	   1.5698995e+02	   1.6363398e+02	   1.6981806e+02	   1.7409440e+02	   1.7673732e+02	   1.7914123e+02	   1.8002321e+02	   1.8142617e+02	   1.8153230e+02	   1.7847788e+02	   1.7350311e+02	   1.6649886e+02	   1.5789416e+02	   1.4819715e+02	   1.3750261e+02	   1.2781838e+02	
             NaN	             NaN	             NaN	   7.6741932e+01	   8.4158764e+01	   8.9078097e+01	   9.3672617e+01	   9.7658361e+01	   9.9394275e+01	   1.0280393e+02	   1.0776534e+02	   1.1260643e+02	   1.1975533e+02	   1.2775680e+02	   1.3513238e+02	   1.4144695e+02	   1.4846923e+02	   1.5512399e+02	   1.6205943e+02	   1.6807979e+02	   1.7276022e+02	   1.7539648e+02	   1.7778901e+02	   1.7907582e+02	   1.8090210e+02	   1.8082807e+02	   1.7862858e+02	   1.7342418e+02	   1.6686712e+02	   1.5895777e+02	   1.4897473e+02	   1.3857426e+02	   1.2936022e+02	
             NaN	             NaN	             NaN	   7.6989559e+01	   8.2805745e+01	   8.8074234e+01	   9.3518733e+01	   9.6552063e+01	   9.9236765e+01	   1.0269722e+02	   1.0713382e+02	   1.1190135e+02	   1.1883813e+02	   1.2690761e+02	   1.3352986e+02	   1.4060562e+02	   1.4722082e+02	   1.5374975e+02	   1.6034303e+02	   1.6634376e+02	   1.7132006e+02	   1.7416692e+02	   1.7683153e+02	   1.7821761e+02	   1.7992721e+02	   1.8023200e+02	   1.7816720e+02	   1.7349827e+02	   1.6683713e+02	   1.5893865e+02	   1.4975705e+02	   1.3967239e+02	   1.3073120e+02	
             NaN	             NaN	             NaN	   7.6153868e+01	   8.1887090e+01	   8.7789313e+01	   9.2652151e+01	   9.6067763e+01	   9.9236406e+01	   1.0214601e+02	   1.0693909e+02	   1.1151354e+02	   1.1853715e+02	   1.2581402e+02	   1.3253378e+02	   1.3896676e+02	   1.4609122e+02	   1.5287971e+02	   1.5884999e+02	   1.6512216e+02	   1.6958710e+02	   1.7341499e+02	   1.7550235e+02	   1.7728524e+02	   1.7906456e+02	   1.7983307e+02	   1.7753382e+02	   1.7311665e+02	   1.6700749e+02	   1.5959930e+02	   1.5046734e+02	   1.4050575e+02	   1.3213704e+02	
             NaN	             NaN	             NaN	   7.6316395e+01	   8.1279889e+01	   8.6944930e+01	   9.2333112e+01	   9.5456111e+01	   9.7805624e+01	   1.0180480e+02	   1.0627662e+02	   1.1066541e+02	   1.1756182e+02	   1.2487412e+02	   1.3137912e+02	   1.3760349e+02	   1.4452869e+02	   1.5060775e+02	   1.5732992e+02	   1.6334370e+02	   1.6822427e+02	   1.7109480e+02	   1.7436623e+02	   1.7592920e+02	   1.7794990e+02	   1.7880182e+02	   1.7721792e+02	   1.7317058e+02	   1.6677098e+02	   1.6009649e+02	   1.5122922e+02	   1.4135385e+02	   1.3294466e+02	
             NaN	             NaN	             NaN	             NaN	   8.1196082e+01	   8.6867851e+01	   9.1568920e+01	   9.4846397e+01	   9.8252891e+01	   1.0057838e+02	   1.0553840e+02	   1.0957087e+02	   1.1641865e+02	   1.2409324e+02	   1.3020721e+02	   1.3704964e+02	   1.4287133e+02	   1.4900337e+02	   1.5575764e+02	   1.6173048e+02	   1.6662912e+02	   1.7008463e+02	   1.7299099e+02	   1.7457688e+02	   1.7739584e+02	   1.7826645e+02	   1.7632087e+02	   1.7271354e+02	   1.6688162e+02	   1.6012376e+02	   1.5155523e+02	   1.4197424e+02	   1.3387003e+02	
             NaN	             NaN	             NaN	             NaN	   7.9827288e+01	   8.5348656e+01	   9.0335559e+01	   9.3514048e+01	   9.7144307e+01	   1.0011526e+02	   1.0505138e+02	   1.0912032e+02	   1.1569977e+02	   1.2285441e+02	   1.2896090e+02	   1.3514388e+02	   1.4154316e+02	   1.4748885e+02	   1.5384197e+02	   1.5962725e+02	   1.6452198e+02	   1.6804447e+02	   1.7092520e+02	   1.7309859e+02	   1.7602405e+02	   1.7678326e+02	   1.7545071e+02	   1.7173780e+02	   1.6618233e+02	   1.5998223e+02	   1.5135794e+02	   1.4211470e+02	   1.3457685e+02	
             NaN	             NaN	             NaN	             NaN	   7.9084254e+01	   8.4282848e+01	   8.9440488e+01	   9.3414108e+01	   9.5761580e+01	   9.9311717e+01	   1.0343390e+02	   1.0799935e+02	   1.1444084e+02	   1.2133563e+02	   1.2730838e+02	   1.3295732e+02	   1.3926165e+02	   1.4486628e+02	   1.5166058e+02	   1.5735487e+02	   1.6236695e+02	   1.6581042e+02	   1.6862636e+02	   1.7153386e+02	   1.7366278e+02	   1.7494729e+02	   1.7386484e+02	   1.7070258e+02	   1.6538462e+02	   1.5895601e+02	   1.5085906e+02	   1.4234146e+02	   1.3456973e+02	
             NaN	             NaN	             NaN	             NaN	   7.7413172e+01	   8.3296932e+01	   8.7982527e+01	   9.2238886e+01	   9.5432797e+01	   9.8502411e+01	   1.0226891e+02	   1.0670238e+02	   1.1306228e+02	   1.1911654e+02	   1.2564869e+02	   1.3147250e+02	   1.3710787e+02	   1.4356084e+02	   1.4937642e+02	   1.5511592e+02	   1.5981928e+02	   1.6365022e+02	   1.6679765e+02	   1.6926673e+02	   1.7211207e+02	   1.7326222e+02	   1.7242076e+02	   1.6938447e+02	   1.6430648e+02	   1.5835348e+02	   1.5043873e+02	   1.4192448e+02	   1.3475187e+02	
             NaN	             NaN	             NaN	             NaN	   7.7077221e+01	   8.2625352e+01	   8.7301733e+01	   9.1583306e+01	   9.4417026e+01	   9.7383688e+01	   1.0154551e+02	   1.0574993e+02	   1.1199001e+02	   1.1888487e+02	   1.2429844e+02	   1.2958594e+02	   1.3504007e+02	   1.4107174e+02	   1.4743519e+02	   1.5327451e+02	   1.5781904e+02	   1.6137380e+02	   1.6453104e+02	   1.6701397e+02	   1.6999544e+02	   1.7181014e+02	   1.7098237e+02	   1.6808348e+02	   1.6350135e+02	   1.5764558e+02	   1.4991008e+02	   1.4193412e+02	   1.3473442e+02	
             NaN	             NaN	             NaN	             NaN	             NaN	   8.2080386e+01	   8.6286245e+01	   9.0854137e+01	   9.3766436e+01	   9.7450853e+01	   1.0058414e+02	   1.0458999e+02	   1.1030114e+02	   1.1686793e+02	   1.2246090e+02	   1.2789183e+02	   1.3347500e+02	   1.3894604e+02	   1.4539292e+02	   1.5089838e+02	   1.5587263e+02	   1.5946788e+02	   1.6243079e+02	   1.6455648e+02	   1.6842358e+02	   1.7015356e+02	   1.6948573e+02	   1.6706081e+02	   1.6240262e+02	   1.5637020e+02	   1.4931660e+02	   1.4155574e+02	   1.3471816e+02	
             NaN	             NaN	             NaN	             NaN	             NaN	   8.1309581e+01	   8.5662862e+01	   8.9789663e+01	   9.1678214e+01	   9.5936457e+01	   9.9460948e+01	   1.0416060e+02	   1.0937221e+02	   1.1524391e+02	   1.2134155e+02	   1.2612073e+02	   1.3154882e+02	   1.3731110e+02	   1.4286997e+02	   1.4923760e+02	   1.5356830e+02	   1.5698192e+02	   1.6063950e+02	   1.6292457e+02	   1.6617875e+02	   1.6840593e+02	   1.6803698e+02	   1.6562736e+02	   1.6106537e+02	   1.5571215e+02	   1.4887759e+02	   1.4115506e+02	   1.3441954e+02	
             NaN	             NaN	             NaN	             NaN	             NaN	   7.9896576e+01	   8.4785141e+01	   8.8529365e+01	   9.1186142e+01	   9.4718623e+01	   9.9098414e+01	   1.0277125e+02	   1.0800072e+02	   1.1348089e+02	   1.1940044e+02	   1.2465785e+02	   1.2938895e+02	   1.3550191e+02	   1.4106832e+02	   1.4672562e+02	   1.5109709e+02	   1.5501216e+02	   1.5828705e+02	   1.6108157e+02	   1.6452099e+02	   1.6623584e+02	   1.6592221e+02	   1.6364908e+02	   1.5943698e+02	   1.5435471e+02	   1.4798726e+02	   1.4047805e+02	   1.3401164e+02	
             NaN	             NaN	             NaN	             NaN	             NaN	   7.8447488e+01	   8.3485892e+01	   8.7519664e+01	   8.9903971e+01	   9.3921069e+01	   9.7513866e+01	   1.0098449e+02	   1.0661919e+02	   1.1240320e+02	   1.1768993e+02	   1.2245368e+02	   1.2769590e+02	   1.3366762e+02	   1.3876155e+02	   1.4446971e+02	   1.4919144e+02	   1.5278747e+02	   1.5591774e+02	   1.5884174e+02	   1.6205082e+02	   1.6423073e+02	   1.6442945e+02	   1.6224559e+02	   1.5822944e+02	   1.5303039e+02	   1.4690083e+02	   1.3963279e+02	   1.3382553e+02	
             NaN	             NaN	             NaN	             NaN	             NaN	   7.7156558e+01	   8.3192689e+01	   8.6359548e+01	   8.9295969e+01	   9.2601742e+01	   9.6257363e+01	   1.0013398e+02	   1.0571894e+02	   1.1141796e+02	   1.1630460e+02	   1.2090971e+02	   1.2614565e+02	   1.3146173e+02	   1.3713775e+02	   1.4222557e+02	   1.4730196e+02	   1.5085151e+02	   1.5433586e+02	   1.5689630e+02	   1.6038066e+02	   1.6274540e+02	   1.6263031e+02	   1.6097582e+02	   1.5713599e+02	   1.5225732e+02	   1.4624119e+02	   1.3951630e+02	   1.3359843e+02	
             NaN	             NaN	             NaN	             NaN	             NaN	             NaN	   8.1322788e+01	   8.5284705e+01	   8.7798580e+01	   9.1987208e+01	   9.5899083e+01	   9.9624530e+01	   1.0412248e+02	   1.0985576e+02	   1.1486168e+02	   1.1990395e+02	   1.2466802e+02	   1.2957806e+02	   1.3537313e+02	   1.4053601e+02	   1.4509087e+02	   1.4860804e+02	   1.5197788e+02	   1.5449744e+02	   1.5846440e+02	   1.6094482e+02	   1.6080303e+02	   1.5981872e+02	   1.5595504e+02	   1.5105090e+02	   1.4504502e+02	   1.3853035e+02	   1.3293861e+02	
             NaN	             NaN	             NaN	             NaN	             NaN	             NaN	   8.0362422e+01	   8.4072068e+01	   8.7481664e+01	   9.1447736e+01	   9.4676998e+01	   9.8084643e+01	   1.0335940e+02	   1.0822168e+02	   1.1379782e+02	   1.1816997e+02	   1.2245747e+02	   1.2775679e+02	   1.3347609e+02	   1.3876703e+02	   1.4278299e+02	   1.4620769e+02	   1.4991579e+02	   1.5302043e+02	   1.5607060e+02	   1.5872441e+02	   1.5905248e+02	   1.5778206e+02	   1.5428167e+02	   1.4996778e+02	   1.4412167e+02	   1.3782451e+02	   1.3240993e+02	
   0.0000000e+00	             NaN	             NaN	             NaN	             NaN	             NaN	   7.9157899e+01	   8.3018148e+01	   8.5948338e+01	   8.9758763e+01	   9.3826816e+01	   9.6923852e+01	   1.0142356e+02	   1.0722330e+02	   1.1214422e+02	   1.1664356e+02	   1.2097008e+02	   1.2553995e+02	   1.3107534e+02	   1.3586379e+02	   1.4067368e+02	   1.4402314e+02	   1.4737062e+02	   1.5068978e+02	   1.5392897e+02	   1.5675488e+02	   1.5724413e+02	   1.5578347e+02	   1.5250642e+02	   1.4850664e+02	   1.4273724e+02	   1.3662732e+02	   1.3160871e+02	
   0.0000000e+00	             NaN	             NaN	             NaN	             NaN	             NaN	   7.7866393e+01	   8.1837960e+01	   8.5010557e+01	   8.8078521e+01	   9.1945967e+01	   9.5085305e+01	   1.0082676e+02	   1.0544125e+02	   1.1058876e+02	   1.1425340e+02	   1.1853581e+02	   1.2355087e+02	   1.2867982e+02	   1.3377355e+02	   1.3791103e+02	   1.4155140e+02	   1.4504359e+02	   1.4776913e+02	   1.5207267e+02	   1.5431308e+02	   1.5518359e+02	   1.5381625e+02	   1.5065955e+02	   1.4642372e+02	   1.4132253e+02	   1.3555185e+02	   1.3071126e+02	
   0.0000000e+00	             NaN	             NaN	             NaN	             NaN	             NaN	   7.6218841e+01	   8.1254616e+01	   8.3839220e+01	   8.7272225e+01	   9.0627948e+01	   9.4487920e+01	   9.9087701e+01	   1.0410638e+02	   1.0855594e+02	   1.1278526e+02	   1.1685330e+02	   1.2172470e+02	   1.2665309e+02	   1.3160940e+02	   1.3587916e+02	   1.3958419e+02	   1.4288650e+02	   1.4591380e+02	   1.4980885e+02	   1.5248596e+02	   1.5291976e+02	   1.5179718e+02	   1.4857062e+02	   1.4534985e+02	   1.3979229e+02	   1.3456301e+02	   1.2985936e+02	
   0.0000000e+00	             NaN	             NaN	             NaN	             NaN	             NaN	             NaN	   7.9850982e+01	   8.2084460e+01	   8.6231582e+01	   8.9954275e+01	   9.3014076e+01	   9.7472704e+01	   1.0270731e+02	   1.0700004e+02	   1.1081447e+02	   1.1498715e+02	   1.1983103e+02	   1.2492589e+02	   1.2938199e+02	   1.3356740e+02	   1.3722326e+02	   1.4077734e+02	   1.4368535e+02	   1.4753180e+02	   1.5003100e+02	   1.5103132e+02	   1.4991346e+02	   1.4689058e+02	   1.4328257e+02	   1.3826789e+02	   1.3310751e+02	   1.2862696e+02	
   0.0000000e+00	             NaN	             NaN	             NaN	             NaN	             NaN	             NaN	   7.8481231e+01	   8.0833622e+01	   8.4616300e+01	   8.7999289e+01	   9.1324774e+01	   9.6120713e+01	   1.0112917e+02	   1.0527720e+02	   1.0901140e+02	   1.1344263e+02	   1.1744905e+02	   1.2304741e+02	   1.2755343e+02	   1.3168294e+02	   1.3461684e+02	   1.3846104e+02	   1.4113101e+02	   1.4490485e+02	   1.4772102e+02	   1.4865660e+02	   1.4753522e+02	   1.4518469e+02	   1.4140270e+02	   1.3687260e+02	   1.3181585e+02	   1.2760885e+02	
   0.0000000e+00	   0.0000000e+00	             NaN	             NaN	             NaN	             NaN	             NaN	   7.6699306e+01	   8.0031488e+01	   8.3869793e+01	   8.7086361e+01	   9.0373530e+01	   9.4683468e+01	   9.9569450e+01	   1.0418023e+02	   1.0748394e+02	   1.1121215e+02	   1.1592596e+02	   1.2071403e+02	   1.2512758e+02	   1.2940318e+02	   1.3252743e+02	   1.3587424e+02	   1.3876178e+02	   1.4317315e+02	   1.4534448e+02	   1.4645331e+02	   1.4562664e+02	   1.4319872e+02	   1.3964281e+02	   1.3538852e+02	   1.3043026e+02	   1.2602965e+02	
   0.0000000e+00	   0.0000000e+00	             NaN	             NaN	             NaN	             NaN	             NaN	   7.6115089e+01	   7.8025741e+01	   8.2169614e+01	   8.5803262e+01	   8.8556576e+01	   9.3233116e+01	   9.7966245e+01	   1.0196399e+02	   1.0541188e+02	   1.0940245e+02	   1.1340644e+02	   1.1869492e+02	   1.2296852e+02	   1.2704575e+02	   1.3032351e+02	   1.3361545e+02	   1.3652418e+02	   1.3998537e+02	   1.4308014e+02	   1.4364659e+02	   1.4336512e+02	   1.4107458e+02	   1.3782846e+02	   1.3356634e+02	   1.2877276e+02	   1.2465591e+02	
   0.0000000e+00	   0.0000000e+00	             NaN	             NaN	             NaN	             NaN	             NaN	   7.4408413e+01	   7.7000511e+01	   8.0062846e+01	   8.3749658e+01	   8.6737685e+01	   9.1595621e+01	   9.5918119e+01	   1.0052436e+02	   1.0353681e+02	   1.0697041e+02	   1.1116912e+02	   1.1583922e+02	   1.2025139e+02	   1.2425651e+02	   1.2701961e+02	   1.3049360e+02	   1.3338329e+02	   1.3748934e+02	   1.4032534e+02	   1.4112285e+02	   1.4054841e+02	   1.3840030e+02	   1.3529738e+02	   1.3129055e+02	   1.2701499e+02	   1.2273520e+02	
   0.0000000e+00	   0.0000000e+00	             NaN	             NaN	             NaN	             NaN	             NaN	             NaN	   7.5432999e+01	   7.9173166e+01	   8.3032062e+01	   8.5902128e+01	   8.9827840e+01	   9.4285201e+01	   9.8175300e+01	   1.0142483e+02	   1.0509434e+02	   1.0918674e+02	   1.1351136e+02	   1.1746704e+02	   1.2170471e+02	   1.2486618e+02	   1.2788261e+02	   1.3076803e+02	   1.3406848e+02	   1.3707748e+02	   1.3833326e+02	   1.3751511e+02	   1.3603825e+02	   1.3296767e+02	   1.2908978e+02	   1.2471365e+02	   1.2103198e+02	
   0.0000000e+00	   0.0000000e+00	             NaN	             NaN	             NaN	             NaN	             NaN	             NaN	   7.3706376e+01	   7.6834358e+01	   8.0905653e+01	   8.3811963e+01	   8.7844999e+01	   9.2736280e+01	   9.6113747e+01	   9.9316711e+01	   1.0290357e+02	   1.0684188e+02	   1.1114819e+02	   1.1501142e+02	   1.1874123e+02	   1.2189748e+02	   1.2492555e+02	   1.2777707e+02	   1.3179043e+02	   1.3457425e+02	   1.3551243e+02	   1.3525991e+02	   1.3308314e+02	   1.3040562e+02	   1.2695695e+02	   1.2256321e+02	   1.1924246e+02	
   0.0000000e+00	   0.0000000e+00	   0.0000000e+00	             NaN	             NaN	             NaN	             NaN	             NaN	   7.2834008e+01	   7.6571169e+01	   7.9491076e+01	   8.3378878e+01	   8.7207380e+01	   9.1190961e+01	   9.4952088e+01	   9.7972060e+01	   1.0158341e+02	   1.0507110e+02	   1.0907737e+02	   1.1340743e+02	   1.1713909e+02	   1.2021308e+02	   1.2314834e+02	   1.2607637e+02	   1.2998559e+02	   1.3264101e+02	   1.3372983e+02	   1.3343821e+02	   1.3165919e+02	   1.2908875e+02	   1.2516545e+02	   1.2163428e+02	   1.1837910e+02	
   0.0000000e+00	   0.0000000e+00	   0.0000000e+00	             NaN	             NaN	             NaN	             NaN	             NaN	   7.1501234e+01	   7.5095406e+01	   7.8447844e+01	   8.1343948e+01	   8.4904887e+01	   8.9146622e+01	   9.3467435e+01	   9.5661337e+01	   9.9741555e+01	   1.0347164e+02	   1.0743102e+02	   1.1125722e+02	   1.1491009e+02	   1.1760176e+02	   1.2067692e+02	   1.2367077e+02	   1.2730792e+02	   1.3038223e+02	   1.3136322e+02	   1.3095995e+02	   1.2924371e+02	   1.2672522e+02	   1.2312990e+02	   1.1946603e+02	   1.1633373e+02	
   0.0000000e+00	   0.0000000e+00	   0.0000000e+00	             NaN	             NaN	             NaN	             NaN	             NaN	   7.0117641e+01	   7.3896068e+01	   7.6983119e+01	   7.9740780e+01	   8.4370233e+01	   8.7678846e+01	   9.1446546e+01	   9.4041056e+01	   9.7589610e+01	   1.0126616e+02	   1.0520885e+02	   1.0894406e+02	   1.1233877e+02	   1.1533069e+02	   1.1837758e+02	   1.2129349e+02	   1.2507080e+02	   1.2753404e+02	   1.2884310e+02	   1.2843386e+02	   1.2715659e+02	   1.2449359e+02	   1.2136855e+02	   1.1816154e+02	   1.1474674e+02	
   0.0000000e+00	   0.0000000e+00	   0.0000000e+00	             NaN	             NaN	             NaN	             NaN	             NaN	   6.8343570e+01	   7.2098354e+01	   7.5696415e+01	   7.8414707e+01	   8.2342937e+01	   8.5737103e+01	   9.0011318e+01	   9.2683614e+01	   9.5848245e+01	   9.9445264e+01	   1.0325521e+02	   1.0678093e+02	   1.0998113e+02	   1.1296518e+02	   1.1590316e+02	   1.1872265e+02	   1.2252641e+02	   1.2500684e+02	   1.2649655e+02	   1.2640845e+02	   1.2436521e+02	   1.2232471e+02	   1.1919170e+02	   1.1581920e+02	   1.1284486e+02	
   0.0000000e+00	   0.0000000e+00	   0.0000000e+00	             NaN	             NaN	             NaN	             NaN	             NaN	             NaN	   7.1394266e+01	   7.4593372e+01	   7.6581793e+01	   8.1118628e+01	   8.4656707e+01	   8.7741251e+01	   9.0496302e+01	   9.4063551e+01	   9.7360617e+01	   1.0115478e+02	   1.0463835e+02	   1.0801467e+02	   1.1067450e+02	   1.1325724e+02	   1.1649393e+02	   1.1987243e+02	   1.2258775e+02	   1.2372564e+02	   1.2364908e+02	   1.2222317e+02	   1.2034341e+02	   1.1724225e+02	   1.1371822e+02	   1.1108048e+02	
   0.0000000e+00	   0.0000000e+00	   0.0000000e+00	   0.0000000e+00	             NaN	             NaN	             NaN	             NaN	             NaN	   6.8966082e+01	   7.2690533e+01	   7.5441254e+01	   7.9139217e+01	   8.3015027e+01	   8.5961814e+01	   8.8605742e+01	   9.2264317e+01	   9.5359525e+01	   9.8864376e+01	   1.0217880e+02	   1.0528906e+02	   1.0823822e+02	   1.1090471e+02	   1.1377774e+02	   1.1705855e+02	   1.1994130e+02	   1.2132615e+02	   1.2144724e+02	   1.2005897e+02	   1.1741787e+02	   1.1496339e+02	   1.1169116e+02	   1.0905099e+02	
   0.0000000e+00	   0.0000000e+00	   0.0000000e+00	   0.0000000e+00	             NaN	             NaN	             NaN	             NaN	             NaN	   6.7638838e+01	   7.0906160e+01	   7.3692224e+01	   7.7464553e+01	   8.1093343e+01	   8.4184265e+01	   8.6632116e+01	   9.0220170e+01	   9.2977684e+01	   9.6324761e+01	   9.9793725e+01	   1.0291643e+02	   1.0559914e+02	   1.0814531e+02	   1.1092232e+02	   1.1428273e+02	   1.1716182e+02	   1.1827308e+02	   1.1832359e+02	   1.1692990e+02	   1.1483560e+02	   1.1243677e+02	   1.0948972e+02	   1.0694807e+02	
   0.0000000e+00	   0.0000000e+00	   0.0000000e+00	   0.0000000e+00	             NaN	             NaN	             NaN	             NaN	             NaN	   6.6378486e+01	   6.9256489e+01	   7.2323725e+01	   7.5678326e+01	   7.9542476e+01	   8.2665106e+01	   8.4605887e+01	   8.7801196e+01	   9.0788781e+01	   9.4358420e+01	   9.7364114e+01	   1.0025342e+02	   1.0329203e+02	   1.0593521e+02	   1.0845255e+02	   1.1163084e+02	   1.1441677e+02	   1.1600359e+02	   1.1564833e+02	   1.1489174e+02	   1.1260317e+02	   1.1021614e+02	   1.0722241e+02	   1.0473190e+02	
   0.0000000e+00	   0.0000000e+00	   0.0000000e+00	   0.0000000e+00	             NaN	             NaN	             NaN	             NaN	             NaN	   6.4844116e+01	   6.8000201e+01	   7.0925665e+01	   7.4370914e+01	   7.7683449e+01	   8.0899432e+01	   8.3197312e+01	   8.6339608e+01	   8.9212911e+01	   9.2445509e+01	   9.5747893e+01	   9.8164935e+01	   1.0082659e+02	   1.0341751e+02	   1.0643207e+02	   1.0920676e+02	   1.1189933e+02	   1.1318509e+02	   1.1330903e+02	   1.1245366e+02	   1.1036899e+02	   1.0807318e+02	   1.0525964e+02	   1.0250353e+02	
   0.0000000e+00	   0.0000000e+00	   0.0000000e+00	   0.0000000e+00	             NaN	             NaN	             NaN	             NaN	             NaN	             NaN	   6.6653905e+01	   6.9215854e+01	   7.2515159e+01	   7.6379584e+01	   7.8966643e+01	   8.1482997e+01	   8.4585237e+01	   8.7084545e+01	   9.0223779e+01	   9.3239206e+01	   9.5813828e+01	   9.8560067e+01	   1.0099471e+02	   1.0353095e+02	   1.0703742e+02	   1.0934987e+02	   1.1075156e+02	   1.1105628e+02	   1.0973594e+02	   1.0827172e+02	   1.0570383e+02	   1.0296397e+02	   1.0065693e+02	
   0.0000000e+00	   0.0000000e+00	   0.0000000e+00	   0.0000000e+00	             NaN	             NaN	             NaN	             NaN	             NaN	             NaN	   6.5262667e+01	   6.7865925e+01	   7.1236444e+01	   7.4722371e+01	   7.7594458e+01	   7.9898571e+01	   8.2176464e+01	   8.4981383e+01	   8.8401427e+01	   9.1030206e+01	   9.3945376e+01	   9.5993000e+01	   9.8710092e+01	   1.0144202e+02	   1.0427077e+02	   1.0655477e+02	   1.0811771e+02	   1.0828466e+02	   1.0707669e+02	   1.0574759e+02	   1.0364962e+02	   1.0084947e+02	   9.8700279e+01	
   0.0000000e+00	   0.0000000e+00	   0.0000000e+00	   0.0000000e+00	   0.0000000e+00	             NaN	             NaN	             NaN	             NaN	             NaN	   6.3718258e+01	   6.6031078e+01	   6.9289579e+01	   7.2829086e+01	   7.5563284e+01	   7.7333710e+01	   8.0387515e+01	   8.2807842e+01	   8.6037554e+01	   8.8876808e+01	   9.1373499e+01	   9.3935454e+01	   9.6145540e+01	   9.8884408e+01	   1.0159569e+02	   1.0414210e+02	   1.0582049e+02	   1.0566271e+02	   1.0458560e+02	   1.0319493e+02	   1.0100381e+02	   9.8538315e+01	   9.6180918e+01	
   0.0000000e+00	   0.0000000e+00	   0.0000000e+00	   0.0000000e+00	   0.0000000e+00	             NaN	             NaN	             NaN	             NaN	             NaN	   6.2385445e+01	   6.4262947e+01	   6.8363181e+01	   7.1403402e+01	   7.3857395e+01	   7.6025195e+01	   7.9223083e+01	   8.1281177e+01	   8.4242389e+01	   8.6742445e+01	   8.9519841e+01	   9.1405045e+01	   9.3513684e+01	   9.6585717e+01	   9.8858563e+01	   1.0171586e+02	   1.0287015e+02	   1.0279783e+02	   1.0205676e+02	   1.0078549e+02	   9.8587826e+01	   9.6522515e+01	   9.4261051e+01	
   0.0000000e+00	   0.0000000e+00	   0.0000000e+00	   0.0000000e+00	   0.0000000e+00	             NaN	             NaN	             NaN	             NaN	             NaN	   6.1052070e+01	   6.3015904e+01	   6.6250106e+01	   6.9274943e+01	   7.2165311e+01	   7.3836310e+01	   7.6560547e+01	   7.8713558e+01	   8.2055613e+01	   8.5060889e+01	   8.7132273e+01	   8.9280396e+01	   9.1263055e+01	   9.3816796e+01	   9.6451399e+01	   9.9112033e+01	   1.0055959e+02	   1.0061346e+02	   9.9882712e+01	   9.8500159e+01	   9.6640442e+01	   9.4652188e+01	   9.2343331e+01	
   0.0000000e+00	   0.0000000e+00	   0.0000000e+00	   0.0000000e+00	   0.0000000e+00	             NaN	             NaN	             NaN	             NaN	             NaN	             NaN	   6.1555081e+01	   6.4580648e+01	   6.8200142e+01	   7.0741666e+01	   7.2093857e+01	   7.5054270e+01	   7.7195068e+01	   8.0238579e+01	   8.2077630e+01	   8.5126328e+01	   8.7091690e+01	   8.9123911e+01	   9.1535794e+01	   9.4049153e+01	   9.6897939e+01	   9.8194890e+01	   9.7991017e+01	   9.7335101e+01	   9.6162868e+01	   9.4184730e+01	   9.2239682e+01	   9.0268469e+01	
   0.0000000e+00	   0.0000000e+00	   0.0000000e+00	   0.0000000e+00	   0.0000000e+00	             NaN	             NaN	             NaN	             NaN	             NaN	             NaN	   5.9744444e+01	   6.3544187e+01	   6.6211408e+01	   6.8895436e+01	   7.0868318e+01	   7.3352707e+01	   7.5312093e+01	   7.7746713e+01	   8.0705648e+01	   8.2849270e+01	   8.5053818e+01	   8.7162054e+01	   8.9258611e+01	   9.2043978e+01	   9.4464787e+01	   9.5987405e+01	   9.5606611e+01	   9.5115664e+01	   9.3443584e+01	   9.2019327e+01	   8.9885648e+01	   8.7931661e+01	
   0.0000000e+00	   0.0000000e+00	   0.0000000e+00	   0.0000000e+00	   0.0000000e+00	   0.0000000e+00	             NaN	             NaN	             NaN	             NaN	             NaN	   5.8371598e+01	   6.1578322e+01	   6.4323266e+01	   6.6626800e+01	   6.9447614e+01	   7.1463350e+01	   7.3608543e+01	   7.6152855e+01	   7.8274027e+01	   8.0923724e+01	   8.2303934e+01	   8.4518113e+01	   8.6658589e+01	   8.9378446e+01	   9.1883044e+01	   9.2731910e+01	   9.3185364e+01	   9.2559088e+01	   9.0988746e+01	   8.9629288e+01	   8.7694130e+01	   8.5941728e+01	
   0.0000000e+00	   0.0000000e+00	   0.0000000e+00	   0.0000000e+00	   0.0000000e+00	   0.0000000e+00	             NaN	             NaN	             NaN	             NaN	             NaN	   5.7083780e+01	   6.0132093e+01	   6.3180954e+01	   6.5291298e+01	   6.7180651e+01	   6.9449248e+01	   7.1667076e+01	   7.3705488e+01	   7.6246402e+01	   7.8823798e+01	   8.0596353e+01	   8.2593485e+01	   8.4354917e+01	   8.7122266e+01	   8.9352303e+01	   9.0331761e+01	   9.0691389e+01	   9.0047287e+01	   8.8932866e+01	   8.7225720e+01	   8.5876299e+01	   8.3808053e+01	
   0.0000000e+00	   0.0000000e+00	   0.0000000e+00	   0.0000000e+00	   0.0000000e+00	   0.0000000e+00	             NaN	             NaN	             NaN	             NaN	             NaN	   5.5687645e+01	   5.8610113e+01	   6.1469207e+01	   6.4127353e+01	   6.5589997e+01	   6.7375013e+01	   6.9785918e+01	   7.2074181e+01	   7.4331739e+01	   7.6632972e+01	   7.8310187e+01	   8.0680077e+01	   8.2436062e+01	   8.4927577e+01	   8.7096211e+01	   8.8227159e+01	   8.8802784e+01	   8.7867733e+01	   8.6603604e+01	   8.5072932e+01	   8.3507306e+01	   8.2303264e+01	
   0.0000000e+00	   0.0000000e+00	   0.0000000e+00	   0.0000000e+00	   0.0000000e+00	   0.0000000e+00	             NaN	             NaN	             NaN	             NaN	             NaN	             NaN	   5.6838274e+01	   6.0134485e+01	   6.2416845e+01	   6.3906189e+01	   6.5759824e+01	   6.8191390e+01	   7.0346739e+01	   7.2504930e+01	   7.4380436e+01	   7.6562867e+01	   7.8463418e+01	   8.0385574e+01	   8.2423022e+01	   8.4780973e+01	   8.5619650e+01	   8.6151074e+01	   8.5520611e+01	   8.4310244e+01	   8.2864530e+01	   8.1421970e+01	   7.9943399e+01	
   0.0000000e+00	   0.0000000e+00	   0.0000000e+00	   0.0000000e+00	   0.0000000e+00	   0.0000000e+00	             NaN	             NaN	             NaN	             NaN	             NaN	             NaN	   5.5581688e+01	   5.8691686e+01	   6.0233375e+01	   6.2388635e+01	   6.4815485e+01	   6.6559942e+01	   6.8724719e+01	   7.0621790e+01	   7.2929424e+01	   7.4173612e+01	   7.6200535e+01	   7.8140376e+01	   7.9995935e+01	   8.2649702e+01	   8.3260809e+01	   8.3524513e+01	   8.3122996e+01	   8.2342594e+01	   8.0725992e+01	   7.9209327e+01	   7.7976760e+01	
   0.0000000e+00	   0.0000000e+00	   0.0000000e+00	   0.0000000e+00	   0.0000000e+00	   0.0000000e+00	   0.0000000e+00	             NaN	             NaN	             NaN	             NaN	             NaN	   5.4546987e+01	   5.7105478e+01	   5.9044472e+01	   6.0173173e+01	   6.2743737e+01	   6.4257348e+01	   6.6696724e+01	   6.8399308e+01	   7.0620404e+01	   7.1876474e+01	   7.4168926e+01	   7.5818624e+01	   7.8211560e+01	   8.0506411e+01	   8.1545265e+01	   8.1701862e+01	   8.1092578e+01	   8.0234219e+01	   7.8604047e+01	   7.7127715e+01	   7.5879718e+01	
   0.0000000e+00	   0.0000000e+00	   0.0000000e+00	   0.0000000e+00	   0.0000000e+00	   0.0000000e+00	   0.0000000e+00	             NaN	             NaN	             NaN	             NaN	             NaN	   5.2876558e+01	   5.5400535e+01	   5.7302889e+01	   5.8898525e+01	   6.0862657e+01	   6.3081162e+01	   6.5047787e+01	   6.6880167e+01	   6.8564247e+01	   7.0516638e+01	   7.1661853e+01	   7.3535858e+01	   7.5979152e+01	   7.7691840e+01	   7.8841053e+01	   7.8998635e+01	   7.8377765e+01	   7.7937088e+01	   7.6745151e+01	   7.5217835e+01	   7.3601572e+01	
   0.0000000e+00	   0.0000000e+00	   0.0000000e+00	   0.0000000e+00	   0.0000000e+00	   0.0000000e+00	   0.0000000e+00	             NaN	             NaN	             NaN	             NaN	             NaN	   5.1957821e+01	   5.3727135e+01	   5.5773331e+01	   5.7536884e+01	   5.9637725e+01	   6.1012023e+01	   6.2634328e+01	   6.4915131e+01	   6.6966999e+01	   6.8250257e+01	   6.9754955e+01	   7.1451634e+01	   7.3756112e+01	   7.6184995e+01	   7.6451576e+01	   7.7097095e+01	   7.6502056e+01	   7.5351976e+01	   7.4259060e+01	   7.3125451e+01	   7.1661563e+01	
   0.0000000e+00	   0.0000000e+00	   0.0000000e+00	   0.0000000e+00	   0.0000000e+00	   0.0000000e+00	   0.0000000e+00	             NaN	             NaN	             NaN	             NaN	             NaN	             NaN	   5.2590248e+01	   5.4187629e+01	   5.5940428e+01	   5.8105667e+01	   5.9616731e+01	   6.1523644e+01	   6.3104200e+01	   6.4736558e+01	   6.6432380e+01	   6.7745466e+01	   6.9307921e+01	   7.1254828e+01	   7.3492336e+01	   7.4197513e+01	   7.4627157e+01	   7.4120530e+01	   7.3390151e+01	   7.2044884e+01	   7.0908541e+01	   6.9535718e+01	
   0.0000000e+00	   0.0000000e+00	   0.0000000e+00	   0.0000000e+00	   0.0000000e+00	   0.0000000e+00	   0.0000000e+00	             NaN	             NaN	             NaN	             NaN	             NaN	             NaN	   5.1007977e+01	   5.2692591e+01	   5.4281873e+01	   5.6067309e+01	   5.7345239e+01	   5.9353675e+01	   6.1244057e+01	   6.2723638e+01	   6.4150581e+01	   6.5809127e+01	   6.7251613e+01	   6.9536987e+01	   7.1435579e+01	   7.2326248e+01	   7.2375330e+01	   7.2012827e+01	   7.1103532e+01	   6.9998318e+01	   6.8592648e+01	   6.7511891e+01	
   0.0000000e+00	   0.0000000e+00	   0.0000000e+00	   0.0000000e+00	   0.0000000e+00	   0.0000000e+00	   0.0000000e+00	   0.0000000e+00	             NaN	             NaN	             NaN	             NaN	             NaN	   4.9217139e+01	   5.1161701e+01	   5.2297368e+01	   5.4216931e+01	   5.5702551e+01	   5.7560835e+01	   5.9832926e+01	   6.0648437e+01	   6.2480511e+01	   6.3785608e+01	   6.5009617e+01	   6.6907652e+01	   6.8840236e+01	   6.9971463e+01	   7.0105985e+01	   6.9494144e+01	   6.8882067e+01	   6.7540158e+01	   6.6422027e+01	   6.5550473e+01	
   0.0000000e+00	   0.0000000e+00	   0.0000000e+00	   0.0000000e+00	   0.0000000e+00	   0.0000000e+00	   0.0000000e+00	   0.0000000e+00	             NaN	             NaN	             NaN	             NaN	             NaN	   4.7910647e+01	   5.0249541e+01	   5.1721662e+01	   5.2958471e+01	   5.4531277e+01	   5.6190173e+01	   5.8048072e+01	   5.9347757e+01	   6.0590181e+01	   6.2226152e+01	   6.3777227e+01	   6.5655153e+01	   6.7193288e+01	   6.7976127e+01	   6.8300323e+01	   6.7796778e+01	   6.7186995e+01	   6.6126735e+01	   6.4934428e+01	   6.4038757e+01	
   0.0000000e+00	   0.0000000e+00	   0.0000000e+00	   0.0000000e+00	   0.0000000e+00	   0.0000000e+00	   0.0000000e+00	   0.0000000e+00	             NaN	             NaN	             NaN	             NaN	             NaN	   4.7347126e+01	   4.7804530e+01	   4.9619835e+01	   5.1813961e+01	   5.2978811e+01	   5.4368609e+01	   5.6223613e+01	   5.7673159e+01	   5.9073017e+01	   6.0148584e+01	   6.1832596e+01	   6.3415330e+01	   6.4945371e+01	   6.5961567e+01	   6.5993367e+01	   6.5746098e+01	   6.4978724e+01	   6.4133541e+01	   6.3272354e+01	   6.2062044e+01	
   0.0000000e+00	   0.0000000e+00	   0.0000000e+00	   0.0000000e+00	   0.0000000e+00	   0.0000000e+00	   0.0000000e+00	   0.0000000e+00	             NaN	             NaN	             NaN	             NaN	             NaN	             NaN	   4.7124448e+01	   4.8653221e+01	   4.9943165e+01	   5.1464831e+01	   5.3144738e+01	   5.4849823e+01	   5.6199371e+01	   5.6969819e+01	   5.8136722e+01	   6.0056639e+01	   6.1497276e+01	   6.3304713e+01	   6.3703341e+01	   6.3975607e+01	   6.3572875e+01	   6.3245447e+01	   6.2422308e+01	   6.1313809e+01	   6.0351185e+01	
   0.0000000e+00	   0.0000000e+00	   0.0000000e+00	   0.0000000e+00	   0.0000000e+00	   0.0000000e+00	   0.0000000e+00	   0.0000000e+00	             NaN	             NaN	             NaN	             NaN	             NaN	             NaN	   4.5754916e+01	   4.7110418e+01	   4.8367505e+01	   4.9933675e+01	   5.1231109e+01	   5.2548201e+01	   5.4580899e+01	   5.5317880e+01	   5.6137338e+01	   5.8335521e+01	   5.9776514e+01	   6.1405081e+01	   6.1914526e+01	   6.2147339e+01	   6.2436725e+01	   6.0991503e+01	   6.0128221e+01	   5.9326774e+01	   5.8412491e+01	
   0.0000000e+00	   0.0000000e+00	   0.0000000e+00	   0.0000000e+00	   0.0000000e+00	   0.0000000e+00	   0.0000000e+00	   0.0000000e+00	   0.0000000e+00	             NaN	             NaN	             NaN	             NaN	             NaN	   4.4563658e+01	   4.5595335e+01	   4.7303924e+01	   4.8450224e+01	   4.9913891e+01	   5.1216534e+01	   5.2494890e+01	   5.3570653e+01	   5.5062389e+01	   5.6181811e+01	   5.7620744e+01	   5.9197905e+01	   5.9777520e+01	   6.0273710e+01	   6.0308482e+01	   5.9448180e+01	   5.8487669e+01	   5.7740228e+01	   5.6816635e+01	
   0.0000000e+00	   0.0000000e+00	   0.0000000e+00	   0.0000000e+00	   0.0000000e+00	   0.0000000e+00	   0.0000000e+00	   0.0000000e+00	   0.0000000e+00	             NaN	             NaN	             NaN	             NaN	             NaN	   4.3344383e+01	   4.4495802e+01	   4.5843329e+01	   4.7171696e+01	   4.8535452e+01	   4.9833747e+01	   5.1059685e+01	   5.2458932e+01	   5.3388135e+01	   5.4283406e+01	   5.6143396e+01	   5.7645016e+01	   5.8179553e+01	   5.8470109e+01	   5.8484332e+01	   5.7781074e+01	   5.6837668e+01	   5.5918106e+01	   5.5309085e+01	
   0.0000000e+00	   0.0000000e+00	   0.0000000e+00	   0.0000000e+00	   0.0000000e+00	   0.0000000e+00	   0.0000000e+00	   0.0000000e+00	   0.0000000e+00	             NaN	             NaN	             NaN	             NaN	             NaN	   4.2225685e+01	   4.3138735e+01	   4.4188426e+01	   4.5575985e+01	   4.7077951e+01	   4.8422334e+01	   4.9521814e+01	   5.0263320e+01	   5.1861584e+01	   5.3128469e+01	   5.4445285e+01	   5.5824524e+01	   5.6633885e+01	   5.6511619e+01	   5.6574116e+01	   5.5845331e+01	   5.4734740e+01	   5.4382279e+01	   5.3398930e+01	
   0.0000000e+00	   0.0000000e+00	   0.0000000e+00	   0.0000000e+00	   0.0000000e+00	   0.0000000e+00	   0.0000000e+00	   0.0000000e+00	   0.0000000e+00	             NaN	             NaN	             NaN	             NaN	             NaN	             NaN	   4.1716111e+01	   4.3357620e+01	   4.3895820e+01	   4.5552640e+01	   4.6547518e+01	   4.7913168e+01	   4.8924830e+01	   5.0008507e+01	   5.1156523e+01	   5.2588547e+01	   5.3793085e+01	   5.4672436e+01	   5.4684870e+01	   5.4621535e+01	   5.3970786e+01	   5.3039842e+01	   5.2470660e+01	   5.1754821e+01	
   0.0000000e+00	   0.0000000e+00	   0.0000000e+00	   0.0000000e+00	   0.0000000e+00	   0.0000000e+00	   0.0000000e+00	   0.0000000e+00	   0.0000000e+00	             NaN	             NaN	             NaN	             NaN	             NaN	             NaN	   4.0505970e+01	   4.1510991e+01	   4.2920671e+01	   4.3921284e+01	   4.5303259e+01	   4.6707366e+01	   4.7273152e+01	   4.8870768e+01	   4.9239956e+01	   5.1113255e+01	   5.2476083e+01	   5.2966602e+01	   5.3185546e+01	   5.2989831e+01	   5.2528450e+01	   5.1363893e+01	   5.1116109e+01	   5.0242034e+01	
   0.0000000e+00	   0.0000000e+00	   0.0000000e+00	   0.0000000e+00	   0.0000000e+00	   0.0000000e+00	   0.0000000e+00	   0.0000000e+00	   0.0000000e+00	   0.0000000e+00	             NaN	             NaN	             NaN	             NaN	             NaN	   3.9194052e+01	   4.0702400e+01	   4.1215740e+01	   4.3112108e+01	   4.4346808e+01	   4.5097852e+01	   4.5964250e+01	   4.7039498e+01	   4.7957793e+01	   4.9113926e+01	   5.0809973e+01	   5.0980156e+01	   5.1531032e+01	   5.1365027e+01	   5.0751976e+01	   5.0200232e+01	   4.9448586e+01	   4.8740818e+01	
