  -1.8991533e+00	  -2.7583453e+00	  -4.8117756e+00	             NaN	             NaN	             NaN	             NaN	             NaN	             NaN	             NaN	             NaN	             NaN	             NaN	             NaN	   0.0000000e+00	   0.0000000e+00	   0.0000000e+00	   0.0000000e+00	   0.0000000e+00	   0.0000000e+00	   0.0000000e+00	   0.0000000e+00	   0.0000000e+00	   0.0000000e+00	   0.0000000e+00	   0.0000000e+00	   0.0000000e+00	   0.0000000e+00	   0.0000000e+00	   0.0000000e+00	   0.0000000e+00	   0.0000000e+00	   0.0000000e+00	
   2.8866889e-01	  -3.7352816e+00	  -2.8011625e+00	             NaN	             NaN	             NaN	             NaN	             NaN	             NaN	             NaN	             NaN	             NaN	             NaN	             NaN	   0.0000000e+00	   0.0000000e+00	   0.0000000e+00	   0.0000000e+00	   0.0000000e+00	   0.0000000e+00	   0.0000000e+00	   0.0000000e+00	   0.0000000e+00	   0.0000000e+00	   0.0000000e+00	   0.0000000e+00	   0.0000000e+00	   0.0000000e+00	   0.0000000e+00	   0.0000000e+00	   0.0000000e+00	   0.0000000e+00	   0.0000000e+00	
  -1.9440649e+00	  -2.0321249e+00	  -2.0227812e+00	             NaN	             NaN	             NaN	             NaN	             NaN	             NaN	             NaN	             NaN	             NaN	             NaN	             NaN	   0.0000000e+00	   0.0000000e+00	   0.0000000e+00	   0.0000000e+00	   0.0000000e+00	   0.0000000e+00	   0.0000000e+00	   0.0000000e+00	   0.0000000e+00	   0.0000000e+00	   0.0000000e+00	   0.0000000e+00	   0.0000000e+00	   0.0000000e+00	   0.0000000e+00	   0.0000000e+00	   0.0000000e+00	   0.0000000e+00	   0.0000000e+00	
   6.6493445e-01	  -6.6571225e-01	  -4.0834994e-01	   7.5986521e-01	             NaN	             NaN	             NaN	             NaN	             NaN	             NaN	             NaN	             NaN	             NaN	             NaN	             NaN	   0.0000000e+00	   0.0000000e+00	   0.0000000e+00	   0.0000000e+00	   0.0000000e+00	   0.0000000e+00	   0.0000000e+00	   0.0000000e+00	   0.0000000e+00	   0.0000000e+00	   0.0000000e+00	   0.0000000e+00	   0.0000000e+00	   0.0000000e+00	   0.0000000e+00	   0.0000000e+00	   0.0000000e+00	   0.0000000e+00	
   2.1831038e+00	  -1.1778358e+00	  -7.5380431e-02	   1.5347987e+00	             NaN	             NaN	             NaN	             NaN	             NaN	             NaN	             NaN	             NaN	             NaN	             NaN	             NaN	   0.0000000e+00	   0.0000000e+00	   0.0000000e+00	   0.0000000e+00	   0.0000000e+00	   0.0000000e+00	   0.0000000e+00	   0.0000000e+00	   0.0000000e+00	   0.0000000e+00	   0.0000000e+00	   0.0000000e+00	   0.0000000e+00	   0.0000000e+00	   0.0000000e+00	   0.0000000e+00	   0.0000000e+00	   0.0000000e+00	
   5.5471492e-01	   1.4857265e+00	   7.7867664e-01	   2.2341567e+00	   4.3092662e+00	             NaN	             NaN	             NaN	             NaN	             NaN	             NaN	             NaN	             NaN	             NaN	             NaN	             NaN	   0.0000000e+00	   0.0000000e+00	   0.0000000e+00	   0.0000000e+00	   0.0000000e+00	   0.0000000e+00	   0.0000000e+00	   0.0000000e+00	   0.0000000e+00	   0.0000000e+00	   0.0000000e+00	   0.0000000e+00	   0.0000000e+00	   0.0000000e+00	   0.0000000e+00	   0.0000000e+00	   0.0000000e+00	
   3.0236383e+00	   1.6231879e+00	   1.2336944e+00	   3.1309235e+00	   4.7227775e+00	             NaN	             NaN	             NaN	             NaN	             NaN	             NaN	             NaN	             NaN	             NaN	             NaN	             NaN	   0.0000000e+00	   0.0000000e+00	   0.0000000e+00	   0.0000000e+00	   0.0000000e+00	   0.0000000e+00	   0.0000000e+00	   0.0000000e+00	   0.0000000e+00	   0.0000000e+00	   0.0000000e+00	   0.0000000e+00	   0.0000000e+00	   0.0000000e+00	   0.0000000e+00	   0.0000000e+00	   0.0000000e+00	
   3.1521049e+00	   2.5570765e+00	   2.2478008e+00	   3.9108911e+00	   5.3459188e+00	             NaN	             NaN	             NaN	             NaN	             NaN	             NaN	             NaN	             NaN	             NaN	             NaN	             NaN	   0.0000000e+00	   0.0000000e+00	   0.0000000e+00	   0.0000000e+00	   0.0000000e+00	   0.0000000e+00	   0.0000000e+00	   0.0000000e+00	   0.0000000e+00	   0.0000000e+00	   0.0000000e+00	   0.0000000e+00	   0.0000000e+00	   0.0000000e+00	   0.0000000e+00	   0.0000000e+00	   0.0000000e+00	
   3.5649758e+00	   2.6278071e+00	   3.2190542e+00	   4.1176806e+00	   5.4953463e+00	   7.1587459e+00	             NaN	             NaN	             NaN	             NaN	             NaN	             NaN	             NaN	             NaN	             NaN	             NaN	             NaN	   0.0000000e+00	   0.0000000e+00	   0.0000000e+00	   0.0000000e+00	   0.0000000e+00	   0.0000000e+00	   0.0000000e+00	   0.0000000e+00	   0.0000000e+00	   0.0000000e+00	   0.0000000e+00	   0.0000000e+00	   0.0000000e+00	   0.0000000e+00	   0.0000000e+00	   0.0000000e+00	
   5.3294297e+00	   3.5745751e+00	   3.2926811e+00	   4.5679053e+00	   6.3699527e+00	   7.4742355e+00	             NaN	             NaN	             NaN	             NaN	             NaN	             NaN	             NaN	             NaN	             NaN	             NaN	             NaN	   0.0000000e+00	   0.0000000e+00	   0.0000000e+00	   0.0000000e+00	   0.0000000e+00	   0.0000000e+00	   0.0000000e+00	   0.0000000e+00	   0.0000000e+00	   0.0000000e+00	   0.0000000e+00	   0.0000000e+00	   0.0000000e+00	   0.0000000e+00	   0.0000000e+00	   0.0000000e+00	
   5.0832798e+00	   3.7413965e+00	   4.4515385e+00	   5.4272666e+00	   6.5791698e+00	   7.8295952e+00	   9.2854602e+00	             NaN	             NaN	             NaN	             NaN	             NaN	             NaN	             NaN	             NaN	             NaN	             NaN	             NaN	   0.0000000e+00	   0.0000000e+00	   0.0000000e+00	   0.0000000e+00	   0.0000000e+00	   0.0000000e+00	   0.0000000e+00	   0.0000000e+00	   0.0000000e+00	   0.0000000e+00	   0.0000000e+00	   0.0000000e+00	   0.0000000e+00	   0.0000000e+00	   0.0000000e+00	
   6.0920188e+00	   5.0520774e+00	   5.1942742e+00	   5.9806271e+00	   7.3118158e+00	   8.5955022e+00	   9.7669222e+00	             NaN	             NaN	             NaN	             NaN	             NaN	             NaN	             NaN	             NaN	             NaN	             NaN	             NaN	   0.0000000e+00	   0.0000000e+00	   0.0000000e+00	   0.0000000e+00	   0.0000000e+00	   0.0000000e+00	   0.0000000e+00	   0.0000000e+00	   0.0000000e+00	   0.0000000e+00	   0.0000000e+00	   0.0000000e+00	   0.0000000e+00	   0.0000000e+00	   0.0000000e+00	
   6.5540591e+00	   5.2611222e+00	   6.1445123e+00	   6.9811364e+00	   7.8965502e+00	   9.2276152e+00	   1.0445122e+01	             NaN	             NaN	             NaN	             NaN	             NaN	             NaN	             NaN	             NaN	             NaN	             NaN	             NaN	   0.0000000e+00	   0.0000000e+00	   0.0000000e+00	   0.0000000e+00	   0.0000000e+00	   0.0000000e+00	   0.0000000e+00	   0.0000000e+00	   0.0000000e+00	   0.0000000e+00	   0.0000000e+00	   0.0000000e+00	   0.0000000e+00	   0.0000000e+00	   0.0000000e+00	
   6.2458556e+00	   5.4957867e+00	   6.5525104e+00	   7.1855799e+00	   8.5603092e+00	   9.7274860e+00	   1.1020461e+01	   1.1972905e+01	             NaN	             NaN	             NaN	             NaN	             NaN	             NaN	             NaN	             NaN	             NaN	             NaN	             NaN	   0.0000000e+00	   0.0000000e+00	   0.0000000e+00	   0.0000000e+00	   0.0000000e+00	   0.0000000e+00	   0.0000000e+00	   0.0000000e+00	   0.0000000e+00	   0.0000000e+00	   0.0000000e+00	   0.0000000e+00	   0.0000000e+00	   0.0000000e+00	
   6.4383302e+00	   6.4840891e+00	   7.1651674e+00	   7.6517753e+00	   8.7289314e+00	   9.8318747e+00	   1.1452795e+01	   1.2315911e+01	             NaN	             NaN	             NaN	             NaN	             NaN	             NaN	             NaN	             NaN	             NaN	             NaN	             NaN	   0.0000000e+00	   0.0000000e+00	   0.0000000e+00	   0.0000000e+00	   0.0000000e+00	   0.0000000e+00	   0.0000000e+00	   0.0000000e+00	   0.0000000e+00	   0.0000000e+00	   0.0000000e+00	   0.0000000e+00	   0.0000000e+00	   0.0000000e+00	
   6.7227398e+00	   6.6582968e+00	   7.2044517e+00	   8.2658621e+00	   9.1686750e+00	   1.0074177e+01	   1.1454875e+01	   1.2684023e+01	   1.2944273e+01	             NaN	             NaN	             NaN	             NaN	             NaN	             NaN	             NaN	             NaN	             NaN	             NaN	             NaN	   0.0000000e+00	   0.0000000e+00	   0.0000000e+00	   0.0000000e+00	   0.0000000e+00	   0.0000000e+00	   0.0000000e+00	   0.0000000e+00	   0.0000000e+00	   0.0000000e+00	   0.0000000e+00	   0.0000000e+00	   0.0000000e+00	
   7.0640222e+00	   7.6241163e+00	   7.8938214e+00	   8.8752970e+00	   9.8199908e+00	   1.0682429e+01	   1.2265453e+01	   1.3193498e+01	   1.3491696e+01	             NaN	             NaN	             NaN	             NaN	             NaN	             NaN	             NaN	             NaN	             NaN	             NaN	             NaN	   0.0000000e+00	   0.0000000e+00	   0.0000000e+00	   0.0000000e+00	   0.0000000e+00	   0.0000000e+00	   0.0000000e+00	   0.0000000e+00	   0.0000000e+00	   0.0000000e+00	   0.0000000e+00	   0.0000000e+00	   0.0000000e+00	
   8.0357849e+00	   8.1961006e+00	   8.4552954e+00	   9.3202443e+00	   1.0466375e+01	   1.1117637e+01	   1.2489616e+01	   1.3599277e+01	   1.3942457e+01	             NaN	             NaN	             NaN	             NaN	             NaN	             NaN	             NaN	             NaN	             NaN	             NaN	             NaN	   0.0000000e+00	   0.0000000e+00	   0.0000000e+00	   0.0000000e+00	   0.0000000e+00	   0.0000000e+00	   0.0000000e+00	   0.0000000e+00	   0.0000000e+00	   0.0000000e+00	   0.0000000e+00	   0.0000000e+00	   0.0000000e+00	
   8.9700054e+00	   8.5299261e+00	   8.5173102e+00	   1.0203728e+01	   1.0881882e+01	   1.1840970e+01	   1.3216363e+01	   1.4040495e+01	   1.4425019e+01	   1.3432461e+01	             NaN	             NaN	             NaN	             NaN	             NaN	             NaN	             NaN	             NaN	             NaN	             NaN	             NaN	   0.0000000e+00	   0.0000000e+00	   0.0000000e+00	   0.0000000e+00	   0.0000000e+00	   0.0000000e+00	   0.0000000e+00	   0.0000000e+00	   0.0000000e+00	   0.0000000e+00	   0.0000000e+00	   0.0000000e+00	
   9.6327824e+00	   8.6087344e+00	   9.6868571e+00	   1.0220247e+01	   1.1088420e+01	   1.2251339e+01	   1.3493716e+01	   1.4430269e+01	   1.4957930e+01	   1.4149837e+01	             NaN	             NaN	             NaN	             NaN	             NaN	             NaN	             NaN	             NaN	             NaN	             NaN	             NaN	   0.0000000e+00	   0.0000000e+00	   0.0000000e+00	   0.0000000e+00	   0.0000000e+00	   0.0000000e+00	   0.0000000e+00	   0.0000000e+00	   0.0000000e+00	   0.0000000e+00	   0.0000000e+00	   0.0000000e+00	
   1.0182458e+01	   9.4097352e+00	   9.8260327e+00	   1.0403727e+01	   1.1700700e+01	   1.2826083e+01	   1.3616406e+01	   1.4709159e+01	   1.5214099e+01	   1.4642145e+01	   1.1880013e+01	             NaN	             NaN	             NaN	             NaN	             NaN	             NaN	             NaN	             NaN	             NaN	             NaN	             NaN	   0.0000000e+00	   0.0000000e+00	   0.0000000e+00	   0.0000000e+00	   0.0000000e+00	   0.0000000e+00	   0.0000000e+00	   0.0000000e+00	   0.0000000e+00	   0.0000000e+00	   0.0000000e+00	
   9.8931883e+00	   1.0395616e+01	   1.0394904e+01	   1.1044194e+01	   1.1983185e+01	   1.2799816e+01	   1.3892110e+01	   1.5201687e+01	   1.5521931e+01	   1.5040964e+01	   1.3082679e+01	             NaN	             NaN	             NaN	             NaN	             NaN	             NaN	             NaN	             NaN	             NaN	             NaN	             NaN	   0.0000000e+00	   0.0000000e+00	   0.0000000e+00	   0.0000000e+00	   0.0000000e+00	   0.0000000e+00	   0.0000000e+00	   0.0000000e+00	   0.0000000e+00	   0.0000000e+00	   0.0000000e+00	
   1.1033426e+01	   1.0684364e+01	   1.0880321e+01	   1.1515659e+01	   1.2704965e+01	   1.3435663e+01	   1.4415599e+01	   1.5379716e+01	   1.6112177e+01	   1.5298057e+01	   1.3857295e+01	             NaN	             NaN	             NaN	             NaN	             NaN	             NaN	             NaN	             NaN	             NaN	             NaN	             NaN	   0.0000000e+00	   0.0000000e+00	   0.0000000e+00	   0.0000000e+00	   0.0000000e+00	   0.0000000e+00	   0.0000000e+00	   0.0000000e+00	   0.0000000e+00	   0.0000000e+00	   0.0000000e+00	
   1.1670782e+01	   1.1381628e+01	   1.1425472e+01	   1.2177713e+01	   1.2858187e+01	   1.3785521e+01	   1.4800410e+01	   1.5689450e+01	   1.6243855e+01	   1.6079475e+01	   1.4512139e+01	   1.1392075e+01	             NaN	             NaN	             NaN	             NaN	             NaN	             NaN	             NaN	             NaN	             NaN	             NaN	             NaN	   0.0000000e+00	   0.0000000e+00	   0.0000000e+00	   0.0000000e+00	   0.0000000e+00	   0.0000000e+00	   0.0000000e+00	   0.0000000e+00	   0.0000000e+00	   0.0000000e+00	
   1.2084984e+01	   1.1842818e+01	   1.2281638e+01	   1.2950878e+01	   1.3472349e+01	   1.4278064e+01	   1.5198142e+01	   1.6013774e+01	   1.6818672e+01	   1.6333964e+01	   1.5194391e+01	   1.2633468e+01	             NaN	             NaN	             NaN	             NaN	             NaN	             NaN	             NaN	             NaN	             NaN	             NaN	             NaN	   0.0000000e+00	   0.0000000e+00	   0.0000000e+00	   0.0000000e+00	   0.0000000e+00	   0.0000000e+00	   0.0000000e+00	   0.0000000e+00	   0.0000000e+00	   0.0000000e+00	
   1.3256129e+01	   1.2713076e+01	   1.3020811e+01	   1.3372313e+01	   1.3851916e+01	   1.4570181e+01	   1.5402395e+01	   1.6450657e+01	   1.7104265e+01	   1.7067723e+01	   1.5863097e+01	   1.3642673e+01	   1.0033297e+01	             NaN	             NaN	             NaN	             NaN	             NaN	             NaN	             NaN	             NaN	             NaN	             NaN	             NaN	   0.0000000e+00	   0.0000000e+00	   0.0000000e+00	   0.0000000e+00	   0.0000000e+00	   0.0000000e+00	   0.0000000e+00	   0.0000000e+00	   0.0000000e+00	
   1.3332401e+01	   1.3558985e+01	   1.3962823e+01	   1.3984783e+01	   1.4264039e+01	   1.5285819e+01	   1.6120412e+01	   1.6695176e+01	   1.7636727e+01	   1.7312365e+01	   1.6342421e+01	   1.4528431e+01	   1.1898904e+01	             NaN	             NaN	             NaN	             NaN	             NaN	             NaN	             NaN	             NaN	             NaN	             NaN	             NaN	   0.0000000e+00	   0.0000000e+00	   0.0000000e+00	   0.0000000e+00	   0.0000000e+00	   0.0000000e+00	   0.0000000e+00	   0.0000000e+00	   0.0000000e+00	
   1.4263354e+01	   1.4126764e+01	   1.4137596e+01	   1.4671593e+01	   1.4820766e+01	   1.5632549e+01	   1.6241293e+01	   1.7147719e+01	   1.7559904e+01	   1.7803353e+01	   1.7108091e+01	   1.5227578e+01	   1.3158863e+01	             NaN	             NaN	             NaN	             NaN	             NaN	             NaN	             NaN	             NaN	             NaN	             NaN	             NaN	   0.0000000e+00	   0.0000000e+00	   0.0000000e+00	   0.0000000e+00	   0.0000000e+00	   0.0000000e+00	   0.0000000e+00	   0.0000000e+00	   0.0000000e+00	
   1.5798928e+01	   1.5437312e+01	   1.5107082e+01	   1.5510665e+01	   1.5304714e+01	   1.5835154e+01	   1.6684964e+01	   1.7406526e+01	   1.8107844e+01	   1.8248645e+01	   1.7589882e+01	   1.5924607e+01	   1.4302453e+01	   1.1093675e+01	             NaN	             NaN	             NaN	             NaN	             NaN	             NaN	             NaN	             NaN	             NaN	             NaN	             NaN	   0.0000000e+00	   0.0000000e+00	   0.0000000e+00	   0.0000000e+00	   0.0000000e+00	   0.0000000e+00	   0.0000000e+00	   0.0000000e+00	
   1.6496909e+01	   1.6088404e+01	   1.5739923e+01	   1.6011173e+01	   1.6050153e+01	   1.6303365e+01	   1.7117688e+01	   1.7663042e+01	   1.8391234e+01	   1.8396039e+01	   1.8137636e+01	   1.6535175e+01	   1.5024916e+01	   1.3052285e+01	             NaN	             NaN	             NaN	             NaN	             NaN	             NaN	             NaN	             NaN	             NaN	             NaN	             NaN	   0.0000000e+00	   0.0000000e+00	   0.0000000e+00	   0.0000000e+00	   0.0000000e+00	   0.0000000e+00	   0.0000000e+00	   0.0000000e+00	
   1.7071505e+01	   1.6882524e+01	   1.6711677e+01	   1.6951862e+01	   1.6592808e+01	   1.6866342e+01	   1.7429493e+01	   1.7918573e+01	   1.8621907e+01	   1.8807895e+01	   1.8446093e+01	   1.7413627e+01	   1.6001796e+01	   1.4422187e+01	   1.0456736e+01	             NaN	             NaN	             NaN	             NaN	             NaN	             NaN	             NaN	             NaN	             NaN	             NaN	             NaN	   0.0000000e+00	   0.0000000e+00	   0.0000000e+00	   0.0000000e+00	   0.0000000e+00	   0.0000000e+00	   0.0000000e+00	
   1.7698842e+01	   1.8317808e+01	   1.8344008e+01	   1.7841581e+01	   1.7707066e+01	   1.7725605e+01	   1.8173810e+01	   1.8726369e+01	   1.9433102e+01	   1.9523545e+01	   1.9439410e+01	   1.8483319e+01	   1.7314682e+01	   1.5939434e+01	   1.3206595e+01	             NaN	             NaN	             NaN	             NaN	             NaN	             NaN	             NaN	             NaN	             NaN	             NaN	             NaN	   0.0000000e+00	   0.0000000e+00	   0.0000000e+00	   0.0000000e+00	   0.0000000e+00	   0.0000000e+00	   0.0000000e+00	
   1.9104310e+01	   1.9454959e+01	   1.9734863e+01	   1.9317794e+01	   1.8907876e+01	   1.8658203e+01	   1.9104389e+01	   1.9545806e+01	   2.0361579e+01	   2.0584338e+01	   2.0513219e+01	   1.9700594e+01	   1.8744111e+01	   1.7353563e+01	   1.5321569e+01	             NaN	             NaN	             NaN	             NaN	             NaN	             NaN	             NaN	             NaN	             NaN	             NaN	             NaN	   0.0000000e+00	   0.0000000e+00	   0.0000000e+00	   0.0000000e+00	   0.0000000e+00	   0.0000000e+00	   0.0000000e+00	
   1.9425504e+01	   2.0980530e+01	   2.0921861e+01	   2.1002989e+01	   2.0107557e+01	   1.9865296e+01	   2.0042185e+01	   2.0522195e+01	   2.1010976e+01	   2.1463316e+01	   2.1710223e+01	   2.0938000e+01	   1.9976848e+01	   1.9006278e+01	   1.7391399e+01	   1.3503370e+01	             NaN	             NaN	             NaN	             NaN	             NaN	             NaN	             NaN	             NaN	             NaN	             NaN	             NaN	   0.0000000e+00	   0.0000000e+00	   0.0000000e+00	   0.0000000e+00	   0.0000000e+00	   0.0000000e+00	
   2.1006935e+01	   2.1987845e+01	   2.2241570e+01	   2.2232151e+01	   2.1263416e+01	   2.0763900e+01	   2.1099180e+01	   2.1185779e+01	   2.1894968e+01	   2.2239123e+01	   2.2534183e+01	   2.1977401e+01	   2.1284397e+01	   2.0578513e+01	   1.8963199e+01	   1.6029293e+01	             NaN	             NaN	             NaN	             NaN	             NaN	             NaN	             NaN	             NaN	             NaN	             NaN	             NaN	   0.0000000e+00	   0.0000000e+00	   0.0000000e+00	   0.0000000e+00	   0.0000000e+00	   0.0000000e+00	
   2.2235332e+01	   2.3145329e+01	   2.3610556e+01	   2.3474773e+01	   2.2688737e+01	   2.1909557e+01	   2.1932786e+01	   2.2103567e+01	   2.2684455e+01	   2.3199332e+01	   2.3567645e+01	   2.3154519e+01	   2.2712965e+01	   2.1909128e+01	   2.0611816e+01	   1.8220835e+01	   1.4206663e+01	             NaN	             NaN	             NaN	             NaN	             NaN	             NaN	             NaN	             NaN	             NaN	             NaN	             NaN	   0.0000000e+00	   0.0000000e+00	   0.0000000e+00	   0.0000000e+00	   0.0000000e+00	
   2.3405641e+01	   2.4379317e+01	   2.4800679e+01	   2.4661741e+01	   2.3829968e+01	   2.2887310e+01	   2.2760768e+01	   2.2906488e+01	   2.3193933e+01	   2.3640899e+01	   2.4157498e+01	   2.3984783e+01	   2.3565730e+01	   2.2961913e+01	   2.1718183e+01	   1.9846761e+01	   1.6099603e+01	             NaN	             NaN	             NaN	             NaN	             NaN	             NaN	             NaN	             NaN	             NaN	             NaN	             NaN	   0.0000000e+00	   0.0000000e+00	   0.0000000e+00	   0.0000000e+00	   0.0000000e+00	
   2.3864064e+01	   2.5623965e+01	   2.6567893e+01	   2.6604035e+01	   2.5475126e+01	   2.4151509e+01	   2.3779329e+01	   2.3954843e+01	   2.4123507e+01	   2.4816196e+01	   2.5347237e+01	   2.5278748e+01	   2.5050166e+01	   2.4432888e+01	   2.3407388e+01	   2.1594201e+01	   1.8380237e+01	             NaN	             NaN	             NaN	             NaN	             NaN	             NaN	             NaN	             NaN	             NaN	             NaN	             NaN	   0.0000000e+00	   0.0000000e+00	   0.0000000e+00	   0.0000000e+00	   0.0000000e+00	
   2.5584721e+01	   2.6022563e+01	   2.7975074e+01	   2.7995627e+01	   2.6598182e+01	   2.5424722e+01	   2.4712373e+01	   2.4985843e+01	   2.5191900e+01	   2.5634312e+01	   2.6305341e+01	   2.6356925e+01	   2.6378582e+01	   2.6085325e+01	   2.4828831e+01	   2.3232653e+01	   2.0691761e+01	   1.6568976e+01	             NaN	             NaN	             NaN	             NaN	             NaN	             NaN	             NaN	             NaN	             NaN	             NaN	             NaN	   0.0000000e+00	   0.0000000e+00	   0.0000000e+00	   0.0000000e+00	
   2.5670254e+01	   2.9383775e+01	   2.9819061e+01	   2.9371027e+01	   2.8034339e+01	   2.6608954e+01	   2.6162629e+01	   2.6026934e+01	   2.6108039e+01	   2.6723139e+01	   2.7392236e+01	   2.7488685e+01	   2.7621184e+01	   2.7294928e+01	   2.6466992e+01	   2.4779044e+01	   2.2612609e+01	   1.8634057e+01	             NaN	             NaN	             NaN	             NaN	             NaN	             NaN	             NaN	             NaN	             NaN	             NaN	             NaN	   0.0000000e+00	   0.0000000e+00	   0.0000000e+00	   0.0000000e+00	
   2.7328634e+01	   2.9327875e+01	   3.0829873e+01	   3.1050824e+01	   2.9455617e+01	   2.8081413e+01	   2.7249387e+01	   2.6770952e+01	   2.7175499e+01	   2.7673379e+01	   2.8413457e+01	   2.8662363e+01	   2.9044354e+01	   2.8937402e+01	   2.7981856e+01	   2.6331882e+01	   2.4349583e+01	   2.0928633e+01	   1.7414529e+01	             NaN	             NaN	             NaN	             NaN	             NaN	             NaN	             NaN	             NaN	             NaN	             NaN	             NaN	   0.0000000e+00	   0.0000000e+00	   0.0000000e+00	
   2.8500019e+01	   3.1494335e+01	   3.2243603e+01	   3.2804727e+01	   3.1393133e+01	   2.9531246e+01	   2.8386158e+01	   2.7928021e+01	   2.8251370e+01	   2.8866410e+01	   2.9553426e+01	   3.0017306e+01	   3.0402740e+01	   3.0612004e+01	   2.9634028e+01	   2.8020793e+01	   2.5972668e+01	   2.3017730e+01	   1.8791775e+01	             NaN	             NaN	             NaN	             NaN	             NaN	             NaN	             NaN	             NaN	             NaN	             NaN	             NaN	   0.0000000e+00	   0.0000000e+00	   0.0000000e+00	
   3.1381343e+01	   3.2826367e+01	   3.4855276e+01	   3.4711044e+01	   3.3103244e+01	   3.0904304e+01	   2.9844177e+01	   2.9319621e+01	   2.9566115e+01	   3.0138404e+01	   3.0953979e+01	   3.1557500e+01	   3.2117003e+01	   3.2247544e+01	   3.1533847e+01	   2.9836820e+01	   2.7592461e+01	   2.5007458e+01	   2.0812204e+01	             NaN	             NaN	             NaN	             NaN	             NaN	             NaN	             NaN	             NaN	             NaN	             NaN	             NaN	   0.0000000e+00	   0.0000000e+00	   0.0000000e+00	
   3.2430168e+01	   3.5501778e+01	   3.6353991e+01	   3.5986908e+01	   3.4856169e+01	   3.2749690e+01	   3.1492619e+01	   3.0672089e+01	   3.0736524e+01	   3.1275067e+01	   3.2110989e+01	   3.2883874e+01	   3.3598292e+01	   3.3704964e+01	   3.3124721e+01	   3.1520237e+01	   2.9370784e+01	   2.6907288e+01	   2.3060580e+01	   1.9273516e+01	             NaN	             NaN	             NaN	             NaN	             NaN	             NaN	             NaN	             NaN	             NaN	             NaN	             NaN	   0.0000000e+00	   0.0000000e+00	
   3.4241747e+01	   3.5857496e+01	   3.8611618e+01	   3.7941355e+01	   3.6719998e+01	   3.4399311e+01	   3.2599666e+01	   3.1990605e+01	   3.1950969e+01	   3.2486341e+01	   3.3400269e+01	   3.4321259e+01	   3.5142313e+01	   3.5476256e+01	   3.4831214e+01	   3.3304564e+01	   3.1159295e+01	   2.8669040e+01	   2.5309321e+01	   2.0800697e+01	             NaN	             NaN	             NaN	             NaN	             NaN	             NaN	             NaN	             NaN	             NaN	             NaN	             NaN	   0.0000000e+00	   0.0000000e+00	
   3.5192020e+01	   3.8516893e+01	   4.0570584e+01	   4.0116455e+01	   3.8400216e+01	   3.5733138e+01	   3.4036138e+01	   3.3336970e+01	   3.3182353e+01	   3.3793450e+01	   3.4629048e+01	   3.5769935e+01	   3.6696633e+01	   3.7154029e+01	   3.6481638e+01	   3.5021263e+01	   3.2706262e+01	   3.0326400e+01	   2.7308660e+01	   2.2693513e+01	   1.9757741e+01	             NaN	             NaN	             NaN	             NaN	             NaN	             NaN	             NaN	             NaN	             NaN	             NaN	             NaN	   0.0000000e+00	
   3.7749676e+01	   4.0818023e+01	   4.2840551e+01	   4.3109712e+01	   4.0828502e+01	   3.8199158e+01	   3.5825553e+01	   3.5000491e+01	   3.4733509e+01	   3.5364419e+01	   3.6388529e+01	   3.7385407e+01	   3.8553678e+01	   3.9332950e+01	   3.8580483e+01	   3.7041713e+01	   3.4733658e+01	   3.2126148e+01	   2.9194615e+01	   2.5261783e+01	   2.1208112e+01	             NaN	             NaN	             NaN	             NaN	             NaN	             NaN	             NaN	             NaN	             NaN	             NaN	             NaN	   0.0000000e+00	
   3.9296399e+01	   4.2724442e+01	   4.5334107e+01	   4.4852772e+01	   4.2825443e+01	   3.9999051e+01	   3.7758907e+01	   3.6442914e+01	   3.6231528e+01	   3.6618301e+01	   3.7997606e+01	   3.8953837e+01	   4.0160131e+01	   4.0784512e+01	   4.0483406e+01	   3.8836742e+01	   3.6519959e+01	   3.3920829e+01	   3.1048645e+01	   2.7449330e+01	   2.2797819e+01	             NaN	             NaN	             NaN	             NaN	             NaN	             NaN	             NaN	             NaN	             NaN	             NaN	             NaN	   0.0000000e+00	
   4.2535614e+01	   4.5770825e+01	   4.7205675e+01	   4.6795049e+01	   4.4825176e+01	   4.1588664e+01	   3.9418778e+01	   3.7945032e+01	   3.7593047e+01	   3.8083601e+01	   3.9242621e+01	   4.0701669e+01	   4.1995461e+01	   4.2650396e+01	   4.2247216e+01	   4.0594604e+01	   3.8362247e+01	   3.5715744e+01	   3.2863032e+01	   2.9424827e+01	   2.4722782e+01	   2.1083710e+01	             NaN	             NaN	             NaN	             NaN	             NaN	             NaN	             NaN	             NaN	             NaN	             NaN	             NaN	
   4.3365801e+01	   4.6740731e+01	   4.9783326e+01	   4.9276106e+01	   4.7350131e+01	   4.3487432e+01	   4.1001993e+01	   3.9440123e+01	   3.8709565e+01	   3.9481562e+01	   4.0593519e+01	   4.1955356e+01	   4.3379114e+01	   4.4572426e+01	   4.3998974e+01	   4.2510643e+01	   4.0084524e+01	   3.7568404e+01	   3.4500665e+01	   3.1274157e+01	   2.6921835e+01	   2.2520077e+01	             NaN	             NaN	             NaN	             NaN	             NaN	             NaN	             NaN	             NaN	             NaN	             NaN	             NaN	
   4.5850602e+01	   5.0335047e+01	   5.1367845e+01	   5.1260030e+01	   4.8900562e+01	   4.5481435e+01	   4.2275158e+01	   4.0680260e+01	   4.0250660e+01	   4.0842031e+01	   4.2039952e+01	   4.3424305e+01	   4.5063400e+01	   4.6074741e+01	   4.5772864e+01	   4.4126084e+01	   4.1920207e+01	   3.9182605e+01	   3.6280818e+01	   3.2978447e+01	   2.8854203e+01	   2.4038017e+01	   2.0775594e+01	             NaN	             NaN	             NaN	             NaN	             NaN	             NaN	             NaN	             NaN	             NaN	             NaN	
   4.8252179e+01	   5.2391629e+01	   5.4061622e+01	   5.3946448e+01	   5.1153822e+01	   4.7603570e+01	   4.4253584e+01	   4.2584299e+01	   4.1593969e+01	   4.2207478e+01	   4.3637270e+01	   4.5067490e+01	   4.6902873e+01	   4.7981481e+01	   4.7598357e+01	   4.6119095e+01	   4.3775485e+01	   4.1030217e+01	   3.8034448e+01	   3.5002255e+01	   3.1091126e+01	   2.5997955e+01	   2.2315342e+01	             NaN	             NaN	             NaN	             NaN	             NaN	             NaN	             NaN	             NaN	             NaN	             NaN	
   5.0983265e+01	   5.5096667e+01	   5.6916404e+01	   5.6526000e+01	   5.3687358e+01	   4.9265680e+01	   4.5941965e+01	   4.4118136e+01	   4.3283512e+01	   4.3753007e+01	   4.4942656e+01	   4.6601573e+01	   4.8485660e+01	   4.9693067e+01	   4.9668502e+01	   4.8017613e+01	   4.5712662e+01	   4.2959683e+01	   3.9998921e+01	   3.6667153e+01	   3.3080497e+01	   2.8185865e+01	   2.3708071e+01	             NaN	             NaN	             NaN	             NaN	             NaN	             NaN	             NaN	             NaN	             NaN	             NaN	
   5.4121765e+01	   5.7304548e+01	   5.8993983e+01	   5.9032660e+01	   5.5825598e+01	   5.1136074e+01	   4.7945052e+01	   4.5505183e+01	   4.4734787e+01	   4.5194289e+01	   4.6438617e+01	   4.8082359e+01	   5.0134788e+01	   5.1439245e+01	   5.1341116e+01	   4.9857097e+01	   4.7565193e+01	   4.4754054e+01	   4.1662213e+01	   3.8516632e+01	   3.4883347e+01	   3.0353350e+01	   2.5359811e+01	   2.1967892e+01	             NaN	             NaN	             NaN	             NaN	             NaN	             NaN	             NaN	             NaN	             NaN	
   5.7160716e+01	   5.9654746e+01	   6.1195477e+01	   6.1658039e+01	   5.7534259e+01	   5.3769500e+01	   4.9376601e+01	   4.7219331e+01	   4.6112846e+01	   4.6517683e+01	   4.7811972e+01	   4.9705088e+01	   5.1588107e+01	   5.2891543e+01	   5.3027044e+01	   5.1678198e+01	   4.9240622e+01	   4.6328734e+01	   4.3378690e+01	   4.0167522e+01	   3.6592539e+01	   3.2327108e+01	   2.7211690e+01	   2.3325067e+01	             NaN	             NaN	             NaN	             NaN	             NaN	             NaN	             NaN	             NaN	             NaN	
   5.9045565e+01	   6.2334987e+01	   6.4199524e+01	   6.3517156e+01	   6.0032432e+01	   5.5884540e+01	   5.1311923e+01	   4.8715034e+01	   4.7297266e+01	   4.7739857e+01	   4.9240743e+01	   5.0950386e+01	   5.2931921e+01	   5.4594954e+01	   5.4616945e+01	   5.3130922e+01	   5.1034354e+01	   4.8209872e+01	   4.5015278e+01	   4.1910781e+01	   3.8460817e+01	   3.4297623e+01	   2.9199031e+01	   2.4790657e+01	   2.1597083e+01	             NaN	             NaN	             NaN	             NaN	             NaN	             NaN	             NaN	             NaN	
   6.1076155e+01	   6.4530218e+01	   6.6461894e+01	   6.6002806e+01	   6.2369193e+01	   5.7091736e+01	   5.3055358e+01	   5.0097896e+01	   4.8658636e+01	   4.8798662e+01	   5.0258943e+01	   5.2099062e+01	   5.4346405e+01	   5.5905771e+01	   5.6007174e+01	   5.4758558e+01	   5.2436680e+01	   4.9516528e+01	   4.6701571e+01	   4.3603602e+01	   4.0159614e+01	   3.6156294e+01	   3.1186753e+01	   2.6399081e+01	   2.3110036e+01	             NaN	             NaN	             NaN	             NaN	             NaN	             NaN	             NaN	             NaN	
   6.2040933e+01	   6.6939718e+01	   6.9218319e+01	   6.7873536e+01	   6.4440080e+01	   5.9020901e+01	   5.4602962e+01	   5.1791196e+01	   5.0046932e+01	   5.0089273e+01	   5.1085942e+01	   5.3193412e+01	   5.5379146e+01	   5.7224139e+01	   5.7375579e+01	   5.6162300e+01	   5.3967696e+01	   5.1175316e+01	   4.8268381e+01	   4.5327598e+01	   4.1662181e+01	   3.7799464e+01	   3.3113124e+01	   2.7956844e+01	   2.4438526e+01	             NaN	             NaN	             NaN	             NaN	             NaN	             NaN	             NaN	             NaN	
   6.5252833e+01	   6.9726780e+01	   7.1449331e+01	   7.0177533e+01	   6.6317534e+01	   6.0650255e+01	   5.6476702e+01	   5.3031715e+01	   5.1063412e+01	   5.1108240e+01	   5.2435036e+01	   5.4452088e+01	   5.6743043e+01	   5.8507603e+01	   5.8822889e+01	   5.7679109e+01	   5.5427395e+01	   5.2760955e+01	   4.9865817e+01	   4.6807208e+01	   4.3364687e+01	   3.9392668e+01	   3.4929143e+01	   2.9900804e+01	   2.5731268e+01	   2.2307886e+01	             NaN	             NaN	             NaN	             NaN	             NaN	             NaN	             NaN	
   6.7605010e+01	   7.2161355e+01	   7.4141925e+01	   7.2184909e+01	   6.8011708e+01	   6.3034834e+01	   5.7732676e+01	   5.4244835e+01	   5.2303794e+01	   5.2229138e+01	   5.3654706e+01	   5.5378736e+01	   5.7586644e+01	   5.9625286e+01	   5.9999120e+01	   5.8815706e+01	   5.6831248e+01	   5.4010610e+01	   5.1239589e+01	   4.8378442e+01	   4.4936946e+01	   4.0849166e+01	   3.6705770e+01	   3.1929275e+01	   2.7205349e+01	   2.3683428e+01	             NaN	             NaN	             NaN	             NaN	             NaN	             NaN	             NaN	
   7.0016325e+01	   7.4206269e+01	   7.5956494e+01	   7.4674996e+01	   7.0621347e+01	   6.4476218e+01	   5.9286430e+01	   5.5487826e+01	   5.3492273e+01	   5.3590773e+01	   5.4501334e+01	   5.6274801e+01	   5.8739263e+01	   6.0591926e+01	   6.1133913e+01	   6.0079536e+01	   5.8090104e+01	   5.5417585e+01	   5.2852516e+01	   4.9745341e+01	   4.6483315e+01	   4.2570656e+01	   3.8278120e+01	   3.3741762e+01	   2.8834681e+01	   2.5058716e+01	   2.1055986e+01	             NaN	             NaN	             NaN	             NaN	             NaN	             NaN	
   7.2408249e+01	   7.5625524e+01	   7.7944699e+01	   7.6848109e+01	   7.2937008e+01	   6.6520963e+01	   6.1307445e+01	   5.7121846e+01	   5.4561040e+01	   5.4650753e+01	   5.5280106e+01	   5.7300332e+01	   5.9754906e+01	   6.1411217e+01	   6.2086316e+01	   6.1129294e+01	   5.9296414e+01	   5.6767549e+01	   5.4144764e+01	   5.1285268e+01	   4.8216473e+01	   4.4219295e+01	   3.9858256e+01	   3.5601307e+01	   3.0821882e+01	   2.6563905e+01	   2.2601175e+01	             NaN	             NaN	             NaN	             NaN	             NaN	             NaN	
   7.2134490e+01	   7.8052941e+01	   8.0461130e+01	   7.9146089e+01	   7.4210505e+01	   6.8177788e+01	   6.2555846e+01	   5.8339307e+01	   5.5573980e+01	   5.5694350e+01	   5.6344588e+01	   5.7953925e+01	   6.0242839e+01	   6.2517228e+01	   6.2883857e+01	   6.2214934e+01	   6.0227613e+01	   5.7918176e+01	   5.5421500e+01	   5.2763667e+01	   4.9566858e+01	   4.5702033e+01	   4.1505087e+01	   3.7222728e+01	   3.2774676e+01	   2.8024343e+01	   2.4111576e+01	             NaN	             NaN	             NaN	             NaN	             NaN	             NaN	
   7.5209955e+01	   8.1058220e+01	   8.2200157e+01	   8.0256566e+01	   7.6260444e+01	   6.9904084e+01	   6.4202045e+01	   5.9738337e+01	   5.6859679e+01	   5.6279518e+01	   5.6941812e+01	   5.8715668e+01	   6.1035313e+01	   6.2984137e+01	   6.3908254e+01	   6.3059844e+01	   6.1279168e+01	   5.9153845e+01	   5.6591405e+01	   5.4129743e+01	   5.0969385e+01	   4.7112551e+01	   4.3054252e+01	   3.8903085e+01	   3.4552575e+01	   2.9563706e+01	   2.5438172e+01	   2.1270390e+01	             NaN	             NaN	             NaN	             NaN	             NaN	
   7.6379169e+01	   8.1646713e+01	   8.3123281e+01	   8.2707206e+01	   7.7544875e+01	   7.1127797e+01	   6.5362706e+01	   6.0573286e+01	   5.7874793e+01	   5.6971274e+01	   5.7511618e+01	   5.9138205e+01	   6.1625960e+01	   6.3571682e+01	   6.4251416e+01	   6.3626727e+01	   6.2247743e+01	   6.0035823e+01	   5.7490085e+01	   5.4993958e+01	   5.1975067e+01	   4.8209468e+01	   4.4211185e+01	   4.0008364e+01	   3.5780536e+01	   3.0842494e+01	   2.6457483e+01	   2.2369215e+01	             NaN	             NaN	             NaN	             NaN	             NaN	
   7.6740272e+01	   8.2902498e+01	   8.5137151e+01	   8.3507888e+01	   7.9459779e+01	   7.2397709e+01	   6.6374310e+01	   6.1903078e+01	   5.8547737e+01	   5.7652068e+01	   5.8133545e+01	   5.9656946e+01	   6.2002509e+01	   6.4130407e+01	   6.5034631e+01	   6.4388126e+01	   6.2878495e+01	   6.0786048e+01	   5.8426937e+01	   5.6098691e+01	   5.3098768e+01	   4.9480337e+01	   4.5373397e+01	   4.1338735e+01	   3.7297810e+01	   3.2405558e+01	   2.7535067e+01	   2.3610438e+01	   1.9393856e+01	             NaN	             NaN	             NaN	             NaN	
   7.8974030e+01	   8.4355515e+01	   8.6318568e+01	   8.5595935e+01	   8.0451216e+01	   7.3911264e+01	   6.8039197e+01	   6.2908937e+01	   5.9453658e+01	   5.8406568e+01	   5.8868544e+01	   6.0389691e+01	   6.2366379e+01	   6.4576690e+01	   6.5417751e+01	   6.5097834e+01	   6.3638297e+01	   6.1752213e+01	   5.9481490e+01	   5.7162296e+01	   5.4296195e+01	   5.0763532e+01	   4.6810251e+01	   4.2713312e+01	   3.8761454e+01	   3.4135519e+01	   2.9015233e+01	   2.4900244e+01	   2.0570982e+01	             NaN	             NaN	             NaN	             NaN	
   7.8582273e+01	   8.6659848e+01	   8.6544504e+01	   8.6642668e+01	   8.1723782e+01	   7.5066822e+01	   6.9118927e+01	   6.3873675e+01	   6.0289224e+01	   5.9199409e+01	   5.9493563e+01	   6.0756400e+01	   6.2860054e+01	   6.4906802e+01	   6.5890283e+01	   6.5576546e+01	   6.4293884e+01	   6.2415364e+01	   6.0354131e+01	   5.8109828e+01	   5.5382623e+01	   5.1701733e+01	   4.7932786e+01	   4.3936981e+01	   4.0005524e+01	   3.5715498e+01	   3.0306199e+01	   2.6024851e+01	   2.1817264e+01	             NaN	             NaN	             NaN	             NaN	
   8.0126446e+01	   8.6431761e+01	   8.8390987e+01	   8.7771294e+01	   8.3253972e+01	   7.6575644e+01	   7.0308680e+01	   6.4931010e+01	   6.0898538e+01	   5.9641908e+01	   5.9712118e+01	   6.0984122e+01	   6.3096376e+01	   6.5265636e+01	   6.6259537e+01	   6.6050781e+01	   6.4775202e+01	   6.2901389e+01	   6.1180467e+01	   5.9083459e+01	   5.6126051e+01	   5.2798786e+01	   4.8861102e+01	   4.4958330e+01	   4.1157257e+01	   3.7027358e+01	   3.1812920e+01	   2.7083503e+01	   2.3044609e+01	   1.8673942e+01	             NaN	             NaN	             NaN	
   8.0445906e+01	   8.8624106e+01	   9.0180256e+01	   8.9190302e+01	   8.4504107e+01	   7.8058268e+01	   7.1367688e+01	   6.5831261e+01	   6.1479138e+01	   6.0174611e+01	   5.9950691e+01	   6.1264867e+01	   6.3265133e+01	   6.5196482e+01	   6.6400329e+01	   6.6166489e+01	   6.5234240e+01	   6.3562807e+01	   6.1841239e+01	   5.9680262e+01	   5.7084902e+01	   5.3717646e+01	   4.9913382e+01	   4.6122843e+01	   4.2363132e+01	   3.8202741e+01	   3.3240600e+01	   2.8152550e+01	   2.4083230e+01	   1.9816307e+01	             NaN	             NaN	             NaN	
   8.3477539e+01	   8.9095751e+01	   9.0411151e+01	   9.0078908e+01	   8.5182201e+01	   7.8669385e+01	   7.2232386e+01	   6.6386344e+01	   6.2201184e+01	   6.0456754e+01	   6.0414414e+01	   6.1438695e+01	   6.3141006e+01	   6.5272520e+01	   6.6427887e+01	   6.6107051e+01	   6.5340945e+01	   6.3953415e+01	   6.2345407e+01	   6.0477504e+01	   5.7899420e+01	   5.4517124e+01	   5.0812070e+01	   4.7090296e+01	   4.3361668e+01	   3.9430667e+01	   3.4624401e+01	   2.9436855e+01	   2.5124382e+01	   2.0955986e+01	   1.7027888e+01	             NaN	             NaN	
   8.3379890e+01	   8.9356808e+01	   9.2249670e+01	   9.1462702e+01	   8.6540333e+01	   7.9948501e+01	   7.3377327e+01	   6.7182317e+01	   6.2944614e+01	   6.1055732e+01	   6.0463789e+01	   6.1432722e+01	   6.3127701e+01	   6.5419091e+01	   6.6463816e+01	   6.6300757e+01	   6.5526866e+01	   6.4260468e+01	   6.2543826e+01	   6.0873792e+01	   5.8416206e+01	   5.5241895e+01	   5.1640881e+01	   4.7920964e+01	   4.4333450e+01	   4.0398221e+01	   3.5798340e+01	   3.0759076e+01	   2.6187687e+01	   2.2041385e+01	   1.7973264e+01	             NaN	             NaN	
   8.2629283e+01	   9.0164323e+01	   9.2344875e+01	   9.1599596e+01	   8.7621070e+01	   8.0675578e+01	   7.3743275e+01	   6.7961180e+01	   6.3513824e+01	   6.1075534e+01	   6.0737183e+01	   6.1317677e+01	   6.3253235e+01	   6.5266389e+01	   6.6377946e+01	   6.6261173e+01	   6.5693824e+01	   6.4476785e+01	   6.2992400e+01	   6.1438309e+01	   5.9008455e+01	   5.5967642e+01	   5.2343747e+01	   4.8818351e+01	   4.5284748e+01	   4.1380969e+01	   3.6919129e+01	   3.1921298e+01	   2.7043469e+01	   2.2968681e+01	   1.9099494e+01	             NaN	             NaN	
   8.4349887e+01	   9.0409554e+01	   9.3318439e+01	   9.1459447e+01	   8.7675696e+01	   8.1535904e+01	   7.4627231e+01	   6.8487983e+01	   6.4002361e+01	   6.1801714e+01	   6.0847802e+01	   6.1421278e+01	   6.3091984e+01	   6.4940639e+01	   6.6113957e+01	   6.6232156e+01	   6.5559122e+01	   6.4513616e+01	   6.3276793e+01	   6.1647338e+01	   5.9530027e+01	   5.6385221e+01	   5.2986651e+01	   4.9472064e+01	   4.5983397e+01	   4.2249500e+01	   3.7868579e+01	   3.3234597e+01	   2.8041265e+01	   2.3910581e+01	   2.0032176e+01	   1.6389919e+01	             NaN	
   8.3705473e+01	   9.0350927e+01	   9.3594817e+01	   9.2235597e+01	   8.8474797e+01	   8.2040162e+01	   7.5421231e+01	   6.9052614e+01	   6.4290454e+01	   6.1802674e+01	   6.1034975e+01	   6.1387085e+01	   6.2889909e+01	   6.4821078e+01	   6.5863392e+01	   6.6055139e+01	   6.5485951e+01	   6.4542531e+01	   6.3378332e+01	   6.1977389e+01	   5.9831066e+01	   5.6927167e+01	   5.3606463e+01	   5.0104853e+01	   4.6797094e+01	   4.3115959e+01	   3.8741386e+01	   3.4232499e+01	   2.9235994e+01	   2.4832190e+01	   2.0991636e+01	   1.7370784e+01	             NaN	
   8.2423273e+01	   9.0852737e+01	   9.3950771e+01	   9.2995213e+01	   8.8493274e+01	   8.2481837e+01	   7.5921334e+01	   6.9884884e+01	   6.4797479e+01	   6.2119276e+01	   6.1013594e+01	   6.1255880e+01	   6.2758221e+01	   6.4446758e+01	   6.5666756e+01	   6.5798124e+01	   6.5279584e+01	   6.4419781e+01	   6.3531225e+01	   6.2176660e+01	   6.0096136e+01	   5.7342877e+01	   5.4133035e+01	   5.0712111e+01	   4.7464755e+01	   4.3858565e+01	   3.9622498e+01	   3.5149002e+01	   3.0315952e+01	   2.5748027e+01	   2.1907130e+01	   1.8233507e+01	   1.4912714e+01	
   8.4816735e+01	   9.1363996e+01	   9.3691080e+01	   9.3147133e+01	   8.9435688e+01	   8.2992037e+01	   7.6523156e+01	   7.0296578e+01	   6.5232828e+01	   6.2269490e+01	   6.1273807e+01	   6.1072638e+01	   6.2336395e+01	   6.4216639e+01	   6.5279225e+01	   6.5545654e+01	   6.5243310e+01	   6.4350608e+01	   6.3505048e+01	   6.2338848e+01	   6.0329366e+01	   5.7804405e+01	   5.4456414e+01	   5.1190103e+01	   4.8173976e+01	   4.4572676e+01	   4.0633002e+01	   3.6174376e+01	   3.1428216e+01	   2.6615895e+01	   2.2740063e+01	   1.9225533e+01	   1.5814853e+01	
   8.5162030e+01	   9.1354024e+01	   9.3971461e+01	   9.3653887e+01	   8.9975967e+01	   8.3489719e+01	   7.7403946e+01	   7.0862634e+01	   6.5599848e+01	   6.2600246e+01	   6.1068114e+01	   6.1068078e+01	   6.2325623e+01	   6.4062152e+01	   6.5134328e+01	   6.5157707e+01	   6.4891513e+01	   6.4364251e+01	   6.3514301e+01	   6.2557023e+01	   6.0595784e+01	   5.8059239e+01	   5.4891913e+01	   5.1635655e+01	   4.8512467e+01	   4.5259820e+01	   4.1297517e+01	   3.7009385e+01	   3.2310923e+01	   2.7586421e+01	   2.3592049e+01	   2.0182349e+01	   1.6668415e+01	
   8.3662807e+01	   9.1132827e+01	   9.3732982e+01	   9.3616098e+01	   9.0147233e+01	   8.4311303e+01	   7.7185863e+01	   7.1328428e+01	   6.5820986e+01	   6.2650294e+01	   6.1172232e+01	   6.0965871e+01	   6.2091828e+01	   6.3512851e+01	   6.4475619e+01	   6.4942278e+01	   6.4674072e+01	   6.4184927e+01	   6.3521058e+01	   6.2540408e+01	   6.0572064e+01	   5.8106989e+01	   5.5265024e+01	   5.2101280e+01	   4.9234944e+01	   4.5954773e+01	   4.1959793e+01	   3.7764170e+01	   3.3224254e+01	   2.8606225e+01	   2.4372121e+01	   2.0941333e+01	   1.7623051e+01	
   8.4686793e+01	   9.1342975e+01	   9.4129162e+01	   9.3803447e+01	   8.9993781e+01	   8.4264667e+01	   7.7989762e+01	   7.1734419e+01	   6.5880800e+01	   6.3015124e+01	   6.1081672e+01	   6.0982031e+01	   6.1807309e+01	   6.3282046e+01	   6.4140387e+01	   6.4564655e+01	   6.4378412e+01	   6.4003012e+01	   6.3322254e+01	   6.2417517e+01	   6.0790040e+01	   5.8223389e+01	   5.5508131e+01	   5.2473054e+01	   4.9632739e+01	   4.6421375e+01	   4.2588671e+01	   3.8593811e+01	   3.4078605e+01	   2.9534394e+01	   2.5315666e+01	   2.1690318e+01	   1.8417157e+01	
   8.4083302e+01	   9.1469669e+01	   9.4082522e+01	   9.3919157e+01	   9.0303547e+01	   8.4426593e+01	   7.8235629e+01	   7.1583213e+01	   6.6403274e+01	   6.3085333e+01	   6.1239036e+01	   6.0726046e+01	   6.1564858e+01	   6.2763858e+01	   6.3721703e+01	   6.4216262e+01	   6.3908399e+01	   6.3704102e+01	   6.3035812e+01	   6.2337642e+01	   6.0671368e+01	   5.8448342e+01	   5.5584374e+01	   5.2663352e+01	   4.9933117e+01	   4.6787848e+01	   4.3136787e+01	   3.9176010e+01	   3.4891573e+01	   3.0360822e+01	   2.6048109e+01	   2.2355440e+01	   1.9093929e+01	
             NaN	   9.1005652e+01	   9.4196134e+01	   9.3455528e+01	   9.0745597e+01	   8.4879734e+01	   7.8497177e+01	   7.2094669e+01	   6.6287586e+01	   6.3181922e+01	   6.1085317e+01	   6.0535655e+01	   6.0986359e+01	   6.2373853e+01	   6.3232431e+01	   6.3537317e+01	   6.3591677e+01	   6.3140234e+01	   6.2759212e+01	   6.2022694e+01	   6.0606373e+01	   5.8451435e+01	   5.5725122e+01	   5.2872023e+01	   5.0201145e+01	   4.7289757e+01	   4.3624704e+01	   3.9638052e+01	   3.5534068e+01	   3.1205773e+01	   2.6864233e+01	   2.3117594e+01	   1.9922419e+01	
             NaN	   9.0957395e+01	   9.3578450e+01	   9.3572983e+01	   9.0569055e+01	   8.5041159e+01	   7.8986896e+01	   7.2222773e+01	   6.6715121e+01	   6.3007633e+01	   6.0844556e+01	   6.0100851e+01	   6.0616177e+01	   6.2021134e+01	   6.2892135e+01	   6.3331948e+01	   6.3065978e+01	   6.2721210e+01	   6.2415810e+01	   6.1587885e+01	   6.0402493e+01	   5.8353211e+01	   5.5658462e+01	   5.3031601e+01	   5.0535279e+01	   4.7606594e+01	   4.4111527e+01	   4.0226312e+01	   3.6023394e+01	   3.1871408e+01	   2.7727998e+01	   2.3786624e+01	   2.0595292e+01	
             NaN	   8.9006388e+01	   9.4001498e+01	   9.3348583e+01	   8.9971218e+01	   8.4854733e+01	   7.8780235e+01	   7.2309654e+01	   6.6849760e+01	   6.2913988e+01	   6.1067137e+01	   6.0097538e+01	   6.0224449e+01	   6.1461325e+01	   6.2434460e+01	   6.2480329e+01	   6.2466148e+01	   6.2359289e+01	   6.2150252e+01	   6.1423886e+01	   6.0177489e+01	   5.8029167e+01	   5.5694583e+01	   5.3012000e+01	   5.0605234e+01	   4.7868748e+01	   4.4453499e+01	   4.0674798e+01	   3.6595299e+01	   3.2535212e+01	   2.8439163e+01	   2.4535075e+01	   2.1224756e+01	
             NaN	   9.0069202e+01	   9.3517921e+01	   9.3338340e+01	   9.0146186e+01	   8.4920814e+01	   7.9000042e+01	   7.3081648e+01	   6.6849168e+01	   6.3110665e+01	   6.0627093e+01	   5.9820770e+01	   5.9995322e+01	   6.0875474e+01	   6.1579938e+01	   6.2029141e+01	   6.1985431e+01	   6.1937285e+01	   6.1573095e+01	   6.1125832e+01	   5.9813423e+01	   5.7919417e+01	   5.5592653e+01	   5.3132108e+01	   5.0833010e+01	   4.8212705e+01	   4.4776008e+01	   4.1079759e+01	   3.7098941e+01	   3.3164297e+01	   2.9258445e+01	   2.5252055e+01	   2.1867522e+01	
             NaN	   8.8941888e+01	   9.2976848e+01	   9.2514872e+01	   8.9404444e+01	   8.4761844e+01	   7.8974390e+01	   7.2706432e+01	   6.6967719e+01	   6.3200668e+01	   6.0808272e+01	   5.9585910e+01	   5.9475715e+01	   6.0357779e+01	   6.1022631e+01	   6.1351844e+01	   6.1370867e+01	   6.1480189e+01	   6.1155265e+01	   6.0621658e+01	   5.9611377e+01	   5.7832579e+01	   5.5545532e+01	   5.3051389e+01	   5.0805756e+01	   4.8318698e+01	   4.5022300e+01	   4.1479279e+01	   3.7619067e+01	   3.3555960e+01	   2.9794100e+01	   2.5958018e+01	   2.2532346e+01	
             NaN	   8.9326739e+01	   9.2390486e+01	   9.2501621e+01	   8.9553005e+01	   8.4859367e+01	   7.8913971e+01	   7.2830872e+01	   6.6977327e+01	   6.3154408e+01	   6.0422568e+01	   5.9122832e+01	   5.8999352e+01	   5.9948772e+01	   6.0535374e+01	   6.0673508e+01	   6.0881471e+01	   6.0603251e+01	   6.0737726e+01	   6.0319090e+01	   5.9294514e+01	   5.7382437e+01	   5.5359365e+01	   5.2990944e+01	   5.0941867e+01	   4.8326404e+01	   4.5196542e+01	   4.1773218e+01	   3.8000822e+01	   3.4054760e+01	   3.0307908e+01	   2.6680789e+01	   2.3135006e+01	
             NaN	             NaN	   9.1821060e+01	   9.2250786e+01	   8.9147149e+01	   8.4469336e+01	   7.8536386e+01	   7.2728003e+01	   6.6828025e+01	   6.2957410e+01	   6.0178098e+01	   5.8869876e+01	   5.8391406e+01	   5.9360336e+01	   5.9866675e+01	   6.0064634e+01	   6.0220663e+01	   6.0100693e+01	   6.0126640e+01	   5.9941652e+01	   5.8672589e+01	   5.7069587e+01	   5.5054390e+01	   5.2856697e+01	   5.0733151e+01	   4.8393630e+01	   4.5384385e+01	   4.1974509e+01	   3.8204290e+01	   3.4430884e+01	   3.0810855e+01	   2.7234257e+01	   2.3736817e+01	
             NaN	             NaN	   9.1313598e+01	   9.1866922e+01	   8.8750798e+01	   8.4196280e+01	   7.8462035e+01	   7.2587115e+01	   6.6378386e+01	   6.2600180e+01	   5.9911731e+01	   5.8295366e+01	   5.8178645e+01	   5.8734221e+01	   5.9329364e+01	   5.9467904e+01	   5.9440193e+01	   5.9677285e+01	   5.9371885e+01	   5.9251081e+01	   5.8206800e+01	   5.6829539e+01	   5.4691847e+01	   5.2595624e+01	   5.0579792e+01	   4.8338047e+01	   4.5476642e+01	   4.2161019e+01	   3.8560654e+01	   3.4787111e+01	   3.1289048e+01	   2.7717035e+01	   2.4243674e+01	
             NaN	             NaN	   8.9575989e+01	   9.0616928e+01	   8.7441781e+01	   8.3633160e+01	   7.8409611e+01	   7.2186711e+01	   6.6358364e+01	   6.2641907e+01	   5.9738074e+01	   5.7641391e+01	   5.7592897e+01	   5.7817945e+01	   5.8469988e+01	   5.8612059e+01	   5.8772902e+01	   5.8567093e+01	   5.8796150e+01	   5.8522608e+01	   5.7795417e+01	   5.6258627e+01	   5.4380160e+01	   5.2200771e+01	   5.0366156e+01	   4.8151718e+01	   4.5343604e+01	   4.2323492e+01	   3.8623958e+01	   3.5179563e+01	   3.1599013e+01	   2.8092940e+01	   2.4786029e+01	
             NaN	             NaN	   8.9034904e+01	   8.9826687e+01	   8.7667955e+01	   8.2811997e+01	   7.7891941e+01	   7.1768688e+01	   6.6227956e+01	   6.2237037e+01	   5.9174332e+01	   5.7189627e+01	   5.6803328e+01	   5.7241167e+01	   5.7640802e+01	   5.7747901e+01	   5.7733737e+01	   5.7813853e+01	   5.7734398e+01	   5.7629327e+01	   5.6881938e+01	   5.5402319e+01	   5.3719262e+01	   5.1777042e+01	   5.0067671e+01	   4.7960892e+01	   4.5382736e+01	   4.2261556e+01	   3.8887380e+01	   3.5281286e+01	   3.1876845e+01	   2.8537739e+01	   2.5317979e+01	
             NaN	             NaN	   8.8414159e+01	   8.8872935e+01	   8.6741792e+01	   8.2833013e+01	   7.7526085e+01	   7.1758265e+01	   6.5939358e+01	   6.1921669e+01	   5.8814980e+01	   5.7211870e+01	   5.6504472e+01	   5.6775044e+01	   5.7033411e+01	   5.7256494e+01	   5.7073963e+01	   5.7154744e+01	   5.7079247e+01	   5.6927320e+01	   5.6506718e+01	   5.4984420e+01	   5.3421469e+01	   5.1540186e+01	   4.9767562e+01	   4.7842860e+01	   4.5341518e+01	   4.2182112e+01	   3.8925909e+01	   3.5473449e+01	   3.2160623e+01	   2.8894044e+01	   2.5739982e+01	
             NaN	             NaN	             NaN	   8.7798722e+01	   8.6234863e+01	   8.2150696e+01	   7.7223438e+01	   7.1339587e+01	   6.6079965e+01	   6.1480346e+01	   5.8563164e+01	   5.6666205e+01	   5.6027302e+01	   5.6065335e+01	   5.6534433e+01	   5.6426621e+01	   5.6500676e+01	   5.6524333e+01	   5.6585227e+01	   5.6410391e+01	   5.5714081e+01	   5.4333013e+01	   5.2838217e+01	   5.0964659e+01	   4.9496484e+01	   4.7706235e+01	   4.5183599e+01	   4.2297499e+01	   3.8999214e+01	   3.5660424e+01	   3.2304019e+01	   2.9106839e+01	   2.6012804e+01	
             NaN	             NaN	             NaN	   8.6987445e+01	   8.5165766e+01	   8.1684359e+01	   7.6575983e+01	   7.0839580e+01	   6.5482364e+01	   6.1067301e+01	   5.7980907e+01	   5.6048751e+01	   5.5324279e+01	   5.5469737e+01	   5.5576460e+01	   5.5587586e+01	   5.5605213e+01	   5.5396347e+01	   5.5629644e+01	   5.5831838e+01	   5.5066281e+01	   5.3787209e+01	   5.2330899e+01	   5.0665750e+01	   4.9132595e+01	   4.7349108e+01	   4.4938648e+01	   4.2067257e+01	   3.8937119e+01	   3.5668950e+01	   3.2486405e+01	   2.9289081e+01	   2.6337124e+01	
             NaN	             NaN	             NaN	   8.5923874e+01	   8.4274721e+01	   8.0496018e+01	   7.5937708e+01	   7.0550424e+01	   6.4701750e+01	   6.1009142e+01	   5.7698748e+01	   5.5637781e+01	   5.4815058e+01	   5.4825484e+01	   5.4757779e+01	   5.4729965e+01	   5.4677812e+01	   5.4683903e+01	   5.4954689e+01	   5.4984005e+01	   5.4405169e+01	   5.3064864e+01	   5.1678786e+01	   4.9973287e+01	   4.8772961e+01	   4.6961060e+01	   4.4766739e+01	   4.1901909e+01	   3.8912564e+01	   3.5671493e+01	   3.2541117e+01	   2.9531256e+01	   2.6510872e+01	
             NaN	             NaN	             NaN	   8.5301793e+01	   8.3832684e+01	   7.9703379e+01	   7.5535904e+01	   7.0293374e+01	   6.4563850e+01	   6.0513648e+01	   5.7175975e+01	   5.4948756e+01	   5.4168473e+01	   5.3872460e+01	   5.4143897e+01	   5.4079300e+01	   5.4003792e+01	   5.3812210e+01	   5.3988384e+01	   5.3999110e+01	   5.3506946e+01	   5.2474800e+01	   5.1109336e+01	   4.9488809e+01	   4.8144038e+01	   4.6325285e+01	   4.4454417e+01	   4.1868092e+01	   3.8826808e+01	   3.5704692e+01	   3.2665513e+01	   2.9645210e+01	   2.6747369e+01	
             NaN	             NaN	             NaN	   8.4791182e+01	   8.2724712e+01	   7.9259562e+01	   7.4797590e+01	   6.9160596e+01	   6.4125146e+01	   5.9864416e+01	   5.6652981e+01	   5.4805841e+01	   5.3716315e+01	   5.3710608e+01	   5.3397084e+01	   5.3201810e+01	   5.3041265e+01	   5.3107890e+01	   5.3235773e+01	   5.3253130e+01	   5.2853772e+01	   5.1882431e+01	   5.0362943e+01	   4.8891897e+01	   4.7694875e+01	   4.6244577e+01	   4.4136155e+01	   4.1549171e+01	   3.8629276e+01	   3.5575241e+01	   3.2754170e+01	   2.9742352e+01	   2.6918490e+01	
             NaN	             NaN	             NaN	             NaN	   8.2111558e+01	   7.8162013e+01	   7.3920406e+01	   6.9063859e+01	   6.3656529e+01	   5.9412028e+01	   5.6346315e+01	   5.4032802e+01	   5.3073470e+01	   5.2777213e+01	   5.2642836e+01	   5.2415725e+01	   5.2227584e+01	   5.2249231e+01	   5.2408156e+01	   5.2456900e+01	   5.1913081e+01	   5.0960378e+01	   4.9807224e+01	   4.8384248e+01	   4.7189539e+01	   4.5738084e+01	   4.3707722e+01	   4.1406485e+01	   3.8389074e+01	   3.5518586e+01	   3.2616950e+01	   2.9819477e+01	   2.7080088e+01	
             NaN	             NaN	             NaN	             NaN	   8.0332726e+01	   7.7182192e+01	   7.3805168e+01	   6.8196925e+01	   6.2852443e+01	   5.8877195e+01	   5.5652377e+01	   5.3581471e+01	   5.2315345e+01	   5.1895936e+01	   5.1927866e+01	   5.1428216e+01	   5.1365496e+01	   5.1362330e+01	   5.1500997e+01	   5.1602340e+01	   5.1075504e+01	   5.0253608e+01	   4.9011783e+01	   4.7682292e+01	   4.6572054e+01	   4.5233319e+01	   4.3318901e+01	   4.0894439e+01	   3.8280543e+01	   3.5388263e+01	   3.2579819e+01	   2.9772978e+01	   2.7122189e+01	
             NaN	             NaN	             NaN	             NaN	   7.9727225e+01	   7.6229869e+01	   7.2408136e+01	   6.7323069e+01	   6.2126183e+01	   5.8065122e+01	   5.4968087e+01	   5.2459413e+01	   5.1523057e+01	   5.1404330e+01	   5.0917598e+01	   5.0507093e+01	   5.0615789e+01	   5.0476213e+01	   5.0525393e+01	   5.0381336e+01	   5.0117381e+01	   4.9229244e+01	   4.8162061e+01	   4.6783212e+01	   4.5837701e+01	   4.4651818e+01	   4.2690349e+01	   4.0479312e+01	   3.7878967e+01	   3.5073838e+01	   3.2305005e+01	   2.9613641e+01	   2.7059052e+01	
             NaN	             NaN	             NaN	             NaN	   7.8242939e+01	   7.4719325e+01	   7.1136877e+01	   6.6629655e+01	   6.1459354e+01	   5.7265521e+01	   5.4368059e+01	   5.1925439e+01	   5.0807829e+01	   5.0248533e+01	   4.9991171e+01	   4.9727957e+01	   4.9392786e+01	   4.9436343e+01	   4.9428842e+01	   4.9578946e+01	   4.9131075e+01	   4.8427389e+01	   4.7322144e+01	   4.6208223e+01	   4.5142739e+01	   4.3886942e+01	   4.2105124e+01	   3.9980001e+01	   3.7354125e+01	   3.4812917e+01	   3.2164261e+01	   2.9528546e+01	   2.7076640e+01	
             NaN	             NaN	             NaN	             NaN	   7.6852996e+01	   7.4302562e+01	   7.0352861e+01	   6.5689511e+01	   6.0739594e+01	   5.6715329e+01	   5.3674702e+01	   5.1241770e+01	   5.0083094e+01	   4.9620728e+01	   4.9148249e+01	   4.8771163e+01	   4.8459960e+01	   4.8327471e+01	   4.8498045e+01	   4.8447304e+01	   4.8242047e+01	   4.7343134e+01	   4.6559108e+01	   4.5383079e+01	   4.4406707e+01	   4.3344773e+01	   4.1638069e+01	   3.9466544e+01	   3.7012227e+01	   3.4406058e+01	   3.1934840e+01	   2.9354554e+01	   2.7019577e+01	
             NaN	             NaN	             NaN	             NaN	             NaN	   7.3141259e+01	   6.9461608e+01	   6.4954279e+01	   6.0029199e+01	   5.6046726e+01	   5.2834298e+01	   5.0554077e+01	   4.9466116e+01	   4.8776241e+01	   4.8241179e+01	   4.7936836e+01	   4.7552504e+01	   4.7395165e+01	   4.7791872e+01	   4.7633422e+01	   4.7309293e+01	   4.6591940e+01	   4.5655292e+01	   4.4653102e+01	   4.3736638e+01	   4.2707645e+01	   4.0998869e+01	   3.9076080e+01	   3.6670599e+01	   3.4089210e+01	   3.1650055e+01	   2.9299483e+01	   2.6892672e+01	
             NaN	             NaN	             NaN	             NaN	             NaN	   7.1447797e+01	   6.8641939e+01	   6.4113271e+01	   5.9108708e+01	   5.5550940e+01	   5.2142847e+01	   4.9877837e+01	   4.8676022e+01	   4.8204633e+01	   4.7381315e+01	   4.7074442e+01	   4.6708159e+01	   4.6669927e+01	   4.6606088e+01	   4.6783232e+01	   4.6477095e+01	   4.5724725e+01	   4.4817443e+01	   4.3792946e+01	   4.3082770e+01	   4.1995985e+01	   4.0501108e+01	   3.8547949e+01	   3.6175817e+01	   3.3916609e+01	   3.1377717e+01	   2.8978468e+01	   2.6827346e+01	
             NaN	             NaN	             NaN	             NaN	             NaN	   7.0665927e+01	   6.7525760e+01	   6.2848342e+01	   5.8436162e+01	   5.4808503e+01	   5.1478053e+01	   4.9113863e+01	   4.7703142e+01	   4.6966305e+01	   4.6613370e+01	   4.6205121e+01	   4.5747209e+01	   4.5699930e+01	   4.5708415e+01	   4.5548474e+01	   4.5591273e+01	   4.4774712e+01	   4.3950823e+01	   4.3065417e+01	   4.2348101e+01	   4.1270317e+01	   3.9798683e+01	   3.7872821e+01	   3.5763471e+01	   3.3531222e+01	   3.1124598e+01	   2.8873409e+01	   2.6550956e+01	
             NaN	             NaN	             NaN	             NaN	             NaN	   6.9410658e+01	   6.6499927e+01	   6.2122067e+01	   5.7640980e+01	   5.4066381e+01	   5.0640085e+01	   4.8404977e+01	   4.7038743e+01	   4.6224884e+01	   4.5863732e+01	   4.5199627e+01	   4.4918949e+01	   4.4733777e+01	   4.4630041e+01	   4.4820718e+01	   4.4440978e+01	   4.4004195e+01	   4.3089016e+01	   4.2164419e+01	   4.1685482e+01	   4.0752921e+01	   3.9113448e+01	   3.7372580e+01	   3.5202343e+01	   3.2978044e+01	   3.0834469e+01	   2.8479279e+01	   2.6420765e+01	
             NaN	             NaN	             NaN	             NaN	             NaN	   6.8601228e+01	   6.5315462e+01	   6.1584614e+01	   5.6759022e+01	   5.2969392e+01	   5.0070499e+01	   4.7565709e+01	   4.6214570e+01	   4.5710220e+01	   4.5101169e+01	   4.4535923e+01	   4.4082408e+01	   4.4061123e+01	   4.4004041e+01	   4.3819667e+01	   4.3775773e+01	   4.3045396e+01	   4.2447190e+01	   4.1589546e+01	   4.0755451e+01	   4.0003483e+01	   3.8767076e+01	   3.6894009e+01	   3.4911523e+01	   3.2674306e+01	   3.0518202e+01	   2.8323793e+01	   2.6304618e+01	
             NaN	             NaN	             NaN	             NaN	             NaN	             NaN	   6.4489776e+01	   6.0590013e+01	   5.5736275e+01	   5.2629158e+01	   4.9450541e+01	   4.7013057e+01	   4.5653903e+01	   4.4764791e+01	   4.4334843e+01	   4.3709071e+01	   4.3064540e+01	   4.3137136e+01	   4.3076810e+01	   4.3161024e+01	   4.2962635e+01	   4.2251565e+01	   4.1605932e+01	   4.0814720e+01	   4.0231157e+01	   3.9385677e+01	   3.8120987e+01	   3.6392538e+01	   3.4354837e+01	   3.2250357e+01	   3.0166576e+01	   2.8039080e+01	   2.6177830e+01	
             NaN	             NaN	             NaN	             NaN	             NaN	             NaN	   6.3170987e+01	   5.9846149e+01	   5.5306929e+01	   5.1677644e+01	   4.8650998e+01	   4.6251201e+01	   4.4920008e+01	   4.4125727e+01	   4.3407598e+01	   4.3033916e+01	   4.2356457e+01	   4.2190309e+01	   4.2262904e+01	   4.2206157e+01	   4.1965652e+01	   4.1406862e+01	   4.0801737e+01	   3.9904728e+01	   3.9491687e+01	   3.8581193e+01	   3.7315035e+01	   3.5816874e+01	   3.3924722e+01	   3.1891536e+01	   2.9714508e+01	   2.7812520e+01	   2.5847542e+01	
   0.0000000e+00	             NaN	             NaN	             NaN	             NaN	             NaN	   6.2580959e+01	   5.8579559e+01	   5.4332548e+01	   5.0839646e+01	   4.7956632e+01	   4.5704021e+01	   4.4185246e+01	   4.3208897e+01	   4.2566348e+01	   4.1924394e+01	   4.1689635e+01	   4.1329632e+01	   4.1184466e+01	   4.1321943e+01	   4.1029093e+01	   4.0487214e+01	   4.0006340e+01	   3.9169479e+01	   3.8781180e+01	   3.7993961e+01	   3.6736778e+01	   3.5204367e+01	   3.3415007e+01	   3.1385253e+01	   2.9428475e+01	   2.7399917e+01	   2.5589406e+01	
   0.0000000e+00	             NaN	             NaN	             NaN	             NaN	             NaN	   6.1399276e+01	   5.7605049e+01	   5.3565420e+01	   5.0431679e+01	   4.7192783e+01	   4.4896817e+01	   4.3245476e+01	   4.2472371e+01	   4.1857930e+01	   4.1207761e+01	   4.0742120e+01	   4.0324022e+01	   4.0256356e+01	   4.0305064e+01	   4.0242522e+01	   3.9667280e+01	   3.9128891e+01	   3.8394491e+01	   3.7885254e+01	   3.7206182e+01	   3.6112957e+01	   3.4626041e+01	   3.2761655e+01	   3.0906201e+01	   2.9074963e+01	   2.7117914e+01	   2.5331931e+01	
   0.0000000e+00	             NaN	             NaN	             NaN	             NaN	             NaN	   6.0360981e+01	   5.6504898e+01	   5.2534740e+01	   4.9580071e+01	   4.6573740e+01	   4.4234263e+01	   4.2721563e+01	   4.1606930e+01	   4.1042329e+01	   4.0423786e+01	   3.9618148e+01	   3.9566260e+01	   3.9545254e+01	   3.9657921e+01	   3.9359866e+01	   3.8973197e+01	   3.8234597e+01	   3.7561246e+01	   3.7038208e+01	   3.6378065e+01	   3.5432816e+01	   3.4115098e+01	   3.2208397e+01	   3.0306072e+01	   2.8619280e+01	   2.6701056e+01	   2.5043834e+01	
   0.0000000e+00	             NaN	             NaN	             NaN	             NaN	             NaN	             NaN	   5.5609602e+01	   5.1707139e+01	   4.8551185e+01	   4.5678641e+01	   4.3456002e+01	   4.1878099e+01	   4.1058327e+01	   4.0125622e+01	   3.9348700e+01	   3.9060507e+01	   3.8769411e+01	   3.8557541e+01	   3.8712382e+01	   3.8664476e+01	   3.8030027e+01	   3.7456220e+01	   3.6756801e+01	   3.6356237e+01	   3.5861262e+01	   3.4801524e+01	   3.3359510e+01	   3.1714566e+01	   2.9934628e+01	   2.8109778e+01	   2.6415153e+01	   2.4689767e+01	
   0.0000000e+00	             NaN	             NaN	             NaN	             NaN	             NaN	             NaN	   5.5081411e+01	   5.0822961e+01	   4.7556587e+01	   4.4975332e+01	   4.2588935e+01	   4.1140164e+01	   4.0252863e+01	   3.9606176e+01	   3.8608865e+01	   3.8293501e+01	   3.7924239e+01	   3.7920864e+01	   3.7849145e+01	   3.7676728e+01	   3.7149313e+01	   3.6639919e+01	   3.6095322e+01	   3.5630665e+01	   3.5110332e+01	   3.4162143e+01	   3.2740995e+01	   3.1038890e+01	   2.9513452e+01	   2.7694305e+01	   2.5969514e+01	   2.4329881e+01	
   0.0000000e+00	   0.0000000e+00	             NaN	             NaN	             NaN	             NaN	             NaN	   5.3862728e+01	   4.9745468e+01	   4.6890063e+01	   4.4224925e+01	   4.1884794e+01	   4.0539910e+01	   3.9549401e+01	   3.8662127e+01	   3.8055358e+01	   3.7408135e+01	   3.7158362e+01	   3.7106014e+01	   3.7080768e+01	   3.6753081e+01	   3.6376481e+01	   3.5905676e+01	   3.5414673e+01	   3.4937300e+01	   3.4292374e+01	   3.3569149e+01	   3.2094257e+01	   3.0645961e+01	   2.8860802e+01	   2.7231610e+01	   2.5642470e+01	   2.4118436e+01	
   0.0000000e+00	   0.0000000e+00	             NaN	             NaN	             NaN	             NaN	             NaN	   5.2907354e+01	   4.9106878e+01	   4.5853425e+01	   4.3312986e+01	   4.1180345e+01	   3.9729536e+01	   3.8789287e+01	   3.7792621e+01	   3.7108006e+01	   3.6607047e+01	   3.6229037e+01	   3.6193262e+01	   3.6032358e+01	   3.5985484e+01	   3.5564664e+01	   3.5065839e+01	   3.4493384e+01	   3.3970052e+01	   3.3584365e+01	   3.2665813e+01	   3.1455581e+01	   2.9911215e+01	   2.8404977e+01	   2.6814089e+01	   2.5144936e+01	   2.3688925e+01	
   0.0000000e+00	   0.0000000e+00	             NaN	             NaN	             NaN	             NaN	             NaN	   5.1645464e+01	   4.7971693e+01	   4.4965681e+01	   4.2498500e+01	   4.0421942e+01	   3.8757862e+01	   3.7902937e+01	   3.7110320e+01	   3.6101071e+01	   3.5772859e+01	   3.5262520e+01	   3.5177520e+01	   3.5047894e+01	   3.4913020e+01	   3.4465457e+01	   3.4011917e+01	   3.3607331e+01	   3.3196840e+01	   3.2704828e+01	   3.1751490e+01	   3.0690476e+01	   2.9224684e+01	   2.7745209e+01	   2.6183962e+01	   2.4693642e+01	   2.3211061e+01	
   0.0000000e+00	   0.0000000e+00	             NaN	             NaN	             NaN	             NaN	             NaN	             NaN	   4.6818286e+01	   4.3841620e+01	   4.1316969e+01	   3.9566795e+01	   3.7998035e+01	   3.6866059e+01	   3.6058483e+01	   3.5442077e+01	   3.4927023e+01	   3.4449180e+01	   3.4224718e+01	   3.4235665e+01	   3.4098971e+01	   3.3625811e+01	   3.3233453e+01	   3.2695706e+01	   3.2337496e+01	   3.1907910e+01	   3.1108555e+01	   2.9971583e+01	   2.8537918e+01	   2.6996167e+01	   2.5626610e+01	   2.4171918e+01	   2.2735262e+01	
   0.0000000e+00	   0.0000000e+00	             NaN	             NaN	             NaN	             NaN	             NaN	             NaN	   4.5723827e+01	   4.3162249e+01	   4.0580195e+01	   3.8531074e+01	   3.7043909e+01	   3.6144325e+01	   3.5334998e+01	   3.4622918e+01	   3.3908174e+01	   3.3403915e+01	   3.3254718e+01	   3.3349667e+01	   3.3203394e+01	   3.2653198e+01	   3.2314491e+01	   3.1859411e+01	   3.1524281e+01	   3.1191604e+01	   3.0379524e+01	   2.9192351e+01	   2.7881862e+01	   2.6545925e+01	   2.5143844e+01	   2.3717299e+01	   2.2291487e+01	
   0.0000000e+00	   0.0000000e+00	   0.0000000e+00	             NaN	             NaN	             NaN	             NaN	             NaN	   4.5036459e+01	   4.2464110e+01	   4.0034793e+01	   3.8104200e+01	   3.6461207e+01	   3.5608048e+01	   3.4670369e+01	   3.3904622e+01	   3.3475426e+01	   3.3026891e+01	   3.2852036e+01	   3.2760744e+01	   3.2516842e+01	   3.2190599e+01	   3.1697406e+01	   3.1166169e+01	   3.1036378e+01	   3.0560683e+01	   2.9807769e+01	   2.8702630e+01	   2.7406113e+01	   2.6150397e+01	   2.4771979e+01	   2.3310577e+01	   2.1987237e+01	
   0.0000000e+00	   0.0000000e+00	   0.0000000e+00	             NaN	             NaN	             NaN	             NaN	             NaN	   4.4163336e+01	   4.1572601e+01	   3.9379330e+01	   3.7364915e+01	   3.5748322e+01	   3.4989520e+01	   3.3872937e+01	   3.3221452e+01	   3.2627123e+01	   3.2155585e+01	   3.2078476e+01	   3.1942114e+01	   3.1647162e+01	   3.1419588e+01	   3.0854017e+01	   3.0524738e+01	   3.0196105e+01	   2.9887541e+01	   2.9080746e+01	   2.8049629e+01	   2.6807904e+01	   2.5526456e+01	   2.4168858e+01	   2.2930682e+01	   2.1636997e+01	
   0.0000000e+00	   0.0000000e+00	   0.0000000e+00	             NaN	             NaN	             NaN	             NaN	             NaN	   4.3119510e+01	   4.0716506e+01	   3.8548078e+01	   3.6366322e+01	   3.4952521e+01	   3.4142819e+01	   3.3308855e+01	   3.2353059e+01	   3.1838502e+01	   3.1413118e+01	   3.1200128e+01	   3.1132339e+01	   3.1023321e+01	   3.0658930e+01	   3.0238208e+01	   2.9729538e+01	   2.9532753e+01	   2.9240746e+01	   2.8459390e+01	   2.7458884e+01	   2.6247128e+01	   2.5065665e+01	   2.3817404e+01	   2.2459929e+01	   2.1214249e+01	
   0.0000000e+00	   0.0000000e+00	   0.0000000e+00	             NaN	             NaN	             NaN	             NaN	             NaN	   4.2275310e+01	   3.9996389e+01	   3.7705962e+01	   3.5646690e+01	   3.4406359e+01	   3.3406669e+01	   3.2545601e+01	   3.1639844e+01	   3.1058455e+01	   3.0656844e+01	   3.0469064e+01	   3.0423044e+01	   3.0117163e+01	   2.9865014e+01	   2.9415611e+01	   2.8946525e+01	   2.8708606e+01	   2.8441017e+01	   2.7802408e+01	   2.6829853e+01	   2.5583666e+01	   2.4404542e+01	   2.3263541e+01	   2.1952058e+01	   2.0830359e+01	
   0.0000000e+00	   0.0000000e+00	   0.0000000e+00	             NaN	             NaN	             NaN	             NaN	             NaN	             NaN	   3.8836404e+01	   3.6693002e+01	   3.4913829e+01	   3.3627935e+01	   3.2722838e+01	   3.1535806e+01	   3.0973457e+01	   3.0423352e+01	   2.9975991e+01	   2.9521275e+01	   2.9551703e+01	   2.9286460e+01	   2.9154968e+01	   2.8689848e+01	   2.8301984e+01	   2.7939874e+01	   2.7672427e+01	   2.7092848e+01	   2.6227455e+01	   2.5041531e+01	   2.3934982e+01	   2.2711946e+01	   2.1568452e+01	   2.0391612e+01	
   0.0000000e+00	   0.0000000e+00	   0.0000000e+00	   0.0000000e+00	             NaN	             NaN	             NaN	             NaN	             NaN	   3.8177351e+01	   3.6083100e+01	   3.4076416e+01	   3.2897505e+01	   3.1907186e+01	   3.0879570e+01	   3.0118471e+01	   2.9391199e+01	   2.9096671e+01	   2.8873022e+01	   2.8893225e+01	   2.8715028e+01	   2.8258862e+01	   2.7890393e+01	   2.7414152e+01	   2.7208808e+01	   2.7074275e+01	   2.6457361e+01	   2.5513994e+01	   2.4497015e+01	   2.3249308e+01	   2.2181335e+01	   2.1181248e+01	   1.9908327e+01	
   0.0000000e+00	   0.0000000e+00	   0.0000000e+00	   0.0000000e+00	             NaN	             NaN	             NaN	             NaN	             NaN	   3.7171539e+01	   3.5171540e+01	   3.3494689e+01	   3.1998167e+01	   3.0997767e+01	   3.0218214e+01	   2.9353201e+01	   2.8760265e+01	   2.8375732e+01	   2.8100155e+01	   2.7978811e+01	   2.7773125e+01	   2.7410438e+01	   2.7058218e+01	   2.6752927e+01	   2.6425812e+01	   2.6273601e+01	   2.5716018e+01	   2.4927182e+01	   2.3789847e+01	   2.2667482e+01	   2.1619853e+01	   2.0498173e+01	   1.9464253e+01	
   0.0000000e+00	   0.0000000e+00	   0.0000000e+00	   0.0000000e+00	             NaN	             NaN	             NaN	             NaN	             NaN	   3.6341572e+01	   3.4361746e+01	   3.2597641e+01	   3.1144670e+01	   3.0489272e+01	   2.9307371e+01	   2.8684708e+01	   2.8143834e+01	   2.7644350e+01	   2.7406975e+01	   2.7260311e+01	   2.7107540e+01	   2.6735377e+01	   2.6359717e+01	   2.6103916e+01	   2.5797370e+01	   2.5528903e+01	   2.4976356e+01	   2.4168023e+01	   2.3190060e+01	   2.2267148e+01	   2.1129342e+01	   2.0122804e+01	   1.9077061e+01	
   0.0000000e+00	   0.0000000e+00	   0.0000000e+00	   0.0000000e+00	             NaN	             NaN	             NaN	             NaN	             NaN	   3.5415071e+01	   3.3589633e+01	   3.1925537e+01	   3.0452394e+01	   2.9655512e+01	   2.8708547e+01	   2.8007568e+01	   2.7340846e+01	   2.7017842e+01	   2.6738806e+01	   2.6532697e+01	   2.6290409e+01	   2.6002756e+01	   2.5665159e+01	   2.5270666e+01	   2.5149271e+01	   2.4986834e+01	   2.4287646e+01	   2.3578622e+01	   2.2617939e+01	   2.1637736e+01	   2.0567665e+01	   1.9580066e+01	   1.8587175e+01	
   0.0000000e+00	   0.0000000e+00	   0.0000000e+00	   0.0000000e+00	             NaN	             NaN	             NaN	             NaN	             NaN	             NaN	   3.2765440e+01	   3.1017974e+01	   2.9628907e+01	   2.8897222e+01	   2.8231907e+01	   2.7484397e+01	   2.6697318e+01	   2.6210602e+01	   2.5957802e+01	   2.5937550e+01	   2.5654758e+01	   2.5338640e+01	   2.5002070e+01	   2.4680832e+01	   2.4404703e+01	   2.4280026e+01	   2.3701221e+01	   2.2940566e+01	   2.1978253e+01	   2.1008351e+01	   2.0040088e+01	   1.9139310e+01	   1.8184769e+01	
   0.0000000e+00	   0.0000000e+00	   0.0000000e+00	   0.0000000e+00	             NaN	             NaN	             NaN	             NaN	             NaN	             NaN	   3.1956918e+01	   3.0184270e+01	   2.9013922e+01	   2.8115696e+01	   2.7305813e+01	   2.6574774e+01	   2.5908083e+01	   2.5545588e+01	   2.5356201e+01	   2.5028949e+01	   2.5003812e+01	   2.4770571e+01	   2.4280010e+01	   2.3925141e+01	   2.3770435e+01	   2.3637914e+01	   2.3124934e+01	   2.2362285e+01	   2.1464902e+01	   2.0626411e+01	   1.9640941e+01	   1.8674143e+01	   1.7753585e+01	
   0.0000000e+00	   0.0000000e+00	   0.0000000e+00	   0.0000000e+00	   0.0000000e+00	             NaN	             NaN	             NaN	             NaN	             NaN	   3.1251872e+01	   2.9435709e+01	   2.8351150e+01	   2.7467525e+01	   2.6457854e+01	   2.5838718e+01	   2.5296064e+01	   2.4892374e+01	   2.4554355e+01	   2.4561393e+01	   2.4062197e+01	   2.3876390e+01	   2.3675995e+01	   2.3228190e+01	   2.3209600e+01	   2.2929254e+01	   2.2498246e+01	   2.1723604e+01	   2.0843414e+01	   2.0012705e+01	   1.9066944e+01	   1.8203946e+01	   1.7226804e+01	
   0.0000000e+00	   0.0000000e+00	   0.0000000e+00	   0.0000000e+00	   0.0000000e+00	             NaN	             NaN	             NaN	             NaN	             NaN	   3.0466870e+01	   2.8991880e+01	   2.7651489e+01	   2.6870062e+01	   2.6002934e+01	   2.5185478e+01	   2.4554356e+01	   2.4194507e+01	   2.4016812e+01	   2.3845674e+01	   2.3543577e+01	   2.3267656e+01	   2.2990653e+01	   2.2595933e+01	   2.2525268e+01	   2.2389054e+01	   2.1901433e+01	   2.1135074e+01	   2.0253411e+01	   1.9443080e+01	   1.8552994e+01	   1.7729603e+01	   1.6884301e+01	
   0.0000000e+00	   0.0000000e+00	   0.0000000e+00	   0.0000000e+00	   0.0000000e+00	             NaN	             NaN	             NaN	             NaN	             NaN	   2.9647513e+01	   2.8032999e+01	   2.7012835e+01	   2.6113195e+01	   2.5389147e+01	   2.4626354e+01	   2.3897695e+01	   2.3618961e+01	   2.3279739e+01	   2.3249950e+01	   2.2831781e+01	   2.2532713e+01	   2.2215463e+01	   2.1982648e+01	   2.1832204e+01	   2.1706560e+01	   2.1231415e+01	   2.0614795e+01	   1.9754899e+01	   1.8886850e+01	   1.8102515e+01	   1.7231755e+01	   1.6551816e+01	
   0.0000000e+00	   0.0000000e+00	   0.0000000e+00	   0.0000000e+00	   0.0000000e+00	             NaN	             NaN	             NaN	             NaN	             NaN	             NaN	   2.7319175e+01	   2.6214993e+01	   2.5475086e+01	   2.4747686e+01	   2.3933261e+01	   2.3349490e+01	   2.2992922e+01	   2.2635450e+01	   2.2377437e+01	   2.2274996e+01	   2.1902541e+01	   2.1570622e+01	   2.1311752e+01	   2.1240136e+01	   2.1139666e+01	   2.0590235e+01	   2.0006461e+01	   1.9234018e+01	   1.8395682e+01	   1.7593876e+01	   1.6794902e+01	   1.6007970e+01	
   0.0000000e+00	   0.0000000e+00	   0.0000000e+00	   0.0000000e+00	   0.0000000e+00	             NaN	             NaN	             NaN	             NaN	             NaN	             NaN	   2.6485628e+01	   2.5544897e+01	   2.4966074e+01	   2.3997980e+01	   2.3349139e+01	   2.2727719e+01	   2.2382000e+01	   2.1927448e+01	   2.1868498e+01	   2.1662189e+01	   2.1385171e+01	   2.1057598e+01	   2.0826847e+01	   2.0668272e+01	   2.0454504e+01	   2.0093423e+01	   1.9394678e+01	   1.8687479e+01	   1.8022752e+01	   1.7155653e+01	   1.6352962e+01	   1.5618892e+01	
   0.0000000e+00	   0.0000000e+00	   0.0000000e+00	   0.0000000e+00	   0.0000000e+00	   0.0000000e+00	             NaN	             NaN	             NaN	             NaN	             NaN	   2.6090436e+01	   2.4991880e+01	   2.4074038e+01	   2.3440457e+01	   2.2664816e+01	   2.2218818e+01	   2.1542175e+01	   2.1376630e+01	   2.1243840e+01	   2.0866476e+01	   2.0720710e+01	   2.0405637e+01	   2.0139735e+01	   2.0075840e+01	   1.9863248e+01	   1.9396835e+01	   1.8758397e+01	   1.8206197e+01	   1.7435013e+01	   1.6650527e+01	   1.5868271e+01	   1.5232787e+01	
   0.0000000e+00	   0.0000000e+00	   0.0000000e+00	   0.0000000e+00	   0.0000000e+00	   0.0000000e+00	             NaN	             NaN	             NaN	             NaN	             NaN	   2.5479014e+01	   2.4135800e+01	   2.3450564e+01	   2.2783038e+01	   2.1968242e+01	   2.1485913e+01	   2.1103621e+01	   2.0758720e+01	   2.0527967e+01	   2.0399574e+01	   2.0138260e+01	   1.9821539e+01	   1.9518419e+01	   1.9374349e+01	   1.9321442e+01	   1.8950577e+01	   1.8396394e+01	   1.7588271e+01	   1.6938885e+01	   1.6140273e+01	   1.5445882e+01	   1.4763272e+01	
   0.0000000e+00	   0.0000000e+00	   0.0000000e+00	   0.0000000e+00	   0.0000000e+00	   0.0000000e+00	             NaN	             NaN	             NaN	             NaN	             NaN	   2.4737253e+01	   2.3602509e+01	   2.2860144e+01	   2.2144188e+01	   2.1413587e+01	   2.0839097e+01	   2.0490634e+01	   2.0224028e+01	   1.9942426e+01	   1.9836308e+01	   1.9602449e+01	   1.9320934e+01	   1.9079107e+01	   1.8928292e+01	   1.8798884e+01	   1.8370575e+01	   1.7835573e+01	   1.7109915e+01	   1.6415734e+01	   1.5790629e+01	   1.5034555e+01	   1.4451338e+01	
   0.0000000e+00	   0.0000000e+00	   0.0000000e+00	   0.0000000e+00	   0.0000000e+00	   0.0000000e+00	             NaN	             NaN	             NaN	             NaN	             NaN	             NaN	   2.3002974e+01	   2.2187512e+01	   2.1604964e+01	   2.0868236e+01	   2.0300964e+01	   1.9895644e+01	   1.9636100e+01	   1.9461576e+01	   1.9250810e+01	   1.8980140e+01	   1.8684123e+01	   1.8337602e+01	   1.8244003e+01	   1.8196057e+01	   1.7781632e+01	   1.7303049e+01	   1.6665591e+01	   1.5951875e+01	   1.5312389e+01	   1.4572977e+01	   1.3923933e+01	
   0.0000000e+00	   0.0000000e+00	   0.0000000e+00	   0.0000000e+00	   0.0000000e+00	   0.0000000e+00	             NaN	             NaN	             NaN	             NaN	             NaN	             NaN	   2.2370819e+01	   2.1620881e+01	   2.0903999e+01	   2.0322821e+01	   1.9746470e+01	   1.9246716e+01	   1.9025813e+01	   1.8891502e+01	   1.8842210e+01	   1.8344564e+01	   1.8096560e+01	   1.7833507e+01	   1.7797773e+01	   1.7703454e+01	   1.7244606e+01	   1.6662256e+01	   1.6142948e+01	   1.5534327e+01	   1.4831007e+01	   1.4195302e+01	   1.3653162e+01	
   0.0000000e+00	   0.0000000e+00	   0.0000000e+00	   0.0000000e+00	   0.0000000e+00	   0.0000000e+00	   0.0000000e+00	             NaN	             NaN	             NaN	             NaN	             NaN	   2.1725590e+01	   2.1112476e+01	   2.0396184e+01	   1.9836360e+01	   1.9204276e+01	   1.8787746e+01	   1.8539325e+01	   1.8371419e+01	   1.8073778e+01	   1.7929397e+01	   1.7478088e+01	   1.7321076e+01	   1.7150878e+01	   1.7072626e+01	   1.6735304e+01	   1.6310412e+01	   1.5668113e+01	   1.5100278e+01	   1.4515830e+01	   1.3860236e+01	   1.3246409e+01	
   0.0000000e+00	   0.0000000e+00	   0.0000000e+00	   0.0000000e+00	   0.0000000e+00	   0.0000000e+00	   0.0000000e+00	             NaN	             NaN	             NaN	             NaN	             NaN	   2.1223575e+01	   2.0385765e+01	   1.9762893e+01	   1.9140727e+01	   1.8500020e+01	   1.8373467e+01	   1.7907660e+01	   1.7736458e+01	   1.7528236e+01	   1.7262370e+01	   1.6995399e+01	   1.6733575e+01	   1.6726006e+01	   1.6577819e+01	   1.6164419e+01	   1.5650729e+01	   1.5220681e+01	   1.4524801e+01	   1.3971676e+01	   1.3463719e+01	   1.2896006e+01	
   0.0000000e+00	   0.0000000e+00	   0.0000000e+00	   0.0000000e+00	   0.0000000e+00	   0.0000000e+00	   0.0000000e+00	             NaN	             NaN	             NaN	             NaN	             NaN	   2.0683827e+01	   2.0033715e+01	   1.9012377e+01	   1.8617193e+01	   1.8103914e+01	   1.7752344e+01	   1.7342467e+01	   1.7151550e+01	   1.7043103e+01	   1.6682580e+01	   1.6384894e+01	   1.6292057e+01	   1.6111889e+01	   1.6048955e+01	   1.5750855e+01	   1.5280928e+01	   1.4745917e+01	   1.4261997e+01	   1.3602457e+01	   1.2990412e+01	   1.2454890e+01	
   0.0000000e+00	   0.0000000e+00	   0.0000000e+00	   0.0000000e+00	   0.0000000e+00	   0.0000000e+00	   0.0000000e+00	             NaN	             NaN	             NaN	             NaN	             NaN	             NaN	   1.9193129e+01	   1.8680065e+01	   1.8020626e+01	   1.7554917e+01	   1.7161093e+01	   1.6881808e+01	   1.6699354e+01	   1.6457164e+01	   1.6212327e+01	   1.5846029e+01	   1.5696996e+01	   1.5688560e+01	   1.5576065e+01	   1.5283758e+01	   1.4699544e+01	   1.4308330e+01	   1.3697391e+01	   1.3057877e+01	   1.2584145e+01	   1.2159932e+01	
   0.0000000e+00	   0.0000000e+00	   0.0000000e+00	   0.0000000e+00	   0.0000000e+00	   0.0000000e+00	   0.0000000e+00	             NaN	             NaN	             NaN	             NaN	             NaN	             NaN	   1.8599345e+01	   1.8068517e+01	   1.7516589e+01	   1.6923263e+01	   1.6645930e+01	   1.6324297e+01	   1.6168875e+01	   1.5842165e+01	   1.5691046e+01	   1.5460238e+01	   1.5193655e+01	   1.5201785e+01	   1.4893036e+01	   1.4665569e+01	   1.4343805e+01	   1.3667513e+01	   1.3306951e+01	   1.2678962e+01	   1.2135273e+01	   1.1740589e+01	
   0.0000000e+00	   0.0000000e+00	   0.0000000e+00	   0.0000000e+00	   0.0000000e+00	   0.0000000e+00	   0.0000000e+00	   0.0000000e+00	             NaN	             NaN	             NaN	             NaN	             NaN	   1.8084270e+01	   1.7476657e+01	   1.6835721e+01	   1.6476450e+01	   1.6030112e+01	   1.5719844e+01	   1.5499191e+01	   1.5333257e+01	   1.5185780e+01	   1.4868191e+01	   1.4687454e+01	   1.4633558e+01	   1.4514796e+01	   1.4171144e+01	   1.3902569e+01	   1.3219621e+01	   1.2836836e+01	   1.2322597e+01	   1.1798374e+01	   1.1263366e+01	
   0.0000000e+00	   0.0000000e+00	   0.0000000e+00	   0.0000000e+00	   0.0000000e+00	   0.0000000e+00	   0.0000000e+00	   0.0000000e+00	             NaN	             NaN	             NaN	             NaN	             NaN	   1.7715708e+01	   1.6999261e+01	   1.6517325e+01	   1.5977786e+01	   1.5531533e+01	   1.5443970e+01	   1.5159766e+01	   1.4892685e+01	   1.4793062e+01	   1.4447381e+01	   1.4277460e+01	   1.4151739e+01	   1.4038426e+01	   1.3756041e+01	   1.3330011e+01	   1.2963726e+01	   1.2407721e+01	   1.1913196e+01	   1.1510837e+01	   1.1022388e+01	
   0.0000000e+00	   0.0000000e+00	   0.0000000e+00	   0.0000000e+00	   0.0000000e+00	   0.0000000e+00	   0.0000000e+00	   0.0000000e+00	             NaN	             NaN	             NaN	             NaN	             NaN	   1.7291962e+01	   1.6522912e+01	   1.5925983e+01	   1.5577807e+01	   1.5144971e+01	   1.4784491e+01	   1.4798447e+01	   1.4605001e+01	   1.4255724e+01	   1.4028875e+01	   1.3770147e+01	   1.3775272e+01	   1.3683307e+01	   1.3333923e+01	   1.2988848e+01	   1.2480689e+01	   1.2050060e+01	   1.1517255e+01	   1.1200654e+01	   1.0765631e+01	
   0.0000000e+00	   0.0000000e+00	   0.0000000e+00	   0.0000000e+00	   0.0000000e+00	   0.0000000e+00	   0.0000000e+00	   0.0000000e+00	             NaN	             NaN	             NaN	             NaN	             NaN	             NaN	   1.6153078e+01	   1.5484547e+01	   1.4988792e+01	   1.4669918e+01	   1.4381692e+01	   1.4231321e+01	   1.4131861e+01	   1.3785373e+01	   1.3546748e+01	   1.3291203e+01	   1.3370378e+01	   1.3251380e+01	   1.2868528e+01	   1.2568128e+01	   1.2132172e+01	   1.1749568e+01	   1.1110052e+01	   1.0776280e+01	   1.0371053e+01	
   0.0000000e+00	   0.0000000e+00	   0.0000000e+00	   0.0000000e+00	   0.0000000e+00	   0.0000000e+00	   0.0000000e+00	   0.0000000e+00	             NaN	             NaN	             NaN	             NaN	             NaN	             NaN	   1.5562719e+01	   1.5162825e+01	   1.4627203e+01	   1.4291341e+01	   1.3893393e+01	   1.3750978e+01	   1.3539045e+01	   1.3388276e+01	   1.3152322e+01	   1.2886398e+01	   1.2870130e+01	   1.2667905e+01	   1.2533607e+01	   1.2126917e+01	   1.1729620e+01	   1.1321680e+01	   1.0951333e+01	   1.0532904e+01	   1.0029260e+01	
   0.0000000e+00	   0.0000000e+00	   0.0000000e+00	   0.0000000e+00	   0.0000000e+00	   0.0000000e+00	   0.0000000e+00	   0.0000000e+00	   0.0000000e+00	             NaN	             NaN	             NaN	             NaN	             NaN	   1.5211517e+01	   1.4607724e+01	   1.4156715e+01	   1.3818828e+01	   1.3553472e+01	   1.3462418e+01	   1.3148117e+01	   1.3003005e+01	   1.2641310e+01	   1.2531163e+01	   1.2562135e+01	   1.2317915e+01	   1.2024475e+01	   1.1801796e+01	   1.1329701e+01	   1.0818178e+01	   1.0442100e+01	   1.0121477e+01	   9.6881492e+00	
   0.0000000e+00	   0.0000000e+00	   0.0000000e+00	   0.0000000e+00	   0.0000000e+00	   0.0000000e+00	   0.0000000e+00	   0.0000000e+00	   0.0000000e+00	             NaN	             NaN	             NaN	             NaN	             NaN	   1.4678076e+01	   1.4253120e+01	   1.3808033e+01	   1.3342650e+01	   1.3229918e+01	   1.2990062e+01	   1.2802052e+01	   1.2542909e+01	   1.2388583e+01	   1.2136641e+01	   1.2158661e+01	   1.1954199e+01	   1.1805139e+01	   1.1370456e+01	   1.1061509e+01	   1.0650631e+01	   1.0218006e+01	   9.7879384e+00	   9.4545527e+00	
   0.0000000e+00	   0.0000000e+00	   0.0000000e+00	   0.0000000e+00	   0.0000000e+00	   0.0000000e+00	   0.0000000e+00	   0.0000000e+00	   0.0000000e+00	             NaN	             NaN	             NaN	             NaN	             NaN	   1.4335313e+01	   1.3750318e+01	   1.3253286e+01	   1.2904270e+01	   1.2693979e+01	   1.2523896e+01	   1.2348769e+01	   1.2179588e+01	   1.1846129e+01	   1.1754019e+01	   1.1709066e+01	   1.1572050e+01	   1.1327704e+01	   1.1058395e+01	   1.0673991e+01	   1.0278051e+01	   9.7935746e+00	   9.4935490e+00	   9.1497576e+00	
   0.0000000e+00	   0.0000000e+00	   0.0000000e+00	   0.0000000e+00	   0.0000000e+00	   0.0000000e+00	   0.0000000e+00	   0.0000000e+00	   0.0000000e+00	             NaN	             NaN	             NaN	             NaN	             NaN	             NaN	   1.3182722e+01	   1.2869748e+01	   1.2617640e+01	   1.2302989e+01	   1.2213688e+01	   1.1926180e+01	   1.1755217e+01	   1.1559460e+01	   1.1421935e+01	   1.1308075e+01	   1.1237350e+01	   1.0998844e+01	   1.0768032e+01	   1.0345972e+01	   9.9021825e+00	   9.6373315e+00	   9.1376017e+00	   8.8450483e+00	
   0.0000000e+00	   0.0000000e+00	   0.0000000e+00	   0.0000000e+00	   0.0000000e+00	   0.0000000e+00	   0.0000000e+00	   0.0000000e+00	   0.0000000e+00	             NaN	             NaN	             NaN	             NaN	             NaN	             NaN	   1.2917418e+01	   1.2520499e+01	   1.2181658e+01	   1.1885557e+01	   1.1701592e+01	   1.1455612e+01	   1.1317428e+01	   1.1151935e+01	   1.0997871e+01	   1.0898279e+01	   1.0807236e+01	   1.0604382e+01	   1.0365757e+01	   1.0087387e+01	   9.6148203e+00	   9.3020975e+00	   8.9455729e+00	   8.5207095e+00	
   0.0000000e+00	   0.0000000e+00	   0.0000000e+00	   0.0000000e+00	   0.0000000e+00	   0.0000000e+00	   0.0000000e+00	   0.0000000e+00	   0.0000000e+00	   0.0000000e+00	             NaN	             NaN	             NaN	             NaN	             NaN	   1.2607141e+01	   1.2181364e+01	   1.1827575e+01	   1.1533472e+01	   1.1371162e+01	   1.1132386e+01	   1.0944068e+01	   1.0838479e+01	   1.0618473e+01	   1.0434750e+01	   1.0499198e+01	   1.0312911e+01	   9.8811088e+00	   9.6725609e+00	   9.2357228e+00	   8.8985776e+00	   8.5540411e+00	   8.3466796e+00	
