  -2.5640617e+00	  -2.8494020e+00	  -4.8388738e+00	             NaN	             NaN	             NaN	             NaN	             NaN	             NaN	             NaN	             NaN	             NaN	             NaN	             NaN	   0.0000000e+00	   0.0000000e+00	   0.0000000e+00	   0.0000000e+00	   0.0000000e+00	   0.0000000e+00	   0.0000000e+00	   0.0000000e+00	   0.0000000e+00	   0.0000000e+00	   0.0000000e+00	   0.0000000e+00	   0.0000000e+00	   0.0000000e+00	   0.0000000e+00	   0.0000000e+00	   0.0000000e+00	   0.0000000e+00	   0.0000000e+00	
  -2.5419975e+00	  -4.3918903e+00	  -2.4648025e+00	             NaN	             NaN	             NaN	             NaN	             NaN	             NaN	             NaN	             NaN	             NaN	             NaN	             NaN	   0.0000000e+00	   0.0000000e+00	   0.0000000e+00	   0.0000000e+00	   0.0000000e+00	   0.0000000e+00	   0.0000000e+00	   0.0000000e+00	   0.0000000e+00	   0.0000000e+00	   0.0000000e+00	   0.0000000e+00	   0.0000000e+00	   0.0000000e+00	   0.0000000e+00	   0.0000000e+00	   0.0000000e+00	   0.0000000e+00	   0.0000000e+00	
  -3.5130896e+00	  -2.0512380e+00	  -2.3957739e+00	             NaN	             NaN	             NaN	             NaN	             NaN	             NaN	             NaN	             NaN	             NaN	             NaN	             NaN	   0.0000000e+00	   0.0000000e+00	   0.0000000e+00	   0.0000000e+00	   0.0000000e+00	   0.0000000e+00	   0.0000000e+00	   0.0000000e+00	   0.0000000e+00	   0.0000000e+00	   0.0000000e+00	   0.0000000e+00	   0.0000000e+00	   0.0000000e+00	   0.0000000e+00	   0.0000000e+00	   0.0000000e+00	   0.0000000e+00	   0.0000000e+00	
  -3.7893658e-01	  -1.1090452e+00	  -4.9788411e-01	   8.9415901e-01	             NaN	             NaN	             NaN	             NaN	             NaN	             NaN	             NaN	             NaN	             NaN	             NaN	             NaN	   0.0000000e+00	   0.0000000e+00	   0.0000000e+00	   0.0000000e+00	   0.0000000e+00	   0.0000000e+00	   0.0000000e+00	   0.0000000e+00	   0.0000000e+00	   0.0000000e+00	   0.0000000e+00	   0.0000000e+00	   0.0000000e+00	   0.0000000e+00	   0.0000000e+00	   0.0000000e+00	   0.0000000e+00	   0.0000000e+00	
   1.1624408e+00	  -1.1973679e+00	  -1.2764305e-01	   2.0267061e+00	             NaN	             NaN	             NaN	             NaN	             NaN	             NaN	             NaN	             NaN	             NaN	             NaN	             NaN	   0.0000000e+00	   0.0000000e+00	   0.0000000e+00	   0.0000000e+00	   0.0000000e+00	   0.0000000e+00	   0.0000000e+00	   0.0000000e+00	   0.0000000e+00	   0.0000000e+00	   0.0000000e+00	   0.0000000e+00	   0.0000000e+00	   0.0000000e+00	   0.0000000e+00	   0.0000000e+00	   0.0000000e+00	   0.0000000e+00	
  -4.4425542e-01	   1.1234556e+00	   5.0719243e-01	   2.4141849e+00	   4.3446929e+00	             NaN	             NaN	             NaN	             NaN	             NaN	             NaN	             NaN	             NaN	             NaN	             NaN	             NaN	   0.0000000e+00	   0.0000000e+00	   0.0000000e+00	   0.0000000e+00	   0.0000000e+00	   0.0000000e+00	   0.0000000e+00	   0.0000000e+00	   0.0000000e+00	   0.0000000e+00	   0.0000000e+00	   0.0000000e+00	   0.0000000e+00	   0.0000000e+00	   0.0000000e+00	   0.0000000e+00	   0.0000000e+00	
   2.4068587e+00	   1.2912439e+00	   1.3131697e+00	   3.3450476e+00	   4.5696125e+00	             NaN	             NaN	             NaN	             NaN	             NaN	             NaN	             NaN	             NaN	             NaN	             NaN	             NaN	   0.0000000e+00	   0.0000000e+00	   0.0000000e+00	   0.0000000e+00	   0.0000000e+00	   0.0000000e+00	   0.0000000e+00	   0.0000000e+00	   0.0000000e+00	   0.0000000e+00	   0.0000000e+00	   0.0000000e+00	   0.0000000e+00	   0.0000000e+00	   0.0000000e+00	   0.0000000e+00	   0.0000000e+00	
   2.2633596e+00	   2.2219638e+00	   2.3338649e+00	   4.1248627e+00	   5.3600466e+00	             NaN	             NaN	             NaN	             NaN	             NaN	             NaN	             NaN	             NaN	             NaN	             NaN	             NaN	   0.0000000e+00	   0.0000000e+00	   0.0000000e+00	   0.0000000e+00	   0.0000000e+00	   0.0000000e+00	   0.0000000e+00	   0.0000000e+00	   0.0000000e+00	   0.0000000e+00	   0.0000000e+00	   0.0000000e+00	   0.0000000e+00	   0.0000000e+00	   0.0000000e+00	   0.0000000e+00	   0.0000000e+00	
   2.9776630e+00	   3.2551031e+00	   3.3443336e+00	   4.0815513e+00	   5.4735413e+00	   6.5442594e+00	             NaN	             NaN	             NaN	             NaN	             NaN	             NaN	             NaN	             NaN	             NaN	             NaN	             NaN	   0.0000000e+00	   0.0000000e+00	   0.0000000e+00	   0.0000000e+00	   0.0000000e+00	   0.0000000e+00	   0.0000000e+00	   0.0000000e+00	   0.0000000e+00	   0.0000000e+00	   0.0000000e+00	   0.0000000e+00	   0.0000000e+00	   0.0000000e+00	   0.0000000e+00	   0.0000000e+00	
   4.5120019e+00	   3.8300961e+00	   3.3419504e+00	   4.5973284e+00	   6.0574869e+00	   6.8403136e+00	             NaN	             NaN	             NaN	             NaN	             NaN	             NaN	             NaN	             NaN	             NaN	             NaN	             NaN	   0.0000000e+00	   0.0000000e+00	   0.0000000e+00	   0.0000000e+00	   0.0000000e+00	   0.0000000e+00	   0.0000000e+00	   0.0000000e+00	   0.0000000e+00	   0.0000000e+00	   0.0000000e+00	   0.0000000e+00	   0.0000000e+00	   0.0000000e+00	   0.0000000e+00	   0.0000000e+00	
   4.3166929e+00	   3.6492450e+00	   4.2363257e+00	   5.1511002e+00	   6.3146892e+00	   7.2930869e+00	   8.2041299e+00	             NaN	             NaN	             NaN	             NaN	             NaN	             NaN	             NaN	             NaN	             NaN	             NaN	             NaN	   0.0000000e+00	   0.0000000e+00	   0.0000000e+00	   0.0000000e+00	   0.0000000e+00	   0.0000000e+00	   0.0000000e+00	   0.0000000e+00	   0.0000000e+00	   0.0000000e+00	   0.0000000e+00	   0.0000000e+00	   0.0000000e+00	   0.0000000e+00	   0.0000000e+00	
   4.2447021e+00	   4.4984907e+00	   4.8280199e+00	   5.9394648e+00	   6.8467132e+00	   7.9823692e+00	   8.6380565e+00	             NaN	             NaN	             NaN	             NaN	             NaN	             NaN	             NaN	             NaN	             NaN	             NaN	             NaN	   0.0000000e+00	   0.0000000e+00	   0.0000000e+00	   0.0000000e+00	   0.0000000e+00	   0.0000000e+00	   0.0000000e+00	   0.0000000e+00	   0.0000000e+00	   0.0000000e+00	   0.0000000e+00	   0.0000000e+00	   0.0000000e+00	   0.0000000e+00	   0.0000000e+00	
   5.4181068e+00	   4.8221450e+00	   5.8012353e+00	   6.3178550e+00	   7.3364112e+00	   8.0203137e+00	   9.1474777e+00	             NaN	             NaN	             NaN	             NaN	             NaN	             NaN	             NaN	             NaN	             NaN	             NaN	             NaN	   0.0000000e+00	   0.0000000e+00	   0.0000000e+00	   0.0000000e+00	   0.0000000e+00	   0.0000000e+00	   0.0000000e+00	   0.0000000e+00	   0.0000000e+00	   0.0000000e+00	   0.0000000e+00	   0.0000000e+00	   0.0000000e+00	   0.0000000e+00	   0.0000000e+00	
   5.5142152e+00	   5.0147491e+00	   5.8020917e+00	   6.9354709e+00	   7.6499073e+00	   8.6105722e+00	   9.5194233e+00	   1.0324954e+01	             NaN	             NaN	             NaN	             NaN	             NaN	             NaN	             NaN	             NaN	             NaN	             NaN	             NaN	   0.0000000e+00	   0.0000000e+00	   0.0000000e+00	   0.0000000e+00	   0.0000000e+00	   0.0000000e+00	   0.0000000e+00	   0.0000000e+00	   0.0000000e+00	   0.0000000e+00	   0.0000000e+00	   0.0000000e+00	   0.0000000e+00	   0.0000000e+00	
   5.7506095e+00	   6.0680938e+00	   6.5242202e+00	   7.2625185e+00	   8.0746852e+00	   8.8263396e+00	   9.9153580e+00	   1.0668577e+01	             NaN	             NaN	             NaN	             NaN	             NaN	             NaN	             NaN	             NaN	             NaN	             NaN	             NaN	   0.0000000e+00	   0.0000000e+00	   0.0000000e+00	   0.0000000e+00	   0.0000000e+00	   0.0000000e+00	   0.0000000e+00	   0.0000000e+00	   0.0000000e+00	   0.0000000e+00	   0.0000000e+00	   0.0000000e+00	   0.0000000e+00	   0.0000000e+00	
   6.1097717e+00	   6.2197532e+00	   7.2535372e+00	   7.6773238e+00	   8.5614471e+00	   9.0362736e+00	   1.0120008e+01	   1.0876909e+01	   1.0918649e+01	             NaN	             NaN	             NaN	             NaN	             NaN	             NaN	             NaN	             NaN	             NaN	             NaN	             NaN	   0.0000000e+00	   0.0000000e+00	   0.0000000e+00	   0.0000000e+00	   0.0000000e+00	   0.0000000e+00	   0.0000000e+00	   0.0000000e+00	   0.0000000e+00	   0.0000000e+00	   0.0000000e+00	   0.0000000e+00	   0.0000000e+00	
   6.1650839e+00	   6.9493325e+00	   7.4102361e+00	   8.2385216e+00	   9.4119083e+00	   9.7684830e+00	   1.0490591e+01	   1.1345975e+01	   1.1442151e+01	             NaN	             NaN	             NaN	             NaN	             NaN	             NaN	             NaN	             NaN	             NaN	             NaN	             NaN	   0.0000000e+00	   0.0000000e+00	   0.0000000e+00	   0.0000000e+00	   0.0000000e+00	   0.0000000e+00	   0.0000000e+00	   0.0000000e+00	   0.0000000e+00	   0.0000000e+00	   0.0000000e+00	   0.0000000e+00	   0.0000000e+00	
   7.3718920e+00	   7.5246535e+00	   8.0331147e+00	   8.8597301e+00	   9.5531799e+00	   9.9574344e+00	   1.1124395e+01	   1.1796594e+01	   1.1949108e+01	             NaN	             NaN	             NaN	             NaN	             NaN	             NaN	             NaN	             NaN	             NaN	             NaN	             NaN	   0.0000000e+00	   0.0000000e+00	   0.0000000e+00	   0.0000000e+00	   0.0000000e+00	   0.0000000e+00	   0.0000000e+00	   0.0000000e+00	   0.0000000e+00	   0.0000000e+00	   0.0000000e+00	   0.0000000e+00	   0.0000000e+00	
   7.8258728e+00	   8.1836961e+00	   8.5730703e+00	   9.5833132e+00	   9.8568710e+00	   1.0566706e+01	   1.1390940e+01	   1.2079202e+01	   1.2426369e+01	   1.1455314e+01	             NaN	             NaN	             NaN	             NaN	             NaN	             NaN	             NaN	             NaN	             NaN	             NaN	             NaN	   0.0000000e+00	   0.0000000e+00	   0.0000000e+00	   0.0000000e+00	   0.0000000e+00	   0.0000000e+00	   0.0000000e+00	   0.0000000e+00	   0.0000000e+00	   0.0000000e+00	   0.0000000e+00	   0.0000000e+00	
   9.0962256e+00	   8.6359142e+00	   9.1751772e+00	   9.6967699e+00	   1.0245702e+01	   1.0909893e+01	   1.1723377e+01	   1.2484884e+01	   1.2691355e+01	   1.2201257e+01	             NaN	             NaN	             NaN	             NaN	             NaN	             NaN	             NaN	             NaN	             NaN	             NaN	             NaN	   0.0000000e+00	   0.0000000e+00	   0.0000000e+00	   0.0000000e+00	   0.0000000e+00	   0.0000000e+00	   0.0000000e+00	   0.0000000e+00	   0.0000000e+00	   0.0000000e+00	   0.0000000e+00	   0.0000000e+00	
   9.2867768e+00	   9.0991501e+00	   9.8974193e+00	   1.0622292e+01	   1.0979090e+01	   1.1560169e+01	   1.2292863e+01	   1.2917879e+01	   1.3044126e+01	   1.2790090e+01	   1.0497797e+01	             NaN	             NaN	             NaN	             NaN	             NaN	             NaN	             NaN	             NaN	             NaN	             NaN	             NaN	   0.0000000e+00	   0.0000000e+00	   0.0000000e+00	   0.0000000e+00	   0.0000000e+00	   0.0000000e+00	   0.0000000e+00	   0.0000000e+00	   0.0000000e+00	   0.0000000e+00	   0.0000000e+00	
   9.1745594e+00	   9.5045061e+00	   1.0041775e+01	   1.0839894e+01	   1.1125126e+01	   1.2219637e+01	   1.2539127e+01	   1.3309872e+01	   1.3431276e+01	   1.3287390e+01	   1.2009320e+01	             NaN	             NaN	             NaN	             NaN	             NaN	             NaN	             NaN	             NaN	             NaN	             NaN	             NaN	   0.0000000e+00	   0.0000000e+00	   0.0000000e+00	   0.0000000e+00	   0.0000000e+00	   0.0000000e+00	   0.0000000e+00	   0.0000000e+00	   0.0000000e+00	   0.0000000e+00	   0.0000000e+00	
   1.0251432e+01	   1.0569817e+01	   1.0780565e+01	   1.1383066e+01	   1.1810037e+01	   1.2455950e+01	   1.3052993e+01	   1.3423822e+01	   1.4092149e+01	   1.3802774e+01	   1.2672380e+01	             NaN	             NaN	             NaN	             NaN	             NaN	             NaN	             NaN	             NaN	             NaN	             NaN	             NaN	   0.0000000e+00	   0.0000000e+00	   0.0000000e+00	   0.0000000e+00	   0.0000000e+00	   0.0000000e+00	   0.0000000e+00	   0.0000000e+00	   0.0000000e+00	   0.0000000e+00	   0.0000000e+00	
   1.0903599e+01	   1.1243096e+01	   1.1443446e+01	   1.1910617e+01	   1.2387238e+01	   1.2742434e+01	   1.3401250e+01	   1.3784406e+01	   1.4332627e+01	   1.4342233e+01	   1.3343252e+01	   1.0766974e+01	             NaN	             NaN	             NaN	             NaN	             NaN	             NaN	             NaN	             NaN	             NaN	             NaN	             NaN	   0.0000000e+00	   0.0000000e+00	   0.0000000e+00	   0.0000000e+00	   0.0000000e+00	   0.0000000e+00	   0.0000000e+00	   0.0000000e+00	   0.0000000e+00	   0.0000000e+00	
   1.1861434e+01	   1.1932302e+01	   1.2214450e+01	   1.2769044e+01	   1.2976660e+01	   1.3186794e+01	   1.3733577e+01	   1.4490040e+01	   1.4921575e+01	   1.4940697e+01	   1.4113385e+01	   1.2305927e+01	             NaN	             NaN	             NaN	             NaN	             NaN	             NaN	             NaN	             NaN	             NaN	             NaN	             NaN	   0.0000000e+00	   0.0000000e+00	   0.0000000e+00	   0.0000000e+00	   0.0000000e+00	   0.0000000e+00	   0.0000000e+00	   0.0000000e+00	   0.0000000e+00	   0.0000000e+00	
   1.2825636e+01	   1.2768329e+01	   1.3510820e+01	   1.3107018e+01	   1.3577409e+01	   1.3855479e+01	   1.4327173e+01	   1.5127239e+01	   1.5415496e+01	   1.5605429e+01	   1.4856109e+01	   1.3286624e+01	   1.0126989e+01	             NaN	             NaN	             NaN	             NaN	             NaN	             NaN	             NaN	             NaN	             NaN	             NaN	             NaN	   0.0000000e+00	   0.0000000e+00	   0.0000000e+00	   0.0000000e+00	   0.0000000e+00	   0.0000000e+00	   0.0000000e+00	   0.0000000e+00	   0.0000000e+00	
   1.3743263e+01	   1.3685573e+01	   1.4230010e+01	   1.3696609e+01	   1.4159208e+01	   1.4238928e+01	   1.4918265e+01	   1.5425051e+01	   1.6088147e+01	   1.6165883e+01	   1.5627566e+01	   1.4088819e+01	   1.1901918e+01	             NaN	             NaN	             NaN	             NaN	             NaN	             NaN	             NaN	             NaN	             NaN	             NaN	             NaN	   0.0000000e+00	   0.0000000e+00	   0.0000000e+00	   0.0000000e+00	   0.0000000e+00	   0.0000000e+00	   0.0000000e+00	   0.0000000e+00	   0.0000000e+00	
   1.4551260e+01	   1.4467963e+01	   1.4300424e+01	   1.4384680e+01	   1.4737721e+01	   1.4911634e+01	   1.5337812e+01	   1.5739529e+01	   1.6347163e+01	   1.6616002e+01	   1.6181249e+01	   1.5022752e+01	   1.3256935e+01	             NaN	             NaN	             NaN	             NaN	             NaN	             NaN	             NaN	             NaN	             NaN	             NaN	             NaN	   0.0000000e+00	   0.0000000e+00	   0.0000000e+00	   0.0000000e+00	   0.0000000e+00	   0.0000000e+00	   0.0000000e+00	   0.0000000e+00	   0.0000000e+00	
   1.5016112e+01	   1.5637301e+01	   1.5844516e+01	   1.5666607e+01	   1.5482693e+01	   1.5285686e+01	   1.5639055e+01	   1.6428636e+01	   1.6813556e+01	   1.7319330e+01	   1.6787517e+01	   1.5891423e+01	   1.4317420e+01	   1.1543755e+01	             NaN	             NaN	             NaN	             NaN	             NaN	             NaN	             NaN	             NaN	             NaN	             NaN	             NaN	   0.0000000e+00	   0.0000000e+00	   0.0000000e+00	   0.0000000e+00	   0.0000000e+00	   0.0000000e+00	   0.0000000e+00	   0.0000000e+00	
   1.5515001e+01	   1.6430229e+01	   1.6418743e+01	   1.6429142e+01	   1.5766711e+01	   1.5734085e+01	   1.6603389e+01	   1.6773604e+01	   1.7390079e+01	   1.7527771e+01	   1.7495703e+01	   1.6491511e+01	   1.5284584e+01	   1.3272288e+01	             NaN	             NaN	             NaN	             NaN	             NaN	             NaN	             NaN	             NaN	             NaN	             NaN	             NaN	   0.0000000e+00	   0.0000000e+00	   0.0000000e+00	   0.0000000e+00	   0.0000000e+00	   0.0000000e+00	   0.0000000e+00	   0.0000000e+00	
   1.7457006e+01	   1.7250754e+01	   1.7606593e+01	   1.7017411e+01	   1.6669973e+01	   1.6488006e+01	   1.6515439e+01	   1.7224558e+01	   1.7697753e+01	   1.7989530e+01	   1.8042732e+01	   1.7284341e+01	   1.6216773e+01	   1.4602407e+01	   1.0780074e+01	             NaN	             NaN	             NaN	             NaN	             NaN	             NaN	             NaN	             NaN	             NaN	             NaN	             NaN	   0.0000000e+00	   0.0000000e+00	   0.0000000e+00	   0.0000000e+00	   0.0000000e+00	   0.0000000e+00	   0.0000000e+00	
   1.8277226e+01	   1.8994536e+01	   1.8855584e+01	   1.8332003e+01	   1.7749255e+01	   1.7535471e+01	   1.7654630e+01	   1.7897149e+01	   1.8450888e+01	   1.9048064e+01	   1.9147567e+01	   1.8457334e+01	   1.7419076e+01	   1.6130041e+01	   1.3371422e+01	             NaN	             NaN	             NaN	             NaN	             NaN	             NaN	             NaN	             NaN	             NaN	             NaN	             NaN	   0.0000000e+00	   0.0000000e+00	   0.0000000e+00	   0.0000000e+00	   0.0000000e+00	   0.0000000e+00	   0.0000000e+00	
   1.9527587e+01	   2.0638923e+01	   2.0388740e+01	   1.9946821e+01	   1.8988071e+01	   1.8486540e+01	   1.8447439e+01	   1.8929450e+01	   1.9510066e+01	   2.0070079e+01	   2.0189182e+01	   1.9664865e+01	   1.8886394e+01	   1.7670680e+01	   1.5459869e+01	             NaN	             NaN	             NaN	             NaN	             NaN	             NaN	             NaN	             NaN	             NaN	             NaN	             NaN	   0.0000000e+00	   0.0000000e+00	   0.0000000e+00	   0.0000000e+00	   0.0000000e+00	   0.0000000e+00	   0.0000000e+00	
   1.9788495e+01	   2.2590372e+01	   2.1853052e+01	   2.1501381e+01	   2.0688829e+01	   1.9855629e+01	   1.9747484e+01	   1.9816778e+01	   2.0354323e+01	   2.1098354e+01	   2.1243298e+01	   2.1034031e+01	   2.0374384e+01	   1.9220535e+01	   1.7458220e+01	   1.3890430e+01	             NaN	             NaN	             NaN	             NaN	             NaN	             NaN	             NaN	             NaN	             NaN	             NaN	             NaN	   0.0000000e+00	   0.0000000e+00	   0.0000000e+00	   0.0000000e+00	   0.0000000e+00	   0.0000000e+00	
   2.1218426e+01	   2.3090828e+01	   2.3884739e+01	   2.3358817e+01	   2.1857899e+01	   2.0673215e+01	   2.0682926e+01	   2.0775421e+01	   2.1309443e+01	   2.1915170e+01	   2.2427480e+01	   2.2290334e+01	   2.1625162e+01	   2.0729812e+01	   1.9017910e+01	   1.6023069e+01	             NaN	             NaN	             NaN	             NaN	             NaN	             NaN	             NaN	             NaN	             NaN	             NaN	             NaN	   0.0000000e+00	   0.0000000e+00	   0.0000000e+00	   0.0000000e+00	   0.0000000e+00	   0.0000000e+00	
   2.3091859e+01	   2.4693289e+01	   2.5434084e+01	   2.4324739e+01	   2.3178411e+01	   2.2151686e+01	   2.1859510e+01	   2.1851616e+01	   2.2102323e+01	   2.2995212e+01	   2.3423518e+01	   2.3336599e+01	   2.2971719e+01	   2.2183056e+01	   2.0646199e+01	   1.8372212e+01	   1.4409454e+01	             NaN	             NaN	             NaN	             NaN	             NaN	             NaN	             NaN	             NaN	             NaN	             NaN	             NaN	   0.0000000e+00	   0.0000000e+00	   0.0000000e+00	   0.0000000e+00	   0.0000000e+00	
   2.3808835e+01	   2.5323453e+01	   2.6595082e+01	   2.5786687e+01	   2.4482398e+01	   2.3134261e+01	   2.2702375e+01	   2.2527918e+01	   2.2934305e+01	   2.3796229e+01	   2.4040690e+01	   2.4250726e+01	   2.3816646e+01	   2.3199441e+01	   2.1812175e+01	   1.9849568e+01	   1.6108063e+01	             NaN	             NaN	             NaN	             NaN	             NaN	             NaN	             NaN	             NaN	             NaN	             NaN	             NaN	   0.0000000e+00	   0.0000000e+00	   0.0000000e+00	   0.0000000e+00	   0.0000000e+00	
   2.5118594e+01	   2.7213052e+01	   2.7850281e+01	   2.7240268e+01	   2.5831788e+01	   2.4110067e+01	   2.3868537e+01	   2.3636051e+01	   2.4045524e+01	   2.4773531e+01	   2.5157880e+01	   2.5323290e+01	   2.5145923e+01	   2.4589694e+01	   2.3428482e+01	   2.1555459e+01	   1.8218158e+01	             NaN	             NaN	             NaN	             NaN	             NaN	             NaN	             NaN	             NaN	             NaN	             NaN	             NaN	   0.0000000e+00	   0.0000000e+00	   0.0000000e+00	   0.0000000e+00	   0.0000000e+00	
   2.6264748e+01	   2.8833779e+01	   2.9794770e+01	   2.9401055e+01	   2.7034704e+01	   2.5687666e+01	   2.5107152e+01	   2.4911011e+01	   2.4804328e+01	   2.5543473e+01	   2.6355814e+01	   2.6615768e+01	   2.6601000e+01	   2.6217519e+01	   2.5007883e+01	   2.3118543e+01	   2.0421122e+01	   1.6492385e+01	             NaN	             NaN	             NaN	             NaN	             NaN	             NaN	             NaN	             NaN	             NaN	             NaN	             NaN	   0.0000000e+00	   0.0000000e+00	   0.0000000e+00	   0.0000000e+00	
   2.8347766e+01	   3.1198285e+01	   3.1480045e+01	   3.1137173e+01	   2.9431662e+01	   2.6986587e+01	   2.6256266e+01	   2.5960378e+01	   2.6117989e+01	   2.6836324e+01	   2.7472203e+01	   2.7837467e+01	   2.7896813e+01	   2.7644863e+01	   2.6441053e+01	   2.4663583e+01	   2.2355844e+01	   1.8253213e+01	             NaN	             NaN	             NaN	             NaN	             NaN	             NaN	             NaN	             NaN	             NaN	             NaN	             NaN	   0.0000000e+00	   0.0000000e+00	   0.0000000e+00	   0.0000000e+00	
   2.9021309e+01	   3.1986164e+01	   3.2673132e+01	   3.2509449e+01	   3.0906345e+01	   2.8386951e+01	   2.7520806e+01	   2.7117431e+01	   2.6993024e+01	   2.7921561e+01	   2.8549054e+01	   2.8901570e+01	   2.9279559e+01	   2.9010640e+01	   2.8052653e+01	   2.6211234e+01	   2.3897167e+01	   2.0351954e+01	   1.7070124e+01	             NaN	             NaN	             NaN	             NaN	             NaN	             NaN	             NaN	             NaN	             NaN	             NaN	             NaN	   0.0000000e+00	   0.0000000e+00	   0.0000000e+00	
   3.0760828e+01	   3.3681371e+01	   3.5111179e+01	   3.4118014e+01	   3.2344432e+01	   3.0108939e+01	   2.8749087e+01	   2.8021045e+01	   2.8469595e+01	   2.8972103e+01	   2.9689270e+01	   3.0256912e+01	   3.0808318e+01	   3.0635798e+01	   2.9618918e+01	   2.7798826e+01	   2.5491967e+01	   2.2490360e+01	   1.8296624e+01	             NaN	             NaN	             NaN	             NaN	             NaN	             NaN	             NaN	             NaN	             NaN	             NaN	             NaN	   0.0000000e+00	   0.0000000e+00	   0.0000000e+00	
   3.3494410e+01	   3.5410859e+01	   3.7312363e+01	   3.6427652e+01	   3.4550206e+01	   3.1532769e+01	   3.0029635e+01	   2.9576500e+01	   2.9637397e+01	   2.9935422e+01	   3.1126857e+01	   3.1734734e+01	   3.2197557e+01	   3.2258111e+01	   3.1235348e+01	   2.9493154e+01	   2.7183812e+01	   2.4446790e+01	   2.0196213e+01	             NaN	             NaN	             NaN	             NaN	             NaN	             NaN	             NaN	             NaN	             NaN	             NaN	             NaN	   0.0000000e+00	   0.0000000e+00	   0.0000000e+00	
   3.3063486e+01	   3.7098924e+01	   3.8729825e+01	   3.8268339e+01	   3.6342904e+01	   3.3561755e+01	   3.1777610e+01	   3.0985132e+01	   3.0655569e+01	   3.1375766e+01	   3.2354743e+01	   3.3141411e+01	   3.3695125e+01	   3.3830459e+01	   3.2873189e+01	   3.1118910e+01	   2.8807088e+01	   2.6081753e+01	   2.2386887e+01	   1.8757411e+01	             NaN	             NaN	             NaN	             NaN	             NaN	             NaN	             NaN	             NaN	             NaN	             NaN	             NaN	   0.0000000e+00	   0.0000000e+00	
   3.6850724e+01	   3.9502338e+01	   4.0186095e+01	   3.9902883e+01	   3.8199994e+01	   3.5080642e+01	   3.3118956e+01	   3.2328471e+01	   3.1905852e+01	   3.2498945e+01	   3.3642090e+01	   3.4519378e+01	   3.5259609e+01	   3.5247354e+01	   3.4690190e+01	   3.2903509e+01	   3.0392553e+01	   2.7795419e+01	   2.4380972e+01	   2.0131773e+01	             NaN	             NaN	             NaN	             NaN	             NaN	             NaN	             NaN	             NaN	             NaN	             NaN	             NaN	   0.0000000e+00	   0.0000000e+00	
   3.8089022e+01	   4.2173213e+01	   4.2561538e+01	   4.1962519e+01	   3.9833791e+01	   3.6511630e+01	   3.4629809e+01	   3.3552818e+01	   3.3502787e+01	   3.3651749e+01	   3.4865768e+01	   3.5808598e+01	   3.6718151e+01	   3.6878765e+01	   3.6229360e+01	   3.4130668e+01	   3.1977495e+01	   2.9187615e+01	   2.6161357e+01	   2.1833899e+01	   1.8959033e+01	             NaN	             NaN	             NaN	             NaN	             NaN	             NaN	             NaN	             NaN	             NaN	             NaN	             NaN	   0.0000000e+00	
   3.9031179e+01	   4.3149114e+01	   4.5382461e+01	   4.4573246e+01	   4.2291593e+01	   3.8865523e+01	   3.6211343e+01	   3.5066638e+01	   3.4802416e+01	   3.5398753e+01	   3.6460919e+01	   3.7432073e+01	   3.8433366e+01	   3.8820184e+01	   3.8033882e+01	   3.6383876e+01	   3.3929379e+01	   3.1077673e+01	   2.8005276e+01	   2.3975564e+01	   2.0279912e+01	             NaN	             NaN	             NaN	             NaN	             NaN	             NaN	             NaN	             NaN	             NaN	             NaN	             NaN	   0.0000000e+00	
   4.1016876e+01	   4.5254192e+01	   4.7860003e+01	   4.7086305e+01	   4.4358220e+01	   4.0925031e+01	   3.8240296e+01	   3.6728169e+01	   3.6116248e+01	   3.6770956e+01	   3.7867403e+01	   3.9011666e+01	   4.0047325e+01	   4.0702529e+01	   3.9937041e+01	   3.8101188e+01	   3.5692944e+01	   3.2905361e+01	   2.9787772e+01	   2.6101618e+01	   2.1766007e+01	             NaN	             NaN	             NaN	             NaN	             NaN	             NaN	             NaN	             NaN	             NaN	             NaN	             NaN	   0.0000000e+00	
   4.5406762e+01	   4.8065340e+01	   4.8909957e+01	   4.9199011e+01	   4.6541699e+01	   4.2388217e+01	   3.9683858e+01	   3.8278008e+01	   3.7592207e+01	   3.8057402e+01	   3.9145102e+01	   4.0441078e+01	   4.1729705e+01	   4.2339938e+01	   4.1725141e+01	   3.9879762e+01	   3.7396370e+01	   3.4449791e+01	   3.1472165e+01	   2.7890176e+01	   2.3509337e+01	   2.0084782e+01	             NaN	             NaN	             NaN	             NaN	             NaN	             NaN	             NaN	             NaN	             NaN	             NaN	             NaN	
   4.6355020e+01	   5.0787832e+01	   5.2216089e+01	   5.1172285e+01	   4.8618131e+01	   4.4575447e+01	   4.1618919e+01	   3.9606382e+01	   3.9037528e+01	   3.9493852e+01	   4.0651142e+01	   4.2045300e+01	   4.3214344e+01	   4.3980797e+01	   4.3444231e+01	   4.1316476e+01	   3.9181084e+01	   3.6289350e+01	   3.3110357e+01	   2.9775363e+01	   2.5543533e+01	   2.1328992e+01	             NaN	             NaN	             NaN	             NaN	             NaN	             NaN	             NaN	             NaN	             NaN	             NaN	             NaN	
   4.9379436e+01	   5.2227521e+01	   5.4246211e+01	   5.3658391e+01	   5.0402626e+01	   4.6091271e+01	   4.2757942e+01	   4.1096616e+01	   4.0296829e+01	   4.0873228e+01	   4.1848952e+01	   4.3350469e+01	   4.4821900e+01	   4.5454182e+01	   4.5061106e+01	   4.3355084e+01	   4.0760115e+01	   3.7844802e+01	   3.4727972e+01	   3.1429379e+01	   2.7391226e+01	   2.2769868e+01	   1.9647988e+01	             NaN	             NaN	             NaN	             NaN	             NaN	             NaN	             NaN	             NaN	             NaN	             NaN	
   5.1260069e+01	   5.5101125e+01	   5.6674333e+01	   5.6347398e+01	   5.2684344e+01	   4.8603728e+01	   4.5003302e+01	   4.2696860e+01	   4.1711592e+01	   4.2217435e+01	   4.3394348e+01	   4.4735058e+01	   4.6414801e+01	   4.7383052e+01	   4.6891120e+01	   4.5051573e+01	   4.2378057e+01	   3.9514000e+01	   3.6393906e+01	   3.3120146e+01	   2.9289932e+01	   2.4487028e+01	   2.0906427e+01	             NaN	             NaN	             NaN	             NaN	             NaN	             NaN	             NaN	             NaN	             NaN	             NaN	
   5.3616232e+01	   5.7302955e+01	   5.8855947e+01	   5.8840358e+01	   5.5389486e+01	   5.0426629e+01	   4.6481788e+01	   4.4242550e+01	   4.3382578e+01	   4.3681659e+01	   4.4782010e+01	   4.6417000e+01	   4.8047697e+01	   4.9125337e+01	   4.8572225e+01	   4.6898859e+01	   4.4138754e+01	   4.1279931e+01	   3.8129533e+01	   3.4746214e+01	   3.1280149e+01	   2.6514939e+01	   2.2314841e+01	             NaN	             NaN	             NaN	             NaN	             NaN	             NaN	             NaN	             NaN	             NaN	             NaN	
   5.6406242e+01	   6.0180147e+01	   6.1698483e+01	   6.1294563e+01	   5.7444062e+01	   5.2310778e+01	   4.8243581e+01	   4.5745607e+01	   4.4741564e+01	   4.5068594e+01	   4.6407090e+01	   4.7877611e+01	   4.9653562e+01	   5.0793509e+01	   5.0307912e+01	   4.8635254e+01	   4.6004123e+01	   4.2941271e+01	   3.9830268e+01	   3.6487454e+01	   3.2874048e+01	   2.8504580e+01	   2.3894241e+01	   2.0496098e+01	             NaN	             NaN	             NaN	             NaN	             NaN	             NaN	             NaN	             NaN	             NaN	
   5.8794545e+01	   6.3012723e+01	   6.4425393e+01	   6.3543027e+01	   5.9943593e+01	   5.4672976e+01	   5.0088685e+01	   4.7487595e+01	   4.6170646e+01	   4.6314750e+01	   4.7611211e+01	   4.9254665e+01	   5.1064308e+01	   5.2010291e+01	   5.2014932e+01	   5.0224971e+01	   4.7598999e+01	   4.4520047e+01	   4.1300915e+01	   3.8110572e+01	   3.4515154e+01	   3.0236956e+01	   2.5376463e+01	   2.1762579e+01	             NaN	             NaN	             NaN	             NaN	             NaN	             NaN	             NaN	             NaN	             NaN	
   6.1288052e+01	   6.6683482e+01	   6.7232366e+01	   6.5715654e+01	   6.1802924e+01	   5.6589762e+01	   5.2052415e+01	   4.8896886e+01	   4.7601257e+01	   4.7781684e+01	   4.8822922e+01	   5.0678954e+01	   5.2212432e+01	   5.3670266e+01	   5.3516449e+01	   5.1682131e+01	   4.9262903e+01	   4.6130335e+01	   4.2960237e+01	   3.9770115e+01	   3.6215785e+01	   3.2133759e+01	   2.7303708e+01	   2.3136043e+01	   1.9919309e+01	             NaN	             NaN	             NaN	             NaN	             NaN	             NaN	             NaN	             NaN	
   6.2770254e+01	   6.7753811e+01	   6.9175324e+01	   6.7934875e+01	   6.3745464e+01	   5.8748299e+01	   5.3588483e+01	   5.0556360e+01	   4.8771519e+01	   4.9077453e+01	   5.0018178e+01	   5.1699718e+01	   5.3612718e+01	   5.4912884e+01	   5.4851212e+01	   5.3200574e+01	   5.0770394e+01	   4.7604351e+01	   4.4491946e+01	   4.1266961e+01	   3.7779388e+01	   3.3707589e+01	   2.9085728e+01	   2.4517203e+01	   2.1255555e+01	             NaN	             NaN	             NaN	             NaN	             NaN	             NaN	             NaN	             NaN	
   6.5407652e+01	   6.9970824e+01	   7.2284228e+01	   7.0570200e+01	   6.5922213e+01	   6.0351665e+01	   5.5027715e+01	   5.1783258e+01	   4.9847678e+01	   5.0125248e+01	   5.1036773e+01	   5.2803572e+01	   5.4804895e+01	   5.6382490e+01	   5.6081249e+01	   5.4666855e+01	   5.2200232e+01	   4.8998667e+01	   4.5913692e+01	   4.2822425e+01	   3.9352577e+01	   3.5275265e+01	   3.0772821e+01	   2.5954037e+01	   2.2498720e+01	             NaN	             NaN	             NaN	             NaN	             NaN	             NaN	             NaN	             NaN	
   6.7401209e+01	   7.3661564e+01	   7.4750946e+01	   7.2470077e+01	   6.8009247e+01	   6.1915665e+01	   5.6653947e+01	   5.2933571e+01	   5.1061605e+01	   5.1184847e+01	   5.2411306e+01	   5.4060917e+01	   5.5819272e+01	   5.7491340e+01	   5.7328030e+01	   5.5956925e+01	   5.3407095e+01	   5.0400874e+01	   4.7398148e+01	   4.4248315e+01	   4.0753749e+01	   3.6833472e+01	   3.2512433e+01	   2.7695561e+01	   2.3775798e+01	   2.0387461e+01	             NaN	             NaN	             NaN	             NaN	             NaN	             NaN	             NaN	
   6.9130733e+01	   7.5039970e+01	   7.7087308e+01	   7.4344587e+01	   6.9855549e+01	   6.3727698e+01	   5.8166892e+01	   5.4604823e+01	   5.2355868e+01	   5.2321342e+01	   5.2977648e+01	   5.4850798e+01	   5.6678103e+01	   5.8506360e+01	   5.8738306e+01	   5.7071710e+01	   5.4709402e+01	   5.1726943e+01	   4.8735345e+01	   4.5586902e+01	   4.2188637e+01	   3.8258981e+01	   3.3922346e+01	   2.9450233e+01	   2.5109237e+01	   2.1724619e+01	             NaN	             NaN	             NaN	             NaN	             NaN	             NaN	             NaN	
   7.1746116e+01	   7.7073149e+01	   7.8645461e+01	   7.6990221e+01	   7.2406683e+01	   6.5553204e+01	   5.9940947e+01	   5.6122367e+01	   5.3627141e+01	   5.3201209e+01	   5.4107612e+01	   5.5718059e+01	   5.7879632e+01	   5.9504746e+01	   5.9591998e+01	   5.8029153e+01	   5.5883623e+01	   5.2987102e+01	   5.0022253e+01	   4.6998562e+01	   4.3689907e+01	   3.9625604e+01	   3.5493572e+01	   3.1094280e+01	   2.6673685e+01	   2.2948814e+01	   1.9127769e+01	             NaN	             NaN	             NaN	             NaN	             NaN	             NaN	
   7.4718654e+01	   7.9016322e+01	   8.0396703e+01	   7.8982532e+01	   7.3922714e+01	   6.7572937e+01	   6.1358916e+01	   5.7277506e+01	   5.4860797e+01	   5.3996174e+01	   5.4930576e+01	   5.6746245e+01	   5.8651101e+01	   6.0485003e+01	   6.0586044e+01	   5.9241116e+01	   5.7133925e+01	   5.4370820e+01	   5.1325897e+01	   4.8320849e+01	   4.4992646e+01	   4.1233118e+01	   3.7081683e+01	   3.2785298e+01	   2.8217129e+01	   2.4348064e+01	   2.0456648e+01	             NaN	             NaN	             NaN	             NaN	             NaN	             NaN	
   7.5065761e+01	   8.1343084e+01	   8.3044910e+01	   8.1021021e+01	   7.6012919e+01	   6.9186804e+01	   6.3062908e+01	   5.8612782e+01	   5.5641235e+01	   5.5152409e+01	   5.5481569e+01	   5.7451824e+01	   5.9280395e+01	   6.1069434e+01	   6.1564839e+01	   6.0336435e+01	   5.8070390e+01	   5.5281865e+01	   5.2489521e+01	   4.9546558e+01	   4.6268186e+01	   4.2596986e+01	   3.8542855e+01	   3.4287645e+01	   2.9941355e+01	   2.5523308e+01	   2.1783336e+01	             NaN	             NaN	             NaN	             NaN	             NaN	             NaN	
   7.7988651e+01	   8.4172451e+01	   8.4153157e+01	   8.3381964e+01	   7.7718489e+01	   7.0483263e+01	   6.4621588e+01	   5.9680114e+01	   5.6920236e+01	   5.6068328e+01	   5.6556791e+01	   5.7905552e+01	   6.0006185e+01	   6.1864389e+01	   6.2123815e+01	   6.1098257e+01	   5.8933350e+01	   5.6465039e+01	   5.3557395e+01	   5.0844849e+01	   4.7633495e+01	   4.3969041e+01	   3.9744828e+01	   3.5691891e+01	   3.1619218e+01	   2.6923630e+01	   2.2985643e+01	   1.9199785e+01	             NaN	             NaN	             NaN	             NaN	             NaN	
   7.7618068e+01	   8.4932557e+01	   8.5587595e+01	   8.4409599e+01	   7.8857079e+01	   7.2005740e+01	   6.5460565e+01	   6.0625962e+01	   5.7640180e+01	   5.6438492e+01	   5.6999785e+01	   5.8548959e+01	   6.0444725e+01	   6.2357658e+01	   6.2711573e+01	   6.1659711e+01	   5.9608653e+01	   5.7059760e+01	   5.4320071e+01	   5.1590630e+01	   4.8551498e+01	   4.4889450e+01	   4.0768936e+01	   3.6701506e+01	   3.2690981e+01	   2.8142498e+01	   2.4039529e+01	   2.0076267e+01	             NaN	             NaN	             NaN	             NaN	             NaN	
   7.8729125e+01	   8.6479542e+01	   8.7837642e+01	   8.6278042e+01	   8.0543178e+01	   7.3378313e+01	   6.6724175e+01	   6.1616501e+01	   5.8402996e+01	   5.7077725e+01	   5.7639040e+01	   5.9002443e+01	   6.1087034e+01	   6.2631468e+01	   6.3322266e+01	   6.2393486e+01	   6.0168126e+01	   5.8156048e+01	   5.5388423e+01	   5.2664090e+01	   4.9669375e+01	   4.5736597e+01	   4.1944609e+01	   3.7935499e+01	   3.4066925e+01	   2.9538747e+01	   2.4937830e+01	   2.1275074e+01	   1.7229038e+01	             NaN	             NaN	             NaN	             NaN	
   8.2423414e+01	   8.7127002e+01	   8.9423688e+01	   8.7415512e+01	   8.2386958e+01	   7.5103828e+01	   6.8572743e+01	   6.2308307e+01	   5.9268380e+01	   5.7967625e+01	   5.8168960e+01	   5.9320560e+01	   6.1437151e+01	   6.3115177e+01	   6.3780294e+01	   6.2980824e+01	   6.1092924e+01	   5.8719040e+01	   5.6340978e+01	   5.3663906e+01	   5.0647862e+01	   4.7031788e+01	   4.3070397e+01	   3.9072388e+01	   3.5410707e+01	   3.0999547e+01	   2.6222509e+01	   2.2407025e+01	   1.8388189e+01	             NaN	             NaN	             NaN	             NaN	
   8.2496600e+01	   8.8510533e+01	   8.9966312e+01	   8.8494992e+01	   8.3067497e+01	   7.5856934e+01	   6.9059723e+01	   6.3770715e+01	   5.9962178e+01	   5.8563575e+01	   5.8585578e+01	   5.9718069e+01	   6.1611748e+01	   6.3488524e+01	   6.4172839e+01	   6.3160940e+01	   6.1667832e+01	   5.9379687e+01	   5.7045600e+01	   5.4501655e+01	   5.1611752e+01	   4.7999331e+01	   4.3991177e+01	   4.0153514e+01	   3.6485353e+01	   3.2373490e+01	   2.7454519e+01	   2.3508905e+01	   1.9453016e+01	             NaN	             NaN	             NaN	             NaN	
   8.3053965e+01	   8.9578500e+01	   9.1515055e+01	   9.0259563e+01	   8.4567032e+01	   7.7574836e+01	   7.0406804e+01	   6.4608116e+01	   6.0608773e+01	   5.9248633e+01	   5.9303739e+01	   6.0059917e+01	   6.1875070e+01	   6.3815330e+01	   6.4469226e+01	   6.3553501e+01	   6.1849310e+01	   5.9848367e+01	   5.7521087e+01	   5.5224373e+01	   5.2486056e+01	   4.8921060e+01	   4.5033370e+01	   4.1247576e+01	   3.7525365e+01	   3.3564580e+01	   2.8719660e+01	   2.4352034e+01	   2.0561205e+01	   1.6607576e+01	             NaN	             NaN	             NaN	
   8.3262671e+01	   9.1086457e+01	   9.1903620e+01	   9.1345320e+01	   8.6032962e+01	   7.8669139e+01	   7.1290159e+01	   6.5630309e+01	   6.1359875e+01	   5.9363391e+01	   5.9456387e+01	   6.0245498e+01	   6.2034180e+01	   6.3850195e+01	   6.4448990e+01	   6.3821434e+01	   6.2345187e+01	   6.0384092e+01	   5.8127710e+01	   5.5780223e+01	   5.2981968e+01	   4.9708784e+01	   4.5748665e+01	   4.2175230e+01	   3.8528569e+01	   3.4597169e+01	   3.0014896e+01	   2.5373950e+01	   2.1388909e+01	   1.7615435e+01	             NaN	             NaN	             NaN	
   8.4331169e+01	   9.2045780e+01	   9.3371778e+01	   9.1226839e+01	   8.7033430e+01	   7.9443590e+01	   7.2309450e+01	   6.6144131e+01	   6.1851719e+01	   5.9810552e+01	   5.9603429e+01	   6.0269224e+01	   6.1939440e+01	   6.3827474e+01	   6.4305109e+01	   6.3758137e+01	   6.2423398e+01	   6.0709485e+01	   5.8624592e+01	   5.6292639e+01	   5.3695601e+01	   5.0467875e+01	   4.6637247e+01	   4.3020259e+01	   3.9451243e+01	   3.5629375e+01	   3.1086334e+01	   2.6560621e+01	   2.2391468e+01	   1.8577958e+01	   1.4891802e+01	             NaN	             NaN	
   8.5564378e+01	   9.2268577e+01	   9.3966774e+01	   9.2667057e+01	   8.7347773e+01	   8.0459932e+01	   7.3325389e+01	   6.6989704e+01	   6.2534236e+01	   6.0233888e+01	   5.9948448e+01	   6.0384472e+01	   6.1887348e+01	   6.3823428e+01	   6.4417064e+01	   6.4181095e+01	   6.2665541e+01	   6.0929492e+01	   5.8817942e+01	   5.6793054e+01	   5.4210200e+01	   5.1000859e+01	   4.7449531e+01	   4.3840815e+01	   4.0297162e+01	   3.6538875e+01	   3.2104710e+01	   2.7551115e+01	   2.3263387e+01	   1.9531225e+01	   1.5860610e+01	             NaN	             NaN	
   8.6309167e+01	   9.3042024e+01	   9.4118483e+01	   9.3273053e+01	   8.8513424e+01	   8.1350166e+01	   7.3890005e+01	   6.7807802e+01	   6.2740154e+01	   6.0822489e+01	   5.9965068e+01	   6.0522436e+01	   6.1676054e+01	   6.3555034e+01	   6.4219093e+01	   6.3885445e+01	   6.2642764e+01	   6.1031476e+01	   5.9251080e+01	   5.7145142e+01	   5.4769459e+01	   5.1630013e+01	   4.8013590e+01	   4.4473698e+01	   4.1082998e+01	   3.7430892e+01	   3.3223226e+01	   2.8631193e+01	   2.4126207e+01	   2.0375478e+01	   1.6777422e+01	             NaN	             NaN	
   8.5302614e+01	   9.3504577e+01	   9.5086274e+01	   9.4162497e+01	   8.8755691e+01	   8.1846160e+01	   7.4720136e+01	   6.8377721e+01	   6.3384454e+01	   6.0724245e+01	   6.0050967e+01	   6.0488377e+01	   6.1591553e+01	   6.3249873e+01	   6.4114884e+01	   6.3781228e+01	   6.2627070e+01	   6.1038827e+01	   5.9382243e+01	   5.7466206e+01	   5.5110328e+01	   5.2136739e+01	   4.8636098e+01	   4.5090423e+01	   4.1872613e+01	   3.8220478e+01	   3.4163450e+01	   2.9640914e+01	   2.5037371e+01	   2.1265236e+01	   1.7610746e+01	   1.4285757e+01	             NaN	
   8.6472979e+01	   9.2621497e+01	   9.6016034e+01	   9.4183625e+01	   8.9389498e+01	   8.2261538e+01	   7.5206494e+01	   6.8684455e+01	   6.3731965e+01	   6.0835078e+01	   6.0008705e+01	   6.0237594e+01	   6.1541706e+01	   6.3083508e+01	   6.3908181e+01	   6.3336029e+01	   6.2469691e+01	   6.1081795e+01	   5.9437822e+01	   5.7656014e+01	   5.5339344e+01	   5.2398936e+01	   4.9036604e+01	   4.5595785e+01	   4.2562753e+01	   3.9018018e+01	   3.4871617e+01	   3.0534827e+01	   2.5993910e+01	   2.2009521e+01	   1.8473562e+01	   1.5180753e+01	             NaN	
   8.4964521e+01	   9.2628669e+01	   9.6294369e+01	   9.4091032e+01	   8.9810306e+01	   8.3130835e+01	   7.5515759e+01	   6.9266812e+01	   6.4252670e+01	   6.1194894e+01	   6.0205632e+01	   6.0124105e+01	   6.1057758e+01	   6.2747904e+01	   6.3408326e+01	   6.3048119e+01	   6.2341695e+01	   6.0884400e+01	   5.9553854e+01	   5.7717587e+01	   5.5505959e+01	   5.2799902e+01	   4.9480744e+01	   4.6179262e+01	   4.3074940e+01	   3.9589407e+01	   3.5653961e+01	   3.1430953e+01	   2.6962055e+01	   2.2772182e+01	   1.9295664e+01	   1.5971764e+01	   1.3008202e+01	
   8.5225291e+01	   9.3124373e+01	   9.6143278e+01	   9.4090045e+01	   9.0194582e+01	   8.3399417e+01	   7.6023698e+01	   6.9927651e+01	   6.4491182e+01	   6.1307164e+01	   6.0131457e+01	   5.9929389e+01	   6.0876714e+01	   6.2243647e+01	   6.3203000e+01	   6.2896645e+01	   6.2145350e+01	   6.0974034e+01	   5.9525360e+01	   5.7959289e+01	   5.5872806e+01	   5.3013231e+01	   4.9882917e+01	   4.6611053e+01	   4.3542303e+01	   4.0289169e+01	   3.6383745e+01	   3.2370783e+01	   2.7955803e+01	   2.3705516e+01	   2.0112769e+01	   1.6763481e+01	   1.3821945e+01	
   8.6918117e+01	   9.2666461e+01	   9.6046046e+01	   9.4763050e+01	   9.0787297e+01	   8.3754722e+01	   7.6309314e+01	   7.0234800e+01	   6.4742121e+01	   6.1936892e+01	   6.0225679e+01	   5.9548547e+01	   6.0586906e+01	   6.2128472e+01	   6.2848101e+01	   6.2449088e+01	   6.1703160e+01	   6.0691210e+01	   5.9427709e+01	   5.7903739e+01	   5.5989974e+01	   5.3314733e+01	   5.0187073e+01	   4.7066102e+01	   4.4134393e+01	   4.0914673e+01	   3.7078330e+01	   3.2987558e+01	   2.8759623e+01	   2.4583754e+01	   2.0807995e+01	   1.7566150e+01	   1.4528668e+01	
   8.6733075e+01	   9.3507044e+01	   9.5646848e+01	   9.5420666e+01	   9.0757348e+01	   8.3808926e+01	   7.7437182e+01	   7.0579876e+01	   6.5137649e+01	   6.1534309e+01	   6.0013116e+01	   5.9554547e+01	   6.0484744e+01	   6.1784753e+01	   6.2319260e+01	   6.2425388e+01	   6.1410784e+01	   6.0591271e+01	   5.9283004e+01	   5.7909487e+01	   5.5939326e+01	   5.3450442e+01	   5.0356315e+01	   4.7368340e+01	   4.4556272e+01	   4.1335296e+01	   3.7734318e+01	   3.3781179e+01	   2.9569674e+01	   2.5328568e+01	   2.1570178e+01	   1.8315754e+01	   1.5265200e+01	
   8.5202505e+01	   9.3123449e+01	   9.5747638e+01	   9.5487509e+01	   9.1344553e+01	   8.4388505e+01	   7.7887257e+01	   7.0811554e+01	   6.5072835e+01	   6.1799244e+01	   6.0068074e+01	   5.9492118e+01	   5.9922308e+01	   6.1481111e+01	   6.1907587e+01	   6.1836198e+01	   6.1170108e+01	   6.0297509e+01	   5.9225353e+01	   5.7818322e+01	   5.5996723e+01	   5.3604882e+01	   5.0709152e+01	   4.7735268e+01	   4.4914871e+01	   4.1892235e+01	   3.8194987e+01	   3.4267692e+01	   3.0308152e+01	   2.6186527e+01	   2.2348964e+01	   1.8975111e+01	   1.6027858e+01	
   8.6512419e+01	   9.2531725e+01	   9.5583367e+01	   9.4973269e+01	   9.1292162e+01	   8.4508672e+01	   7.7860736e+01	   7.0910758e+01	   6.5243031e+01	   6.1820217e+01	   5.9888278e+01	   5.9174386e+01	   5.9673247e+01	   6.0700222e+01	   6.1366145e+01	   6.1280421e+01	   6.0650939e+01	   5.9858428e+01	   5.8925193e+01	   5.7691957e+01	   5.5894358e+01	   5.3672128e+01	   5.0655290e+01	   4.7875198e+01	   4.5228650e+01	   4.2371690e+01	   3.8769942e+01	   3.4932885e+01	   3.0828174e+01	   2.6921092e+01	   2.3011147e+01	   1.9603713e+01	   1.6686888e+01	
             NaN	   9.2307081e+01	   9.5509978e+01	   9.4665572e+01	   9.0882164e+01	   8.4883983e+01	   7.8083518e+01	   7.1231085e+01	   6.5693698e+01	   6.1907638e+01	   5.9627334e+01	   5.8894134e+01	   5.9215263e+01	   6.0332377e+01	   6.0974647e+01	   6.0937069e+01	   6.0326759e+01	   5.9539565e+01	   5.8475961e+01	   5.7384830e+01	   5.5862917e+01	   5.3471042e+01	   5.0687626e+01	   4.8053806e+01	   4.5492093e+01	   4.2680275e+01	   3.9191048e+01	   3.5405137e+01	   3.1562050e+01	   2.7637513e+01	   2.3698853e+01	   2.0279676e+01	   1.7385636e+01	
             NaN	   9.2748595e+01	   9.4590369e+01	   9.4419760e+01	   9.1052148e+01	   8.5188147e+01	   7.7881939e+01	   7.1200060e+01	   6.5799342e+01	   6.1764284e+01	   5.9766390e+01	   5.8616611e+01	   5.8902455e+01	   5.9803488e+01	   6.0327382e+01	   6.0366471e+01	   5.9863801e+01	   5.8982442e+01	   5.8100995e+01	   5.7110198e+01	   5.5602878e+01	   5.3445008e+01	   5.0705625e+01	   4.8098822e+01	   4.5639906e+01	   4.2908641e+01	   3.9621922e+01	   3.5868073e+01	   3.2122525e+01	   2.8227939e+01	   2.4444257e+01	   2.0860601e+01	   1.8011484e+01	
             NaN	   9.1190750e+01	   9.4686276e+01	   9.4674591e+01	   9.1265450e+01	   8.4546629e+01	   7.8153988e+01	   7.1553542e+01	   6.5588299e+01	   6.1764339e+01	   5.9374651e+01	   5.8332154e+01	   5.8540179e+01	   5.9304261e+01	   5.9871505e+01	   5.9807463e+01	   5.9196012e+01	   5.8438432e+01	   5.7734036e+01	   5.6879961e+01	   5.5393994e+01	   5.3157298e+01	   5.0710424e+01	   4.8033884e+01	   4.5827543e+01	   4.3049936e+01	   3.9829341e+01	   3.6306910e+01	   3.2621640e+01	   2.8803990e+01	   2.5055887e+01	   2.1501784e+01	   1.8704577e+01	
             NaN	   9.0630759e+01	   9.4601000e+01	   9.3783275e+01	   9.0608862e+01	   8.4693717e+01	   7.8589498e+01	   7.1931986e+01	   6.5562466e+01	   6.1929845e+01	   5.9147551e+01	   5.7835166e+01	   5.8054848e+01	   5.8833635e+01	   5.9113275e+01	   5.9251811e+01	   5.8844237e+01	   5.8116263e+01	   5.7340338e+01	   5.6590918e+01	   5.5187832e+01	   5.3056223e+01	   5.0684539e+01	   4.8135526e+01	   4.5872022e+01	   4.3394371e+01	   4.0185406e+01	   3.6621856e+01	   3.2971423e+01	   2.9278182e+01	   2.5665366e+01	   2.2150818e+01	   1.9178190e+01	
             NaN	   9.0765128e+01	   9.5003496e+01	   9.3846289e+01	   9.0402141e+01	   8.4818552e+01	   7.8231968e+01	   7.1984923e+01	   6.5592467e+01	   6.1740232e+01	   5.8980406e+01	   5.7738419e+01	   5.7551089e+01	   5.8367235e+01	   5.8675837e+01	   5.8395737e+01	   5.8086420e+01	   5.7589547e+01	   5.6700946e+01	   5.5995599e+01	   5.4897286e+01	   5.2897474e+01	   5.0406315e+01	   4.8115101e+01	   4.5957410e+01	   4.3406463e+01	   4.0387733e+01	   3.7097729e+01	   3.3488518e+01	   2.9783088e+01	   2.6241992e+01	   2.2799711e+01	   1.9803549e+01	
             NaN	   8.9878691e+01	   9.3250167e+01	   9.3489201e+01	   8.9972808e+01	   8.4021186e+01	   7.8250562e+01	   7.1947273e+01	   6.5602564e+01	   6.1694350e+01	   5.8889900e+01	   5.7466456e+01	   5.7152985e+01	   5.7707143e+01	   5.8131323e+01	   5.8005191e+01	   5.7440378e+01	   5.6968168e+01	   5.6343810e+01	   5.5830570e+01	   5.4446122e+01	   5.2584696e+01	   5.0233922e+01	   4.7949433e+01	   4.5859352e+01	   4.3563360e+01	   4.0494400e+01	   3.7283276e+01	   3.3817223e+01	   3.0170612e+01	   2.6827761e+01	   2.3319400e+01	   2.0296586e+01	
             NaN	             NaN	   9.2760826e+01	   9.2563824e+01	   8.9334592e+01	   8.3951023e+01	   7.7910807e+01	   7.1552611e+01	   6.5649596e+01	   6.1520013e+01	   5.8607496e+01	   5.7219351e+01	   5.6534709e+01	   5.7120149e+01	   5.7327565e+01	   5.7356987e+01	   5.6911268e+01	   5.6395441e+01	   5.5782843e+01	   5.5125174e+01	   5.4018523e+01	   5.2134405e+01	   4.9911210e+01	   4.7755428e+01	   4.5708522e+01	   4.3556840e+01	   4.0640956e+01	   3.7528082e+01	   3.3996396e+01	   3.0506951e+01	   2.7140486e+01	   2.3939592e+01	   2.0696500e+01	
             NaN	             NaN	   9.1640192e+01	   9.1985180e+01	   8.8812637e+01	   8.3698423e+01	   7.8277643e+01	   7.1473433e+01	   6.5566206e+01	   6.1137115e+01	   5.8391824e+01	   5.6598751e+01	   5.6015955e+01	   5.6561225e+01	   5.6666954e+01	   5.6615801e+01	   5.6071292e+01	   5.5636871e+01	   5.5183860e+01	   5.4519369e+01	   5.3511620e+01	   5.1787450e+01	   4.9685958e+01	   4.7488777e+01	   4.5685791e+01	   4.3525635e+01	   4.0720705e+01	   3.7647167e+01	   3.4306315e+01	   3.0954782e+01	   2.7589205e+01	   2.4314448e+01	   2.1276187e+01	
             NaN	             NaN	   9.1684000e+01	   9.0905014e+01	   8.8328740e+01	   8.3298230e+01	   7.7329636e+01	   7.1041243e+01	   6.5084096e+01	   6.0947659e+01	   5.8004920e+01	   5.6251447e+01	   5.5628465e+01	   5.5840993e+01	   5.5906356e+01	   5.5781389e+01	   5.5255749e+01	   5.4943826e+01	   5.4400078e+01	   5.4021171e+01	   5.2902317e+01	   5.1307925e+01	   4.9283722e+01	   4.7238265e+01	   4.5459479e+01	   4.3348622e+01	   4.0767722e+01	   3.7685714e+01	   3.4433181e+01	   3.1186850e+01	   2.7909797e+01	   2.4714982e+01	   2.1795869e+01	
             NaN	             NaN	   8.9290544e+01	   9.0024378e+01	   8.7558129e+01	   8.2418654e+01	   7.6764017e+01	   7.0799146e+01	   6.4993159e+01	   6.0687497e+01	   5.7418299e+01	   5.5582765e+01	   5.4765655e+01	   5.4972460e+01	   5.5059726e+01	   5.4715410e+01	   5.4426644e+01	   5.3919702e+01	   5.3591975e+01	   5.3143459e+01	   5.2108549e+01	   5.0695372e+01	   4.8755229e+01	   4.6802141e+01	   4.5145320e+01	   4.3259304e+01	   4.0589783e+01	   3.7658044e+01	   3.4458073e+01	   3.1295005e+01	   2.8158703e+01	   2.5030925e+01	   2.2207485e+01	
             NaN	             NaN	   8.9394337e+01	   8.8943524e+01	   8.6724516e+01	   8.1911611e+01	   7.6287500e+01	   7.0579322e+01	   6.4508668e+01	   6.0356325e+01	   5.7184154e+01	   5.5294242e+01	   5.4401836e+01	   5.4429249e+01	   5.4466599e+01	   5.4186855e+01	   5.3735456e+01	   5.3491841e+01	   5.2987697e+01	   5.2590240e+01	   5.1763635e+01	   5.0281504e+01	   4.8379431e+01	   4.6415939e+01	   4.4913881e+01	   4.3075639e+01	   4.0466412e+01	   3.7719897e+01	   3.4627534e+01	   3.1519906e+01	   2.8434170e+01	   2.5378443e+01	   2.2634838e+01	
             NaN	             NaN	             NaN	   8.8292981e+01	   8.6215032e+01	   8.0950193e+01	   7.6591632e+01	   7.0069111e+01	   6.4366897e+01	   6.0013051e+01	   5.6877020e+01	   5.4877826e+01	   5.4072032e+01	   5.4058361e+01	   5.3922319e+01	   5.3572264e+01	   5.3230072e+01	   5.2781400e+01	   5.2344698e+01	   5.1966685e+01	   5.1147244e+01	   4.9734635e+01	   4.7949987e+01	   4.6193994e+01	   4.4625373e+01	   4.3025576e+01	   4.0515320e+01	   3.7673571e+01	   3.4689651e+01	   3.1585923e+01	   2.8513707e+01	   2.5627465e+01	   2.2878637e+01	
             NaN	             NaN	             NaN	   8.7506547e+01	   8.5263723e+01	   8.0721089e+01	   7.5863670e+01	   6.9742775e+01	   6.3824974e+01	   5.9743067e+01	   5.6094490e+01	   5.4310288e+01	   5.3348284e+01	   5.3285689e+01	   5.3061676e+01	   5.2798028e+01	   5.2378119e+01	   5.1883619e+01	   5.1709925e+01	   5.1219120e+01	   5.0284008e+01	   4.9102532e+01	   4.7550730e+01	   4.5699596e+01	   4.4226360e+01	   4.2603112e+01	   4.0188867e+01	   3.7597140e+01	   3.4677742e+01	   3.1661808e+01	   2.8702681e+01	   2.5806225e+01	   2.3112866e+01	
             NaN	             NaN	             NaN	   8.6235231e+01	   8.4651143e+01	   8.0159800e+01	   7.5210759e+01	   6.9304113e+01	   6.3542141e+01	   5.9186215e+01	   5.5990783e+01	   5.3578065e+01	   5.2656764e+01	   5.2496898e+01	   5.2358723e+01	   5.1964670e+01	   5.1506183e+01	   5.1127618e+01	   5.0781438e+01	   5.0472493e+01	   4.9779333e+01	   4.8372409e+01	   4.6863597e+01	   4.5255990e+01	   4.3891098e+01	   4.2150404e+01	   4.0042668e+01	   3.7492129e+01	   3.4586712e+01	   3.1669532e+01	   2.8849897e+01	   2.5967895e+01	   2.3430101e+01	
             NaN	             NaN	             NaN	   8.5576048e+01	   8.3486719e+01	   7.9490636e+01	   7.4400878e+01	   6.8525280e+01	   6.2919180e+01	   5.8900613e+01	   5.5563786e+01	   5.3363185e+01	   5.2076989e+01	   5.1871536e+01	   5.1681905e+01	   5.1172331e+01	   5.0682310e+01	   5.0367938e+01	   5.0015194e+01	   4.9735932e+01	   4.9040476e+01	   4.7865278e+01	   4.6473372e+01	   4.4738462e+01	   4.3466959e+01	   4.1886213e+01	   3.9746740e+01	   3.7341503e+01	   3.4514517e+01	   3.1686407e+01	   2.8791917e+01	   2.6133945e+01	   2.3604361e+01	
             NaN	             NaN	             NaN	   8.4138770e+01	   8.2545033e+01	   7.8343118e+01	   7.3672118e+01	   6.8513927e+01	   6.2874233e+01	   5.8342927e+01	   5.4906753e+01	   5.2638496e+01	   5.1587563e+01	   5.1445061e+01	   5.0816915e+01	   5.0250671e+01	   5.0047687e+01	   4.9515541e+01	   4.9258891e+01	   4.9008112e+01	   4.8332511e+01	   4.7256548e+01	   4.5667216e+01	   4.4194955e+01	   4.3026066e+01	   4.1607609e+01	   3.9609354e+01	   3.7068977e+01	   3.4421886e+01	   3.1504529e+01	   2.8869156e+01	   2.6230218e+01	   2.3774217e+01	
             NaN	             NaN	             NaN	             NaN	   8.1275638e+01	   7.7825327e+01	   7.3018319e+01	   6.7831657e+01	   6.1877355e+01	   5.7861595e+01	   5.4493073e+01	   5.2109911e+01	   5.1029305e+01	   5.0400399e+01	   5.0054407e+01	   4.9704447e+01	   4.9286044e+01	   4.8847569e+01	   4.8482157e+01	   4.8211060e+01	   4.7676832e+01	   4.6666050e+01	   4.5094992e+01	   4.3720769e+01	   4.2542861e+01	   4.1181087e+01	   3.9176985e+01	   3.6784360e+01	   3.4221896e+01	   3.1526986e+01	   2.8821504e+01	   2.6296550e+01	   2.3811383e+01	
             NaN	             NaN	             NaN	             NaN	   8.0516245e+01	   7.6514140e+01	   7.2324445e+01	   6.7018792e+01	   6.1496341e+01	   5.7119037e+01	   5.4071390e+01	   5.1536774e+01	   5.0391772e+01	   4.9877063e+01	   4.9403765e+01	   4.8736689e+01	   4.8240251e+01	   4.7905872e+01	   4.7601731e+01	   4.7363860e+01	   4.6763555e+01	   4.5627455e+01	   4.4448748e+01	   4.3058445e+01	   4.1917748e+01	   4.0688617e+01	   3.8712121e+01	   3.6503029e+01	   3.4032026e+01	   3.1426830e+01	   2.8809235e+01	   2.6283583e+01	   2.3870150e+01	
             NaN	             NaN	             NaN	             NaN	   7.8680143e+01	   7.5582138e+01	   7.1413178e+01	   6.5914332e+01	   6.0535990e+01	   5.6448983e+01	   5.3196624e+01	   5.0960016e+01	   4.9600483e+01	   4.9185979e+01	   4.8659478e+01	   4.7852666e+01	   4.7457621e+01	   4.6972759e+01	   4.6666667e+01	   4.6358072e+01	   4.5738555e+01	   4.4932445e+01	   4.3598849e+01	   4.2234233e+01	   4.1384884e+01	   4.0059078e+01	   3.8283621e+01	   3.6099659e+01	   3.3675115e+01	   3.1079110e+01	   2.8605536e+01	   2.6163391e+01	   2.3851139e+01	
             NaN	             NaN	             NaN	             NaN	   7.7868093e+01	   7.4781234e+01	   7.0149209e+01	   6.5562199e+01	   5.9897810e+01	   5.5845134e+01	   5.2412332e+01	   4.9978990e+01	   4.8915188e+01	   4.8195982e+01	   4.7578325e+01	   4.6972158e+01	   4.6400059e+01	   4.5983085e+01	   4.5617892e+01	   4.5417688e+01	   4.4981980e+01	   4.4018166e+01	   4.2819307e+01	   4.1640641e+01	   4.0695721e+01	   3.9487689e+01	   3.7779292e+01	   3.5667124e+01	   3.3422584e+01	   3.0859788e+01	   2.8481325e+01	   2.6019027e+01	   2.3834899e+01	
             NaN	             NaN	             NaN	             NaN	   7.6351035e+01	   7.3481559e+01	   6.9486020e+01	   6.4463209e+01	   5.9273255e+01	   5.5117642e+01	   5.1850381e+01	   4.9529654e+01	   4.8133393e+01	   4.7226903e+01	   4.6771060e+01	   4.6209003e+01	   4.5685585e+01	   4.5214872e+01	   4.4859403e+01	   4.4758461e+01	   4.4131516e+01	   4.3190602e+01	   4.2080319e+01	   4.0969645e+01	   4.0182467e+01	   3.8932767e+01	   3.7270932e+01	   3.5321076e+01	   3.3052255e+01	   3.0620446e+01	   2.8177939e+01	   2.5965394e+01	   2.3829460e+01	
             NaN	             NaN	             NaN	             NaN	             NaN	   7.2384294e+01	   6.8790002e+01	   6.3983794e+01	   5.8470183e+01	   5.4214873e+01	   5.1160767e+01	   4.8817708e+01	   4.7347211e+01	   4.6550579e+01	   4.6086855e+01	   4.5402149e+01	   4.4657373e+01	   4.4201463e+01	   4.4076575e+01	   4.3891688e+01	   4.3351159e+01	   4.2517009e+01	   4.1340556e+01	   4.0178971e+01	   3.9319765e+01	   3.8401464e+01	   3.6834114e+01	   3.4897447e+01	   3.2651892e+01	   3.0401031e+01	   2.8160939e+01	   2.5846744e+01	   2.3755608e+01	
             NaN	             NaN	             NaN	             NaN	             NaN	   7.1053862e+01	   6.7294978e+01	   6.2604230e+01	   5.7688427e+01	   5.3726748e+01	   5.0605067e+01	   4.7787791e+01	   4.6418672e+01	   4.5685973e+01	   4.5050206e+01	   4.4339475e+01	   4.3952321e+01	   4.3497182e+01	   4.3295590e+01	   4.2939654e+01	   4.2501491e+01	   4.1760774e+01	   4.0692158e+01	   3.9626299e+01	   3.8721349e+01	   3.7823477e+01	   3.6225752e+01	   3.4373145e+01	   3.2327438e+01	   3.0022137e+01	   2.7787043e+01	   2.5683718e+01	   2.3663723e+01	
             NaN	             NaN	             NaN	             NaN	             NaN	   7.0664849e+01	   6.6521597e+01	   6.1778268e+01	   5.6645849e+01	   5.2824791e+01	   4.9694758e+01	   4.7191380e+01	   4.5834190e+01	   4.4856155e+01	   4.4295224e+01	   4.3600471e+01	   4.2924788e+01	   4.2509960e+01	   4.2129968e+01	   4.2140599e+01	   4.1662586e+01	   4.0783996e+01	   3.9922014e+01	   3.8820995e+01	   3.8085548e+01	   3.7282275e+01	   3.5672480e+01	   3.4014599e+01	   3.1825971e+01	   2.9712227e+01	   2.7580534e+01	   2.5436513e+01	   2.3552674e+01	
             NaN	             NaN	             NaN	             NaN	             NaN	   6.8647832e+01	   6.5547912e+01	   6.1036966e+01	   5.6158535e+01	   5.2075311e+01	   4.9107441e+01	   4.6625333e+01	   4.4925641e+01	   4.4195489e+01	   4.3452829e+01	   4.2644708e+01	   4.2102181e+01	   4.1662266e+01	   4.1459072e+01	   4.1086291e+01	   4.0784764e+01	   3.9933144e+01	   3.9031499e+01	   3.8238070e+01	   3.7361707e+01	   3.6512517e+01	   3.5067129e+01	   3.3483516e+01	   3.1470623e+01	   2.9340472e+01	   2.7286245e+01	   2.5337737e+01	   2.3342096e+01	
             NaN	             NaN	             NaN	             NaN	             NaN	   6.7589373e+01	   6.4446584e+01	   6.0497611e+01	   5.5528932e+01	   5.1490728e+01	   4.8249378e+01	   4.5717456e+01	   4.4369102e+01	   4.3441336e+01	   4.2603297e+01	   4.1919808e+01	   4.1329698e+01	   4.0862200e+01	   4.0669301e+01	   4.0376955e+01	   4.0056516e+01	   3.9351784e+01	   3.8472817e+01	   3.7650115e+01	   3.6804917e+01	   3.5956532e+01	   3.4567366e+01	   3.3014952e+01	   3.1120448e+01	   2.9042399e+01	   2.7027027e+01	   2.5097954e+01	   2.3197168e+01	
             NaN	             NaN	             NaN	             NaN	             NaN	             NaN	   6.3375363e+01	   5.9280772e+01	   5.4630615e+01	   5.1016454e+01	   4.7846446e+01	   4.5153478e+01	   4.3684504e+01	   4.2664013e+01	   4.2000234e+01	   4.1052517e+01	   4.0508192e+01	   4.0078053e+01	   3.9770266e+01	   3.9584023e+01	   3.9208452e+01	   3.8523919e+01	   3.7594235e+01	   3.6747629e+01	   3.6208268e+01	   3.5410091e+01	   3.4126603e+01	   3.2478806e+01	   3.0690955e+01	   2.8722012e+01	   2.6794025e+01	   2.4872496e+01	   2.3056131e+01	
             NaN	             NaN	             NaN	             NaN	             NaN	             NaN	   6.2403806e+01	   5.8512730e+01	   5.3859583e+01	   5.0019310e+01	   4.6995684e+01	   4.4495822e+01	   4.3006721e+01	   4.1972030e+01	   4.1071889e+01	   4.0318298e+01	   3.9792798e+01	   3.9182970e+01	   3.9027127e+01	   3.8807191e+01	   3.8400934e+01	   3.7670794e+01	   3.6970383e+01	   3.6114852e+01	   3.5609553e+01	   3.4851433e+01	   3.3559588e+01	   3.2029914e+01	   3.0230203e+01	   2.8365561e+01	   2.6566634e+01	   2.4566736e+01	   2.2888602e+01	
   0.0000000e+00	             NaN	             NaN	             NaN	             NaN	             NaN	   6.1657364e+01	   5.7321395e+01	   5.3190634e+01	   4.9182955e+01	   4.6332446e+01	   4.3817874e+01	   4.2084446e+01	   4.1135128e+01	   4.0208540e+01	   3.9562795e+01	   3.8977330e+01	   3.8542029e+01	   3.8143449e+01	   3.8069778e+01	   3.7591169e+01	   3.7051683e+01	   3.6204167e+01	   3.5459127e+01	   3.4887981e+01	   3.4075616e+01	   3.2899826e+01	   3.1434113e+01	   2.9859236e+01	   2.7961596e+01	   2.6126936e+01	   2.4380050e+01	   2.2642374e+01	
   0.0000000e+00	             NaN	             NaN	             NaN	             NaN	             NaN	   6.0694879e+01	   5.6397194e+01	   5.2128161e+01	   4.8841042e+01	   4.5492525e+01	   4.3078800e+01	   4.1475484e+01	   4.0326994e+01	   3.9541049e+01	   3.8897602e+01	   3.8121141e+01	   3.7660018e+01	   3.7302056e+01	   3.7028955e+01	   3.6805611e+01	   3.6138013e+01	   3.5519574e+01	   3.4655548e+01	   3.4204724e+01	   3.3464223e+01	   3.2361490e+01	   3.0882031e+01	   2.9293110e+01	   2.7482697e+01	   2.5781743e+01	   2.3959883e+01	   2.2341407e+01	
   0.0000000e+00	             NaN	             NaN	             NaN	             NaN	             NaN	   5.9437358e+01	   5.5533223e+01	   5.1120361e+01	   4.7774725e+01	   4.4525842e+01	   4.2336938e+01	   4.0659866e+01	   3.9910717e+01	   3.8783402e+01	   3.7965784e+01	   3.7119834e+01	   3.6826431e+01	   3.6497610e+01	   3.6356977e+01	   3.6025543e+01	   3.5498024e+01	   3.4644996e+01	   3.3943490e+01	   3.3645269e+01	   3.2944271e+01	   3.1769376e+01	   3.0333913e+01	   2.8880692e+01	   2.7079956e+01	   2.5421923e+01	   2.3613370e+01	   2.2102877e+01	
   0.0000000e+00	             NaN	             NaN	             NaN	             NaN	             NaN	             NaN	   5.4363836e+01	   5.0588836e+01	   4.6996152e+01	   4.3972762e+01	   4.1657345e+01	   4.0164647e+01	   3.9105612e+01	   3.7996235e+01	   3.7196943e+01	   3.6659753e+01	   3.5916125e+01	   3.5759380e+01	   3.5535535e+01	   3.5204434e+01	   3.4612296e+01	   3.4026555e+01	   3.3325157e+01	   3.2825333e+01	   3.2239805e+01	   3.1157965e+01	   2.9817344e+01	   2.8306596e+01	   2.6596499e+01	   2.5063585e+01	   2.3390288e+01	   2.1849764e+01	
   0.0000000e+00	             NaN	             NaN	             NaN	             NaN	             NaN	             NaN	   5.3622623e+01	   4.9520078e+01	   4.6160622e+01	   4.3241599e+01	   4.1128035e+01	   3.9424445e+01	   3.8322289e+01	   3.7319651e+01	   3.6479010e+01	   3.5734338e+01	   3.5282250e+01	   3.4894694e+01	   3.4836162e+01	   3.4460280e+01	   3.3855022e+01	   3.3168170e+01	   3.2665099e+01	   3.2143428e+01	   3.1456621e+01	   3.0591094e+01	   2.9348400e+01	   2.7795707e+01	   2.6231061e+01	   2.4560925e+01	   2.2986730e+01	   2.1501317e+01	
   0.0000000e+00	   0.0000000e+00	             NaN	             NaN	             NaN	             NaN	             NaN	   5.2486809e+01	   4.8440295e+01	   4.5462002e+01	   4.2496052e+01	   4.0202321e+01	   3.8588156e+01	   3.7636619e+01	   3.6740304e+01	   3.5739197e+01	   3.4969356e+01	   3.4456934e+01	   3.4256620e+01	   3.3986183e+01	   3.3647963e+01	   3.3071015e+01	   3.2448363e+01	   3.1882237e+01	   3.1444975e+01	   3.0933004e+01	   2.9959637e+01	   2.8880676e+01	   2.7306445e+01	   2.5729779e+01	   2.4267062e+01	   2.2738497e+01	   2.1257494e+01	
   0.0000000e+00	   0.0000000e+00	             NaN	             NaN	             NaN	             NaN	             NaN	   5.1328651e+01	   4.7781843e+01	   4.4632056e+01	   4.1731205e+01	   3.9535161e+01	   3.7878884e+01	   3.6940532e+01	   3.5807553e+01	   3.4805611e+01	   3.4123810e+01	   3.3729045e+01	   3.3474931e+01	   3.3191980e+01	   3.2706801e+01	   3.2283512e+01	   3.1805043e+01	   3.1155793e+01	   3.0805439e+01	   3.0300898e+01	   2.9254570e+01	   2.8115441e+01	   2.6753053e+01	   2.5383068e+01	   2.3805214e+01	   2.2336228e+01	   2.0939812e+01	
   0.0000000e+00	   0.0000000e+00	             NaN	             NaN	             NaN	             NaN	             NaN	   5.0216900e+01	   4.6641844e+01	   4.3564544e+01	   4.0866649e+01	   3.8504410e+01	   3.6986089e+01	   3.5901332e+01	   3.4890767e+01	   3.4202720e+01	   3.3423608e+01	   3.2822270e+01	   3.2501385e+01	   3.2266727e+01	   3.1793311e+01	   3.1509210e+01	   3.0778268e+01	   3.0323797e+01	   3.0023658e+01	   2.9463937e+01	   2.8643788e+01	   2.7480670e+01	   2.6188773e+01	   2.4702847e+01	   2.3360472e+01	   2.1941881e+01	   2.0522400e+01	
   0.0000000e+00	   0.0000000e+00	             NaN	             NaN	             NaN	             NaN	             NaN	             NaN	   4.5780212e+01	   4.2791938e+01	   3.9955547e+01	   3.7766342e+01	   3.6228246e+01	   3.5124060e+01	   3.4101479e+01	   3.3155238e+01	   3.2453937e+01	   3.1961901e+01	   3.1702335e+01	   3.1371721e+01	   3.1147354e+01	   3.0659723e+01	   3.0126931e+01	   2.9706025e+01	   2.9156501e+01	   2.8724076e+01	   2.7969288e+01	   2.6841687e+01	   2.5642763e+01	   2.4153929e+01	   2.2809974e+01	   2.1440972e+01	   2.0166462e+01	
   0.0000000e+00	   0.0000000e+00	             NaN	             NaN	             NaN	             NaN	             NaN	             NaN	   4.4463840e+01	   4.1575078e+01	   3.9111660e+01	   3.6723739e+01	   3.5349362e+01	   3.4365180e+01	   3.3317338e+01	   3.2476086e+01	   3.1750733e+01	   3.1090975e+01	   3.0770370e+01	   3.0600116e+01	   3.0332974e+01	   2.9782376e+01	   2.9325941e+01	   2.8734381e+01	   2.8568857e+01	   2.8021382e+01	   2.7099170e+01	   2.6126090e+01	   2.4930757e+01	   2.3593228e+01	   2.2303096e+01	   2.1023401e+01	   1.9759566e+01	
   0.0000000e+00	   0.0000000e+00	   0.0000000e+00	             NaN	             NaN	             NaN	             NaN	             NaN	   4.3871775e+01	   4.1139796e+01	   3.8384186e+01	   3.6256224e+01	   3.4785031e+01	   3.3767637e+01	   3.2715157e+01	   3.1894630e+01	   3.1068920e+01	   3.0694893e+01	   3.0213026e+01	   2.9993624e+01	   2.9636451e+01	   2.9232709e+01	   2.8819022e+01	   2.8323427e+01	   2.8034242e+01	   2.7507888e+01	   2.6780646e+01	   2.5745061e+01	   2.4662696e+01	   2.3261759e+01	   2.2009885e+01	   2.0725486e+01	   1.9516829e+01	
   0.0000000e+00	   0.0000000e+00	   0.0000000e+00	             NaN	             NaN	             NaN	             NaN	             NaN	   4.2929940e+01	   4.0186714e+01	   3.7439576e+01	   3.5614192e+01	   3.3957008e+01	   3.3042582e+01	   3.2015228e+01	   3.1171076e+01	   3.0445384e+01	   2.9902165e+01	   2.9439276e+01	   2.9315173e+01	   2.9100116e+01	   2.8581486e+01	   2.8014495e+01	   2.7504335e+01	   2.7223135e+01	   2.6978059e+01	   2.6213722e+01	   2.5232015e+01	   2.4033101e+01	   2.2827448e+01	   2.1528571e+01	   2.0376176e+01	   1.9214456e+01	
   0.0000000e+00	   0.0000000e+00	   0.0000000e+00	             NaN	             NaN	             NaN	             NaN	             NaN	   4.2197686e+01	   3.9178541e+01	   3.7048063e+01	   3.4842316e+01	   3.3303798e+01	   3.2396901e+01	   3.1370939e+01	   3.0495910e+01	   2.9808544e+01	   2.9227705e+01	   2.8801788e+01	   2.8786331e+01	   2.8433282e+01	   2.7900984e+01	   2.7290926e+01	   2.6822036e+01	   2.6632298e+01	   2.6190336e+01	   2.5642845e+01	   2.4662376e+01	   2.3518518e+01	   2.2290089e+01	   2.1099034e+01	   1.9909821e+01	   1.8794077e+01	
   0.0000000e+00	   0.0000000e+00	   0.0000000e+00	             NaN	             NaN	             NaN	             NaN	             NaN	   4.1565640e+01	   3.8690279e+01	   3.5996881e+01	   3.3991856e+01	   3.2817530e+01	   3.1515041e+01	   3.0679594e+01	   2.9862232e+01	   2.9001347e+01	   2.8442100e+01	   2.8204999e+01	   2.7968673e+01	   2.7571923e+01	   2.7083310e+01	   2.6551649e+01	   2.6233445e+01	   2.6022903e+01	   2.5605439e+01	   2.4965162e+01	   2.4055634e+01	   2.2983516e+01	   2.1797888e+01	   2.0576740e+01	   1.9536717e+01	   1.8462551e+01	
   0.0000000e+00	   0.0000000e+00	   0.0000000e+00	             NaN	             NaN	             NaN	             NaN	             NaN	             NaN	   3.7467238e+01	   3.5337879e+01	   3.3467552e+01	   3.1951030e+01	   3.0802936e+01	   2.9825422e+01	   2.9025993e+01	   2.8467285e+01	   2.7822412e+01	   2.7451232e+01	   2.7164616e+01	   2.6828518e+01	   2.6533553e+01	   2.6027831e+01	   2.5539261e+01	   2.5282175e+01	   2.5079480e+01	   2.4379467e+01	   2.3553640e+01	   2.2450424e+01	   2.1252617e+01	   2.0206468e+01	   1.9100363e+01	   1.8041349e+01	
   0.0000000e+00	   0.0000000e+00	   0.0000000e+00	   0.0000000e+00	             NaN	             NaN	             NaN	             NaN	             NaN	   3.6769025e+01	   3.4623357e+01	   3.2577299e+01	   3.1123842e+01	   3.0238570e+01	   2.9206335e+01	   2.8299101e+01	   2.7648697e+01	   2.7134580e+01	   2.6774293e+01	   2.6418719e+01	   2.6238557e+01	   2.5839235e+01	   2.5250479e+01	   2.4939027e+01	   2.4711362e+01	   2.4379833e+01	   2.3714831e+01	   2.2856583e+01	   2.1852062e+01	   2.0751457e+01	   1.9681021e+01	   1.8696542e+01	   1.7641593e+01	
   0.0000000e+00	   0.0000000e+00	   0.0000000e+00	   0.0000000e+00	             NaN	             NaN	             NaN	             NaN	             NaN	   3.5858596e+01	   3.3613125e+01	   3.1861322e+01	   3.0383350e+01	   2.9446325e+01	   2.8514154e+01	   2.7655204e+01	   2.7047561e+01	   2.6287828e+01	   2.6095219e+01	   2.5689388e+01	   2.5340150e+01	   2.5052754e+01	   2.4718501e+01	   2.4332347e+01	   2.3986636e+01	   2.3806872e+01	   2.3116218e+01	   2.2324340e+01	   2.1353912e+01	   2.0272218e+01	   1.9233442e+01	   1.8220397e+01	   1.7321539e+01	
   0.0000000e+00	   0.0000000e+00	   0.0000000e+00	   0.0000000e+00	             NaN	             NaN	             NaN	             NaN	             NaN	   3.5302982e+01	   3.3117561e+01	   3.1036380e+01	   2.9607224e+01	   2.8814290e+01	   2.7730956e+01	   2.7024699e+01	   2.6147526e+01	   2.5697482e+01	   2.5365171e+01	   2.4993846e+01	   2.4667138e+01	   2.4337907e+01	   2.4016351e+01	   2.3622670e+01	   2.3361952e+01	   2.3110334e+01	   2.2498374e+01	   2.1766409e+01	   2.0701920e+01	   1.9773670e+01	   1.8712299e+01	   1.7737305e+01	   1.6876954e+01	
   0.0000000e+00	   0.0000000e+00	   0.0000000e+00	   0.0000000e+00	             NaN	             NaN	             NaN	             NaN	             NaN	   3.4420007e+01	   3.2294168e+01	   3.0453066e+01	   2.9044385e+01	   2.7921221e+01	   2.7192609e+01	   2.6173772e+01	   2.5624575e+01	   2.5013802e+01	   2.4725479e+01	   2.4342153e+01	   2.4177951e+01	   2.3762008e+01	   2.3373624e+01	   2.2941989e+01	   2.2704861e+01	   2.2456458e+01	   2.1892288e+01	   2.1211742e+01	   2.0220296e+01	   1.9309093e+01	   1.8363287e+01	   1.7453824e+01	   1.6536034e+01	
   0.0000000e+00	   0.0000000e+00	   0.0000000e+00	   0.0000000e+00	             NaN	             NaN	             NaN	             NaN	             NaN	             NaN	   3.1320963e+01	   2.9503942e+01	   2.8357451e+01	   2.7376589e+01	   2.6448723e+01	   2.5737017e+01	   2.4966164e+01	   2.4357519e+01	   2.4068078e+01	   2.3699726e+01	   2.3463736e+01	   2.3064374e+01	   2.2664308e+01	   2.2327583e+01	   2.2160025e+01	   2.1888778e+01	   2.1316962e+01	   2.0625614e+01	   1.9733756e+01	   1.8861058e+01	   1.7836810e+01	   1.6997566e+01	   1.6204766e+01	
   0.0000000e+00	   0.0000000e+00	   0.0000000e+00	   0.0000000e+00	             NaN	             NaN	             NaN	             NaN	             NaN	             NaN	   3.0786541e+01	   2.8901322e+01	   2.7549197e+01	   2.6607390e+01	   2.5755016e+01	   2.4862742e+01	   2.4246767e+01	   2.3884856e+01	   2.3306238e+01	   2.3082884e+01	   2.2893706e+01	   2.2367293e+01	   2.2085893e+01	   2.1670513e+01	   2.1539992e+01	   2.1202660e+01	   2.0718469e+01	   1.9961031e+01	   1.9090704e+01	   1.8241479e+01	   1.7444054e+01	   1.6496482e+01	   1.5624089e+01	
   0.0000000e+00	   0.0000000e+00	   0.0000000e+00	   0.0000000e+00	   0.0000000e+00	             NaN	             NaN	             NaN	             NaN	             NaN	   2.9801732e+01	   2.8167499e+01	   2.7092738e+01	   2.6115738e+01	   2.5040929e+01	   2.4264046e+01	   2.3737322e+01	   2.3174598e+01	   2.2845295e+01	   2.2441866e+01	   2.2353760e+01	   2.1830591e+01	   2.1471354e+01	   2.1159271e+01	   2.1008494e+01	   2.0654572e+01	   2.0185113e+01	   1.9508636e+01	   1.8653976e+01	   1.7791461e+01	   1.7043866e+01	   1.6130098e+01	   1.5356595e+01	
   0.0000000e+00	   0.0000000e+00	   0.0000000e+00	   0.0000000e+00	   0.0000000e+00	             NaN	             NaN	             NaN	             NaN	             NaN	   2.9102588e+01	   2.7415779e+01	   2.6206790e+01	   2.5171075e+01	   2.4419620e+01	   2.3734055e+01	   2.2977371e+01	   2.2465507e+01	   2.2068284e+01	   2.1895640e+01	   2.1548599e+01	   2.1172798e+01	   2.0886657e+01	   2.0428595e+01	   2.0299203e+01	   2.0121104e+01	   1.9740060e+01	   1.9015471e+01	   1.8282551e+01	   1.7317035e+01	   1.6506345e+01	   1.5698033e+01	   1.4961098e+01	
   0.0000000e+00	   0.0000000e+00	   0.0000000e+00	   0.0000000e+00	   0.0000000e+00	             NaN	             NaN	             NaN	             NaN	             NaN	   2.8160671e+01	   2.6841275e+01	   2.5691952e+01	   2.4699057e+01	   2.3797304e+01	   2.3010976e+01	   2.2384113e+01	   2.1923493e+01	   2.1405580e+01	   2.1248670e+01	   2.0966463e+01	   2.0653237e+01	   2.0278229e+01	   1.9937000e+01	   1.9783930e+01	   1.9613142e+01	   1.9015198e+01	   1.8611064e+01	   1.7727748e+01	   1.6917696e+01	   1.6010168e+01	   1.5371111e+01	   1.4548536e+01	
   0.0000000e+00	   0.0000000e+00	   0.0000000e+00	   0.0000000e+00	   0.0000000e+00	             NaN	             NaN	             NaN	             NaN	             NaN	             NaN	   2.6119250e+01	   2.5002916e+01	   2.4114865e+01	   2.3158320e+01	   2.2401222e+01	   2.1857277e+01	   2.1375861e+01	   2.0799849e+01	   2.0615569e+01	   2.0351288e+01	   2.0066976e+01	   1.9722856e+01	   1.9277823e+01	   1.9216004e+01	   1.9039392e+01	   1.8652621e+01	   1.7921582e+01	   1.7221745e+01	   1.6334216e+01	   1.5682480e+01	   1.4857522e+01	   1.4196828e+01	
   0.0000000e+00	   0.0000000e+00	   0.0000000e+00	   0.0000000e+00	   0.0000000e+00	             NaN	             NaN	             NaN	             NaN	             NaN	             NaN	   2.5560588e+01	   2.4387243e+01	   2.3385015e+01	   2.2488172e+01	   2.1948893e+01	   2.1201920e+01	   2.0637753e+01	   2.0337276e+01	   1.9985826e+01	   1.9789505e+01	   1.9460829e+01	   1.9089602e+01	   1.8793465e+01	   1.8684250e+01	   1.8491295e+01	   1.8003029e+01	   1.7284166e+01	   1.6720249e+01	   1.5958786e+01	   1.5263204e+01	   1.4491016e+01	   1.3813759e+01	
   0.0000000e+00	   0.0000000e+00	   0.0000000e+00	   0.0000000e+00	   0.0000000e+00	   0.0000000e+00	             NaN	             NaN	             NaN	             NaN	             NaN	   2.4654791e+01	   2.3664772e+01	   2.3057921e+01	   2.1937411e+01	   2.1220812e+01	   2.0581605e+01	   2.0121669e+01	   1.9714653e+01	   1.9447034e+01	   1.9219630e+01	   1.8881729e+01	   1.8580624e+01	   1.8250183e+01	   1.8141932e+01	   1.8035060e+01	   1.7528430e+01	   1.6911047e+01	   1.6209058e+01	   1.5544913e+01	   1.4842738e+01	   1.4171821e+01	   1.3464596e+01	
   0.0000000e+00	   0.0000000e+00	   0.0000000e+00	   0.0000000e+00	   0.0000000e+00	   0.0000000e+00	             NaN	             NaN	             NaN	             NaN	             NaN	   2.4007435e+01	   2.2909910e+01	   2.2197943e+01	   2.1362544e+01	   2.0621169e+01	   2.0085495e+01	   1.9558595e+01	   1.9246204e+01	   1.8895920e+01	   1.8738203e+01	   1.8337860e+01	   1.7983423e+01	   1.7739334e+01	   1.7517665e+01	   1.7426744e+01	   1.6976824e+01	   1.6428874e+01	   1.5724947e+01	   1.5109828e+01	   1.4398115e+01	   1.3706149e+01	   1.3101511e+01	
   0.0000000e+00	   0.0000000e+00	   0.0000000e+00	   0.0000000e+00	   0.0000000e+00	   0.0000000e+00	             NaN	             NaN	             NaN	             NaN	             NaN	   2.3738362e+01	   2.2467977e+01	   2.1568004e+01	   2.0783800e+01	   2.0189191e+01	   1.9468547e+01	   1.9003860e+01	   1.8692211e+01	   1.8443452e+01	   1.8123404e+01	   1.7856523e+01	   1.7450581e+01	   1.7201437e+01	   1.7094988e+01	   1.6834976e+01	   1.6475607e+01	   1.5955112e+01	   1.5400318e+01	   1.4601654e+01	   1.3977081e+01	   1.3338298e+01	   1.2789418e+01	
   0.0000000e+00	   0.0000000e+00	   0.0000000e+00	   0.0000000e+00	   0.0000000e+00	   0.0000000e+00	             NaN	             NaN	             NaN	             NaN	             NaN	             NaN	   2.1843828e+01	   2.1017752e+01	   2.0336385e+01	   1.9510421e+01	   1.8956837e+01	   1.8494218e+01	   1.8212649e+01	   1.7834992e+01	   1.7663733e+01	   1.7214095e+01	   1.7012889e+01	   1.6573172e+01	   1.6521253e+01	   1.6386890e+01	   1.5917936e+01	   1.5537469e+01	   1.4947671e+01	   1.4246422e+01	   1.3619357e+01	   1.3055605e+01	   1.2362650e+01	
   0.0000000e+00	   0.0000000e+00	   0.0000000e+00	   0.0000000e+00	   0.0000000e+00	   0.0000000e+00	             NaN	             NaN	             NaN	             NaN	             NaN	             NaN	   2.1273419e+01	   2.0344516e+01	   1.9759798e+01	   1.8995301e+01	   1.8363014e+01	   1.7943781e+01	   1.7689499e+01	   1.7364612e+01	   1.7061855e+01	   1.6697190e+01	   1.6424634e+01	   1.6120880e+01	   1.5983332e+01	   1.5960466e+01	   1.5478458e+01	   1.5009182e+01	   1.4385501e+01	   1.3769617e+01	   1.3057679e+01	   1.2615045e+01	   1.2100376e+01	
   0.0000000e+00	   0.0000000e+00	   0.0000000e+00	   0.0000000e+00	   0.0000000e+00	   0.0000000e+00	   0.0000000e+00	             NaN	             NaN	             NaN	             NaN	             NaN	   2.0797177e+01	   1.9754949e+01	   1.9156746e+01	   1.8447578e+01	   1.7924434e+01	   1.7392744e+01	   1.7051265e+01	   1.6791517e+01	   1.6528798e+01	   1.6269687e+01	   1.6005800e+01	   1.5696758e+01	   1.5628625e+01	   1.5519159e+01	   1.5022665e+01	   1.4581010e+01	   1.4025929e+01	   1.3373759e+01	   1.2824840e+01	   1.2245988e+01	   1.1705647e+01	
   0.0000000e+00	   0.0000000e+00	   0.0000000e+00	   0.0000000e+00	   0.0000000e+00	   0.0000000e+00	   0.0000000e+00	             NaN	             NaN	             NaN	             NaN	             NaN	   2.0282073e+01	   1.9242435e+01	   1.8570481e+01	   1.7934907e+01	   1.7347889e+01	   1.6848775e+01	   1.6540572e+01	   1.6402742e+01	   1.6083552e+01	   1.5774029e+01	   1.5488104e+01	   1.5115861e+01	   1.5061176e+01	   1.5029080e+01	   1.4530502e+01	   1.4143656e+01	   1.3616534e+01	   1.2972439e+01	   1.2490987e+01	   1.1920919e+01	   1.1402833e+01	
   0.0000000e+00	   0.0000000e+00	   0.0000000e+00	   0.0000000e+00	   0.0000000e+00	   0.0000000e+00	   0.0000000e+00	             NaN	             NaN	             NaN	             NaN	             NaN	   1.9370436e+01	   1.8795958e+01	   1.8056073e+01	   1.7308028e+01	   1.6890374e+01	   1.6389043e+01	   1.6023649e+01	   1.5820189e+01	   1.5526802e+01	   1.5235323e+01	   1.4935037e+01	   1.4676057e+01	   1.4661976e+01	   1.4392754e+01	   1.4139957e+01	   1.3699306e+01	   1.3173986e+01	   1.2655379e+01	   1.2078943e+01	   1.1547770e+01	   1.1013548e+01	
   0.0000000e+00	   0.0000000e+00	   0.0000000e+00	   0.0000000e+00	   0.0000000e+00	   0.0000000e+00	   0.0000000e+00	             NaN	             NaN	             NaN	             NaN	             NaN	             NaN	   1.8120742e+01	   1.7399394e+01	   1.6812325e+01	   1.6194552e+01	   1.5819555e+01	   1.5485554e+01	   1.5276369e+01	   1.4947040e+01	   1.4698496e+01	   1.4516520e+01	   1.4223642e+01	   1.4119074e+01	   1.3983103e+01	   1.3658310e+01	   1.3237563e+01	   1.2759564e+01	   1.2232026e+01	   1.1569063e+01	   1.1114626e+01	   1.0660340e+01	
   0.0000000e+00	   0.0000000e+00	   0.0000000e+00	   0.0000000e+00	   0.0000000e+00	   0.0000000e+00	   0.0000000e+00	             NaN	             NaN	             NaN	             NaN	             NaN	             NaN	   1.7492077e+01	   1.6910770e+01	   1.6317060e+01	   1.5823468e+01	   1.5340615e+01	   1.5016146e+01	   1.4940357e+01	   1.4701163e+01	   1.4363334e+01	   1.4117221e+01	   1.3880400e+01	   1.3711735e+01	   1.3479609e+01	   1.3308390e+01	   1.2832449e+01	   1.2316984e+01	   1.1800285e+01	   1.1324412e+01	   1.0784958e+01	   1.0442097e+01	
   0.0000000e+00	   0.0000000e+00	   0.0000000e+00	   0.0000000e+00	   0.0000000e+00	   0.0000000e+00	   0.0000000e+00	   0.0000000e+00	             NaN	             NaN	             NaN	             NaN	             NaN	   1.7007986e+01	   1.6350789e+01	   1.5815700e+01	   1.5290122e+01	   1.4895227e+01	   1.4609414e+01	   1.4386576e+01	   1.4090648e+01	   1.3805782e+01	   1.3495459e+01	   1.3241112e+01	   1.3280378e+01	   1.3136538e+01	   1.2736033e+01	   1.2335486e+01	   1.1904345e+01	   1.1426623e+01	   1.0932618e+01	   1.0445858e+01	   1.0040175e+01	
   0.0000000e+00	   0.0000000e+00	   0.0000000e+00	   0.0000000e+00	   0.0000000e+00	   0.0000000e+00	   0.0000000e+00	   0.0000000e+00	             NaN	             NaN	             NaN	             NaN	             NaN	   1.6648348e+01	   1.6050659e+01	   1.5414040e+01	   1.4922094e+01	   1.4450267e+01	   1.4158978e+01	   1.4040046e+01	   1.3694046e+01	   1.3468748e+01	   1.3165525e+01	   1.2985019e+01	   1.2845594e+01	   1.2770811e+01	   1.2422374e+01	   1.1998569e+01	   1.1566466e+01	   1.1070180e+01	   1.0668565e+01	   1.0209621e+01	   9.7384442e+00	
   0.0000000e+00	   0.0000000e+00	   0.0000000e+00	   0.0000000e+00	   0.0000000e+00	   0.0000000e+00	   0.0000000e+00	   0.0000000e+00	             NaN	             NaN	             NaN	             NaN	             NaN	   1.6089056e+01	   1.5408990e+01	   1.5005219e+01	   1.4583522e+01	   1.4046309e+01	   1.3674053e+01	   1.3454681e+01	   1.3224712e+01	   1.3030125e+01	   1.2784519e+01	   1.2514889e+01	   1.2369777e+01	   1.2291571e+01	   1.1950942e+01	   1.1570095e+01	   1.1227870e+01	   1.0736658e+01	   1.0340887e+01	   9.9003226e+00	   9.4941554e+00	
   0.0000000e+00	   0.0000000e+00	   0.0000000e+00	   0.0000000e+00	   0.0000000e+00	   0.0000000e+00	   0.0000000e+00	   0.0000000e+00	             NaN	             NaN	             NaN	             NaN	             NaN	             NaN	   1.5097901e+01	   1.4382697e+01	   1.4079024e+01	   1.3620778e+01	   1.3370788e+01	   1.3163457e+01	   1.2779807e+01	   1.2633867e+01	   1.2381163e+01	   1.2106162e+01	   1.2106943e+01	   1.1896276e+01	   1.1651499e+01	   1.1279748e+01	   1.0868820e+01	   1.0425054e+01	   1.0000125e+01	   9.6220962e+00	   9.0871859e+00	
   0.0000000e+00	   0.0000000e+00	   0.0000000e+00	   0.0000000e+00	   0.0000000e+00	   0.0000000e+00	   0.0000000e+00	   0.0000000e+00	             NaN	             NaN	             NaN	             NaN	             NaN	             NaN	   1.4601743e+01	   1.4096563e+01	   1.3595424e+01	   1.3238148e+01	   1.2987884e+01	   1.2654595e+01	   1.2461360e+01	   1.2099634e+01	   1.1957734e+01	   1.1740416e+01	   1.1661200e+01	   1.1421591e+01	   1.1363608e+01	   1.0885317e+01	   1.0552651e+01	   1.0116358e+01	   9.6514097e+00	   9.2726600e+00	   8.9340939e+00	
   0.0000000e+00	   0.0000000e+00	   0.0000000e+00	   0.0000000e+00	   0.0000000e+00	   0.0000000e+00	   0.0000000e+00	   0.0000000e+00	   0.0000000e+00	             NaN	             NaN	             NaN	             NaN	             NaN	   1.4214222e+01	   1.3656559e+01	   1.3156778e+01	   1.2812521e+01	   1.2418760e+01	   1.2260844e+01	   1.2164328e+01	   1.1829480e+01	   1.1501268e+01	   1.1345403e+01	   1.1328273e+01	   1.1136178e+01	   1.0945759e+01	   1.0550784e+01	   1.0107717e+01	   9.7787990e+00	   9.4152667e+00	   8.9705891e+00	   8.5295465e+00	
   0.0000000e+00	   0.0000000e+00	   0.0000000e+00	   0.0000000e+00	   0.0000000e+00	   0.0000000e+00	   0.0000000e+00	   0.0000000e+00	   0.0000000e+00	             NaN	             NaN	             NaN	             NaN	             NaN	   1.3762419e+01	   1.3298131e+01	   1.2877345e+01	   1.2510490e+01	   1.2074807e+01	   1.1908707e+01	   1.1642892e+01	   1.1448604e+01	   1.1247752e+01	   1.0993781e+01	   1.0907608e+01	   1.0793049e+01	   1.0486146e+01	   1.0169698e+01	   9.8578263e+00	   9.4725059e+00	   9.0340388e+00	   8.7153214e+00	   8.3626850e+00	
   0.0000000e+00	   0.0000000e+00	   0.0000000e+00	   0.0000000e+00	   0.0000000e+00	   0.0000000e+00	   0.0000000e+00	   0.0000000e+00	   0.0000000e+00	             NaN	             NaN	             NaN	             NaN	             NaN	   1.3301172e+01	   1.2739525e+01	   1.2353712e+01	   1.2034824e+01	   1.1709744e+01	   1.1524104e+01	   1.1318574e+01	   1.1096572e+01	   1.0811883e+01	   1.0603959e+01	   1.0602968e+01	   1.0433719e+01	   1.0246269e+01	   9.8870787e+00	   9.5589768e+00	   9.0677681e+00	   8.8074050e+00	   8.4130776e+00	   8.1411175e+00	
   0.0000000e+00	   0.0000000e+00	   0.0000000e+00	   0.0000000e+00	   0.0000000e+00	   0.0000000e+00	   0.0000000e+00	   0.0000000e+00	   0.0000000e+00	             NaN	             NaN	             NaN	             NaN	             NaN	             NaN	   1.2432259e+01	   1.1929078e+01	   1.1598086e+01	   1.1389453e+01	   1.1133244e+01	   1.0965369e+01	   1.0598882e+01	   1.0518808e+01	   1.0325589e+01	   1.0204355e+01	   1.0120462e+01	   9.9141549e+00	   9.5092826e+00	   9.3230322e+00	   8.8461135e+00	   8.4218494e+00	   8.2180408e+00	   7.7628356e+00	
   0.0000000e+00	   0.0000000e+00	   0.0000000e+00	   0.0000000e+00	   0.0000000e+00	   0.0000000e+00	   0.0000000e+00	   0.0000000e+00	   0.0000000e+00	             NaN	             NaN	             NaN	             NaN	             NaN	             NaN	   1.2107550e+01	   1.1608810e+01	   1.1259391e+01	   1.1011284e+01	   1.0824627e+01	   1.0586434e+01	   1.0286610e+01	   1.0226024e+01	   9.9791435e+00	   9.9297005e+00	   9.6935446e+00	   9.5062548e+00	   9.2777153e+00	   8.8640293e+00	   8.5009713e+00	   8.1989888e+00	   7.8882729e+00	   7.5794671e+00	
   0.0000000e+00	   0.0000000e+00	   0.0000000e+00	   0.0000000e+00	   0.0000000e+00	   0.0000000e+00	   0.0000000e+00	   0.0000000e+00	   0.0000000e+00	   0.0000000e+00	             NaN	             NaN	             NaN	             NaN	             NaN	   1.1802747e+01	   1.1218575e+01	   1.1002412e+01	   1.0751864e+01	   1.0402974e+01	   1.0335007e+01	   1.0015079e+01	   9.8834553e+00	   9.5681627e+00	   9.4910956e+00	   9.3963572e+00	   9.1765160e+00	   8.8543074e+00	   8.6320045e+00	   8.2366106e+00	   7.9560690e+00	   7.5887437e+00	   7.3508302e+00	
