  -6.3773906e-02	  -4.7389560e-01	  -2.7939236e+00	             NaN	             NaN	             NaN	             NaN	             NaN	             NaN	             NaN	             NaN	             NaN	             NaN	             NaN	   0.0000000e+00	   0.0000000e+00	   0.0000000e+00	   0.0000000e+00	   0.0000000e+00	   0.0000000e+00	   0.0000000e+00	   0.0000000e+00	   0.0000000e+00	   0.0000000e+00	   0.0000000e+00	   0.0000000e+00	   0.0000000e+00	   0.0000000e+00	   0.0000000e+00	   0.0000000e+00	   0.0000000e+00	   0.0000000e+00	   0.0000000e+00	
  -2.1114326e-01	  -1.6423957e+00	  -6.9531454e-01	             NaN	             NaN	             NaN	             NaN	             NaN	             NaN	             NaN	             NaN	             NaN	             NaN	             NaN	   0.0000000e+00	   0.0000000e+00	   0.0000000e+00	   0.0000000e+00	   0.0000000e+00	   0.0000000e+00	   0.0000000e+00	   0.0000000e+00	   0.0000000e+00	   0.0000000e+00	   0.0000000e+00	   0.0000000e+00	   0.0000000e+00	   0.0000000e+00	   0.0000000e+00	   0.0000000e+00	   0.0000000e+00	   0.0000000e+00	   0.0000000e+00	
  -7.9963267e-01	  -2.6253188e-01	  -3.6619476e-01	             NaN	             NaN	             NaN	             NaN	             NaN	             NaN	             NaN	             NaN	             NaN	             NaN	             NaN	   0.0000000e+00	   0.0000000e+00	   0.0000000e+00	   0.0000000e+00	   0.0000000e+00	   0.0000000e+00	   0.0000000e+00	   0.0000000e+00	   0.0000000e+00	   0.0000000e+00	   0.0000000e+00	   0.0000000e+00	   0.0000000e+00	   0.0000000e+00	   0.0000000e+00	   0.0000000e+00	   0.0000000e+00	   0.0000000e+00	   0.0000000e+00	
   7.8986017e-01	   2.6882742e-01	   1.1564114e+00	   2.7048465e+00	             NaN	             NaN	             NaN	             NaN	             NaN	             NaN	             NaN	             NaN	             NaN	             NaN	             NaN	   0.0000000e+00	   0.0000000e+00	   0.0000000e+00	   0.0000000e+00	   0.0000000e+00	   0.0000000e+00	   0.0000000e+00	   0.0000000e+00	   0.0000000e+00	   0.0000000e+00	   0.0000000e+00	   0.0000000e+00	   0.0000000e+00	   0.0000000e+00	   0.0000000e+00	   0.0000000e+00	   0.0000000e+00	   0.0000000e+00	
   2.2085285e+00	   6.3851720e-01	   1.6391985e+00	   3.5669524e+00	             NaN	             NaN	             NaN	             NaN	             NaN	             NaN	             NaN	             NaN	             NaN	             NaN	             NaN	   0.0000000e+00	   0.0000000e+00	   0.0000000e+00	   0.0000000e+00	   0.0000000e+00	   0.0000000e+00	   0.0000000e+00	   0.0000000e+00	   0.0000000e+00	   0.0000000e+00	   0.0000000e+00	   0.0000000e+00	   0.0000000e+00	   0.0000000e+00	   0.0000000e+00	   0.0000000e+00	   0.0000000e+00	   0.0000000e+00	
   1.7011069e+00	   2.5079817e+00	   1.9470797e+00	   3.5636749e+00	   5.9384248e+00	             NaN	             NaN	             NaN	             NaN	             NaN	             NaN	             NaN	             NaN	             NaN	             NaN	             NaN	   0.0000000e+00	   0.0000000e+00	   0.0000000e+00	   0.0000000e+00	   0.0000000e+00	   0.0000000e+00	   0.0000000e+00	   0.0000000e+00	   0.0000000e+00	   0.0000000e+00	   0.0000000e+00	   0.0000000e+00	   0.0000000e+00	   0.0000000e+00	   0.0000000e+00	   0.0000000e+00	   0.0000000e+00	
   2.9760219e+00	   2.6301363e+00	   2.0875748e+00	   4.1486354e+00	   6.1716734e+00	             NaN	             NaN	             NaN	             NaN	             NaN	             NaN	             NaN	             NaN	             NaN	             NaN	             NaN	   0.0000000e+00	   0.0000000e+00	   0.0000000e+00	   0.0000000e+00	   0.0000000e+00	   0.0000000e+00	   0.0000000e+00	   0.0000000e+00	   0.0000000e+00	   0.0000000e+00	   0.0000000e+00	   0.0000000e+00	   0.0000000e+00	   0.0000000e+00	   0.0000000e+00	   0.0000000e+00	   0.0000000e+00	
   2.7451919e+00	   3.0893388e+00	   2.8738491e+00	   4.5870321e+00	   6.4188105e+00	             NaN	             NaN	             NaN	             NaN	             NaN	             NaN	             NaN	             NaN	             NaN	             NaN	             NaN	   0.0000000e+00	   0.0000000e+00	   0.0000000e+00	   0.0000000e+00	   0.0000000e+00	   0.0000000e+00	   0.0000000e+00	   0.0000000e+00	   0.0000000e+00	   0.0000000e+00	   0.0000000e+00	   0.0000000e+00	   0.0000000e+00	   0.0000000e+00	   0.0000000e+00	   0.0000000e+00	   0.0000000e+00	
   3.0822146e+00	   3.5605051e+00	   3.8676117e+00	   4.8023135e+00	   6.2407743e+00	   7.5352227e+00	             NaN	             NaN	             NaN	             NaN	             NaN	             NaN	             NaN	             NaN	             NaN	             NaN	             NaN	   0.0000000e+00	   0.0000000e+00	   0.0000000e+00	   0.0000000e+00	   0.0000000e+00	   0.0000000e+00	   0.0000000e+00	   0.0000000e+00	   0.0000000e+00	   0.0000000e+00	   0.0000000e+00	   0.0000000e+00	   0.0000000e+00	   0.0000000e+00	   0.0000000e+00	   0.0000000e+00	
   4.2804389e+00	   3.9573991e+00	   3.8222808e+00	   5.0867895e+00	   6.5799303e+00	   7.5659772e+00	             NaN	             NaN	             NaN	             NaN	             NaN	             NaN	             NaN	             NaN	             NaN	             NaN	             NaN	   0.0000000e+00	   0.0000000e+00	   0.0000000e+00	   0.0000000e+00	   0.0000000e+00	   0.0000000e+00	   0.0000000e+00	   0.0000000e+00	   0.0000000e+00	   0.0000000e+00	   0.0000000e+00	   0.0000000e+00	   0.0000000e+00	   0.0000000e+00	   0.0000000e+00	   0.0000000e+00	
   4.7940193e+00	   3.7239810e+00	   4.6052551e+00	   5.5664291e+00	   6.6440441e+00	   7.6146908e+00	   8.7592494e+00	             NaN	             NaN	             NaN	             NaN	             NaN	             NaN	             NaN	             NaN	             NaN	             NaN	             NaN	   0.0000000e+00	   0.0000000e+00	   0.0000000e+00	   0.0000000e+00	   0.0000000e+00	   0.0000000e+00	   0.0000000e+00	   0.0000000e+00	   0.0000000e+00	   0.0000000e+00	   0.0000000e+00	   0.0000000e+00	   0.0000000e+00	   0.0000000e+00	   0.0000000e+00	
   4.6522469e+00	   4.9159662e+00	   5.2408618e+00	   5.8578732e+00	   6.8096195e+00	   8.2990680e+00	   8.8416454e+00	             NaN	             NaN	             NaN	             NaN	             NaN	             NaN	             NaN	             NaN	             NaN	             NaN	             NaN	   0.0000000e+00	   0.0000000e+00	   0.0000000e+00	   0.0000000e+00	   0.0000000e+00	   0.0000000e+00	   0.0000000e+00	   0.0000000e+00	   0.0000000e+00	   0.0000000e+00	   0.0000000e+00	   0.0000000e+00	   0.0000000e+00	   0.0000000e+00	   0.0000000e+00	
   4.6806006e+00	   5.0500250e+00	   5.6523856e+00	   6.1007088e+00	   7.2482404e+00	   8.1920581e+00	   8.9951533e+00	             NaN	             NaN	             NaN	             NaN	             NaN	             NaN	             NaN	             NaN	             NaN	             NaN	             NaN	   0.0000000e+00	   0.0000000e+00	   0.0000000e+00	   0.0000000e+00	   0.0000000e+00	   0.0000000e+00	   0.0000000e+00	   0.0000000e+00	   0.0000000e+00	   0.0000000e+00	   0.0000000e+00	   0.0000000e+00	   0.0000000e+00	   0.0000000e+00	   0.0000000e+00	
   5.7192032e+00	   5.0829707e+00	   5.8702990e+00	   6.7510432e+00	   7.5924324e+00	   8.4944446e+00	   9.2110911e+00	   9.6244523e+00	             NaN	             NaN	             NaN	             NaN	             NaN	             NaN	             NaN	             NaN	             NaN	             NaN	             NaN	   0.0000000e+00	   0.0000000e+00	   0.0000000e+00	   0.0000000e+00	   0.0000000e+00	   0.0000000e+00	   0.0000000e+00	   0.0000000e+00	   0.0000000e+00	   0.0000000e+00	   0.0000000e+00	   0.0000000e+00	   0.0000000e+00	   0.0000000e+00	
   5.6562740e+00	   5.9770893e+00	   6.3827192e+00	   6.5739555e+00	   7.7254152e+00	   8.2342952e+00	   9.3608649e+00	   9.8339245e+00	             NaN	             NaN	             NaN	             NaN	             NaN	             NaN	             NaN	             NaN	             NaN	             NaN	             NaN	   0.0000000e+00	   0.0000000e+00	   0.0000000e+00	   0.0000000e+00	   0.0000000e+00	   0.0000000e+00	   0.0000000e+00	   0.0000000e+00	   0.0000000e+00	   0.0000000e+00	   0.0000000e+00	   0.0000000e+00	   0.0000000e+00	   0.0000000e+00	
   6.1955188e+00	   5.9629273e+00	   6.7230723e+00	   6.9392927e+00	   7.7480937e+00	   8.5390828e+00	   9.4011020e+00	   1.0106398e+01	   9.5364400e+00	             NaN	             NaN	             NaN	             NaN	             NaN	             NaN	             NaN	             NaN	             NaN	             NaN	             NaN	   0.0000000e+00	   0.0000000e+00	   0.0000000e+00	   0.0000000e+00	   0.0000000e+00	   0.0000000e+00	   0.0000000e+00	   0.0000000e+00	   0.0000000e+00	   0.0000000e+00	   0.0000000e+00	   0.0000000e+00	   0.0000000e+00	
   6.6584702e+00	   6.4196942e+00	   6.9052226e+00	   7.5893627e+00	   8.2852604e+00	   9.0188925e+00	   9.6792022e+00	   1.0307273e+01	   1.0076206e+01	             NaN	             NaN	             NaN	             NaN	             NaN	             NaN	             NaN	             NaN	             NaN	             NaN	             NaN	   0.0000000e+00	   0.0000000e+00	   0.0000000e+00	   0.0000000e+00	   0.0000000e+00	   0.0000000e+00	   0.0000000e+00	   0.0000000e+00	   0.0000000e+00	   0.0000000e+00	   0.0000000e+00	   0.0000000e+00	   0.0000000e+00	
   7.0477450e+00	   7.1610345e+00	   7.0652080e+00	   8.0113553e+00	   8.5266963e+00	   9.3106642e+00	   1.0108459e+01	   1.0509298e+01	   1.0314900e+01	             NaN	             NaN	             NaN	             NaN	             NaN	             NaN	             NaN	             NaN	             NaN	             NaN	             NaN	   0.0000000e+00	   0.0000000e+00	   0.0000000e+00	   0.0000000e+00	   0.0000000e+00	   0.0000000e+00	   0.0000000e+00	   0.0000000e+00	   0.0000000e+00	   0.0000000e+00	   0.0000000e+00	   0.0000000e+00	   0.0000000e+00	
   7.6201632e+00	   7.7571093e+00	   7.8374090e+00	   8.4876077e+00	   8.7499793e+00	   9.5383953e+00	   1.0192799e+01	   1.0923942e+01	   1.0741265e+01	   1.0063325e+01	             NaN	             NaN	             NaN	             NaN	             NaN	             NaN	             NaN	             NaN	             NaN	             NaN	             NaN	   0.0000000e+00	   0.0000000e+00	   0.0000000e+00	   0.0000000e+00	   0.0000000e+00	   0.0000000e+00	   0.0000000e+00	   0.0000000e+00	   0.0000000e+00	   0.0000000e+00	   0.0000000e+00	   0.0000000e+00	
   8.2009527e+00	   7.7560075e+00	   8.2936633e+00	   8.6050980e+00	   9.3325160e+00	   9.8203415e+00	   1.0567365e+01	   1.1103181e+01	   1.1259621e+01	   1.0469759e+01	             NaN	             NaN	             NaN	             NaN	             NaN	             NaN	             NaN	             NaN	             NaN	             NaN	             NaN	   0.0000000e+00	   0.0000000e+00	   0.0000000e+00	   0.0000000e+00	   0.0000000e+00	   0.0000000e+00	   0.0000000e+00	   0.0000000e+00	   0.0000000e+00	   0.0000000e+00	   0.0000000e+00	   0.0000000e+00	
   8.4836392e+00	   8.2394141e+00	   8.3596699e+00	   8.9643539e+00	   9.6280694e+00	   9.9066896e+00	   1.0648445e+01	   1.1130307e+01	   1.1388952e+01	   1.1125217e+01	   9.6365825e+00	             NaN	             NaN	             NaN	             NaN	             NaN	             NaN	             NaN	             NaN	             NaN	             NaN	             NaN	   0.0000000e+00	   0.0000000e+00	   0.0000000e+00	   0.0000000e+00	   0.0000000e+00	   0.0000000e+00	   0.0000000e+00	   0.0000000e+00	   0.0000000e+00	   0.0000000e+00	   0.0000000e+00	
   8.6922502e+00	   8.6034502e+00	   8.8419028e+00	   9.4563173e+00	   9.9866931e+00	   1.0386381e+01	   1.1058334e+01	   1.1364203e+01	   1.1683360e+01	   1.1356034e+01	   1.0500573e+01	             NaN	             NaN	             NaN	             NaN	             NaN	             NaN	             NaN	             NaN	             NaN	             NaN	             NaN	   0.0000000e+00	   0.0000000e+00	   0.0000000e+00	   0.0000000e+00	   0.0000000e+00	   0.0000000e+00	   0.0000000e+00	   0.0000000e+00	   0.0000000e+00	   0.0000000e+00	   0.0000000e+00	
   9.6395432e+00	   9.5190233e+00	   9.6898663e+00	   1.0113420e+01	   1.0417887e+01	   1.0738969e+01	   1.1266122e+01	   1.1734007e+01	   1.2093844e+01	   1.1853316e+01	   1.0943256e+01	             NaN	             NaN	             NaN	             NaN	             NaN	             NaN	             NaN	             NaN	             NaN	             NaN	             NaN	   0.0000000e+00	   0.0000000e+00	   0.0000000e+00	   0.0000000e+00	   0.0000000e+00	   0.0000000e+00	   0.0000000e+00	   0.0000000e+00	   0.0000000e+00	   0.0000000e+00	   0.0000000e+00	
   1.0261646e+01	   1.0391194e+01	   1.0215038e+01	   1.0506965e+01	   1.0673363e+01	   1.1130888e+01	   1.1621433e+01	   1.2261208e+01	   1.2422570e+01	   1.2361947e+01	   1.1520098e+01	   9.8260181e+00	             NaN	             NaN	             NaN	             NaN	             NaN	             NaN	             NaN	             NaN	             NaN	             NaN	             NaN	   0.0000000e+00	   0.0000000e+00	   0.0000000e+00	   0.0000000e+00	   0.0000000e+00	   0.0000000e+00	   0.0000000e+00	   0.0000000e+00	   0.0000000e+00	   0.0000000e+00	
   1.1310290e+01	   1.0852124e+01	   1.0941826e+01	   1.0850262e+01	   1.1120016e+01	   1.1265655e+01	   1.2153337e+01	   1.2475803e+01	   1.2887892e+01	   1.2977438e+01	   1.2266890e+01	   1.0907608e+01	             NaN	             NaN	             NaN	             NaN	             NaN	             NaN	             NaN	             NaN	             NaN	             NaN	             NaN	   0.0000000e+00	   0.0000000e+00	   0.0000000e+00	   0.0000000e+00	   0.0000000e+00	   0.0000000e+00	   0.0000000e+00	   0.0000000e+00	   0.0000000e+00	   0.0000000e+00	
   1.2366002e+01	   1.1864275e+01	   1.1760881e+01	   1.1144522e+01	   1.1636844e+01	   1.2129667e+01	   1.2413965e+01	   1.3135950e+01	   1.3358283e+01	   1.3536902e+01	   1.2875597e+01	   1.1675403e+01	   9.7818982e+00	             NaN	             NaN	             NaN	             NaN	             NaN	             NaN	             NaN	             NaN	             NaN	             NaN	             NaN	   0.0000000e+00	   0.0000000e+00	   0.0000000e+00	   0.0000000e+00	   0.0000000e+00	   0.0000000e+00	   0.0000000e+00	   0.0000000e+00	   0.0000000e+00	
   1.2916782e+01	   1.2761482e+01	   1.2537135e+01	   1.2417712e+01	   1.2176249e+01	   1.2405969e+01	   1.2919704e+01	   1.3351535e+01	   1.3747055e+01	   1.3977624e+01	   1.3507310e+01	   1.2360195e+01	   1.0856897e+01	             NaN	             NaN	             NaN	             NaN	             NaN	             NaN	             NaN	             NaN	             NaN	             NaN	             NaN	   0.0000000e+00	   0.0000000e+00	   0.0000000e+00	   0.0000000e+00	   0.0000000e+00	   0.0000000e+00	   0.0000000e+00	   0.0000000e+00	   0.0000000e+00	
   1.2995080e+01	   1.3456727e+01	   1.3153546e+01	   1.2742341e+01	   1.2910533e+01	   1.2919690e+01	   1.3230854e+01	   1.3701010e+01	   1.4110700e+01	   1.4322552e+01	   1.3945812e+01	   1.3111991e+01	   1.1831803e+01	             NaN	             NaN	             NaN	             NaN	             NaN	             NaN	             NaN	             NaN	             NaN	             NaN	             NaN	   0.0000000e+00	   0.0000000e+00	   0.0000000e+00	   0.0000000e+00	   0.0000000e+00	   0.0000000e+00	   0.0000000e+00	   0.0000000e+00	   0.0000000e+00	
   1.4947828e+01	   1.4433919e+01	   1.3810626e+01	   1.3535032e+01	   1.3296418e+01	   1.3300620e+01	   1.3807755e+01	   1.4183599e+01	   1.4428200e+01	   1.4766066e+01	   1.4554974e+01	   1.3891310e+01	   1.2567594e+01	   1.0645232e+01	             NaN	             NaN	             NaN	             NaN	             NaN	             NaN	             NaN	             NaN	             NaN	             NaN	             NaN	   0.0000000e+00	   0.0000000e+00	   0.0000000e+00	   0.0000000e+00	   0.0000000e+00	   0.0000000e+00	   0.0000000e+00	   0.0000000e+00	
   1.5549642e+01	   1.5574471e+01	   1.4944974e+01	   1.4385413e+01	   1.3843258e+01	   1.3747360e+01	   1.4015114e+01	   1.4501903e+01	   1.4767104e+01	   1.5238690e+01	   1.5110391e+01	   1.4452134e+01	   1.3540004e+01	   1.2009191e+01	             NaN	             NaN	             NaN	             NaN	             NaN	             NaN	             NaN	             NaN	             NaN	             NaN	             NaN	   0.0000000e+00	   0.0000000e+00	   0.0000000e+00	   0.0000000e+00	   0.0000000e+00	   0.0000000e+00	   0.0000000e+00	   0.0000000e+00	
   1.6339766e+01	   1.5911403e+01	   1.5713178e+01	   1.5225680e+01	   1.4413617e+01	   1.4218823e+01	   1.4403647e+01	   1.4803087e+01	   1.5151342e+01	   1.5549584e+01	   1.5645713e+01	   1.5166746e+01	   1.4218086e+01	   1.3060527e+01	   9.9342284e+00	             NaN	             NaN	             NaN	             NaN	             NaN	             NaN	             NaN	             NaN	             NaN	             NaN	             NaN	   0.0000000e+00	   0.0000000e+00	   0.0000000e+00	   0.0000000e+00	   0.0000000e+00	   0.0000000e+00	   0.0000000e+00	
   1.7114797e+01	   1.7614161e+01	   1.7003347e+01	   1.6312817e+01	   1.5464913e+01	   1.4863852e+01	   1.4934518e+01	   1.5411712e+01	   1.5813835e+01	   1.6495910e+01	   1.6517822e+01	   1.6093159e+01	   1.5313593e+01	   1.4129961e+01	   1.2012987e+01	             NaN	             NaN	             NaN	             NaN	             NaN	             NaN	             NaN	             NaN	             NaN	             NaN	             NaN	   0.0000000e+00	   0.0000000e+00	   0.0000000e+00	   0.0000000e+00	   0.0000000e+00	   0.0000000e+00	   0.0000000e+00	
   1.7946673e+01	   1.9486932e+01	   1.8404316e+01	   1.7312042e+01	   1.6404395e+01	   1.6103305e+01	   1.5893231e+01	   1.6288876e+01	   1.6609820e+01	   1.7298274e+01	   1.7420362e+01	   1.7126277e+01	   1.6492410e+01	   1.5303925e+01	   1.3577203e+01	             NaN	             NaN	             NaN	             NaN	             NaN	             NaN	             NaN	             NaN	             NaN	             NaN	             NaN	   0.0000000e+00	   0.0000000e+00	   0.0000000e+00	   0.0000000e+00	   0.0000000e+00	   0.0000000e+00	   0.0000000e+00	
   1.9129798e+01	   2.0544099e+01	   1.9841185e+01	   1.8943011e+01	   1.7669335e+01	   1.6946801e+01	   1.6846439e+01	   1.7192680e+01	   1.7516553e+01	   1.8141920e+01	   1.8366538e+01	   1.8150332e+01	   1.7513704e+01	   1.6750651e+01	   1.5243864e+01	   1.2433613e+01	             NaN	             NaN	             NaN	             NaN	             NaN	             NaN	             NaN	             NaN	             NaN	             NaN	             NaN	   0.0000000e+00	   0.0000000e+00	   0.0000000e+00	   0.0000000e+00	   0.0000000e+00	   0.0000000e+00	
   2.0500129e+01	   2.1569470e+01	   2.1089624e+01	   1.9997778e+01	   1.8882428e+01	   1.8206979e+01	   1.7672117e+01	   1.7961425e+01	   1.8470895e+01	   1.8735674e+01	   1.9345723e+01	   1.9151451e+01	   1.8797961e+01	   1.7732368e+01	   1.6534783e+01	   1.4292295e+01	             NaN	             NaN	             NaN	             NaN	             NaN	             NaN	             NaN	             NaN	             NaN	             NaN	             NaN	   0.0000000e+00	   0.0000000e+00	   0.0000000e+00	   0.0000000e+00	   0.0000000e+00	   0.0000000e+00	
   2.1820247e+01	   2.2664877e+01	   2.2729968e+01	   2.1678313e+01	   1.9965427e+01	   1.8794535e+01	   1.8561025e+01	   1.8762974e+01	   1.8925355e+01	   1.9700948e+01	   2.0232323e+01	   2.0002318e+01	   1.9704954e+01	   1.9087509e+01	   1.7649257e+01	   1.5926326e+01	   1.2704056e+01	             NaN	             NaN	             NaN	             NaN	             NaN	             NaN	             NaN	             NaN	             NaN	             NaN	             NaN	   0.0000000e+00	   0.0000000e+00	   0.0000000e+00	   0.0000000e+00	   0.0000000e+00	
   2.2610598e+01	   2.3667238e+01	   2.3698205e+01	   2.2926340e+01	   2.0731166e+01	   1.9677832e+01	   1.9397910e+01	   1.9318349e+01	   1.9470947e+01	   2.0154658e+01	   2.0581055e+01	   2.0819939e+01	   2.0587343e+01	   1.9922572e+01	   1.8710895e+01	   1.7128852e+01	   1.4182873e+01	             NaN	             NaN	             NaN	             NaN	             NaN	             NaN	             NaN	             NaN	             NaN	             NaN	             NaN	   0.0000000e+00	   0.0000000e+00	   0.0000000e+00	   0.0000000e+00	   0.0000000e+00	
   2.3701854e+01	   2.5262067e+01	   2.5354081e+01	   2.4245664e+01	   2.1948923e+01	   2.0806031e+01	   2.0425128e+01	   2.0262911e+01	   2.0577743e+01	   2.0898930e+01	   2.1483986e+01	   2.1792466e+01	   2.1636392e+01	   2.1131683e+01	   1.9927515e+01	   1.8326447e+01	   1.5848514e+01	             NaN	             NaN	             NaN	             NaN	             NaN	             NaN	             NaN	             NaN	             NaN	             NaN	             NaN	   0.0000000e+00	   0.0000000e+00	   0.0000000e+00	   0.0000000e+00	   0.0000000e+00	
   2.3742127e+01	   2.6356273e+01	   2.6855791e+01	   2.6028092e+01	   2.3620210e+01	   2.1998527e+01	   2.1355705e+01	   2.1124053e+01	   2.1165395e+01	   2.1829242e+01	   2.2478230e+01	   2.2602706e+01	   2.2612903e+01	   2.2300586e+01	   2.1275670e+01	   1.9634289e+01	   1.7382833e+01	   1.4181880e+01	             NaN	             NaN	             NaN	             NaN	             NaN	             NaN	             NaN	             NaN	             NaN	             NaN	             NaN	   0.0000000e+00	   0.0000000e+00	   0.0000000e+00	   0.0000000e+00	
   2.4974589e+01	   2.8623657e+01	   2.8019222e+01	   2.6807676e+01	   2.4696130e+01	   2.3000755e+01	   2.2135357e+01	   2.1843714e+01	   2.2055651e+01	   2.2709683e+01	   2.3263625e+01	   2.3645877e+01	   2.3686367e+01	   2.3457853e+01	   2.2354827e+01	   2.0802499e+01	   1.8898606e+01	   1.5847372e+01	             NaN	             NaN	             NaN	             NaN	             NaN	             NaN	             NaN	             NaN	             NaN	             NaN	             NaN	   0.0000000e+00	   0.0000000e+00	   0.0000000e+00	   0.0000000e+00	
   2.6059004e+01	   2.8520851e+01	   2.9190414e+01	   2.8065549e+01	   2.6264395e+01	   2.4162446e+01	   2.3087074e+01	   2.2717157e+01	   2.2773964e+01	   2.3419264e+01	   2.4142401e+01	   2.4492002e+01	   2.4591714e+01	   2.4417598e+01	   2.3396399e+01	   2.1970297e+01	   2.0092392e+01	   1.7497246e+01	   1.4337022e+01	             NaN	             NaN	             NaN	             NaN	             NaN	             NaN	             NaN	             NaN	             NaN	             NaN	             NaN	   0.0000000e+00	   0.0000000e+00	   0.0000000e+00	
   2.8073952e+01	   3.0484293e+01	   3.0479327e+01	   2.9204439e+01	   2.7778339e+01	   2.5444597e+01	   2.4179990e+01	   2.3706067e+01	   2.3677225e+01	   2.4160355e+01	   2.5033389e+01	   2.5585684e+01	   2.5784086e+01	   2.5684782e+01	   2.4660743e+01	   2.3304979e+01	   2.1355031e+01	   1.8999949e+01	   1.5566586e+01	             NaN	             NaN	             NaN	             NaN	             NaN	             NaN	             NaN	             NaN	             NaN	             NaN	             NaN	   0.0000000e+00	   0.0000000e+00	   0.0000000e+00	
   2.9438949e+01	   3.1442441e+01	   3.2501414e+01	   3.1670802e+01	   2.9219264e+01	   2.6487587e+01	   2.5259116e+01	   2.4838104e+01	   2.4641013e+01	   2.5199825e+01	   2.5948238e+01	   2.6678192e+01	   2.6823894e+01	   2.6841506e+01	   2.6017818e+01	   2.4389850e+01	   2.2564647e+01	   2.0380902e+01	   1.7069056e+01	             NaN	             NaN	             NaN	             NaN	             NaN	             NaN	             NaN	             NaN	             NaN	             NaN	             NaN	   0.0000000e+00	   0.0000000e+00	   0.0000000e+00	
   3.0341309e+01	   3.3961829e+01	   3.3568539e+01	   3.2794997e+01	   3.0112387e+01	   2.7706793e+01	   2.6483395e+01	   2.5868366e+01	   2.5660363e+01	   2.6216877e+01	   2.6941544e+01	   2.7525795e+01	   2.8012335e+01	   2.8059793e+01	   2.7225876e+01	   2.5740554e+01	   2.3808433e+01	   2.1731067e+01	   1.8744784e+01	   1.5444177e+01	             NaN	             NaN	             NaN	             NaN	             NaN	             NaN	             NaN	             NaN	             NaN	             NaN	             NaN	   0.0000000e+00	   0.0000000e+00	
   3.3417882e+01	   3.4401171e+01	   3.5698734e+01	   3.3789595e+01	   3.1765995e+01	   2.9448828e+01	   2.7480189e+01	   2.6725238e+01	   2.6518032e+01	   2.7045294e+01	   2.7776237e+01	   2.8571582e+01	   2.9041308e+01	   2.9117535e+01	   2.8462239e+01	   2.6967709e+01	   2.5082923e+01	   2.2847225e+01	   2.0248818e+01	   1.6743696e+01	             NaN	             NaN	             NaN	             NaN	             NaN	             NaN	             NaN	             NaN	             NaN	             NaN	             NaN	   0.0000000e+00	   0.0000000e+00	
   3.4454465e+01	   3.6922187e+01	   3.6913443e+01	   3.5718389e+01	   3.2997832e+01	   3.0396421e+01	   2.8660346e+01	   2.7768630e+01	   2.7551397e+01	   2.7811136e+01	   2.8541129e+01	   2.9594645e+01	   3.0174312e+01	   3.0128740e+01	   2.9567455e+01	   2.8168666e+01	   2.6152380e+01	   2.4144820e+01	   2.1663977e+01	   1.8167476e+01	   1.5369051e+01	             NaN	             NaN	             NaN	             NaN	             NaN	             NaN	             NaN	             NaN	             NaN	             NaN	             NaN	   0.0000000e+00	
   3.3944493e+01	   3.8143167e+01	   3.8873688e+01	   3.8049242e+01	   3.5172001e+01	   3.2182565e+01	   3.0036811e+01	   2.8874779e+01	   2.8657240e+01	   2.9036881e+01	   2.9886993e+01	   3.0731793e+01	   3.1340378e+01	   3.1662936e+01	   3.0958218e+01	   2.9511945e+01	   2.7532294e+01	   2.5542994e+01	   2.3074845e+01	   1.9976357e+01	   1.6515116e+01	             NaN	             NaN	             NaN	             NaN	             NaN	             NaN	             NaN	             NaN	             NaN	             NaN	             NaN	   0.0000000e+00	
   3.6490111e+01	   3.9761200e+01	   4.0830859e+01	   3.9465113e+01	   3.6639904e+01	   3.3559297e+01	   3.1266249e+01	   3.0091725e+01	   2.9764359e+01	   3.0104226e+01	   3.0890042e+01	   3.1751834e+01	   3.2521469e+01	   3.2975082e+01	   3.2237441e+01	   3.0709641e+01	   2.8999443e+01	   2.6725915e+01	   2.4284894e+01	   2.1451378e+01	   1.7677333e+01	             NaN	             NaN	             NaN	             NaN	             NaN	             NaN	             NaN	             NaN	             NaN	             NaN	             NaN	   0.0000000e+00	
   3.9703257e+01	   4.1752615e+01	   4.2132755e+01	   4.1038668e+01	   3.8379753e+01	   3.4739915e+01	   3.2533626e+01	   3.1311324e+01	   3.0646577e+01	   3.0930535e+01	   3.1849206e+01	   3.2814352e+01	   3.3608431e+01	   3.4184288e+01	   3.3486914e+01	   3.2053910e+01	   3.0168499e+01	   2.7946962e+01	   2.5390894e+01	   2.2800276e+01	   1.9148764e+01	   1.6007251e+01	             NaN	             NaN	             NaN	             NaN	             NaN	             NaN	             NaN	             NaN	             NaN	             NaN	             NaN	
   4.0547443e+01	   4.3302575e+01	   4.4371821e+01	   4.2578192e+01	   3.9699270e+01	   3.6202569e+01	   3.3739809e+01	   3.2239557e+01	   3.1624902e+01	   3.2083680e+01	   3.2899366e+01	   3.3804281e+01	   3.4744301e+01	   3.5322933e+01	   3.4669828e+01	   3.3342438e+01	   3.1239642e+01	   2.9051553e+01	   2.6699023e+01	   2.4079475e+01	   2.0669845e+01	   1.7085987e+01	             NaN	             NaN	             NaN	             NaN	             NaN	             NaN	             NaN	             NaN	             NaN	             NaN	             NaN	
   4.1661972e+01	   4.4522186e+01	   4.5120528e+01	   4.4277296e+01	   4.1294336e+01	   3.7547416e+01	   3.4794435e+01	   3.3194962e+01	   3.2483538e+01	   3.2819492e+01	   3.3767646e+01	   3.4869853e+01	   3.5703413e+01	   3.6304701e+01	   3.5835994e+01	   3.4392822e+01	   3.2334521e+01	   3.0176680e+01	   2.7751572e+01	   2.5198434e+01	   2.2157039e+01	   1.8289301e+01	   1.5396646e+01	             NaN	             NaN	             NaN	             NaN	             NaN	             NaN	             NaN	             NaN	             NaN	             NaN	
   4.3390261e+01	   4.5641633e+01	   4.7719317e+01	   4.6412250e+01	   4.2690300e+01	   3.9103555e+01	   3.6222968e+01	   3.4590818e+01	   3.3603120e+01	   3.4020818e+01	   3.4794754e+01	   3.5889981e+01	   3.6870803e+01	   3.7592241e+01	   3.7097373e+01	   3.5593980e+01	   3.3735706e+01	   3.1334914e+01	   2.9103971e+01	   2.6548710e+01	   2.3434932e+01	   1.9565798e+01	   1.6553521e+01	             NaN	             NaN	             NaN	             NaN	             NaN	             NaN	             NaN	             NaN	             NaN	             NaN	
   4.5863379e+01	   4.8654053e+01	   4.9077592e+01	   4.8280577e+01	   4.4704255e+01	   4.0530911e+01	   3.7492584e+01	   3.5805107e+01	   3.4751557e+01	   3.5075339e+01	   3.5845027e+01	   3.6937635e+01	   3.8137125e+01	   3.8625093e+01	   3.8316413e+01	   3.6896393e+01	   3.4966079e+01	   3.2705368e+01	   3.0272954e+01	   2.7701817e+01	   2.4764818e+01	   2.1340642e+01	   1.7635410e+01	             NaN	             NaN	             NaN	             NaN	             NaN	             NaN	             NaN	             NaN	             NaN	             NaN	
   4.7857827e+01	   4.9221662e+01	   5.1186062e+01	   5.0400907e+01	   4.6748936e+01	   4.2141228e+01	   3.8795911e+01	   3.6890317e+01	   3.5841730e+01	   3.6021796e+01	   3.6771918e+01	   3.7953489e+01	   3.9104627e+01	   3.9837677e+01	   3.9265865e+01	   3.8067015e+01	   3.6119678e+01	   3.3791404e+01	   3.1501745e+01	   2.8893613e+01	   2.6101012e+01	   2.2644373e+01	   1.8747649e+01	   1.5957583e+01	             NaN	             NaN	             NaN	             NaN	             NaN	             NaN	             NaN	             NaN	             NaN	
   4.9563542e+01	   5.2375171e+01	   5.2780875e+01	   5.0998668e+01	   4.7963581e+01	   4.3984558e+01	   4.0123202e+01	   3.7914734e+01	   3.6733395e+01	   3.6843499e+01	   3.7625804e+01	   3.8834658e+01	   4.0041816e+01	   4.0968227e+01	   4.0450005e+01	   3.9190537e+01	   3.7140546e+01	   3.4885505e+01	   3.2607288e+01	   3.0082903e+01	   2.7317646e+01	   2.4008985e+01	   2.0173258e+01	   1.6915274e+01	             NaN	             NaN	             NaN	             NaN	             NaN	             NaN	             NaN	             NaN	             NaN	
   5.0793504e+01	   5.4045479e+01	   5.5142673e+01	   5.3420981e+01	   4.9942524e+01	   4.5024315e+01	   4.1514594e+01	   3.8941131e+01	   3.7758850e+01	   3.7641964e+01	   3.8392737e+01	   3.9599326e+01	   4.0875303e+01	   4.1843730e+01	   4.1472889e+01	   4.0163636e+01	   3.8098346e+01	   3.6054294e+01	   3.3760814e+01	   3.1218685e+01	   2.8326629e+01	   2.5260376e+01	   2.1492809e+01	   1.7907427e+01	   1.5453841e+01	             NaN	             NaN	             NaN	             NaN	             NaN	             NaN	             NaN	             NaN	
   5.2616489e+01	   5.5494194e+01	   5.6692116e+01	   5.5355999e+01	   5.1128695e+01	   4.6290259e+01	   4.2349640e+01	   4.0131502e+01	   3.8567934e+01	   3.8645008e+01	   3.9449808e+01	   4.0386150e+01	   4.1721089e+01	   4.2574785e+01	   4.2379597e+01	   4.1088605e+01	   3.9219988e+01	   3.6971492e+01	   3.4645045e+01	   3.2221352e+01	   2.9537366e+01	   2.6340100e+01	   2.2882752e+01	   1.9145364e+01	   1.6389454e+01	             NaN	             NaN	             NaN	             NaN	             NaN	             NaN	             NaN	             NaN	
   5.3603972e+01	   5.7113498e+01	   5.8548491e+01	   5.6522061e+01	   5.2579291e+01	   4.7967478e+01	   4.3562581e+01	   4.0742199e+01	   3.9347784e+01	   3.9325149e+01	   4.0050868e+01	   4.1165041e+01	   4.2625346e+01	   4.3476592e+01	   4.3325171e+01	   4.1963541e+01	   4.0085336e+01	   3.7952905e+01	   3.5562782e+01	   3.3275893e+01	   3.0588362e+01	   2.7450240e+01	   2.4156266e+01	   2.0171450e+01	   1.7360301e+01	             NaN	             NaN	             NaN	             NaN	             NaN	             NaN	             NaN	             NaN	
   5.5556785e+01	   5.9871625e+01	   6.0417434e+01	   5.8005788e+01	   5.4346604e+01	   4.9168469e+01	   4.5129993e+01	   4.1961423e+01	   4.0317719e+01	   3.9989972e+01	   4.0947009e+01	   4.1924011e+01	   4.3326451e+01	   4.4093089e+01	   4.4067865e+01	   4.2740078e+01	   4.1008921e+01	   3.8787206e+01	   3.6594725e+01	   3.4142495e+01	   3.1550958e+01	   2.8480127e+01	   2.5243841e+01	   2.1576258e+01	   1.8214918e+01	   1.5652390e+01	             NaN	             NaN	             NaN	             NaN	             NaN	             NaN	             NaN	
   5.6793783e+01	   6.1006066e+01	   6.1753380e+01	   5.9979305e+01	   5.5334577e+01	   5.0014565e+01	   4.5900936e+01	   4.2859319e+01	   4.0969270e+01	   4.0659886e+01	   4.1287957e+01	   4.2482721e+01	   4.3865152e+01	   4.4839770e+01	   4.4761347e+01	   4.3556650e+01	   4.1777463e+01	   3.9665289e+01	   3.7429281e+01	   3.5160446e+01	   3.2512744e+01	   2.9510840e+01	   2.6320030e+01	   2.2823284e+01	   1.9231878e+01	   1.6522421e+01	             NaN	             NaN	             NaN	             NaN	             NaN	             NaN	             NaN	
   5.8562129e+01	   6.2848801e+01	   6.3898529e+01	   6.1310576e+01	   5.7177951e+01	   5.1757545e+01	   4.7197365e+01	   4.3998144e+01	   4.1862659e+01	   4.1485209e+01	   4.1916576e+01	   4.2857251e+01	   4.4531919e+01	   4.5416173e+01	   4.5410046e+01	   4.4272758e+01	   4.2483741e+01	   4.0523328e+01	   3.8351805e+01	   3.6007535e+01	   3.3461955e+01	   3.0440812e+01	   2.7344454e+01	   2.4047617e+01	   2.0366554e+01	   1.7467661e+01	   1.4454903e+01	             NaN	             NaN	             NaN	             NaN	             NaN	             NaN	
   6.0592220e+01	   6.3890165e+01	   6.4370683e+01	   6.3031870e+01	   5.8713323e+01	   5.2837063e+01	   4.8335832e+01	   4.4793670e+01	   4.2710347e+01	   4.2007212e+01	   4.2443530e+01	   4.3566555e+01	   4.5067712e+01	   4.5908729e+01	   4.6063893e+01	   4.4911572e+01	   4.3254341e+01	   4.1374307e+01	   3.9060450e+01	   3.6989159e+01	   3.4406928e+01	   3.1544187e+01	   2.8412081e+01	   2.5172327e+01	   2.1730625e+01	   1.8490841e+01	   1.5547051e+01	             NaN	             NaN	             NaN	             NaN	             NaN	             NaN	
   6.0947742e+01	   6.4710598e+01	   6.6494600e+01	   6.4621401e+01	   5.9394441e+01	   5.3927920e+01	   4.9350913e+01	   4.5542724e+01	   4.3278898e+01	   4.2609405e+01	   4.3155223e+01	   4.4012024e+01	   4.5334851e+01	   4.6554511e+01	   4.6500239e+01	   4.5507298e+01	   4.3731546e+01	   4.1958387e+01	   3.9880737e+01	   3.7620436e+01	   3.5400399e+01	   3.2398801e+01	   2.9339029e+01	   2.6189457e+01	   2.2905604e+01	   1.9299997e+01	   1.6448766e+01	             NaN	             NaN	             NaN	             NaN	             NaN	             NaN	
   6.0002097e+01	   6.6560019e+01	   6.7059091e+01	   6.5601347e+01	   6.1143839e+01	   5.5468461e+01	   5.0682222e+01	   4.6402090e+01	   4.3944075e+01	   4.3211671e+01	   4.3585296e+01	   4.4313418e+01	   4.5690816e+01	   4.6848690e+01	   4.6997448e+01	   4.6005283e+01	   4.4305527e+01	   4.2492491e+01	   4.0544356e+01	   3.8574941e+01	   3.6045572e+01	   3.3237338e+01	   3.0239373e+01	   2.7181135e+01	   2.3958150e+01	   2.0431444e+01	   1.7277888e+01	   1.4363832e+01	             NaN	             NaN	             NaN	             NaN	             NaN	
   6.2873159e+01	   6.8315612e+01	   6.8511175e+01	   6.6482496e+01	   6.2314633e+01	   5.6213484e+01	   5.1256672e+01	   4.7152997e+01	   4.4429612e+01	   4.3655552e+01	   4.3822595e+01	   4.4682193e+01	   4.5911576e+01	   4.7090245e+01	   4.7219917e+01	   4.6359764e+01	   4.4684221e+01	   4.2980891e+01	   4.0940429e+01	   3.9047699e+01	   3.6649943e+01	   3.3896006e+01	   3.0958607e+01	   2.7899787e+01	   2.4862515e+01	   2.1284430e+01	   1.8016934e+01	   1.4974605e+01	             NaN	             NaN	             NaN	             NaN	             NaN	
   6.3541873e+01	   6.8489220e+01	   6.9289283e+01	   6.7524597e+01	   6.3473602e+01	   5.7643560e+01	   5.1802793e+01	   4.7629177e+01	   4.5008486e+01	   4.4051428e+01	   4.4268525e+01	   4.4854232e+01	   4.6120322e+01	   4.7253178e+01	   4.7378683e+01	   4.6508067e+01	   4.5004328e+01	   4.3197091e+01	   4.1697279e+01	   3.9586293e+01	   3.7289981e+01	   3.4600627e+01	   3.1839921e+01	   2.8668663e+01	   2.5728880e+01	   2.2295777e+01	   1.8658663e+01	   1.5785151e+01	   1.2899378e+01	             NaN	             NaN	             NaN	             NaN	
   6.3946352e+01	   6.9821616e+01	   7.0619495e+01	   6.8597043e+01	   6.4105327e+01	   5.8282328e+01	   5.3034771e+01	   4.8778316e+01	   4.5603923e+01	   4.4488274e+01	   4.4390650e+01	   4.5189027e+01	   4.6315871e+01	   4.7410825e+01	   4.7702639e+01	   4.6876789e+01	   4.5433305e+01	   4.3734975e+01	   4.2008420e+01	   4.0178833e+01	   3.8008260e+01	   3.5349361e+01	   3.2508552e+01	   2.9457467e+01	   2.6587866e+01	   2.3399587e+01	   1.9578830e+01	   1.6663762e+01	   1.3679474e+01	             NaN	             NaN	             NaN	             NaN	
   6.5836253e+01	   6.9550795e+01	   7.1721107e+01	   6.9727282e+01	   6.4924855e+01	   5.9279577e+01	   5.4093523e+01	   4.9345934e+01	   4.6195351e+01	   4.5098255e+01	   4.4751725e+01	   4.5372363e+01	   4.6511700e+01	   4.7656233e+01	   4.7782733e+01	   4.7077816e+01	   4.5706856e+01	   4.4209146e+01	   4.2505210e+01	   4.0638073e+01	   3.8408122e+01	   3.5929558e+01	   3.3179167e+01	   3.0356988e+01	   2.7360287e+01	   2.4351570e+01	   2.0543820e+01	   1.7378917e+01	   1.4468698e+01	             NaN	             NaN	             NaN	             NaN	
   6.6528062e+01	   7.0442048e+01	   7.1566687e+01	   7.0349225e+01	   6.5957300e+01	   6.0326572e+01	   5.4384797e+01	   5.0090247e+01	   4.6630548e+01	   4.5134684e+01	   4.4848326e+01	   4.5674533e+01	   4.6520809e+01	   4.7797948e+01	   4.7782795e+01	   4.7144369e+01	   4.5906142e+01	   4.4542971e+01	   4.2836233e+01	   4.1073567e+01	   3.9085381e+01	   3.6601894e+01	   3.3739534e+01	   3.0842650e+01	   2.8111805e+01	   2.5096724e+01	   2.1545607e+01	   1.8113980e+01	   1.5284730e+01	   1.2308398e+01	             NaN	             NaN	             NaN	
   6.6155220e+01	   7.1130050e+01	   7.2005627e+01	   7.0968650e+01	   6.6886368e+01	   6.1016496e+01	   5.5048464e+01	   5.0555931e+01	   4.7274570e+01	   4.5373666e+01	   4.5052554e+01	   4.5476497e+01	   4.6579582e+01	   4.7437419e+01	   4.7840934e+01	   4.7099510e+01	   4.5991419e+01	   4.4615155e+01	   4.3012450e+01	   4.1468666e+01	   3.9312289e+01	   3.6973169e+01	   3.4255749e+01	   3.1481132e+01	   2.8902432e+01	   2.5885053e+01	   2.2438401e+01	   1.8825834e+01	   1.5872992e+01	   1.3074061e+01	             NaN	             NaN	             NaN	
   6.7953459e+01	   7.1787298e+01	   7.2771111e+01	   7.0936686e+01	   6.7466440e+01	   6.1606235e+01	   5.5652815e+01	   5.1003912e+01	   4.7401493e+01	   4.5819381e+01	   4.5187313e+01	   4.5617599e+01	   4.6621595e+01	   4.7502963e+01	   4.7729326e+01	   4.7211116e+01	   4.6019888e+01	   4.4715171e+01	   4.3198460e+01	   4.1701424e+01	   3.9628250e+01	   3.7403794e+01	   3.4774693e+01	   3.2006611e+01	   2.9384355e+01	   2.6487472e+01	   2.3231406e+01	   1.9648349e+01	   1.6547892e+01	   1.3766828e+01	   1.1048970e+01	             NaN	             NaN	
   6.6908184e+01	   7.2306538e+01	   7.3527566e+01	   7.2771041e+01	   6.7957848e+01	   6.2178485e+01	   5.6164383e+01	   5.1407316e+01	   4.7817271e+01	   4.6029978e+01	   4.5322602e+01	   4.5488370e+01	   4.6146871e+01	   4.7366203e+01	   4.7649625e+01	   4.7197556e+01	   4.6161349e+01	   4.4635309e+01	   4.3411422e+01	   4.1903465e+01	   4.0076775e+01	   3.7689344e+01	   3.5222319e+01	   3.2623931e+01	   3.0070827e+01	   2.7247186e+01	   2.4039118e+01	   2.0413211e+01	   1.7295118e+01	   1.4406469e+01	   1.1716609e+01	             NaN	             NaN	
   6.5712275e+01	   7.2740437e+01	   7.3635828e+01	   7.3160971e+01	   6.8948447e+01	   6.2923181e+01	   5.7244819e+01	   5.1985126e+01	   4.7935823e+01	   4.6088563e+01	   4.5430133e+01	   4.5289585e+01	   4.6048233e+01	   4.7113088e+01	   4.7500588e+01	   4.6985743e+01	   4.5981922e+01	   4.4738883e+01	   4.3410421e+01	   4.2020947e+01	   4.0225237e+01	   3.8090822e+01	   3.5552170e+01	   3.2963384e+01	   3.0571618e+01	   2.7782722e+01	   2.4675121e+01	   2.1212791e+01	   1.7831121e+01	   1.4990058e+01	   1.2349135e+01	             NaN	             NaN	
   6.7792046e+01	   7.2620319e+01	   7.3434980e+01	   7.2749154e+01	   6.8493391e+01	   6.3019094e+01	   5.7679480e+01	   5.2198509e+01	   4.8284345e+01	   4.6166700e+01	   4.5111607e+01	   4.5295287e+01	   4.5942023e+01	   4.6869742e+01	   4.7131327e+01	   4.6826409e+01	   4.5729534e+01	   4.4630616e+01	   4.3484120e+01	   4.2065177e+01	   4.0367026e+01	   3.8253122e+01	   3.5921470e+01	   3.3350320e+01	   3.0931458e+01	   2.8384191e+01	   2.5276505e+01	   2.2020736e+01	   1.8507282e+01	   1.5610133e+01	   1.2975370e+01	   1.0543704e+01	             NaN	
   6.8455676e+01	   7.1860717e+01	   7.4147954e+01	   7.3676843e+01	   6.9149902e+01	   6.3597923e+01	   5.7538661e+01	   5.2674715e+01	   4.8480823e+01	   4.6366051e+01	   4.5263310e+01	   4.5148248e+01	   4.5705847e+01	   4.6735090e+01	   4.6807173e+01	   4.6548102e+01	   4.5587786e+01	   4.4486264e+01	   4.3409432e+01	   4.2180186e+01	   4.0613998e+01	   3.8559727e+01	   3.6233579e+01	   3.3773607e+01	   3.1384130e+01	   2.8875544e+01	   2.5863270e+01	   2.2716827e+01	   1.9227076e+01	   1.6177520e+01	   1.3548565e+01	   1.1133105e+01	             NaN	
   6.6869722e+01	   7.2057640e+01	   7.5207708e+01	   7.3030925e+01	   6.9065534e+01	   6.3820581e+01	   5.8200863e+01	   5.2664334e+01	   4.8653952e+01	   4.6238677e+01	   4.5131944e+01	   4.4885735e+01	   4.5440061e+01	   4.6350270e+01	   4.6611560e+01	   4.6257864e+01	   4.5309817e+01	   4.4395421e+01	   4.3238534e+01	   4.2156626e+01	   4.0586541e+01	   3.8604961e+01	   3.6341317e+01	   3.4006529e+01	   3.1807578e+01	   2.9296648e+01	   2.6374110e+01	   2.3213103e+01	   1.9887628e+01	   1.6783058e+01	   1.4146816e+01	   1.1742893e+01	   9.5428698e+00	
   6.6817323e+01	   7.2096421e+01	   7.3499094e+01	   7.3352231e+01	   6.9546853e+01	   6.4132866e+01	   5.8457661e+01	   5.2992216e+01	   4.8769900e+01	   4.6357711e+01	   4.5071497e+01	   4.4889887e+01	   4.5190769e+01	   4.5954297e+01	   4.6253289e+01	   4.5975126e+01	   4.5135482e+01	   4.4254519e+01	   4.3133284e+01	   4.2126810e+01	   4.0658933e+01	   3.8722041e+01	   3.6618485e+01	   3.4324496e+01	   3.2159642e+01	   2.9669225e+01	   2.6808644e+01	   2.3761918e+01	   2.0697239e+01	   1.7384870e+01	   1.4640930e+01	   1.2370777e+01	   1.0098358e+01	
   6.7706766e+01	   7.2401536e+01	   7.4720966e+01	   7.3894006e+01	   6.9821906e+01	   6.4293451e+01	   5.8977122e+01	   5.3628096e+01	   4.8878460e+01	   4.6542866e+01	   4.4863239e+01	   4.4436475e+01	   4.5068239e+01	   4.5663403e+01	   4.6101984e+01	   4.5593192e+01	   4.4929343e+01	   4.4055365e+01	   4.3013829e+01	   4.2046227e+01	   4.0648404e+01	   3.8838282e+01	   3.6755481e+01	   3.4554080e+01	   3.2422390e+01	   3.0166608e+01	   2.7270309e+01	   2.4331710e+01	   2.1368681e+01	   1.8108722e+01	   1.5158387e+01	   1.2865930e+01	   1.0661405e+01	
   6.7648262e+01	   7.2284944e+01	   7.3930914e+01	   7.3047935e+01	   7.0022535e+01	   6.4833053e+01	   5.9026672e+01	   5.3495780e+01	   4.9463405e+01	   4.6498530e+01	   4.4910654e+01	   4.4366393e+01	   4.4715459e+01	   4.5335881e+01	   4.5469612e+01	   4.5287188e+01	   4.4683722e+01	   4.3813853e+01	   4.2929058e+01	   4.1966059e+01	   4.0647527e+01	   3.8711159e+01	   3.6841430e+01	   3.4714704e+01	   3.2711743e+01	   3.0408377e+01	   2.7806101e+01	   2.4772130e+01	   2.1723616e+01	   1.8679852e+01	   1.5673890e+01	   1.3366275e+01	   1.1212652e+01	
   6.6378628e+01	   7.1866005e+01	   7.4377538e+01	   7.3404296e+01	   6.9892481e+01	   6.4475454e+01	   5.9375130e+01	   5.4103798e+01	   4.9405069e+01	   4.6609228e+01	   4.4822174e+01	   4.4329774e+01	   4.4387081e+01	   4.4898881e+01	   4.5150168e+01	   4.4995800e+01	   4.4244198e+01	   4.3432333e+01	   4.2731680e+01	   4.1687908e+01	   4.0543139e+01	   3.8843603e+01	   3.6858738e+01	   3.4849049e+01	   3.2931406e+01	   3.0725783e+01	   2.8068242e+01	   2.5259513e+01	   2.2379209e+01	   1.9298446e+01	   1.6297206e+01	   1.3861827e+01	   1.1739557e+01	
   6.5916618e+01	   7.0984759e+01	   7.3838640e+01	   7.3298706e+01	   7.0120265e+01	   6.5214796e+01	   5.9772655e+01	   5.4177888e+01	   4.9273208e+01	   4.6447854e+01	   4.4857961e+01	   4.3916045e+01	   4.4180047e+01	   4.4733875e+01	   4.4838096e+01	   4.4520853e+01	   4.3975214e+01	   4.3190000e+01	   4.2472137e+01	   4.1555038e+01	   4.0462733e+01	   3.8672083e+01	   3.6888009e+01	   3.4882981e+01	   3.3092356e+01	   3.0980253e+01	   2.8382733e+01	   2.5597060e+01	   2.2766216e+01	   1.9747053e+01	   1.6798517e+01	   1.4261046e+01	   1.2227113e+01	
             NaN	   7.0864910e+01	   7.4098147e+01	   7.2542190e+01	   6.9831000e+01	   6.4905689e+01	   5.9491863e+01	   5.4154865e+01	   4.9506081e+01	   4.6540475e+01	   4.4600307e+01	   4.3849994e+01	   4.3781252e+01	   4.4247075e+01	   4.4271457e+01	   4.4195754e+01	   4.3560484e+01	   4.2966722e+01	   4.2222668e+01	   4.1458895e+01	   4.0270653e+01	   3.8636098e+01	   3.6862261e+01	   3.4966941e+01	   3.3250037e+01	   3.1208746e+01	   2.8741553e+01	   2.6088429e+01	   2.3092569e+01	   2.0234259e+01	   1.7380209e+01	   1.4759517e+01	   1.2657690e+01	
             NaN	   7.1435266e+01	   7.3372434e+01	   7.2253402e+01	   6.9544046e+01	   6.4920610e+01	   5.9731729e+01	   5.4188619e+01	   4.9427546e+01	   4.6410581e+01	   4.4543604e+01	   4.3391787e+01	   4.3292811e+01	   4.3785837e+01	   4.3896900e+01	   4.3601441e+01	   4.2993391e+01	   4.2408036e+01	   4.1696591e+01	   4.1109152e+01	   4.0007099e+01	   3.8479379e+01	   3.6783870e+01	   3.4922252e+01	   3.3377923e+01	   3.1365312e+01	   2.8922138e+01	   2.6296479e+01	   2.3496723e+01	   2.0699319e+01	   1.7949695e+01	   1.5150834e+01	   1.3111677e+01	
             NaN	   7.0597884e+01	   7.3182164e+01	   7.2246801e+01	   6.9669803e+01	   6.4736552e+01	   5.9974879e+01	   5.4461140e+01	   4.9607267e+01	   4.6300084e+01	   4.4436912e+01	   4.3287610e+01	   4.3056456e+01	   4.3444606e+01	   4.3444762e+01	   4.3117115e+01	   4.2653661e+01	   4.2083863e+01	   4.1504215e+01	   4.0738558e+01	   3.9731896e+01	   3.8362524e+01	   3.6694780e+01	   3.4932005e+01	   3.3377740e+01	   3.1460501e+01	   2.9236956e+01	   2.6556506e+01	   2.3881261e+01	   2.1031223e+01	   1.8431855e+01	   1.5735431e+01	   1.3498662e+01	
             NaN	   6.9663421e+01	   7.1878934e+01	   7.2598809e+01	   6.9669524e+01	   6.4750170e+01	   5.9754365e+01	   5.4290529e+01	   4.9629594e+01	   4.6430464e+01	   4.4149885e+01	   4.3011789e+01	   4.2618051e+01	   4.3029461e+01	   4.3003370e+01	   4.2749752e+01	   4.2093652e+01	   4.1609346e+01	   4.1045632e+01	   4.0506591e+01	   3.9517216e+01	   3.8231505e+01	   3.6526320e+01	   3.4972209e+01	   3.3246297e+01	   3.1618051e+01	   2.9358463e+01	   2.6926877e+01	   2.4202395e+01	   2.1385701e+01	   1.8754768e+01	   1.6204656e+01	   1.3936601e+01	
             NaN	   6.9513997e+01	   7.2221944e+01	   7.1567587e+01	   6.9353890e+01	   6.4854114e+01	   5.9812949e+01	   5.4368489e+01	   4.9670082e+01	   4.6308705e+01	   4.3981059e+01	   4.2625643e+01	   4.2532005e+01	   4.2608234e+01	   4.2494425e+01	   4.2346228e+01	   4.1732558e+01	   4.1153335e+01	   4.0699107e+01	   4.0221885e+01	   3.9360475e+01	   3.7852810e+01	   3.6376375e+01	   3.4811863e+01	   3.3400768e+01	   3.1669154e+01	   2.9425826e+01	   2.7113472e+01	   2.4350442e+01	   2.1792346e+01	   1.9181297e+01	   1.6701525e+01	   1.4300629e+01	
             NaN	   6.9143447e+01	   7.2256211e+01	   7.1589721e+01	   6.8669737e+01	   6.4892368e+01	   5.9521281e+01	   5.4286791e+01	   4.9453938e+01	   4.6004809e+01	   4.3740363e+01	   4.2524935e+01	   4.1962078e+01	   4.2157589e+01	   4.2015061e+01	   4.1911170e+01	   4.1279415e+01	   4.0697318e+01	   4.0262674e+01	   3.9733855e+01	   3.8919855e+01	   3.7618476e+01	   3.6233578e+01	   3.4768348e+01	   3.3252988e+01	   3.1758886e+01	   2.9537510e+01	   2.7164415e+01	   2.4570566e+01	   2.2039040e+01	   1.9544223e+01	   1.7124289e+01	   1.4740622e+01	
             NaN	             NaN	   7.1090882e+01	   7.0963729e+01	   6.8549799e+01	   6.4051357e+01	   5.9461927e+01	   5.4370650e+01	   4.9293552e+01	   4.6001740e+01	   4.3617430e+01	   4.2117644e+01	   4.1654544e+01	   4.1600582e+01	   4.1522826e+01	   4.1207987e+01	   4.0810638e+01	   4.0238224e+01	   3.9782611e+01	   3.9366563e+01	   3.8627062e+01	   3.7234412e+01	   3.5949909e+01	   3.4524595e+01	   3.3195685e+01	   3.1611839e+01	   2.9687039e+01	   2.7327698e+01	   2.4927290e+01	   2.2352654e+01	   1.9790257e+01	   1.7447578e+01	   1.5204721e+01	
             NaN	             NaN	   7.0623406e+01	   7.0316217e+01	   6.8397071e+01	   6.3932904e+01	   5.9311313e+01	   5.4107882e+01	   4.9171248e+01	   4.5827212e+01	   4.3344093e+01	   4.1683592e+01	   4.1321935e+01	   4.1231526e+01	   4.1008819e+01	   4.0829889e+01	   4.0266865e+01	   3.9718168e+01	   3.9361437e+01	   3.8745626e+01	   3.8191808e+01	   3.6975079e+01	   3.5624786e+01	   3.4278736e+01	   3.2946204e+01	   3.1658043e+01	   2.9704236e+01	   2.7470107e+01	   2.4966245e+01	   2.2474281e+01	   2.0107020e+01	   1.7741634e+01	   1.5516520e+01	
             NaN	             NaN	   6.9998706e+01	   6.9771567e+01	   6.7988241e+01	   6.3682896e+01	   5.9179222e+01	   5.3650099e+01	   4.9168630e+01	   4.5535565e+01	   4.2826879e+01	   4.1248947e+01	   4.0634681e+01	   4.0657590e+01	   4.0487240e+01	   4.0137043e+01	   3.9746669e+01	   3.9222659e+01	   3.8843209e+01	   3.8322334e+01	   3.7717691e+01	   3.6547907e+01	   3.5304260e+01	   3.4079755e+01	   3.2929019e+01	   3.1489317e+01	   2.9578417e+01	   2.7510034e+01	   2.5145283e+01	   2.2672829e+01	   2.0351358e+01	   1.8129264e+01	   1.5976828e+01	
             NaN	             NaN	   6.8650071e+01	   6.8928487e+01	   6.6799327e+01	   6.3117306e+01	   5.8788923e+01	   5.3405757e+01	   4.8592574e+01	   4.5234311e+01	   4.2479297e+01	   4.1089490e+01	   4.0234789e+01	   4.0010375e+01	   3.9757977e+01	   3.9491185e+01	   3.9058974e+01	   3.8515806e+01	   3.8177226e+01	   3.7610828e+01	   3.7156965e+01	   3.6094582e+01	   3.4946935e+01	   3.3655936e+01	   3.2532423e+01	   3.1288418e+01	   2.9534237e+01	   2.7428597e+01	   2.5136259e+01	   2.2821645e+01	   2.0519320e+01	   1.8292410e+01	   1.6156844e+01	
             NaN	             NaN	   6.8471573e+01	   6.7848617e+01	   6.6588734e+01	   6.2850711e+01	   5.8301073e+01	   5.3360527e+01	   4.8680276e+01	   4.4777894e+01	   4.2316634e+01	   4.0759316e+01	   3.9818855e+01	   3.9716704e+01	   3.9324225e+01	   3.9001395e+01	   3.8480103e+01	   3.8035057e+01	   3.7634356e+01	   3.7227493e+01	   3.6659794e+01	   3.5793143e+01	   3.4560879e+01	   3.3365792e+01	   3.2353101e+01	   3.1151067e+01	   2.9366284e+01	   2.7339307e+01	   2.5156088e+01	   2.2907957e+01	   2.0610197e+01	   1.8483580e+01	   1.6512728e+01	
             NaN	             NaN	             NaN	   6.8028795e+01	   6.5620032e+01	   6.2433022e+01	   5.7929411e+01	   5.2875405e+01	   4.8187248e+01	   4.4771437e+01	   4.2136625e+01	   4.0284222e+01	   3.9504309e+01	   3.9117440e+01	   3.8749912e+01	   3.8440115e+01	   3.7917345e+01	   3.7717640e+01	   3.7211385e+01	   3.6915415e+01	   3.6221604e+01	   3.5306033e+01	   3.4312770e+01	   3.3223364e+01	   3.2198221e+01	   3.0872598e+01	   2.9369535e+01	   2.7379580e+01	   2.5298927e+01	   2.3000894e+01	   2.0771274e+01	   1.8631756e+01	   1.6686056e+01	
             NaN	             NaN	             NaN	   6.7019463e+01	   6.5527604e+01	   6.2028877e+01	   5.7583611e+01	   5.2736483e+01	   4.8196727e+01	   4.4451276e+01	   4.1597707e+01	   3.9982760e+01	   3.9233928e+01	   3.8620524e+01	   3.8223150e+01	   3.7873219e+01	   3.7366482e+01	   3.6892995e+01	   3.6712158e+01	   3.6320177e+01	   3.5719648e+01	   3.4898309e+01	   3.3828130e+01	   3.2772083e+01	   3.1831552e+01	   3.0695218e+01	   2.9143375e+01	   2.7314778e+01	   2.5198417e+01	   2.3011109e+01	   2.0897992e+01	   1.8773006e+01	   1.6816519e+01	
             NaN	             NaN	             NaN	   6.6187823e+01	   6.4199484e+01	   6.1095641e+01	   5.7156035e+01	   5.2286388e+01	   4.7707816e+01	   4.4173653e+01	   4.1459800e+01	   3.9578249e+01	   3.8579371e+01	   3.8255944e+01	   3.7826269e+01	   3.7314387e+01	   3.6803946e+01	   3.6335252e+01	   3.6078430e+01	   3.5752369e+01	   3.5098782e+01	   3.4426888e+01	   3.3491663e+01	   3.2382999e+01	   3.1546873e+01	   3.0504470e+01	   2.8984780e+01	   2.7166099e+01	   2.5087034e+01	   2.3074142e+01	   2.0826855e+01	   1.8854930e+01	   1.6975347e+01	
             NaN	             NaN	             NaN	   6.5420561e+01	   6.3587541e+01	   6.0387286e+01	   5.6771423e+01	   5.1906403e+01	   4.6916884e+01	   4.3862993e+01	   4.1130128e+01	   3.9351733e+01	   3.8215807e+01	   3.7741071e+01	   3.7280081e+01	   3.6699032e+01	   3.6202231e+01	   3.5766488e+01	   3.5383885e+01	   3.5267839e+01	   3.4586250e+01	   3.3900181e+01	   3.2985411e+01	   3.1936056e+01	   3.1204731e+01	   3.0204402e+01	   2.8724433e+01	   2.7087319e+01	   2.5077656e+01	   2.2928307e+01	   2.0925668e+01	   1.8961570e+01	   1.7109870e+01	
             NaN	             NaN	             NaN	   6.4370453e+01	   6.3242193e+01	   6.0071308e+01	   5.6104811e+01	   5.1491378e+01	   4.7126093e+01	   4.3378269e+01	   4.0633619e+01	   3.8784298e+01	   3.7709974e+01	   3.7097259e+01	   3.6660128e+01	   3.6188572e+01	   3.5683184e+01	   3.5139741e+01	   3.4908273e+01	   3.4598334e+01	   3.4183780e+01	   3.3420405e+01	   3.2521013e+01	   3.1597137e+01	   3.0870785e+01	   2.9960578e+01	   2.8435763e+01	   2.6811292e+01	   2.4788205e+01	   2.2943401e+01	   2.0937992e+01	   1.9031447e+01	   1.7164422e+01	
             NaN	             NaN	             NaN	             NaN	   6.2395107e+01	   5.9382724e+01	   5.5663606e+01	   5.1107711e+01	   4.6530260e+01	   4.2954735e+01	   4.0582210e+01	   3.8511756e+01	   3.7397553e+01	   3.6796009e+01	   3.6200152e+01	   3.5668088e+01	   3.5038430e+01	   3.4770480e+01	   3.4235480e+01	   3.4079943e+01	   3.3612311e+01	   3.2971945e+01	   3.2045153e+01	   3.1110078e+01	   3.0431751e+01	   2.9587597e+01	   2.8168222e+01	   2.6581395e+01	   2.4802548e+01	   2.2850501e+01	   2.0845767e+01	   1.9058030e+01	   1.7249556e+01	
             NaN	             NaN	             NaN	             NaN	   6.1242167e+01	   5.8466405e+01	   5.4631755e+01	   5.0510323e+01	   4.6073386e+01	   4.2548247e+01	   4.0094478e+01	   3.8073840e+01	   3.6918429e+01	   3.6273520e+01	   3.5542448e+01	   3.5081350e+01	   3.4462853e+01	   3.3861922e+01	   3.3688682e+01	   3.3533588e+01	   3.3022083e+01	   3.2358163e+01	   3.1519521e+01	   3.0781376e+01	   3.0007453e+01	   2.9120003e+01	   2.7953003e+01	   2.6435966e+01	   2.4559627e+01	   2.2744950e+01	   2.0902863e+01	   1.9001157e+01	   1.7291909e+01	
             NaN	             NaN	             NaN	             NaN	   6.0443853e+01	   5.7361456e+01	   5.4173142e+01	   4.9596143e+01	   4.5720594e+01	   4.2074597e+01	   3.9262390e+01	   3.7463734e+01	   3.6393867e+01	   3.5526672e+01	   3.4998639e+01	   3.4212071e+01	   3.3701606e+01	   3.3257386e+01	   3.2964235e+01	   3.2823602e+01	   3.2279346e+01	   3.1699048e+01	   3.0930545e+01	   3.0217695e+01	   2.9493416e+01	   2.8752024e+01	   2.7552416e+01	   2.6107020e+01	   2.4286865e+01	   2.2517746e+01	   2.0689641e+01	   1.8958325e+01	   1.7286305e+01	
             NaN	             NaN	             NaN	             NaN	   5.9210122e+01	   5.6244500e+01	   5.3425935e+01	   4.9117298e+01	   4.4934448e+01	   4.1365086e+01	   3.8706961e+01	   3.6874083e+01	   3.5743717e+01	   3.4951325e+01	   3.4265505e+01	   3.3508732e+01	   3.3090756e+01	   3.2508569e+01	   3.2345928e+01	   3.2158588e+01	   3.1691530e+01	   3.1158455e+01	   3.0485982e+01	   2.9594761e+01	   2.9018885e+01	   2.8341549e+01	   2.7170324e+01	   2.5744154e+01	   2.4152464e+01	   2.2327299e+01	   2.0490916e+01	   1.8912781e+01	   1.7260227e+01	
             NaN	             NaN	             NaN	             NaN	   5.8507485e+01	   5.5698814e+01	   5.2774524e+01	   4.8538409e+01	   4.4187387e+01	   4.0846062e+01	   3.8354223e+01	   3.6392606e+01	   3.5047830e+01	   3.4274169e+01	   3.3596073e+01	   3.3023933e+01	   3.2562843e+01	   3.2036113e+01	   3.1694808e+01	   3.1550248e+01	   3.1223931e+01	   3.0577454e+01	   2.9807975e+01	   2.9221324e+01	   2.8617207e+01	   2.7903812e+01	   2.6754167e+01	   2.5463368e+01	   2.3794435e+01	   2.2173065e+01	   2.0425169e+01	   1.8771434e+01	   1.7212220e+01	
             NaN	             NaN	             NaN	             NaN	             NaN	   5.4978420e+01	   5.1466868e+01	   4.7861435e+01	   4.3842469e+01	   4.0624748e+01	   3.7728424e+01	   3.5725638e+01	   3.4531410e+01	   3.3801155e+01	   3.3084027e+01	   3.2357570e+01	   3.1792431e+01	   3.1386637e+01	   3.0963883e+01	   3.0875255e+01	   3.0529521e+01	   2.9934626e+01	   2.9390957e+01	   2.8628644e+01	   2.8166047e+01	   2.7538514e+01	   2.6414365e+01	   2.5139750e+01	   2.3556153e+01	   2.1842960e+01	   2.0303797e+01	   1.8712610e+01	   1.7199338e+01	
             NaN	             NaN	             NaN	             NaN	             NaN	   5.3819916e+01	   5.1010877e+01	   4.7170926e+01	   4.3182497e+01	   3.9990183e+01	   3.7412323e+01	   3.5159738e+01	   3.4039766e+01	   3.3101075e+01	   3.2477979e+01	   3.1865494e+01	   3.1127722e+01	   3.0771222e+01	   3.0522785e+01	   3.0225895e+01	   2.9948009e+01	   2.9301625e+01	   2.8659311e+01	   2.8081284e+01	   2.7688549e+01	   2.6963307e+01	   2.6098485e+01	   2.4704882e+01	   2.3299053e+01	   2.1655760e+01	   2.0118520e+01	   1.8542247e+01	   1.7102518e+01	
             NaN	             NaN	             NaN	             NaN	             NaN	   5.3205639e+01	   5.0548636e+01	   4.6836335e+01	   4.2523469e+01	   3.9212121e+01	   3.6768197e+01	   3.4564428e+01	   3.3241435e+01	   3.2564108e+01	   3.1842812e+01	   3.1054351e+01	   3.0544743e+01	   3.0087737e+01	   2.9648605e+01	   2.9609838e+01	   2.9406201e+01	   2.8810679e+01	   2.8138772e+01	   2.7487997e+01	   2.7173637e+01	   2.6490144e+01	   2.5554878e+01	   2.4349388e+01	   2.2884838e+01	   2.1461818e+01	   1.9924284e+01	   1.8377766e+01	   1.6985887e+01	
             NaN	             NaN	             NaN	             NaN	             NaN	   5.2046713e+01	   4.9701463e+01	   4.5789982e+01	   4.1890033e+01	   3.8873369e+01	   3.6265486e+01	   3.4058674e+01	   3.2629016e+01	   3.2040898e+01	   3.1259775e+01	   3.0426451e+01	   2.9986545e+01	   2.9557143e+01	   2.9268797e+01	   2.8978889e+01	   2.8561075e+01	   2.8186801e+01	   2.7735938e+01	   2.7039708e+01	   2.6592100e+01	   2.6035975e+01	   2.5046332e+01	   2.3973274e+01	   2.2647280e+01	   2.1121883e+01	   1.9672442e+01	   1.8170895e+01	   1.6876920e+01	
             NaN	             NaN	             NaN	             NaN	             NaN	   5.1932006e+01	   4.9065445e+01	   4.4968776e+01	   4.1430021e+01	   3.8326218e+01	   3.5748158e+01	   3.3587491e+01	   3.2286972e+01	   3.1618457e+01	   3.0778864e+01	   2.9971963e+01	   2.9373961e+01	   2.8834965e+01	   2.8663622e+01	   2.8380176e+01	   2.8042844e+01	   2.7608678e+01	   2.7105408e+01	   2.6536030e+01	   2.6132978e+01	   2.5769642e+01	   2.4832401e+01	   2.3608312e+01	   2.2307775e+01	   2.0949001e+01	   1.9480566e+01	   1.8075192e+01	   1.6742695e+01	
             NaN	             NaN	             NaN	             NaN	             NaN	             NaN	   4.7882001e+01	   4.4530596e+01	   4.0811729e+01	   3.7886854e+01	   3.5067454e+01	   3.3057118e+01	   3.1736418e+01	   3.0997938e+01	   3.0255442e+01	   2.9362542e+01	   2.8771544e+01	   2.8386036e+01	   2.7942026e+01	   2.7853021e+01	   2.7626908e+01	   2.7084421e+01	   2.6581716e+01	   2.5998527e+01	   2.5637031e+01	   2.5198868e+01	   2.4461004e+01	   2.3468220e+01	   2.2081808e+01	   2.0646804e+01	   1.9265334e+01	   1.7961220e+01	   1.6677842e+01	
             NaN	             NaN	             NaN	             NaN	             NaN	             NaN	   4.7327489e+01	   4.3940925e+01	   3.9945303e+01	   3.7220386e+01	   3.4728342e+01	   3.2630115e+01	   3.1268862e+01	   3.0295172e+01	   2.9629856e+01	   2.8840840e+01	   2.8315197e+01	   2.7713938e+01	   2.7476874e+01	   2.7266005e+01	   2.7019839e+01	   2.6605191e+01	   2.5959123e+01	   2.5612872e+01	   2.5191608e+01	   2.4748520e+01	   2.3937452e+01	   2.2897480e+01	   2.1719267e+01	   2.0417787e+01	   1.9027851e+01	   1.7790206e+01	   1.6579005e+01	
   0.0000000e+00	             NaN	             NaN	             NaN	             NaN	             NaN	   4.6497041e+01	   4.3169764e+01	   3.9577254e+01	   3.6776135e+01	   3.4066191e+01	   3.2093035e+01	   3.0730274e+01	   2.9994895e+01	   2.8973596e+01	   2.8297317e+01	   2.7547270e+01	   2.7199337e+01	   2.7038916e+01	   2.6809627e+01	   2.6499643e+01	   2.5985587e+01	   2.5481015e+01	   2.5012714e+01	   2.4729614e+01	   2.4329269e+01	   2.3536394e+01	   2.2510051e+01	   2.1333979e+01	   2.0094512e+01	   1.8770238e+01	   1.7495713e+01	   1.6276411e+01	
   0.0000000e+00	             NaN	             NaN	             NaN	             NaN	             NaN	   4.5885825e+01	   4.2185619e+01	   3.8952413e+01	   3.5816727e+01	   3.3600377e+01	   3.1615774e+01	   3.0119375e+01	   2.9278561e+01	   2.8424939e+01	   2.7746810e+01	   2.7120614e+01	   2.6671907e+01	   2.6308248e+01	   2.6072512e+01	   2.5871149e+01	   2.5391853e+01	   2.5002830e+01	   2.4513826e+01	   2.4105726e+01	   2.3838624e+01	   2.3144135e+01	   2.2156009e+01	   2.0973974e+01	   1.9728735e+01	   1.8423485e+01	   1.7276960e+01	   1.6079572e+01	
   0.0000000e+00	             NaN	             NaN	             NaN	             NaN	             NaN	   4.5067788e+01	   4.1511103e+01	   3.8252914e+01	   3.5296697e+01	   3.2967220e+01	   3.1008987e+01	   2.9677731e+01	   2.8619771e+01	   2.8071413e+01	   2.7192907e+01	   2.6393671e+01	   2.6026223e+01	   2.5690208e+01	   2.5646089e+01	   2.5365964e+01	   2.4870286e+01	   2.4520507e+01	   2.4004453e+01	   2.3695438e+01	   2.3287713e+01	   2.2598706e+01	   2.1690555e+01	   2.0620816e+01	   1.9510879e+01	   1.8235731e+01	   1.7009330e+01	   1.5938649e+01	
   0.0000000e+00	             NaN	             NaN	             NaN	             NaN	             NaN	             NaN	   4.0904109e+01	   3.7691768e+01	   3.4869873e+01	   3.2374225e+01	   3.0575528e+01	   2.9187597e+01	   2.8144265e+01	   2.7433284e+01	   2.6619409e+01	   2.6003739e+01	   2.5526006e+01	   2.5213271e+01	   2.4910906e+01	   2.4653885e+01	   2.4367964e+01	   2.3836210e+01	   2.3499673e+01	   2.3309480e+01	   2.2873524e+01	   2.2199465e+01	   2.1339263e+01	   2.0241183e+01	   1.9016413e+01	   1.7935537e+01	   1.6835986e+01	   1.5777265e+01	
   0.0000000e+00	             NaN	             NaN	             NaN	             NaN	             NaN	             NaN	   4.0065595e+01	   3.7009724e+01	   3.4467020e+01	   3.1754605e+01	   2.9980508e+01	   2.8630418e+01	   2.7833456e+01	   2.6877547e+01	   2.6167915e+01	   2.5338088e+01	   2.4906206e+01	   2.4730116e+01	   2.4392886e+01	   2.4159897e+01	   2.3807745e+01	   2.3336209e+01	   2.2974733e+01	   2.2770224e+01	   2.2331095e+01	   2.1739953e+01	   2.0915566e+01	   1.9920239e+01	   1.8781453e+01	   1.7597207e+01	   1.6571649e+01	   1.5487557e+01	
   0.0000000e+00	   0.0000000e+00	             NaN	             NaN	             NaN	             NaN	             NaN	   3.9519792e+01	   3.6342673e+01	   3.3724488e+01	   3.1356651e+01	   2.9432768e+01	   2.8147512e+01	   2.7220434e+01	   2.6293139e+01	   2.5505806e+01	   2.4798801e+01	   2.4300873e+01	   2.4191988e+01	   2.3921078e+01	   2.3644048e+01	   2.3172203e+01	   2.2809786e+01	   2.2439696e+01	   2.2214662e+01	   2.1967160e+01	   2.1320580e+01	   2.0492722e+01	   1.9471742e+01	   1.8431816e+01	   1.7268947e+01	   1.6296686e+01	   1.5241764e+01	
   0.0000000e+00	   0.0000000e+00	             NaN	             NaN	             NaN	             NaN	             NaN	   3.8841067e+01	   3.5812375e+01	   3.3082317e+01	   3.0696242e+01	   2.8888580e+01	   2.7526779e+01	   2.6656583e+01	   2.5658586e+01	   2.4903164e+01	   2.4283363e+01	   2.3818209e+01	   2.3550295e+01	   2.3344641e+01	   2.2994162e+01	   2.2635446e+01	   2.2323779e+01	   2.1930804e+01	   2.1742940e+01	   2.1326468e+01	   2.0788956e+01	   2.0084292e+01	   1.9058466e+01	   1.8091094e+01	   1.7035085e+01	   1.5966278e+01	   1.5087655e+01	
   0.0000000e+00	   0.0000000e+00	             NaN	             NaN	             NaN	             NaN	             NaN	   3.7683651e+01	   3.4942207e+01	   3.2408006e+01	   3.0088256e+01	   2.8231193e+01	   2.6808043e+01	   2.6108514e+01	   2.5171270e+01	   2.4197459e+01	   2.3665354e+01	   2.3247765e+01	   2.2968022e+01	   2.2551798e+01	   2.2382682e+01	   2.2049617e+01	   2.1565209e+01	   2.1346388e+01	   2.1188758e+01	   2.0809421e+01	   2.0290848e+01	   1.9566948e+01	   1.8616181e+01	   1.7561822e+01	   1.6606274e+01	   1.5654751e+01	   1.4754797e+01	
   0.0000000e+00	   0.0000000e+00	             NaN	             NaN	             NaN	             NaN	             NaN	             NaN	   3.4010893e+01	   3.1680391e+01	   2.9329352e+01	   2.7781720e+01	   2.6334079e+01	   2.5382583e+01	   2.4418285e+01	   2.3624332e+01	   2.3173109e+01	   2.2626561e+01	   2.2316105e+01	   2.2099271e+01	   2.1823739e+01	   2.1412892e+01	   2.1113026e+01	   2.0762121e+01	   2.0532911e+01	   2.0338030e+01	   1.9809684e+01	   1.9051286e+01	   1.8206263e+01	   1.7280708e+01	   1.6320338e+01	   1.5347882e+01	   1.4402859e+01	
   0.0000000e+00	   0.0000000e+00	             NaN	             NaN	             NaN	             NaN	             NaN	             NaN	   3.3161072e+01	   3.0826847e+01	   2.8664908e+01	   2.6834018e+01	   2.5701910e+01	   2.4860673e+01	   2.3914508e+01	   2.3114081e+01	   2.2597961e+01	   2.2075183e+01	   2.1695988e+01	   2.1481038e+01	   2.1341656e+01	   2.0841790e+01	   2.0527560e+01	   2.0151885e+01	   2.0001470e+01	   1.9733951e+01	   1.9228272e+01	   1.8591740e+01	   1.7730356e+01	   1.6894002e+01	   1.5907241e+01	   1.4980187e+01	   1.4114825e+01	
   0.0000000e+00	   0.0000000e+00	   0.0000000e+00	             NaN	             NaN	             NaN	             NaN	             NaN	   3.2554939e+01	   3.0289980e+01	   2.8256706e+01	   2.6596443e+01	   2.5390745e+01	   2.4494038e+01	   2.3530357e+01	   2.2698991e+01	   2.2160531e+01	   2.1756743e+01	   2.1371743e+01	   2.1137040e+01	   2.0868468e+01	   2.0602430e+01	   2.0166573e+01	   1.9753112e+01	   1.9708514e+01	   1.9445426e+01	   1.8901275e+01	   1.8304772e+01	   1.7406579e+01	   1.6572342e+01	   1.5662010e+01	   1.4816637e+01	   1.3938353e+01	
   0.0000000e+00	   0.0000000e+00	   0.0000000e+00	             NaN	             NaN	             NaN	             NaN	             NaN	   3.2466024e+01	   2.9719543e+01	   2.7640756e+01	   2.5961095e+01	   2.4812003e+01	   2.4014878e+01	   2.3058540e+01	   2.2222065e+01	   2.1727576e+01	   2.1261523e+01	   2.0921308e+01	   2.0622495e+01	   2.0387549e+01	   2.0131702e+01	   1.9689917e+01	   1.9311171e+01	   1.9238763e+01	   1.8868425e+01	   1.8478271e+01	   1.7896606e+01	   1.7082538e+01	   1.6228114e+01	   1.5375386e+01	   1.4524905e+01	   1.3670407e+01	
   0.0000000e+00	   0.0000000e+00	   0.0000000e+00	             NaN	             NaN	             NaN	             NaN	             NaN	   3.1394757e+01	   2.9060812e+01	   2.7149378e+01	   2.5410375e+01	   2.4067963e+01	   2.3390255e+01	   2.2513133e+01	   2.1688330e+01	   2.1189852e+01	   2.0612321e+01	   2.0294944e+01	   2.0124494e+01	   1.9881227e+01	   1.9487621e+01	   1.9158484e+01	   1.8834407e+01	   1.8789744e+01	   1.8547492e+01	   1.8100807e+01	   1.7439713e+01	   1.6736626e+01	   1.5934761e+01	   1.5044823e+01	   1.4207552e+01	   1.3418779e+01	
   0.0000000e+00	   0.0000000e+00	   0.0000000e+00	             NaN	             NaN	             NaN	             NaN	             NaN	   3.0746378e+01	   2.8442853e+01	   2.6381338e+01	   2.4860170e+01	   2.3778184e+01	   2.2845312e+01	   2.1963885e+01	   2.1222209e+01	   2.0517745e+01	   2.0231099e+01	   1.9847143e+01	   1.9537815e+01	   1.9360380e+01	   1.9047620e+01	   1.8742151e+01	   1.8317850e+01	   1.8248981e+01	   1.8045907e+01	   1.7579341e+01	   1.6972320e+01	   1.6295422e+01	   1.5470086e+01	   1.4586986e+01	   1.3866603e+01	   1.3146723e+01	
   0.0000000e+00	   0.0000000e+00	   0.0000000e+00	             NaN	             NaN	             NaN	             NaN	             NaN	             NaN	   2.8028906e+01	   2.6064703e+01	   2.4406417e+01	   2.3174907e+01	   2.2381217e+01	   2.1475423e+01	   2.0701180e+01	   2.0179001e+01	   1.9707604e+01	   1.9274587e+01	   1.9209210e+01	   1.8859151e+01	   1.8460705e+01	   1.8326935e+01	   1.7878294e+01	   1.7753422e+01	   1.7556313e+01	   1.7203727e+01	   1.6623628e+01	   1.5802060e+01	   1.5082525e+01	   1.4427252e+01	   1.3622115e+01	   1.2905844e+01	
   0.0000000e+00	   0.0000000e+00	   0.0000000e+00	   0.0000000e+00	             NaN	             NaN	             NaN	             NaN	             NaN	   2.7356957e+01	   2.5478642e+01	   2.3935511e+01	   2.2685250e+01	   2.1853338e+01	   2.0928103e+01	   2.0141591e+01	   1.9640075e+01	   1.9078179e+01	   1.8853694e+01	   1.8548845e+01	   1.8264475e+01	   1.8030223e+01	   1.7767651e+01	   1.7448592e+01	   1.7287898e+01	   1.7126359e+01	   1.6749395e+01	   1.6221690e+01	   1.5483145e+01	   1.4742060e+01	   1.4070467e+01	   1.3346522e+01	   1.2645585e+01	
   0.0000000e+00	   0.0000000e+00	   0.0000000e+00	   0.0000000e+00	             NaN	             NaN	             NaN	             NaN	             NaN	   2.6609753e+01	   2.4639080e+01	   2.3124071e+01	   2.2075535e+01	   2.1258139e+01	   2.0488391e+01	   1.9716087e+01	   1.9155063e+01	   1.8664208e+01	   1.8278100e+01	   1.7987586e+01	   1.7833942e+01	   1.7481899e+01	   1.7218593e+01	   1.6858365e+01	   1.6828096e+01	   1.6666960e+01	   1.6269145e+01	   1.5677004e+01	   1.5050555e+01	   1.4317903e+01	   1.3650395e+01	   1.2959822e+01	   1.2297528e+01	
   0.0000000e+00	   0.0000000e+00	   0.0000000e+00	   0.0000000e+00	             NaN	             NaN	             NaN	             NaN	             NaN	   2.5866603e+01	   2.4071029e+01	   2.2758021e+01	   2.1689064e+01	   2.0806355e+01	   1.9948133e+01	   1.9248631e+01	   1.8671244e+01	   1.8249260e+01	   1.7799817e+01	   1.7648266e+01	   1.7300356e+01	   1.6970197e+01	   1.6777552e+01	   1.6540095e+01	   1.6383120e+01	   1.6276454e+01	   1.5823341e+01	   1.5399805e+01	   1.4703126e+01	   1.4039800e+01	   1.3283491e+01	   1.2675900e+01	   1.2016813e+01	
   0.0000000e+00	   0.0000000e+00	   0.0000000e+00	   0.0000000e+00	             NaN	             NaN	             NaN	             NaN	             NaN	   2.5324211e+01	   2.3680972e+01	   2.2122766e+01	   2.1092846e+01	   2.0300764e+01	   1.9504979e+01	   1.8751342e+01	   1.8064864e+01	   1.7681688e+01	   1.7464148e+01	   1.7204843e+01	   1.6964765e+01	   1.6631332e+01	   1.6262107e+01	   1.6077280e+01	   1.5972914e+01	   1.5810764e+01	   1.5388824e+01	   1.4930789e+01	   1.4318903e+01	   1.3619499e+01	   1.2996301e+01	   1.2428794e+01	   1.1690356e+01	
   0.0000000e+00	   0.0000000e+00	   0.0000000e+00	   0.0000000e+00	             NaN	             NaN	             NaN	             NaN	             NaN	             NaN	   2.2940303e+01	   2.1734152e+01	   2.0570280e+01	   1.9810449e+01	   1.8977947e+01	   1.8280597e+01	   1.7723107e+01	   1.7167093e+01	   1.6906728e+01	   1.6764508e+01	   1.6408886e+01	   1.6108223e+01	   1.5908369e+01	   1.5596018e+01	   1.5591587e+01	   1.5333416e+01	   1.4980813e+01	   1.4520193e+01	   1.3975355e+01	   1.3326478e+01	   1.2608309e+01	   1.2077432e+01	   1.1460100e+01	
   0.0000000e+00	   0.0000000e+00	   0.0000000e+00	   0.0000000e+00	             NaN	             NaN	             NaN	             NaN	             NaN	             NaN	   2.2587897e+01	   2.1169560e+01	   2.0014948e+01	   1.9255439e+01	   1.8494497e+01	   1.7776604e+01	   1.7251272e+01	   1.6818533e+01	   1.6469108e+01	   1.6114590e+01	   1.5987564e+01	   1.5702615e+01	   1.5439460e+01	   1.5150405e+01	   1.5046221e+01	   1.4916438e+01	   1.4553346e+01	   1.4103892e+01	   1.3606880e+01	   1.2975056e+01	   1.2354195e+01	   1.1735037e+01	   1.1226772e+01	
   0.0000000e+00	   0.0000000e+00	   0.0000000e+00	   0.0000000e+00	   0.0000000e+00	             NaN	             NaN	             NaN	             NaN	             NaN	   2.1968480e+01	   2.0622142e+01	   1.9642394e+01	   1.8728944e+01	   1.8023636e+01	   1.7357220e+01	   1.6766307e+01	   1.6379700e+01	   1.5990871e+01	   1.5739867e+01	   1.5484765e+01	   1.5260642e+01	   1.4978611e+01	   1.4776655e+01	   1.4567672e+01	   1.4547970e+01	   1.4233050e+01	   1.3702934e+01	   1.3143525e+01	   1.2614284e+01	   1.2061286e+01	   1.1413036e+01	   1.0984154e+01	
   0.0000000e+00	   0.0000000e+00	   0.0000000e+00	   0.0000000e+00	   0.0000000e+00	             NaN	             NaN	             NaN	             NaN	             NaN	   2.1362714e+01	   2.0099079e+01	   1.9135198e+01	   1.8363705e+01	   1.7566696e+01	   1.6869455e+01	   1.6381035e+01	   1.5980897e+01	   1.5523891e+01	   1.5423366e+01	   1.5123070e+01	   1.4832698e+01	   1.4608846e+01	   1.4437353e+01	   1.4281326e+01	   1.4017430e+01	   1.3781761e+01	   1.3357018e+01	   1.2803719e+01	   1.2275599e+01	   1.1643631e+01	   1.1162491e+01	   1.0602376e+01	
   0.0000000e+00	   0.0000000e+00	   0.0000000e+00	   0.0000000e+00	   0.0000000e+00	             NaN	             NaN	             NaN	             NaN	             NaN	   2.0798115e+01	   1.9457485e+01	   1.8614375e+01	   1.7870060e+01	   1.7165083e+01	   1.6459892e+01	   1.5933464e+01	   1.5472215e+01	   1.5205969e+01	   1.4896171e+01	   1.4669017e+01	   1.4486021e+01	   1.3955228e+01	   1.3909853e+01	   1.3788575e+01	   1.3774101e+01	   1.3383465e+01	   1.2959027e+01	   1.2479642e+01	   1.1917304e+01	   1.1386111e+01	   1.0842197e+01	   1.0385188e+01	
   0.0000000e+00	   0.0000000e+00	   0.0000000e+00	   0.0000000e+00	   0.0000000e+00	             NaN	             NaN	             NaN	             NaN	             NaN	             NaN	   1.8949104e+01	   1.8051089e+01	   1.7421869e+01	   1.6632824e+01	   1.5983466e+01	   1.5564402e+01	   1.5064131e+01	   1.4714985e+01	   1.4435682e+01	   1.4213764e+01	   1.4065308e+01	   1.3757766e+01	   1.3478094e+01	   1.3382933e+01	   1.3263608e+01	   1.3006190e+01	   1.2642937e+01	   1.2069520e+01	   1.1593318e+01	   1.1012095e+01	   1.0621076e+01	   1.0066156e+01	
   0.0000000e+00	   0.0000000e+00	   0.0000000e+00	   0.0000000e+00	   0.0000000e+00	             NaN	             NaN	             NaN	             NaN	             NaN	             NaN	   1.8583715e+01	   1.7648450e+01	   1.6899766e+01	   1.6364122e+01	   1.5573243e+01	   1.5130575e+01	   1.4625112e+01	   1.4300793e+01	   1.4109503e+01	   1.3876208e+01	   1.3587908e+01	   1.3366770e+01	   1.3143655e+01	   1.3038640e+01	   1.2942445e+01	   1.2642293e+01	   1.2202864e+01	   1.1686411e+01	   1.1286756e+01	   1.0808717e+01	   1.0223855e+01	   9.8395190e+00	
   0.0000000e+00	   0.0000000e+00	   0.0000000e+00	   0.0000000e+00	   0.0000000e+00	   0.0000000e+00	             NaN	             NaN	             NaN	             NaN	             NaN	   1.8022077e+01	   1.7259165e+01	   1.6407086e+01	   1.5809644e+01	   1.5178195e+01	   1.4571768e+01	   1.4215826e+01	   1.3946710e+01	   1.3691046e+01	   1.3417310e+01	   1.3229301e+01	   1.2886962e+01	   1.2734645e+01	   1.2540820e+01	   1.2485243e+01	   1.2267392e+01	   1.1833384e+01	   1.1485589e+01	   1.1011360e+01	   1.0418795e+01	   1.0023576e+01	   9.5445653e+00	
   0.0000000e+00	   0.0000000e+00	   0.0000000e+00	   0.0000000e+00	   0.0000000e+00	   0.0000000e+00	             NaN	             NaN	             NaN	             NaN	             NaN	   1.7693278e+01	   1.6813125e+01	   1.6024525e+01	   1.5414329e+01	   1.4799039e+01	   1.4358711e+01	   1.3889046e+01	   1.3580045e+01	   1.3338849e+01	   1.3077171e+01	   1.2837181e+01	   1.2456519e+01	   1.2347530e+01	   1.2245203e+01	   1.2152473e+01	   1.1945335e+01	   1.1625730e+01	   1.1134366e+01	   1.0602414e+01	   1.0088148e+01	   9.6671497e+00	   9.2562833e+00	
   0.0000000e+00	   0.0000000e+00	   0.0000000e+00	   0.0000000e+00	   0.0000000e+00	   0.0000000e+00	             NaN	             NaN	             NaN	             NaN	             NaN	   1.7053696e+01	   1.6339565e+01	   1.5640116e+01	   1.4900593e+01	   1.4305272e+01	   1.3893606e+01	   1.3461428e+01	   1.3090516e+01	   1.2882900e+01	   1.2672137e+01	   1.2411655e+01	   1.2192125e+01	   1.2050529e+01	   1.1967076e+01	   1.1739959e+01	   1.1558432e+01	   1.1201581e+01	   1.0774739e+01	   1.0388225e+01	   9.8705707e+00	   9.4321290e+00	   9.0234058e+00	
   0.0000000e+00	   0.0000000e+00	   0.0000000e+00	   0.0000000e+00	   0.0000000e+00	   0.0000000e+00	             NaN	             NaN	             NaN	             NaN	             NaN	             NaN	   1.5838094e+01	   1.5144291e+01	   1.4685402e+01	   1.4040590e+01	   1.3419249e+01	   1.3056834e+01	   1.2767929e+01	   1.2579729e+01	   1.2324539e+01	   1.2164136e+01	   1.1841550e+01	   1.1671695e+01	   1.1564499e+01	   1.1432694e+01	   1.1200414e+01	   1.0797002e+01	   1.0446563e+01	   9.9808396e+00	   9.5337960e+00	   9.1525115e+00	   8.8048758e+00	
   0.0000000e+00	   0.0000000e+00	   0.0000000e+00	   0.0000000e+00	   0.0000000e+00	   0.0000000e+00	             NaN	             NaN	             NaN	             NaN	             NaN	             NaN	   1.5494188e+01	   1.4788393e+01	   1.4136556e+01	   1.3542036e+01	   1.2944295e+01	   1.2722380e+01	   1.2395937e+01	   1.2064309e+01	   1.1866301e+01	   1.1646877e+01	   1.1483774e+01	   1.1189990e+01	   1.1227054e+01	   1.1044364e+01	   1.0829989e+01	   1.0559380e+01	   1.0134942e+01	   9.6784665e+00	   9.3531908e+00	   8.8674350e+00	   8.4753584e+00	
   0.0000000e+00	   0.0000000e+00	   0.0000000e+00	   0.0000000e+00	   0.0000000e+00	   0.0000000e+00	   0.0000000e+00	             NaN	             NaN	             NaN	             NaN	             NaN	   1.4972674e+01	   1.4445334e+01	   1.3760556e+01	   1.3046041e+01	   1.2760817e+01	   1.2317378e+01	   1.2115438e+01	   1.1871418e+01	   1.1601178e+01	   1.1262832e+01	   1.1147150e+01	   1.0926663e+01	   1.0895211e+01	   1.0728096e+01	   1.0544069e+01	   1.0150193e+01	   9.8286263e+00	   9.4405734e+00	   9.0581529e+00	   8.6251864e+00	   8.2709069e+00	
   0.0000000e+00	   0.0000000e+00	   0.0000000e+00	   0.0000000e+00	   0.0000000e+00	   0.0000000e+00	   0.0000000e+00	             NaN	             NaN	             NaN	             NaN	             NaN	   1.4499486e+01	   1.4007923e+01	   1.3472120e+01	   1.2902122e+01	   1.2383383e+01	   1.1980322e+01	   1.1707733e+01	   1.1440925e+01	   1.1271351e+01	   1.0990638e+01	   1.0747876e+01	   1.0598787e+01	   1.0485250e+01	   1.0362370e+01	   1.0238197e+01	   9.8952978e+00	   9.5047478e+00	   9.2101867e+00	   8.7863059e+00	   8.4141182e+00	   8.0235988e+00	
   0.0000000e+00	   0.0000000e+00	   0.0000000e+00	   0.0000000e+00	   0.0000000e+00	   0.0000000e+00	   0.0000000e+00	             NaN	             NaN	             NaN	             NaN	             NaN	   1.3974595e+01	   1.3522253e+01	   1.3009891e+01	   1.2371859e+01	   1.1967032e+01	   1.1583105e+01	   1.1448850e+01	   1.1051882e+01	   1.0949068e+01	   1.0718181e+01	   1.0447073e+01	   1.0204601e+01	   1.0133913e+01	   1.0105732e+01	   9.8303812e+00	   9.6090381e+00	   9.2288954e+00	   8.8413746e+00	   8.4356034e+00	   8.1478379e+00	   7.7516740e+00	
   0.0000000e+00	   0.0000000e+00	   0.0000000e+00	   0.0000000e+00	   0.0000000e+00	   0.0000000e+00	   0.0000000e+00	             NaN	             NaN	             NaN	             NaN	             NaN	             NaN	   1.3106150e+01	   1.2541856e+01	   1.1970805e+01	   1.1536481e+01	   1.1189120e+01	   1.0923839e+01	   1.0749397e+01	   1.0534798e+01	   1.0284240e+01	   1.0061258e+01	   9.9767805e+00	   9.8369773e+00	   9.7990510e+00	   9.5662131e+00	   9.2780147e+00	   8.9676403e+00	   8.5289528e+00	   8.1855854e+00	   7.8620995e+00	   7.5908139e+00	
   0.0000000e+00	   0.0000000e+00	   0.0000000e+00	   0.0000000e+00	   0.0000000e+00	   0.0000000e+00	   0.0000000e+00	             NaN	             NaN	             NaN	             NaN	             NaN	             NaN	   1.2732779e+01	   1.2078666e+01	   1.1648932e+01	   1.1176735e+01	   1.0906420e+01	   1.0631479e+01	   1.0396002e+01	   1.0204639e+01	   9.9790851e+00	   9.7160824e+00	   9.6744350e+00	   9.4790549e+00	   9.4278720e+00	   9.2694296e+00	   8.9720714e+00	   8.6202920e+00	   8.2688900e+00	   7.9200660e+00	   7.6005230e+00	   7.3198865e+00	
   0.0000000e+00	   0.0000000e+00	   0.0000000e+00	   0.0000000e+00	   0.0000000e+00	   0.0000000e+00	   0.0000000e+00	   0.0000000e+00	             NaN	             NaN	             NaN	             NaN	             NaN	   1.2365633e+01	   1.1806751e+01	   1.1320922e+01	   1.0978881e+01	   1.0620420e+01	   1.0283950e+01	   1.0044291e+01	   9.8223173e+00	   9.6428044e+00	   9.4438386e+00	   9.3110449e+00	   9.2265828e+00	   9.0834048e+00	   8.9428455e+00	   8.6814458e+00	   8.3122245e+00	   8.0033288e+00	   7.6830718e+00	   7.3365815e+00	   7.0765474e+00	
   0.0000000e+00	   0.0000000e+00	   0.0000000e+00	   0.0000000e+00	   0.0000000e+00	   0.0000000e+00	   0.0000000e+00	   0.0000000e+00	             NaN	             NaN	             NaN	             NaN	             NaN	   1.2025999e+01	   1.1491834e+01	   1.0987340e+01	   1.0685192e+01	   1.0322701e+01	   9.9792627e+00	   9.8428428e+00	   9.6052810e+00	   9.4056223e+00	   9.2335149e+00	   9.0063589e+00	   9.0253617e+00	   8.8853751e+00	   8.6695312e+00	   8.3829059e+00	   8.1443339e+00	   7.8424796e+00	   7.4440723e+00	   7.1300521e+00	   6.8628430e+00	
   0.0000000e+00	   0.0000000e+00	   0.0000000e+00	   0.0000000e+00	   0.0000000e+00	   0.0000000e+00	   0.0000000e+00	   0.0000000e+00	             NaN	             NaN	             NaN	             NaN	             NaN	   1.1719664e+01	   1.1100574e+01	   1.0688350e+01	   1.0233233e+01	   9.9284945e+00	   9.5905294e+00	   9.5386931e+00	   9.2869865e+00	   8.9839051e+00	   8.8866166e+00	   8.7126455e+00	   8.6200348e+00	   8.5320954e+00	   8.3431946e+00	   8.1469970e+00	   7.8277338e+00	   7.5481172e+00	   7.1890351e+00	   6.9151523e+00	   6.7132975e+00	
   0.0000000e+00	   0.0000000e+00	   0.0000000e+00	   0.0000000e+00	   0.0000000e+00	   0.0000000e+00	   0.0000000e+00	   0.0000000e+00	             NaN	             NaN	             NaN	             NaN	             NaN	             NaN	   1.0846371e+01	   1.0395091e+01	   9.9881938e+00	   9.6167387e+00	   9.3472697e+00	   9.3289873e+00	   8.9677235e+00	   8.7045007e+00	   8.6178783e+00	   8.4668632e+00	   8.3050182e+00	   8.3648305e+00	   8.0640555e+00	   7.8699316e+00	   7.5923499e+00	   7.3143833e+00	   6.9875386e+00	   6.7147989e+00	   6.4563790e+00	
   0.0000000e+00	   0.0000000e+00	   0.0000000e+00	   0.0000000e+00	   0.0000000e+00	   0.0000000e+00	   0.0000000e+00	   0.0000000e+00	             NaN	             NaN	             NaN	             NaN	             NaN	             NaN	   1.0465210e+01	   1.0115490e+01	   9.6171471e+00	   9.3483724e+00	   9.0487636e+00	   8.8942719e+00	   8.7584591e+00	   8.4895534e+00	   8.2898635e+00	   8.2121774e+00	   8.0654396e+00	   8.0171152e+00	   7.8011456e+00	   7.6243169e+00	   7.3991899e+00	   7.1265927e+00	   6.7510416e+00	   6.5027770e+00	   6.2173820e+00	
   0.0000000e+00	   0.0000000e+00	   0.0000000e+00	   0.0000000e+00	   0.0000000e+00	   0.0000000e+00	   0.0000000e+00	   0.0000000e+00	   0.0000000e+00	             NaN	             NaN	             NaN	             NaN	             NaN	   1.0170020e+01	   9.7065226e+00	   9.3612980e+00	   9.0008852e+00	   8.8550776e+00	   8.6357045e+00	   8.3538837e+00	   8.2693166e+00	   8.0471109e+00	   7.9079943e+00	   7.8444873e+00	   7.7318636e+00	   7.5856553e+00	   7.4866253e+00	   7.0961820e+00	   6.8835936e+00	   6.5720074e+00	   6.2933043e+00	   6.0913283e+00	
   0.0000000e+00	   0.0000000e+00	   0.0000000e+00	   0.0000000e+00	   0.0000000e+00	   0.0000000e+00	   0.0000000e+00	   0.0000000e+00	   0.0000000e+00	             NaN	             NaN	             NaN	             NaN	             NaN	   9.9050927e+00	   9.6390045e+00	   9.1000711e+00	   8.8140539e+00	   8.5560319e+00	   8.3635233e+00	   8.1016646e+00	   8.0926722e+00	   7.8404203e+00	   7.7224377e+00	   7.6160218e+00	   7.5209957e+00	   7.3693264e+00	   7.1644413e+00	   6.8304413e+00	   6.6067672e+00	   6.3670372e+00	   6.1449175e+00	   5.8540287e+00	
   0.0000000e+00	   0.0000000e+00	   0.0000000e+00	   0.0000000e+00	   0.0000000e+00	   0.0000000e+00	   0.0000000e+00	   0.0000000e+00	   0.0000000e+00	             NaN	             NaN	             NaN	             NaN	             NaN	   9.5574850e+00	   9.1817389e+00	   8.8280315e+00	   8.6075977e+00	   8.2366471e+00	   8.0025889e+00	   7.9961136e+00	   7.7360484e+00	   7.4897382e+00	   7.4621253e+00	   7.3549664e+00	   7.1937088e+00	   7.1066890e+00	   6.9475426e+00	   6.6326731e+00	   6.3717258e+00	   6.1723333e+00	   5.9490368e+00	   5.6711218e+00	
   0.0000000e+00	   0.0000000e+00	   0.0000000e+00	   0.0000000e+00	   0.0000000e+00	   0.0000000e+00	   0.0000000e+00	   0.0000000e+00	   0.0000000e+00	             NaN	             NaN	             NaN	             NaN	             NaN	             NaN	   8.8568947e+00	   8.4308044e+00	   8.2699306e+00	   7.9692290e+00	   7.8767842e+00	   7.6676682e+00	   7.5478984e+00	   7.2879302e+00	   7.1758064e+00	   7.1516775e+00	   7.0066369e+00	   6.8831972e+00	   6.6993794e+00	   6.4245277e+00	   6.1876324e+00	   5.9222286e+00	   5.7360010e+00	   5.4609389e+00	
   0.0000000e+00	   0.0000000e+00	   0.0000000e+00	   0.0000000e+00	   0.0000000e+00	   0.0000000e+00	   0.0000000e+00	   0.0000000e+00	   0.0000000e+00	             NaN	             NaN	             NaN	             NaN	             NaN	             NaN	   8.7282140e+00	   8.2524083e+00	   8.0779016e+00	   7.7097599e+00	   7.5982345e+00	   7.3452185e+00	   7.1532528e+00	   7.0999411e+00	   6.9759477e+00	   6.9309514e+00	   6.8018831e+00	   6.6959800e+00	   6.5060581e+00	   6.1013205e+00	   5.9937307e+00	   5.7125063e+00	   5.5551879e+00	   5.2978101e+00	
   0.0000000e+00	   0.0000000e+00	   0.0000000e+00	   0.0000000e+00	   0.0000000e+00	   0.0000000e+00	   0.0000000e+00	   0.0000000e+00	   0.0000000e+00	   0.0000000e+00	             NaN	             NaN	             NaN	             NaN	             NaN	   8.3955002e+00	   7.9739692e+00	   7.6897190e+00	   7.5746611e+00	   7.3510938e+00	   7.1095404e+00	   7.0411543e+00	   6.8463405e+00	   6.7881635e+00	   6.6325611e+00	   6.5574444e+00	   6.4337385e+00	   6.1493092e+00	   5.9943886e+00	   5.7479523e+00	   5.5474472e+00	   5.3092822e+00	   5.1865972e+00	
