  -1.7586263e+00	  -1.4788158e+00	  -3.1976697e+00	             NaN	             NaN	             NaN	             NaN	             NaN	             NaN	             NaN	             NaN	             NaN	             NaN	             NaN	   0.0000000e+00	   0.0000000e+00	   0.0000000e+00	   0.0000000e+00	   0.0000000e+00	   0.0000000e+00	   0.0000000e+00	   0.0000000e+00	   0.0000000e+00	   0.0000000e+00	   0.0000000e+00	   0.0000000e+00	   0.0000000e+00	   0.0000000e+00	   0.0000000e+00	   0.0000000e+00	   0.0000000e+00	   0.0000000e+00	   0.0000000e+00	
  -7.9267004e-01	  -2.4049010e+00	  -1.1820045e+00	             NaN	             NaN	             NaN	             NaN	             NaN	             NaN	             NaN	             NaN	             NaN	             NaN	             NaN	   0.0000000e+00	   0.0000000e+00	   0.0000000e+00	   0.0000000e+00	   0.0000000e+00	   0.0000000e+00	   0.0000000e+00	   0.0000000e+00	   0.0000000e+00	   0.0000000e+00	   0.0000000e+00	   0.0000000e+00	   0.0000000e+00	   0.0000000e+00	   0.0000000e+00	   0.0000000e+00	   0.0000000e+00	   0.0000000e+00	   0.0000000e+00	
  -2.2227354e+00	  -4.8992314e-01	  -6.7024127e-01	             NaN	             NaN	             NaN	             NaN	             NaN	             NaN	             NaN	             NaN	             NaN	             NaN	             NaN	   0.0000000e+00	   0.0000000e+00	   0.0000000e+00	   0.0000000e+00	   0.0000000e+00	   0.0000000e+00	   0.0000000e+00	   0.0000000e+00	   0.0000000e+00	   0.0000000e+00	   0.0000000e+00	   0.0000000e+00	   0.0000000e+00	   0.0000000e+00	   0.0000000e+00	   0.0000000e+00	   0.0000000e+00	   0.0000000e+00	   0.0000000e+00	
  -4.9028220e-01	   3.5999241e-01	   3.1119829e-01	   1.3572336e+00	             NaN	             NaN	             NaN	             NaN	             NaN	             NaN	             NaN	             NaN	             NaN	             NaN	             NaN	   0.0000000e+00	   0.0000000e+00	   0.0000000e+00	   0.0000000e+00	   0.0000000e+00	   0.0000000e+00	   0.0000000e+00	   0.0000000e+00	   0.0000000e+00	   0.0000000e+00	   0.0000000e+00	   0.0000000e+00	   0.0000000e+00	   0.0000000e+00	   0.0000000e+00	   0.0000000e+00	   0.0000000e+00	   0.0000000e+00	
   2.1538329e+00	   6.9502382e-03	   1.2053916e+00	   2.1492152e+00	             NaN	             NaN	             NaN	             NaN	             NaN	             NaN	             NaN	             NaN	             NaN	             NaN	             NaN	   0.0000000e+00	   0.0000000e+00	   0.0000000e+00	   0.0000000e+00	   0.0000000e+00	   0.0000000e+00	   0.0000000e+00	   0.0000000e+00	   0.0000000e+00	   0.0000000e+00	   0.0000000e+00	   0.0000000e+00	   0.0000000e+00	   0.0000000e+00	   0.0000000e+00	   0.0000000e+00	   0.0000000e+00	   0.0000000e+00	
   6.5898089e-01	   1.9283839e+00	   1.4347529e+00	   2.7978174e+00	   3.9365270e+00	             NaN	             NaN	             NaN	             NaN	             NaN	             NaN	             NaN	             NaN	             NaN	             NaN	             NaN	   0.0000000e+00	   0.0000000e+00	   0.0000000e+00	   0.0000000e+00	   0.0000000e+00	   0.0000000e+00	   0.0000000e+00	   0.0000000e+00	   0.0000000e+00	   0.0000000e+00	   0.0000000e+00	   0.0000000e+00	   0.0000000e+00	   0.0000000e+00	   0.0000000e+00	   0.0000000e+00	   0.0000000e+00	
   2.4214339e+00	   2.3859871e+00	   1.8334624e+00	   3.2639856e+00	   4.3822868e+00	             NaN	             NaN	             NaN	             NaN	             NaN	             NaN	             NaN	             NaN	             NaN	             NaN	             NaN	   0.0000000e+00	   0.0000000e+00	   0.0000000e+00	   0.0000000e+00	   0.0000000e+00	   0.0000000e+00	   0.0000000e+00	   0.0000000e+00	   0.0000000e+00	   0.0000000e+00	   0.0000000e+00	   0.0000000e+00	   0.0000000e+00	   0.0000000e+00	   0.0000000e+00	   0.0000000e+00	   0.0000000e+00	
   2.8859663e+00	   2.9364912e+00	   2.4237133e+00	   3.9608807e+00	   5.1832871e+00	             NaN	             NaN	             NaN	             NaN	             NaN	             NaN	             NaN	             NaN	             NaN	             NaN	             NaN	   0.0000000e+00	   0.0000000e+00	   0.0000000e+00	   0.0000000e+00	   0.0000000e+00	   0.0000000e+00	   0.0000000e+00	   0.0000000e+00	   0.0000000e+00	   0.0000000e+00	   0.0000000e+00	   0.0000000e+00	   0.0000000e+00	   0.0000000e+00	   0.0000000e+00	   0.0000000e+00	   0.0000000e+00	
   3.1446150e+00	   3.4165178e+00	   3.6771068e+00	   4.4599019e+00	   5.0967868e+00	   6.0047791e+00	             NaN	             NaN	             NaN	             NaN	             NaN	             NaN	             NaN	             NaN	             NaN	             NaN	             NaN	   0.0000000e+00	   0.0000000e+00	   0.0000000e+00	   0.0000000e+00	   0.0000000e+00	   0.0000000e+00	   0.0000000e+00	   0.0000000e+00	   0.0000000e+00	   0.0000000e+00	   0.0000000e+00	   0.0000000e+00	   0.0000000e+00	   0.0000000e+00	   0.0000000e+00	   0.0000000e+00	
   4.1449897e+00	   3.9605037e+00	   3.8133379e+00	   4.2273220e+00	   5.6488580e+00	   6.2847351e+00	             NaN	             NaN	             NaN	             NaN	             NaN	             NaN	             NaN	             NaN	             NaN	             NaN	             NaN	   0.0000000e+00	   0.0000000e+00	   0.0000000e+00	   0.0000000e+00	   0.0000000e+00	   0.0000000e+00	   0.0000000e+00	   0.0000000e+00	   0.0000000e+00	   0.0000000e+00	   0.0000000e+00	   0.0000000e+00	   0.0000000e+00	   0.0000000e+00	   0.0000000e+00	   0.0000000e+00	
   4.4427436e+00	   4.0687211e+00	   4.1757032e+00	   5.2093127e+00	   5.8428643e+00	   6.4953207e+00	   7.6749878e+00	             NaN	             NaN	             NaN	             NaN	             NaN	             NaN	             NaN	             NaN	             NaN	             NaN	             NaN	   0.0000000e+00	   0.0000000e+00	   0.0000000e+00	   0.0000000e+00	   0.0000000e+00	   0.0000000e+00	   0.0000000e+00	   0.0000000e+00	   0.0000000e+00	   0.0000000e+00	   0.0000000e+00	   0.0000000e+00	   0.0000000e+00	   0.0000000e+00	   0.0000000e+00	
   4.2119700e+00	   5.0059098e+00	   4.9603656e+00	   5.7067623e+00	   6.3132871e+00	   7.1235598e+00	   8.0605903e+00	             NaN	             NaN	             NaN	             NaN	             NaN	             NaN	             NaN	             NaN	             NaN	             NaN	             NaN	   0.0000000e+00	   0.0000000e+00	   0.0000000e+00	   0.0000000e+00	   0.0000000e+00	   0.0000000e+00	   0.0000000e+00	   0.0000000e+00	   0.0000000e+00	   0.0000000e+00	   0.0000000e+00	   0.0000000e+00	   0.0000000e+00	   0.0000000e+00	   0.0000000e+00	
   5.7186290e+00	   5.1346705e+00	   5.6692618e+00	   6.4355802e+00	   6.8562118e+00	   7.5393309e+00	   8.5991341e+00	             NaN	             NaN	             NaN	             NaN	             NaN	             NaN	             NaN	             NaN	             NaN	             NaN	             NaN	   0.0000000e+00	   0.0000000e+00	   0.0000000e+00	   0.0000000e+00	   0.0000000e+00	   0.0000000e+00	   0.0000000e+00	   0.0000000e+00	   0.0000000e+00	   0.0000000e+00	   0.0000000e+00	   0.0000000e+00	   0.0000000e+00	   0.0000000e+00	   0.0000000e+00	
   5.4058766e+00	   5.3798141e+00	   5.8117052e+00	   6.7016137e+00	   7.2524411e+00	   8.0542289e+00	   8.8349222e+00	   9.6777845e+00	             NaN	             NaN	             NaN	             NaN	             NaN	             NaN	             NaN	             NaN	             NaN	             NaN	             NaN	   0.0000000e+00	   0.0000000e+00	   0.0000000e+00	   0.0000000e+00	   0.0000000e+00	   0.0000000e+00	   0.0000000e+00	   0.0000000e+00	   0.0000000e+00	   0.0000000e+00	   0.0000000e+00	   0.0000000e+00	   0.0000000e+00	   0.0000000e+00	
   5.3685932e+00	   5.5161338e+00	   6.7908389e+00	   6.8574786e+00	   7.6414015e+00	   8.2478001e+00	   9.1956068e+00	   9.7911905e+00	             NaN	             NaN	             NaN	             NaN	             NaN	             NaN	             NaN	             NaN	             NaN	             NaN	             NaN	   0.0000000e+00	   0.0000000e+00	   0.0000000e+00	   0.0000000e+00	   0.0000000e+00	   0.0000000e+00	   0.0000000e+00	   0.0000000e+00	   0.0000000e+00	   0.0000000e+00	   0.0000000e+00	   0.0000000e+00	   0.0000000e+00	   0.0000000e+00	
   6.3041091e+00	   6.1022043e+00	   6.7268458e+00	   7.4116006e+00	   7.7494260e+00	   8.6288279e+00	   9.5520251e+00	   1.0231446e+01	   1.0278595e+01	             NaN	             NaN	             NaN	             NaN	             NaN	             NaN	             NaN	             NaN	             NaN	             NaN	             NaN	   0.0000000e+00	   0.0000000e+00	   0.0000000e+00	   0.0000000e+00	   0.0000000e+00	   0.0000000e+00	   0.0000000e+00	   0.0000000e+00	   0.0000000e+00	   0.0000000e+00	   0.0000000e+00	   0.0000000e+00	   0.0000000e+00	
   5.7644727e+00	   6.8520358e+00	   7.3619447e+00	   8.2411288e+00	   8.6053850e+00	   9.3013993e+00	   9.8298154e+00	   1.0594917e+01	   1.0704357e+01	             NaN	             NaN	             NaN	             NaN	             NaN	             NaN	             NaN	             NaN	             NaN	             NaN	             NaN	   0.0000000e+00	   0.0000000e+00	   0.0000000e+00	   0.0000000e+00	   0.0000000e+00	   0.0000000e+00	   0.0000000e+00	   0.0000000e+00	   0.0000000e+00	   0.0000000e+00	   0.0000000e+00	   0.0000000e+00	   0.0000000e+00	
   7.0472074e+00	   7.4417760e+00	   7.6721552e+00	   8.2933755e+00	   8.9551758e+00	   9.3967537e+00	   1.0241608e+01	   1.0840552e+01	   1.1203810e+01	             NaN	             NaN	             NaN	             NaN	             NaN	             NaN	             NaN	             NaN	             NaN	             NaN	             NaN	   0.0000000e+00	   0.0000000e+00	   0.0000000e+00	   0.0000000e+00	   0.0000000e+00	   0.0000000e+00	   0.0000000e+00	   0.0000000e+00	   0.0000000e+00	   0.0000000e+00	   0.0000000e+00	   0.0000000e+00	   0.0000000e+00	
   7.7162572e+00	   7.7679312e+00	   8.1448306e+00	   8.8669936e+00	   9.4604038e+00	   9.7002438e+00	   1.0690955e+01	   1.1199481e+01	   1.1531766e+01	   1.0765860e+01	             NaN	             NaN	             NaN	             NaN	             NaN	             NaN	             NaN	             NaN	             NaN	             NaN	             NaN	   0.0000000e+00	   0.0000000e+00	   0.0000000e+00	   0.0000000e+00	   0.0000000e+00	   0.0000000e+00	   0.0000000e+00	   0.0000000e+00	   0.0000000e+00	   0.0000000e+00	   0.0000000e+00	   0.0000000e+00	
   9.1958077e+00	   8.2836172e+00	   8.8184461e+00	   8.9585675e+00	   9.6407595e+00	   1.0549436e+01	   1.1038926e+01	   1.1652089e+01	   1.1749921e+01	   1.1337859e+01	             NaN	             NaN	             NaN	             NaN	             NaN	             NaN	             NaN	             NaN	             NaN	             NaN	             NaN	   0.0000000e+00	   0.0000000e+00	   0.0000000e+00	   0.0000000e+00	   0.0000000e+00	   0.0000000e+00	   0.0000000e+00	   0.0000000e+00	   0.0000000e+00	   0.0000000e+00	   0.0000000e+00	   0.0000000e+00	
   8.5795980e+00	   8.6523899e+00	   8.8709527e+00	   9.7663863e+00	   1.0529448e+01	   1.0688693e+01	   1.1349023e+01	   1.1868893e+01	   1.2402527e+01	   1.1862009e+01	   9.8459830e+00	             NaN	             NaN	             NaN	             NaN	             NaN	             NaN	             NaN	             NaN	             NaN	             NaN	             NaN	   0.0000000e+00	   0.0000000e+00	   0.0000000e+00	   0.0000000e+00	   0.0000000e+00	   0.0000000e+00	   0.0000000e+00	   0.0000000e+00	   0.0000000e+00	   0.0000000e+00	   0.0000000e+00	
   9.1193956e+00	   8.9495747e+00	   9.2557598e+00	   1.0175900e+01	   1.0384598e+01	   1.1031131e+01	   1.1819128e+01	   1.2432284e+01	   1.2613026e+01	   1.2388644e+01	   1.0985003e+01	             NaN	             NaN	             NaN	             NaN	             NaN	             NaN	             NaN	             NaN	             NaN	             NaN	             NaN	   0.0000000e+00	   0.0000000e+00	   0.0000000e+00	   0.0000000e+00	   0.0000000e+00	   0.0000000e+00	   0.0000000e+00	   0.0000000e+00	   0.0000000e+00	   0.0000000e+00	   0.0000000e+00	
   9.2623381e+00	   9.6949771e+00	   9.9884628e+00	   1.0529345e+01	   1.1016544e+01	   1.1306616e+01	   1.2066264e+01	   1.2765341e+01	   1.3013215e+01	   1.2707730e+01	   1.1592624e+01	             NaN	             NaN	             NaN	             NaN	             NaN	             NaN	             NaN	             NaN	             NaN	             NaN	             NaN	   0.0000000e+00	   0.0000000e+00	   0.0000000e+00	   0.0000000e+00	   0.0000000e+00	   0.0000000e+00	   0.0000000e+00	   0.0000000e+00	   0.0000000e+00	   0.0000000e+00	   0.0000000e+00	
   1.0742347e+01	   1.0562222e+01	   1.0994508e+01	   1.1032341e+01	   1.1458945e+01	   1.1749354e+01	   1.2386332e+01	   1.3037304e+01	   1.3349294e+01	   1.3283181e+01	   1.2358300e+01	   1.0109592e+01	             NaN	             NaN	             NaN	             NaN	             NaN	             NaN	             NaN	             NaN	             NaN	             NaN	             NaN	   0.0000000e+00	   0.0000000e+00	   0.0000000e+00	   0.0000000e+00	   0.0000000e+00	   0.0000000e+00	   0.0000000e+00	   0.0000000e+00	   0.0000000e+00	   0.0000000e+00	
   1.1392687e+01	   1.1367051e+01	   1.1733492e+01	   1.1664959e+01	   1.2081954e+01	   1.2193575e+01	   1.3157341e+01	   1.3510085e+01	   1.3789434e+01	   1.3761706e+01	   1.3205707e+01	   1.1150561e+01	             NaN	             NaN	             NaN	             NaN	             NaN	             NaN	             NaN	             NaN	             NaN	             NaN	             NaN	   0.0000000e+00	   0.0000000e+00	   0.0000000e+00	   0.0000000e+00	   0.0000000e+00	   0.0000000e+00	   0.0000000e+00	   0.0000000e+00	   0.0000000e+00	   0.0000000e+00	
   1.2392717e+01	   1.1874453e+01	   1.2282861e+01	   1.2080862e+01	   1.2480307e+01	   1.2845331e+01	   1.3234874e+01	   1.4020932e+01	   1.4301555e+01	   1.4254284e+01	   1.3554763e+01	   1.2133899e+01	   9.4916344e+00	             NaN	             NaN	             NaN	             NaN	             NaN	             NaN	             NaN	             NaN	             NaN	             NaN	             NaN	   0.0000000e+00	   0.0000000e+00	   0.0000000e+00	   0.0000000e+00	   0.0000000e+00	   0.0000000e+00	   0.0000000e+00	   0.0000000e+00	   0.0000000e+00	
   1.2470044e+01	   1.2932369e+01	   1.2681984e+01	   1.3059154e+01	   1.2858735e+01	   1.3337888e+01	   1.3630454e+01	   1.4294290e+01	   1.4764898e+01	   1.4880779e+01	   1.4387262e+01	   1.2864352e+01	   1.0836566e+01	             NaN	             NaN	             NaN	             NaN	             NaN	             NaN	             NaN	             NaN	             NaN	             NaN	             NaN	   0.0000000e+00	   0.0000000e+00	   0.0000000e+00	   0.0000000e+00	   0.0000000e+00	   0.0000000e+00	   0.0000000e+00	   0.0000000e+00	   0.0000000e+00	
   1.3640672e+01	   1.3384185e+01	   1.3542636e+01	   1.3239259e+01	   1.3617492e+01	   1.3506949e+01	   1.4091043e+01	   1.4591937e+01	   1.5064787e+01	   1.5237612e+01	   1.4717487e+01	   1.3568555e+01	   1.1949641e+01	             NaN	             NaN	             NaN	             NaN	             NaN	             NaN	             NaN	             NaN	             NaN	             NaN	             NaN	   0.0000000e+00	   0.0000000e+00	   0.0000000e+00	   0.0000000e+00	   0.0000000e+00	   0.0000000e+00	   0.0000000e+00	   0.0000000e+00	   0.0000000e+00	
   1.5261423e+01	   1.4931452e+01	   1.4580073e+01	   1.4600900e+01	   1.3977219e+01	   1.4101281e+01	   1.4414298e+01	   1.5002676e+01	   1.5453016e+01	   1.5737121e+01	   1.5628827e+01	   1.4318458e+01	   1.2798569e+01	   1.0585767e+01	             NaN	             NaN	             NaN	             NaN	             NaN	             NaN	             NaN	             NaN	             NaN	             NaN	             NaN	   0.0000000e+00	   0.0000000e+00	   0.0000000e+00	   0.0000000e+00	   0.0000000e+00	   0.0000000e+00	   0.0000000e+00	   0.0000000e+00	
   1.5479580e+01	   1.5542743e+01	   1.5311656e+01	   1.4806576e+01	   1.4667688e+01	   1.4540142e+01	   1.5119790e+01	   1.5462493e+01	   1.5806469e+01	   1.6131528e+01	   1.6028538e+01	   1.5064929e+01	   1.3654181e+01	   1.1998519e+01	             NaN	             NaN	             NaN	             NaN	             NaN	             NaN	             NaN	             NaN	             NaN	             NaN	             NaN	   0.0000000e+00	   0.0000000e+00	   0.0000000e+00	   0.0000000e+00	   0.0000000e+00	   0.0000000e+00	   0.0000000e+00	   0.0000000e+00	
   1.6578948e+01	   1.6618205e+01	   1.6434063e+01	   1.6058295e+01	   1.4957686e+01	   1.5067762e+01	   1.5273475e+01	   1.5650306e+01	   1.6274612e+01	   1.6544996e+01	   1.6432263e+01	   1.5625690e+01	   1.4506824e+01	   1.3098123e+01	   1.0018959e+01	             NaN	             NaN	             NaN	             NaN	             NaN	             NaN	             NaN	             NaN	             NaN	             NaN	             NaN	   0.0000000e+00	   0.0000000e+00	   0.0000000e+00	   0.0000000e+00	   0.0000000e+00	   0.0000000e+00	   0.0000000e+00	
   1.7488145e+01	   1.7991509e+01	   1.7598301e+01	   1.7086371e+01	   1.6327549e+01	   1.5940897e+01	   1.5952659e+01	   1.6188290e+01	   1.7011439e+01	   1.7333790e+01	   1.7354701e+01	   1.6574179e+01	   1.5710217e+01	   1.4321372e+01	   1.2249723e+01	             NaN	             NaN	             NaN	             NaN	             NaN	             NaN	             NaN	             NaN	             NaN	             NaN	             NaN	   0.0000000e+00	   0.0000000e+00	   0.0000000e+00	   0.0000000e+00	   0.0000000e+00	   0.0000000e+00	   0.0000000e+00	
   1.8943360e+01	   1.9507985e+01	   1.9046342e+01	   1.8279314e+01	   1.7308875e+01	   1.6942369e+01	   1.6824021e+01	   1.7390632e+01	   1.7635957e+01	   1.8132190e+01	   1.8226233e+01	   1.7659773e+01	   1.6748183e+01	   1.5693301e+01	   1.3714492e+01	             NaN	             NaN	             NaN	             NaN	             NaN	             NaN	             NaN	             NaN	             NaN	             NaN	             NaN	   0.0000000e+00	   0.0000000e+00	   0.0000000e+00	   0.0000000e+00	   0.0000000e+00	   0.0000000e+00	   0.0000000e+00	
   1.9209513e+01	   2.0511633e+01	   2.0597234e+01	   1.9863870e+01	   1.8767298e+01	   1.7812189e+01	   1.8048178e+01	   1.8169868e+01	   1.8527399e+01	   1.8973526e+01	   1.9338830e+01	   1.8925340e+01	   1.7996381e+01	   1.6919299e+01	   1.5457600e+01	   1.2472872e+01	             NaN	             NaN	             NaN	             NaN	             NaN	             NaN	             NaN	             NaN	             NaN	             NaN	             NaN	   0.0000000e+00	   0.0000000e+00	   0.0000000e+00	   0.0000000e+00	   0.0000000e+00	   0.0000000e+00	
   2.0733262e+01	   2.1509839e+01	   2.1929992e+01	   2.1178523e+01	   1.9613363e+01	   1.8779250e+01	   1.8752285e+01	   1.8863653e+01	   1.9140464e+01	   1.9758197e+01	   2.0098138e+01	   1.9775692e+01	   1.9060670e+01	   1.8060694e+01	   1.6694494e+01	   1.4186054e+01	             NaN	             NaN	             NaN	             NaN	             NaN	             NaN	             NaN	             NaN	             NaN	             NaN	             NaN	   0.0000000e+00	   0.0000000e+00	   0.0000000e+00	   0.0000000e+00	   0.0000000e+00	   0.0000000e+00	
   2.1973284e+01	   2.2837773e+01	   2.3614557e+01	   2.2713458e+01	   2.1187092e+01	   1.9990775e+01	   1.9604782e+01	   1.9578733e+01	   2.0046738e+01	   2.0476348e+01	   2.0834542e+01	   2.0527424e+01	   2.0059046e+01	   1.9266956e+01	   1.7964750e+01	   1.5962330e+01	   1.2896364e+01	             NaN	             NaN	             NaN	             NaN	             NaN	             NaN	             NaN	             NaN	             NaN	             NaN	             NaN	   0.0000000e+00	   0.0000000e+00	   0.0000000e+00	   0.0000000e+00	   0.0000000e+00	
   2.3050123e+01	   2.4391279e+01	   2.4205000e+01	   2.3621400e+01	   2.2130594e+01	   2.0556386e+01	   2.0175528e+01	   2.0299102e+01	   2.0662339e+01	   2.1018186e+01	   2.1348721e+01	   2.1307131e+01	   2.0865497e+01	   2.0132570e+01	   1.8944728e+01	   1.7067850e+01	   1.4183286e+01	             NaN	             NaN	             NaN	             NaN	             NaN	             NaN	             NaN	             NaN	             NaN	             NaN	             NaN	   0.0000000e+00	   0.0000000e+00	   0.0000000e+00	   0.0000000e+00	   0.0000000e+00	
   2.3725398e+01	   2.5309129e+01	   2.6325912e+01	   2.4983944e+01	   2.3074012e+01	   2.1532897e+01	   2.1174151e+01	   2.0878090e+01	   2.1402004e+01	   2.1770820e+01	   2.2455547e+01	   2.2231188e+01	   2.1907123e+01	   2.1340129e+01	   2.0136445e+01	   1.8431492e+01	   1.5932579e+01	             NaN	             NaN	             NaN	             NaN	             NaN	             NaN	             NaN	             NaN	             NaN	             NaN	             NaN	   0.0000000e+00	   0.0000000e+00	   0.0000000e+00	   0.0000000e+00	   0.0000000e+00	
   2.4309948e+01	   2.7335381e+01	   2.7421037e+01	   2.6415766e+01	   2.4222099e+01	   2.2802828e+01	   2.2241005e+01	   2.2024726e+01	   2.1946752e+01	   2.2735648e+01	   2.3067309e+01	   2.3189988e+01	   2.3099839e+01	   2.2471644e+01	   2.1389951e+01	   1.9744768e+01	   1.7380044e+01	   1.4219071e+01	             NaN	             NaN	             NaN	             NaN	             NaN	             NaN	             NaN	             NaN	             NaN	             NaN	             NaN	   0.0000000e+00	   0.0000000e+00	   0.0000000e+00	   0.0000000e+00	
   2.6552165e+01	   2.8908362e+01	   2.9340963e+01	   2.7503359e+01	   2.5953003e+01	   2.3878397e+01	   2.3074540e+01	   2.2797468e+01	   2.2842791e+01	   2.3566391e+01	   2.3913144e+01	   2.3978018e+01	   2.4029475e+01	   2.3596153e+01	   2.2562748e+01	   2.0886733e+01	   1.8853505e+01	   1.5841033e+01	             NaN	             NaN	             NaN	             NaN	             NaN	             NaN	             NaN	             NaN	             NaN	             NaN	             NaN	   0.0000000e+00	   0.0000000e+00	   0.0000000e+00	   0.0000000e+00	
   2.7808297e+01	   2.9117875e+01	   2.9714677e+01	   2.9194106e+01	   2.7132706e+01	   2.4921299e+01	   2.3820614e+01	   2.3681968e+01	   2.3659775e+01	   2.4057176e+01	   2.4630744e+01	   2.4927063e+01	   2.5086890e+01	   2.4580927e+01	   2.3598194e+01	   2.2078178e+01	   2.0079147e+01	   1.7347321e+01	   1.4461588e+01	             NaN	             NaN	             NaN	             NaN	             NaN	             NaN	             NaN	             NaN	             NaN	             NaN	             NaN	   0.0000000e+00	   0.0000000e+00	   0.0000000e+00	
   2.7712572e+01	   3.0216738e+01	   3.1435266e+01	   3.0390953e+01	   2.8512747e+01	   2.6332010e+01	   2.4993875e+01	   2.4407289e+01	   2.4673187e+01	   2.4975610e+01	   2.5657788e+01	   2.5859095e+01	   2.6024374e+01	   2.5911615e+01	   2.4704496e+01	   2.3307003e+01	   2.1365575e+01	   1.8832824e+01	   1.5558216e+01	             NaN	             NaN	             NaN	             NaN	             NaN	             NaN	             NaN	             NaN	             NaN	             NaN	             NaN	   0.0000000e+00	   0.0000000e+00	   0.0000000e+00	
   3.1103138e+01	   3.2388429e+01	   3.3101746e+01	   3.2776030e+01	   2.9854074e+01	   2.7482017e+01	   2.6181295e+01	   2.5488536e+01	   2.5588288e+01	   2.5833885e+01	   2.6563015e+01	   2.6935113e+01	   2.7109202e+01	   2.7050146e+01	   2.5884934e+01	   2.4517778e+01	   2.2576885e+01	   2.0237898e+01	   1.6917093e+01	             NaN	             NaN	             NaN	             NaN	             NaN	             NaN	             NaN	             NaN	             NaN	             NaN	             NaN	   0.0000000e+00	   0.0000000e+00	   0.0000000e+00	
   3.1070730e+01	   3.4141297e+01	   3.5131535e+01	   3.3317431e+01	   3.1437051e+01	   2.8561990e+01	   2.6906154e+01	   2.6350679e+01	   2.6395836e+01	   2.6910392e+01	   2.7314441e+01	   2.7965831e+01	   2.8182168e+01	   2.8163255e+01	   2.7142432e+01	   2.5763822e+01	   2.3740004e+01	   2.1609879e+01	   1.8537130e+01	   1.5519714e+01	             NaN	             NaN	             NaN	             NaN	             NaN	             NaN	             NaN	             NaN	             NaN	             NaN	             NaN	   0.0000000e+00	   0.0000000e+00	
   3.3179627e+01	   3.4986857e+01	   3.6426584e+01	   3.4761807e+01	   3.2741997e+01	   3.0032650e+01	   2.8512560e+01	   2.7484298e+01	   2.7104662e+01	   2.7456613e+01	   2.8288656e+01	   2.8749514e+01	   2.9340177e+01	   2.9234346e+01	   2.8555213e+01	   2.6978923e+01	   2.5085294e+01	   2.2790563e+01	   2.0034577e+01	   1.6613769e+01	             NaN	             NaN	             NaN	             NaN	             NaN	             NaN	             NaN	             NaN	             NaN	             NaN	             NaN	   0.0000000e+00	   0.0000000e+00	
   3.4469943e+01	   3.8235271e+01	   3.8028964e+01	   3.6716922e+01	   3.4437888e+01	   3.1086069e+01	   2.9307627e+01	   2.8419941e+01	   2.8157205e+01	   2.8373257e+01	   2.9296167e+01	   2.9897694e+01	   3.0261903e+01	   3.0439384e+01	   2.9554813e+01	   2.8100243e+01	   2.6143119e+01	   2.3910079e+01	   2.1352815e+01	   1.7966397e+01	   1.5318481e+01	             NaN	             NaN	             NaN	             NaN	             NaN	             NaN	             NaN	             NaN	             NaN	             NaN	             NaN	   0.0000000e+00	
   3.4566289e+01	   3.8572758e+01	   3.9515519e+01	   3.8648655e+01	   3.6165086e+01	   3.2916543e+01	   3.0847997e+01	   2.9680360e+01	   2.9150973e+01	   2.9756978e+01	   3.0442766e+01	   3.1055939e+01	   3.1560750e+01	   3.1870824e+01	   3.0944869e+01	   2.9455493e+01	   2.7407095e+01	   2.5349232e+01	   2.2772406e+01	   1.9600598e+01	   1.6400379e+01	             NaN	             NaN	             NaN	             NaN	             NaN	             NaN	             NaN	             NaN	             NaN	             NaN	             NaN	   0.0000000e+00	
   3.6791392e+01	   4.0195524e+01	   4.1235845e+01	   4.0677561e+01	   3.7850813e+01	   3.4530853e+01	   3.2377458e+01	   3.1046899e+01	   3.0316914e+01	   3.0494207e+01	   3.1356529e+01	   3.2281362e+01	   3.2678961e+01	   3.2854153e+01	   3.2103101e+01	   3.0640143e+01	   2.8678849e+01	   2.6470082e+01	   2.3962607e+01	   2.1134265e+01	   1.7610582e+01	             NaN	             NaN	             NaN	             NaN	             NaN	             NaN	             NaN	             NaN	             NaN	             NaN	             NaN	   0.0000000e+00	
   4.0613118e+01	   4.2266837e+01	   4.2863306e+01	   4.2007129e+01	   3.9369490e+01	   3.5575060e+01	   3.3444383e+01	   3.2003932e+01	   3.1329292e+01	   3.1622282e+01	   3.2381713e+01	   3.3312769e+01	   3.3842146e+01	   3.4128704e+01	   3.3350658e+01	   3.1916953e+01	   2.9980157e+01	   2.7585166e+01	   2.5184590e+01	   2.2531915e+01	   1.8906726e+01	   1.5990251e+01	             NaN	             NaN	             NaN	             NaN	             NaN	             NaN	             NaN	             NaN	             NaN	             NaN	             NaN	
   4.0873047e+01	   4.3855399e+01	   4.4961608e+01	   4.3915800e+01	   4.0964246e+01	   3.7411261e+01	   3.4496582e+01	   3.3172926e+01	   3.2265759e+01	   3.2637114e+01	   3.3304941e+01	   3.4099735e+01	   3.4830494e+01	   3.5080744e+01	   3.4535445e+01	   3.2900783e+01	   3.1090638e+01	   2.8874012e+01	   2.6411528e+01	   2.3806243e+01	   2.0364177e+01	   1.6997178e+01	             NaN	             NaN	             NaN	             NaN	             NaN	             NaN	             NaN	             NaN	             NaN	             NaN	             NaN	
   4.1797433e+01	   4.4760764e+01	   4.6647201e+01	   4.5312338e+01	   4.2308490e+01	   3.8829015e+01	   3.5847857e+01	   3.4156615e+01	   3.3141713e+01	   3.3479318e+01	   3.4211153e+01	   3.4883040e+01	   3.5658659e+01	   3.6168732e+01	   3.5584144e+01	   3.4169448e+01	   3.2218147e+01	   3.0058964e+01	   2.7501853e+01	   2.4976124e+01	   2.1713397e+01	   1.8069773e+01	   1.5580088e+01	             NaN	             NaN	             NaN	             NaN	             NaN	             NaN	             NaN	             NaN	             NaN	             NaN	
   4.4683240e+01	   4.6906879e+01	   4.8188295e+01	   4.7459602e+01	   4.3993297e+01	   3.9976789e+01	   3.6945912e+01	   3.5215077e+01	   3.4176777e+01	   3.4414516e+01	   3.5235208e+01	   3.5986981e+01	   3.7086328e+01	   3.7403925e+01	   3.6817972e+01	   3.5272080e+01	   3.3437308e+01	   3.1176557e+01	   2.8678846e+01	   2.6135214e+01	   2.3114998e+01	   1.9354199e+01	   1.6496721e+01	             NaN	             NaN	             NaN	             NaN	             NaN	             NaN	             NaN	             NaN	             NaN	             NaN	
   4.6589441e+01	   4.9096335e+01	   4.9937467e+01	   4.9200763e+01	   4.6201114e+01	   4.1862611e+01	   3.8439337e+01	   3.6481415e+01	   3.5374556e+01	   3.5496379e+01	   3.6290761e+01	   3.7095209e+01	   3.7808400e+01	   3.8513468e+01	   3.8071446e+01	   3.6486967e+01	   3.4719677e+01	   3.2375313e+01	   2.9887719e+01	   2.7495357e+01	   2.4508555e+01	   2.0941275e+01	   1.7562619e+01	             NaN	             NaN	             NaN	             NaN	             NaN	             NaN	             NaN	             NaN	             NaN	             NaN	
   4.8265284e+01	   5.0642858e+01	   5.2197134e+01	   5.1025183e+01	   4.7912070e+01	   4.3374108e+01	   3.9821037e+01	   3.7685431e+01	   3.6571944e+01	   3.6626399e+01	   3.7106963e+01	   3.8039383e+01	   3.8885065e+01	   3.9621411e+01	   3.9197442e+01	   3.7670690e+01	   3.5785183e+01	   3.3561499e+01	   3.1112587e+01	   2.8666433e+01	   2.5724045e+01	   2.2363620e+01	   1.8639076e+01	   1.5895466e+01	             NaN	             NaN	             NaN	             NaN	             NaN	             NaN	             NaN	             NaN	             NaN	
   4.9930129e+01	   5.2337768e+01	   5.4370160e+01	   5.2728532e+01	   4.9220199e+01	   4.4848585e+01	   4.1265439e+01	   3.8612731e+01	   3.7576674e+01	   3.7436023e+01	   3.8151190e+01	   3.8787691e+01	   4.0046049e+01	   4.0656648e+01	   4.0265013e+01	   3.8780345e+01	   3.6821483e+01	   3.4506784e+01	   3.2284378e+01	   2.9772701e+01	   2.6923881e+01	   2.3657001e+01	   1.9894615e+01	   1.6879869e+01	             NaN	             NaN	             NaN	             NaN	             NaN	             NaN	             NaN	             NaN	             NaN	
   5.1136915e+01	   5.5041186e+01	   5.6074751e+01	   5.4379204e+01	   5.1381198e+01	   4.6156864e+01	   4.2223225e+01	   3.9868149e+01	   3.8277507e+01	   3.8343176e+01	   3.8897138e+01	   3.9846038e+01	   4.0712525e+01	   4.1508334e+01	   4.1142789e+01	   3.9808266e+01	   3.7910667e+01	   3.5614422e+01	   3.3271937e+01	   3.0928973e+01	   2.8104990e+01	   2.4977663e+01	   2.1240281e+01	   1.7890845e+01	   1.5368052e+01	             NaN	             NaN	             NaN	             NaN	             NaN	             NaN	             NaN	             NaN	
   5.2715066e+01	   5.6894404e+01	   5.7574404e+01	   5.6440217e+01	   5.2616843e+01	   4.7820148e+01	   4.3371334e+01	   4.0972198e+01	   3.9351959e+01	   3.9198272e+01	   3.9697656e+01	   4.0447952e+01	   4.1663993e+01	   4.2346799e+01	   4.1971062e+01	   4.0738675e+01	   3.8779060e+01	   3.6548108e+01	   3.4232575e+01	   3.1963117e+01	   2.9175558e+01	   2.6039297e+01	   2.2615219e+01	   1.9037085e+01	   1.6372124e+01	             NaN	             NaN	             NaN	             NaN	             NaN	             NaN	             NaN	             NaN	
   5.4905808e+01	   5.8555662e+01	   5.9254610e+01	   5.8266590e+01	   5.3968852e+01	   4.9043752e+01	   4.4823766e+01	   4.1846337e+01	   4.0290770e+01	   3.9890166e+01	   4.0535281e+01	   4.1354558e+01	   4.2432195e+01	   4.3122613e+01	   4.2929226e+01	   4.1586352e+01	   3.9697349e+01	   3.7477623e+01	   3.5291190e+01	   3.2988964e+01	   3.0402177e+01	   2.7148404e+01	   2.3787330e+01	   2.0124626e+01	   1.7322503e+01	             NaN	             NaN	             NaN	             NaN	             NaN	             NaN	             NaN	             NaN	
   5.5768002e+01	   6.0510405e+01	   6.1064136e+01	   5.9495000e+01	   5.5697749e+01	   5.0198880e+01	   4.6109326e+01	   4.3033555e+01	   4.1233782e+01	   4.0718261e+01	   4.1147589e+01	   4.2063437e+01	   4.2983051e+01	   4.3802166e+01	   4.3603480e+01	   4.2468236e+01	   4.0410198e+01	   3.8442135e+01	   3.6233493e+01	   3.3898753e+01	   3.1298219e+01	   2.8292522e+01	   2.5021475e+01	   2.1368197e+01	   1.8276003e+01	   1.5556254e+01	             NaN	             NaN	             NaN	             NaN	             NaN	             NaN	             NaN	
   5.8091499e+01	   6.1173909e+01	   6.2722959e+01	   6.1313859e+01	   5.6980118e+01	   5.1662361e+01	   4.6952486e+01	   4.3647582e+01	   4.1761676e+01	   4.1611615e+01	   4.1747683e+01	   4.2476766e+01	   4.3738599e+01	   4.4505430e+01	   4.4292090e+01	   4.3248188e+01	   4.1444935e+01	   3.9347236e+01	   3.7177906e+01	   3.4802318e+01	   3.2379729e+01	   2.9324819e+01	   2.6222821e+01	   2.2610515e+01	   1.9185643e+01	   1.6545482e+01	             NaN	             NaN	             NaN	             NaN	             NaN	             NaN	             NaN	
   5.8761468e+01	   6.2513735e+01	   6.4413020e+01	   6.2688730e+01	   5.8695722e+01	   5.3013053e+01	   4.8202862e+01	   4.4766589e+01	   4.2595832e+01	   4.2091897e+01	   4.2398721e+01	   4.3240600e+01	   4.4350252e+01	   4.5148609e+01	   4.4920380e+01	   4.3792031e+01	   4.2032231e+01	   4.0044637e+01	   3.7785435e+01	   3.5864095e+01	   3.3291771e+01	   3.0335041e+01	   2.7148308e+01	   2.3803219e+01	   2.0285272e+01	   1.7368402e+01	   1.4339262e+01	             NaN	             NaN	             NaN	             NaN	             NaN	             NaN	
   6.1226239e+01	   6.4458652e+01	   6.5850216e+01	   6.4795179e+01	   6.0090028e+01	   5.4404535e+01	   4.9400526e+01	   4.5644858e+01	   4.3289365e+01	   4.2757921e+01	   4.2977798e+01	   4.3651397e+01	   4.4863371e+01	   4.5729063e+01	   4.5601738e+01	   4.4523821e+01	   4.2875179e+01	   4.0911289e+01	   3.8825833e+01	   3.6740352e+01	   3.4206584e+01	   3.1336649e+01	   2.8141518e+01	   2.5002799e+01	   2.1538167e+01	   1.8397177e+01	   1.5429589e+01	             NaN	             NaN	             NaN	             NaN	             NaN	             NaN	
   6.0784120e+01	   6.5668138e+01	   6.8082232e+01	   6.5321187e+01	   6.1429498e+01	   5.5251054e+01	   5.0550881e+01	   4.6810387e+01	   4.4083866e+01	   4.3341758e+01	   4.3394272e+01	   4.4183429e+01	   4.5232666e+01	   4.6134012e+01	   4.6069978e+01	   4.4929717e+01	   4.3450657e+01	   4.1539835e+01	   3.9531896e+01	   3.7584179e+01	   3.5042193e+01	   3.2254511e+01	   2.9173787e+01	   2.6087326e+01	   2.2812553e+01	   1.9266398e+01	   1.6346988e+01	             NaN	             NaN	             NaN	             NaN	             NaN	             NaN	
   6.1950579e+01	   6.7371623e+01	   6.7988600e+01	   6.6836307e+01	   6.2574545e+01	   5.6528170e+01	   5.1598548e+01	   4.7722722e+01	   4.4745580e+01	   4.4020444e+01	   4.3994287e+01	   4.4633716e+01	   4.5594650e+01	   4.6620298e+01	   4.6474097e+01	   4.5545589e+01	   4.4038280e+01	   4.2146727e+01	   4.0361145e+01	   3.8320387e+01	   3.5932372e+01	   3.3029697e+01	   3.0104145e+01	   2.6975468e+01	   2.3826600e+01	   2.0273455e+01	   1.7267553e+01	   1.4261949e+01	             NaN	             NaN	             NaN	             NaN	             NaN	
   6.3325032e+01	   6.8831706e+01	   6.9449167e+01	   6.8149678e+01	   6.3384308e+01	   5.7888702e+01	   5.2455238e+01	   4.8248875e+01	   4.5515689e+01	   4.4278278e+01	   4.4087701e+01	   4.4859920e+01	   4.5712910e+01	   4.6527120e+01	   4.6714150e+01	   4.5827070e+01	   4.4386275e+01	   4.2572668e+01	   4.0787659e+01	   3.8803433e+01	   3.6515275e+01	   3.3773630e+01	   3.0861755e+01	   2.7821318e+01	   2.4733188e+01	   2.1223687e+01	   1.8023869e+01	   1.4993687e+01	             NaN	             NaN	             NaN	             NaN	             NaN	
   6.3795094e+01	   6.8833450e+01	   7.0753020e+01	   6.9258345e+01	   6.4580453e+01	   5.8834804e+01	   5.3407414e+01	   4.8897250e+01	   4.6009056e+01	   4.4702588e+01	   4.4590114e+01	   4.5089311e+01	   4.6011620e+01	   4.7220297e+01	   4.7009116e+01	   4.6106211e+01	   4.4825093e+01	   4.3040843e+01	   4.1315446e+01	   3.9476884e+01	   3.7192787e+01	   3.4479417e+01	   3.1627550e+01	   2.8641897e+01	   2.5530342e+01	   2.2229713e+01	   1.8657200e+01	   1.5833954e+01	   1.2789874e+01	             NaN	             NaN	             NaN	             NaN	
   6.5277164e+01	   7.0302958e+01	   7.1503353e+01	   7.0261671e+01	   6.6230157e+01	   5.9725803e+01	   5.4298727e+01	   4.9766096e+01	   4.6579325e+01	   4.5371403e+01	   4.5044434e+01	   4.5302163e+01	   4.6355620e+01	   4.7177599e+01	   4.7280305e+01	   4.6360164e+01	   4.5055343e+01	   4.3696208e+01	   4.1791574e+01	   3.9934646e+01	   3.7870929e+01	   3.5154113e+01	   3.2330763e+01	   2.9475629e+01	   2.6585497e+01	   2.3228159e+01	   1.9706450e+01	   1.6682735e+01	   1.3562857e+01	             NaN	             NaN	             NaN	             NaN	
   6.5049103e+01	   7.1197800e+01	   7.2880630e+01	   7.0832218e+01	   6.6834798e+01	   6.1097564e+01	   5.5332366e+01	   5.0521600e+01	   4.7219156e+01	   4.5793144e+01	   4.5173826e+01	   4.5614595e+01	   4.6467447e+01	   4.7474065e+01	   4.7456124e+01	   4.6696638e+01	   4.5391740e+01	   4.3922087e+01	   4.2391881e+01	   4.0593457e+01	   3.8457627e+01	   3.5973424e+01	   3.3056152e+01	   3.0208058e+01	   2.7352921e+01	   2.4171299e+01	   2.0446302e+01	   1.7328912e+01	   1.4384620e+01	             NaN	             NaN	             NaN	             NaN	
   6.7139265e+01	   7.1408215e+01	   7.2783291e+01	   7.1943974e+01	   6.7352044e+01	   6.1609300e+01	   5.6061323e+01	   5.1132769e+01	   4.7624384e+01	   4.6083051e+01	   4.5494110e+01	   4.5728482e+01	   4.6528271e+01	   4.7523695e+01	   4.7653949e+01	   4.6734404e+01	   4.5540868e+01	   4.4288833e+01	   4.2652000e+01	   4.1072107e+01	   3.8994325e+01	   3.6437637e+01	   3.3682224e+01	   3.0840833e+01	   2.8118204e+01	   2.4988084e+01	   2.1351143e+01	   1.8008444e+01	   1.5066702e+01	   1.2210330e+01	             NaN	             NaN	             NaN	
   6.6269735e+01	   7.2189488e+01	   7.3751114e+01	   7.2111311e+01	   6.8506054e+01	   6.1943187e+01	   5.6711026e+01	   5.1613635e+01	   4.8199922e+01	   4.6469255e+01	   4.5770778e+01	   4.5968785e+01	   4.6523734e+01	   4.7411387e+01	   4.7579423e+01	   4.6820844e+01	   4.5844465e+01	   4.4445575e+01	   4.2989267e+01	   4.1350700e+01	   3.9353892e+01	   3.6884023e+01	   3.4438585e+01	   3.1535809e+01	   2.8764553e+01	   2.5755635e+01	   2.2252350e+01	   1.8690147e+01	   1.5791838e+01	   1.2895165e+01	             NaN	             NaN	             NaN	
   6.7826007e+01	   7.3547565e+01	   7.4467442e+01	   7.3131006e+01	   6.9005205e+01	   6.3014801e+01	   5.7109323e+01	   5.2106795e+01	   4.8367912e+01	   4.6666105e+01	   4.5684308e+01	   4.6050013e+01	   4.6618078e+01	   4.7422161e+01	   4.7472282e+01	   4.6838831e+01	   4.5865107e+01	   4.4637315e+01	   4.3189036e+01	   4.1592921e+01	   3.9681037e+01	   3.7370390e+01	   3.4721962e+01	   3.1995304e+01	   2.9461056e+01	   2.6407134e+01	   2.3064163e+01	   1.9526658e+01	   1.6410420e+01	   1.3595877e+01	   1.0912437e+01	             NaN	             NaN	
   6.8000418e+01	   7.2973538e+01	   7.4770330e+01	   7.3842001e+01	   6.9402164e+01	   6.3335562e+01	   5.7793160e+01	   5.2688941e+01	   4.8776709e+01	   4.6663969e+01	   4.5816117e+01	   4.5889956e+01	   4.6320250e+01	   4.7326673e+01	   4.7406308e+01	   4.6828585e+01	   4.5919297e+01	   4.4762473e+01	   4.3270321e+01	   4.1872184e+01	   3.9994635e+01	   3.7790444e+01	   3.5167032e+01	   3.2570050e+01	   3.0062310e+01	   2.7135518e+01	   2.3813795e+01	   2.0345228e+01	   1.7151161e+01	   1.4222722e+01	   1.1561945e+01	             NaN	             NaN	
   6.6387765e+01	   7.3652791e+01	   7.5785549e+01	   7.3813321e+01	   7.0451500e+01	   6.4216709e+01	   5.8421555e+01	   5.3101492e+01	   4.9061348e+01	   4.7113376e+01	   4.5945228e+01	   4.5757205e+01	   4.6475229e+01	   4.7086837e+01	   4.7126822e+01	   4.6535253e+01	   4.5843878e+01	   4.4777912e+01	   4.3429900e+01	   4.1993922e+01	   4.0346987e+01	   3.8094481e+01	   3.5533066e+01	   3.3021970e+01	   3.0522853e+01	   2.7667146e+01	   2.4542113e+01	   2.1050565e+01	   1.7683847e+01	   1.4914971e+01	   1.2174093e+01	             NaN	             NaN	
   6.8150444e+01	   7.2655538e+01	   7.5893241e+01	   7.4825387e+01	   7.0439233e+01	   6.5191779e+01	   5.8400012e+01	   5.3293178e+01	   4.9355103e+01	   4.7043620e+01	   4.5842906e+01	   4.5623296e+01	   4.6107722e+01	   4.6769191e+01	   4.7248337e+01	   4.6527753e+01	   4.5696287e+01	   4.4676897e+01	   4.3380660e+01	   4.2219604e+01	   4.0518948e+01	   3.8315849e+01	   3.5823223e+01	   3.3447107e+01	   3.1025876e+01	   2.8276396e+01	   2.5095006e+01	   2.1680920e+01	   1.8360260e+01	   1.5517675e+01	   1.2805060e+01	   1.0392104e+01	             NaN	
   6.7707116e+01	   7.3425709e+01	   7.5370081e+01	   7.5031245e+01	   7.0383359e+01	   6.5046717e+01	   5.9346280e+01	   5.4012095e+01	   4.9709159e+01	   4.7081427e+01	   4.5649516e+01	   4.5483848e+01	   4.6110098e+01	   4.6611794e+01	   4.6704731e+01	   4.6251554e+01	   4.5523336e+01	   4.4643870e+01	   4.3528293e+01	   4.2132577e+01	   4.0624464e+01	   6.0122272e+01	   3.6166373e+01	   3.3856128e+01	   3.1446088e+01	   2.8838657e+01	   2.5591678e+01	   2.2434838e+01	   1.9049327e+01	   1.6080016e+01	   1.3418408e+01	   1.0935871e+01	             NaN	
   6.6632191e+01	   7.3160389e+01	   7.6104655e+01	   7.3973720e+01	   7.1015721e+01	   6.5390209e+01	   5.9692315e+01	   5.4121719e+01	   4.9662382e+01	   4.7271938e+01	   4.5924792e+01	   4.5236124e+01	   4.5646519e+01	   4.6327993e+01	   4.6435806e+01	   4.5938865e+01	   4.5300236e+01	   4.4414812e+01	   4.3399160e+01	   4.2233303e+01	   4.0656169e+01	   3.8653756e+01	   3.6328930e+01	   3.4023458e+01	   3.1860655e+01	   2.9211853e+01	   2.6221441e+01	   2.3007113e+01	   1.9657399e+01	   1.6544279e+01	   1.3933438e+01	   1.1540128e+01	   9.3307100e+00	
   6.7570934e+01	   7.3224954e+01	   7.5401224e+01	   7.4409615e+01	   7.0919075e+01	   6.6002632e+01	   5.9874498e+01	   5.4459820e+01	   4.9909743e+01	   4.7264217e+01	   4.5904756e+01	   4.5233404e+01	   4.5744742e+01	   4.6145545e+01	   4.6294915e+01	   4.5740315e+01	   4.5120052e+01	   4.4278744e+01	   4.3271349e+01	   4.2199324e+01	   4.0729599e+01	   3.8864705e+01	   3.6552081e+01	   3.4379224e+01	   3.2132207e+01	   2.9612424e+01	   2.6753210e+01	   2.3591677e+01	   2.0327637e+01	   1.7217003e+01	   1.4483510e+01	   1.2121997e+01	   9.8900500e+00	
   6.6893371e+01	   7.3040243e+01	   7.6153202e+01	   7.5290576e+01	   7.1438756e+01	   6.5916094e+01	   6.0308353e+01	   5.4686805e+01	   5.0225254e+01	   4.7506072e+01	   4.5753429e+01	   4.5280735e+01	   4.5174335e+01	   4.5773174e+01	   4.5972360e+01	   4.5493119e+01	   4.4831010e+01	   4.4152520e+01	   4.3135982e+01	   4.2206378e+01	   4.0786205e+01	   3.8855610e+01	   3.6804579e+01	   3.4663025e+01	   3.2419627e+01	   3.0050672e+01	   2.7198346e+01	   2.4052767e+01	   2.0975305e+01	   1.7747544e+01	   1.4950083e+01	   1.2614287e+01	   1.0408704e+01	
   6.7212225e+01	   7.4005182e+01	   7.5405530e+01	   7.4705800e+01	   7.1847703e+01	   6.6449288e+01	   6.0595907e+01	   5.5008136e+01	   5.0465708e+01	   4.7402101e+01	   4.5900012e+01	   4.4872653e+01	   4.4977254e+01	   4.5376866e+01	   4.5496169e+01	   4.5086818e+01	   4.4502069e+01	   4.3792011e+01	   4.3095860e+01	   4.2063504e+01	   4.0762325e+01	   3.8975765e+01	   3.6936456e+01	   3.4747321e+01	   3.2722321e+01	   3.0395195e+01	   2.7497871e+01	   2.4605411e+01	   2.1479499e+01	   1.8390873e+01	   1.5512738e+01	   1.3155718e+01	   1.0973726e+01	
   6.6313657e+01	   7.3362665e+01	   7.5323801e+01	   7.5097200e+01	   7.1470845e+01	   6.6898621e+01	   6.0800280e+01	   5.5351219e+01	   5.0497090e+01	   4.7415989e+01	   4.5632528e+01	   4.4775616e+01	   4.4869185e+01	   4.5070625e+01	   4.5219964e+01	   4.4857010e+01	   4.4340361e+01	   4.3613708e+01	   4.2836018e+01	   4.1930734e+01	   4.0710106e+01	   3.8952155e+01	   3.6922999e+01	   3.4901763e+01	   3.2888651e+01	   3.0611258e+01	   2.7980892e+01	   2.5010535e+01	   2.1967537e+01	   1.8987914e+01	   1.6084773e+01	   1.3645420e+01	   1.1551596e+01	
   6.7033053e+01	   7.2996949e+01	   7.5567433e+01	   7.4647572e+01	   7.1851631e+01	   6.6723094e+01	   6.0945976e+01	   5.5552140e+01	   5.0546531e+01	   4.7497119e+01	   4.5485365e+01	   4.4525274e+01	   4.4426847e+01	   4.4875548e+01	   4.4836344e+01	   4.4476800e+01	   4.3972143e+01	   4.3409174e+01	   4.2575282e+01	   4.1906102e+01	   4.0598596e+01	   3.8910287e+01	   3.7081254e+01	   3.5002577e+01	   3.3104925e+01	   3.0919400e+01	   2.8276957e+01	   2.5416628e+01	   2.2422389e+01	   1.9491438e+01	   1.6626551e+01	   1.4119823e+01	   1.1978056e+01	
             NaN	   7.2019155e+01	   7.4815927e+01	   7.4622589e+01	   7.1515014e+01	   6.6934411e+01	   6.1224864e+01	   5.5729829e+01	   5.0588823e+01	   4.7699662e+01	   4.5521535e+01	   4.4513066e+01	   4.4184577e+01	   4.4500005e+01	   4.4514448e+01	   4.4129987e+01	   4.3557140e+01	   4.3115227e+01	   4.2231308e+01	   4.1430346e+01	   4.0487437e+01	   3.8861574e+01	   3.6926737e+01	   3.5051414e+01	   3.3287868e+01	   3.1099434e+01	   2.8456145e+01	   2.5749295e+01	   2.2898743e+01	   1.9978011e+01	   1.7070946e+01	   1.4567270e+01	   1.2439940e+01	
             NaN	   7.1906198e+01	   7.4673045e+01	   7.4357484e+01	   7.1002554e+01	   6.6714531e+01	   6.1093465e+01	   5.5746190e+01	   5.0832999e+01	   4.7471801e+01	   4.5186929e+01	   4.4091519e+01	   4.3905666e+01	   4.3967984e+01	   4.4181460e+01	   4.3752655e+01	   4.3267683e+01	   4.2713870e+01	   4.2035288e+01	   4.1364339e+01	   4.0146793e+01	   3.8820439e+01	   3.6856516e+01	   3.5008498e+01	   3.3273196e+01	   3.1321314e+01	   2.8821272e+01	   2.6155990e+01	   2.3207162e+01	   2.0465655e+01	   1.7605513e+01	   1.4974238e+01	   1.2916703e+01	
             NaN	   7.1773780e+01	   7.4054056e+01	   7.4107424e+01	   7.1288632e+01	   6.6748138e+01	   6.1098231e+01	   5.5668563e+01	   5.0800861e+01	   4.7335589e+01	   4.5245976e+01	   4.3965065e+01	   4.3641280e+01	   4.3622950e+01	   4.3732998e+01	   4.3327148e+01	   4.2836593e+01	   4.2408754e+01	   4.1724182e+01	   4.1089245e+01	   3.9877393e+01	   3.8511168e+01	   3.6895180e+01	   3.5123039e+01	   3.3383110e+01	   3.1431313e+01	   2.8980317e+01	   2.6370729e+01	   2.3506171e+01	   2.0743534e+01	   1.8075430e+01	   1.5430815e+01	   1.3294541e+01	
             NaN	   7.1043124e+01	   7.3734864e+01	   7.3364892e+01	   7.1271945e+01	   6.6516434e+01	   6.1262020e+01	   5.5669553e+01	   5.0820561e+01	   4.7106595e+01	   4.5122948e+01	   4.3688894e+01	   4.3266972e+01	   4.3281560e+01	   4.3300745e+01	   4.2983313e+01	   4.2355300e+01	   4.2022371e+01	   4.1415921e+01	   4.0847126e+01	   3.9661969e+01	   3.8302772e+01	   3.6709183e+01	   3.4957855e+01	   3.3404634e+01	   3.1503200e+01	   2.9163746e+01	   2.6643969e+01	   2.3936886e+01	   2.1122069e+01	   1.8516942e+01	   1.5983791e+01	   1.3664028e+01	
             NaN	   7.1696956e+01	   7.3712041e+01	   7.3134576e+01	   7.1629445e+01	   6.6212002e+01	   6.1325399e+01	   5.5751117e+01	   5.0748085e+01	   4.7118659e+01	   4.4815751e+01	   4.3386010e+01	   4.2925055e+01	   4.2871133e+01	   4.2872464e+01	   4.2563223e+01	   4.1993705e+01	   4.1545825e+01	   4.1034059e+01	   4.0368359e+01	   3.9598471e+01	   3.8134330e+01	   3.6562673e+01	   3.4965739e+01	   3.3365024e+01	   3.1521602e+01	   2.9331079e+01	   2.6774922e+01	   2.4191402e+01	   2.1400992e+01	   1.8921645e+01	   1.6381789e+01	   1.4069728e+01	
             NaN	   7.1000385e+01	   7.4131571e+01	   7.3222498e+01	   7.0718472e+01	   6.6116483e+01	   6.0993635e+01	   5.5763880e+01	   5.0579704e+01	   4.7098022e+01	   4.4628647e+01	   4.3151680e+01	   4.2529275e+01	   4.2550705e+01	   4.2337739e+01	   4.2080842e+01	   4.1557128e+01	   4.1136234e+01	   4.0673014e+01	   4.0015555e+01	   3.9129793e+01	   3.7889108e+01	   3.6375080e+01	   3.4765585e+01	   3.3388991e+01	   3.1696015e+01	   2.9469077e+01	   2.6976478e+01	   2.4407854e+01	   2.1760511e+01	   1.9209633e+01	   1.6709771e+01	   1.4491021e+01	
             NaN	             NaN	   7.2531258e+01	   7.2640873e+01	   7.0131976e+01	   6.5585793e+01	   6.1216058e+01	   5.5424267e+01	   5.0503430e+01	   4.6979614e+01	   4.4610047e+01	   4.2902585e+01	   4.2088878e+01	   4.2129668e+01	   4.1900058e+01	   4.1606263e+01	   4.1082499e+01	   4.0634904e+01	   4.0272202e+01	   3.9667631e+01	   3.8894313e+01	   3.7653676e+01	   3.6170548e+01	   3.4673587e+01	   3.3226343e+01	   3.1590852e+01	   2.9554725e+01	   2.7093805e+01	   2.4503863e+01	   2.1934479e+01	   1.9512129e+01	   1.7164880e+01	   1.4860356e+01	
             NaN	             NaN	   7.1487700e+01	   7.2119183e+01	   6.9619836e+01	   6.5661380e+01	   6.0791528e+01	   5.5660829e+01	   5.0409320e+01	   4.6871566e+01	   4.4164885e+01	   4.2527177e+01	   4.1994943e+01	   4.1587641e+01	   4.1220223e+01	   4.1030089e+01	   4.0530138e+01	   4.0177665e+01	   3.9736916e+01	   3.9311831e+01	   3.8500464e+01	   3.7235259e+01	   3.5925502e+01	   3.4413186e+01	   3.3108149e+01	   3.1603847e+01	   2.9538341e+01	   2.7262206e+01	   2.4784488e+01	   2.2160038e+01	   1.9803902e+01	   1.7450647e+01	   1.5164608e+01	
             NaN	             NaN	   7.1413041e+01	   7.2148783e+01	   6.9252972e+01	   6.5271888e+01	   6.0254039e+01	   5.5273547e+01	   5.0341857e+01	   4.6708585e+01	   4.3822222e+01	   4.2268428e+01	   4.1464179e+01	   4.1184349e+01	   4.0864703e+01	   4.0497725e+01	   3.9946224e+01	   3.9617441e+01	   3.9210297e+01	   3.8748493e+01	   3.8025795e+01	   3.6977038e+01	   3.5643613e+01	   3.4215118e+01	   3.2984343e+01	   3.1459045e+01	   2.9440503e+01	   2.7240059e+01	   2.4884760e+01	   2.2405409e+01	   2.0058789e+01	   1.7758639e+01	   1.5614856e+01	
             NaN	             NaN	   7.0284263e+01	   7.0970169e+01	   6.8580617e+01	   6.4435934e+01	   5.9842118e+01	   5.5149097e+01	   4.9923076e+01	   4.6308712e+01	   4.3556676e+01	   4.1746590e+01	   4.0851556e+01	   4.0456142e+01	   4.0301923e+01	   3.9739675e+01	   3.9347289e+01	   3.8934162e+01	   3.8498011e+01	   3.8292254e+01	   3.7403140e+01	   3.6475036e+01	   3.5122159e+01	   3.3859932e+01	   3.2564569e+01	   3.1306986e+01	   2.9400332e+01	   2.7231258e+01	   2.4827534e+01	   2.2433306e+01	   2.0217549e+01	   1.7926130e+01	   1.5943751e+01	
             NaN	             NaN	   6.9771438e+01	   7.0510551e+01	   6.7997744e+01	   6.4374100e+01	   5.9779084e+01	   5.4463656e+01	   4.9637637e+01	   4.6142887e+01	   4.3400576e+01	   4.1582125e+01	   4.0422803e+01	   4.0069029e+01	   3.9795240e+01	   3.9212326e+01	   3.8926027e+01	   3.8504627e+01	   3.8135146e+01	   3.7794494e+01	   3.7112647e+01	   3.6094248e+01	   3.4869251e+01	   3.3655724e+01	   3.2437018e+01	   3.1141863e+01	   2.9249809e+01	   2.7176605e+01	   2.5003554e+01	   2.2636005e+01	   2.0398713e+01	   1.8269026e+01	   1.6139410e+01	
             NaN	             NaN	             NaN	   6.9307083e+01	   6.7565727e+01	   6.3696785e+01	   5.9714264e+01	   5.4735851e+01	   4.9627707e+01	   4.5897295e+01	   4.3142317e+01	   4.1154117e+01	   4.0282380e+01	   3.9741309e+01	   3.9382561e+01	   3.8910947e+01	   3.8573901e+01	   3.8019516e+01	   3.7717683e+01	   3.7251882e+01	   3.6684642e+01	   3.5715721e+01	   3.4567880e+01	   3.3346964e+01	   3.2240680e+01	   3.0992276e+01	   2.9249794e+01	   2.7237185e+01	   2.5057855e+01	   2.2640194e+01	   2.0513335e+01	   1.8318743e+01	   1.6321239e+01	
             NaN	             NaN	             NaN	   6.8936455e+01	   6.6616394e+01	   6.3401919e+01	   5.9111916e+01	   5.3960059e+01	   4.9294561e+01	   4.5587525e+01	   4.2818615e+01	   4.0850553e+01	   3.9855168e+01	   3.9203065e+01	   3.8822731e+01	   3.8191702e+01	   3.7907248e+01	   3.7525663e+01	   3.7167045e+01	   3.6657068e+01	   3.6168742e+01	   3.5278879e+01	   3.4200423e+01	   3.2901893e+01	   3.1964107e+01	   3.0599501e+01	   2.9099853e+01	   2.7207861e+01	   2.4974913e+01	   2.2741934e+01	   2.0589226e+01	   1.8446701e+01	   1.6543697e+01	
             NaN	             NaN	             NaN	   6.8164965e+01	   6.5768461e+01	   6.2740527e+01	   5.8395367e+01	   5.3614546e+01	   4.9032163e+01	   4.5369629e+01	   4.2560832e+01	   4.0404700e+01	   3.9366592e+01	   3.8896734e+01	   3.8334876e+01	   3.7780098e+01	   3.7295392e+01	   3.7006305e+01	   3.6536720e+01	   3.6215451e+01	   3.5595030e+01	   3.4913818e+01	   3.3747619e+01	   3.2692976e+01	   3.1711182e+01	   3.0525562e+01	   2.8786537e+01	   2.6963487e+01	   2.4908850e+01	   2.2655519e+01	   2.0560399e+01	   1.8631045e+01	   1.6711735e+01	
             NaN	             NaN	             NaN	   6.7312777e+01	   6.5618401e+01	   6.2369284e+01	   5.8068037e+01	   5.3339194e+01	   4.8516759e+01	   4.4940210e+01	   4.2204464e+01	   4.0152795e+01	   3.8896246e+01	   3.8337821e+01	   3.7625941e+01	   3.7090143e+01	   3.6832050e+01	   3.6357946e+01	   3.6110095e+01	   3.5611393e+01	   3.5086936e+01	   3.4392425e+01	   3.3384242e+01	   3.2241941e+01	   3.1427059e+01	   3.0292167e+01	   2.8645547e+01	   2.6938435e+01	   2.4808737e+01	   2.2755664e+01	   2.0627536e+01	   1.8680951e+01	   1.6757887e+01	
             NaN	             NaN	             NaN	   6.5905805e+01	   6.4660468e+01	   6.1502381e+01	   5.7495484e+01	   5.2846918e+01	   4.8201335e+01	   4.4564914e+01	   4.1675416e+01	   3.9653996e+01	   3.8599388e+01	   3.7845468e+01	   3.7191387e+01	   3.6610405e+01	   3.6124278e+01	   3.5763124e+01	   3.5448362e+01	   3.5147760e+01	   3.4596967e+01	   3.3891600e+01	   3.2870776e+01	   3.1844980e+01	   3.1036506e+01	   2.9991704e+01	   2.8347198e+01	   2.6682374e+01	   2.4739985e+01	   2.2646505e+01	   2.0691758e+01	   1.8775805e+01	   1.6910932e+01	
             NaN	             NaN	             NaN	             NaN	   6.4201673e+01	   6.1056463e+01	   5.6963461e+01	   5.2274266e+01	   4.7918968e+01	   4.4008165e+01	   4.1417100e+01	   3.9235374e+01	   3.8041826e+01	   3.7304763e+01	   3.6727738e+01	   3.6158833e+01	   3.5551491e+01	   3.5244111e+01	   3.4848230e+01	   3.4581850e+01	   3.4077104e+01	   3.3346897e+01	   3.2461731e+01	   3.1416206e+01	   3.0651837e+01	   2.9695594e+01	   2.8207157e+01	   2.6533422e+01	   2.4639223e+01	   2.2639281e+01	   2.0630413e+01	   1.8802934e+01	   1.7061413e+01	
             NaN	             NaN	             NaN	             NaN	   6.3499186e+01	   6.0088987e+01	   5.6143334e+01	   5.1769094e+01	   4.7059548e+01	   4.3846815e+01	   4.0929021e+01	   3.8727483e+01	   3.7477937e+01	   3.6809312e+01	   3.6224537e+01	   3.5478939e+01	   3.4883471e+01	   3.4542441e+01	   3.4273057e+01	   3.3963868e+01	   3.3570500e+01	   3.2857778e+01	   3.1945210e+01	   3.1005170e+01	   3.0211456e+01	   2.9243243e+01	   2.7877612e+01	   2.6224134e+01	   2.4451572e+01	   2.2498671e+01	   2.0625949e+01	   1.8714758e+01	   1.7094467e+01	
             NaN	             NaN	             NaN	             NaN	   6.2529257e+01	   5.9034236e+01	   5.5671133e+01	   5.1435741e+01	   4.6683533e+01	   4.3151827e+01	   4.0357476e+01	   3.8290612e+01	   3.7007578e+01	   3.6207480e+01	   3.5521604e+01	   3.4824529e+01	   3.4281116e+01	   3.3799545e+01	   3.3693426e+01	   3.3372617e+01	   3.2822624e+01	   3.2152255e+01	   3.1278340e+01	   3.0475312e+01	   2.9893093e+01	   2.8842434e+01	   2.7578812e+01	   2.5963920e+01	   2.4182050e+01	   2.2272782e+01	   2.0503370e+01	   1.8657168e+01	   1.7106393e+01	
             NaN	             NaN	             NaN	             NaN	   6.0818835e+01	   5.8305129e+01	   5.4904736e+01	   5.0667718e+01	   4.5954169e+01	   4.2522101e+01	   3.9671799e+01	   3.7742239e+01	   3.6286648e+01	   3.5530681e+01	   3.4896829e+01	   3.4246753e+01	   3.3572711e+01	   3.3365493e+01	   3.2975523e+01	   3.2660812e+01	   3.2177671e+01	   3.1575249e+01	   3.0797061e+01	   2.9902331e+01	   2.9323213e+01	   2.8486608e+01	   2.7195990e+01	   2.5642079e+01	   2.3913590e+01	   2.2073757e+01	   2.0320351e+01	   1.8645061e+01	   1.6984946e+01	
             NaN	             NaN	             NaN	             NaN	   6.0152795e+01	   5.7414427e+01	   5.4515525e+01	   4.9892734e+01	   4.5568777e+01	   4.2138496e+01	   3.9154966e+01	   3.7125131e+01	   3.5872260e+01	   3.5075977e+01	   3.4302561e+01	   3.3727782e+01	   3.3040728e+01	   3.2676121e+01	   3.2258593e+01	   3.2102831e+01	   3.1655705e+01	   3.0993841e+01	   3.0211952e+01	   2.9412216e+01	   2.8819130e+01	   2.8068862e+01	   2.6739849e+01	   2.5282870e+01	   2.3672873e+01	   2.1882078e+01	   2.0224020e+01	   1.8611240e+01	   1.6960246e+01	
             NaN	             NaN	             NaN	             NaN	             NaN	   5.6676947e+01	   5.3628641e+01	   4.8954949e+01	   4.4917231e+01	   4.1645462e+01	   3.8569000e+01	   3.6656447e+01	   3.5547088e+01	   3.4477406e+01	   3.3859127e+01	   3.2949170e+01	   3.2320338e+01	   3.2102181e+01	   3.1598729e+01	   3.1480017e+01	   3.1076419e+01	   3.0416420e+01	   2.9775272e+01	   2.8811287e+01	   2.8382659e+01	   2.7603858e+01	   2.6442878e+01	   2.5034826e+01	   2.3369468e+01	   2.1736990e+01	   2.0045553e+01	   1.8400354e+01	   1.6983904e+01	
             NaN	             NaN	             NaN	             NaN	             NaN	   5.5953105e+01	   5.2694863e+01	   4.8847831e+01	   4.4445346e+01	   4.1048621e+01	   3.8154042e+01	   3.6095493e+01	   3.4866986e+01	   3.3955160e+01	   3.3030590e+01	   3.2366629e+01	   3.1786746e+01	   3.1263499e+01	   3.1007545e+01	   3.0797396e+01	   3.0424135e+01	   2.9817318e+01	   2.9173631e+01	   2.8455644e+01	   2.7821860e+01	   2.7109242e+01	   2.6071965e+01	   2.4744932e+01	   2.3141004e+01	   2.1457058e+01	   1.9917779e+01	   1.8380310e+01	   1.6919673e+01	
             NaN	             NaN	             NaN	             NaN	             NaN	   5.4980341e+01	   5.1992262e+01	   4.7988969e+01	   4.3758435e+01	   4.0222204e+01	   3.7817022e+01	   3.5542435e+01	   3.4078995e+01	   3.3297429e+01	   3.2462806e+01	   3.1627330e+01	   3.1159685e+01	   3.0730989e+01	   3.0424741e+01	   3.0187626e+01	   2.9908310e+01	   2.9219374e+01	   2.8541900e+01	   2.7936221e+01	   2.7364688e+01	   2.6536008e+01	   2.5632517e+01	   2.4398841e+01	   2.2813972e+01	   2.1229420e+01	   1.9718491e+01	   1.8218605e+01	   1.6760562e+01	
             NaN	             NaN	             NaN	             NaN	             NaN	   5.3763255e+01	   5.0785803e+01	   4.7143368e+01	   4.2989183e+01	   3.9994561e+01	   3.7136498e+01	   3.4869377e+01	   3.3429872e+01	   3.2623446e+01	   3.1885772e+01	   3.1042113e+01	   3.0526810e+01	   3.0044197e+01	   2.9710019e+01	   2.9509556e+01	   2.9123780e+01	   2.8641360e+01	   2.8072122e+01	   2.7522897e+01	   2.6914126e+01	   2.6278365e+01	   2.5250559e+01	   2.4051604e+01	   2.2560637e+01	   2.1011617e+01	   1.9533779e+01	   1.8063707e+01	   1.6585647e+01	
             NaN	             NaN	             NaN	             NaN	             NaN	   5.3078260e+01	   5.0694109e+01	   4.6812878e+01	   4.2607285e+01	   3.9361267e+01	   3.6809724e+01	   3.4590824e+01	   3.3116614e+01	   3.2174238e+01	   3.1293110e+01	   3.0577035e+01	   2.9988318e+01	   2.9626341e+01	   2.9340407e+01	   2.8858728e+01	   2.8592582e+01	   2.8116289e+01	   2.7620121e+01	   2.6892119e+01	   2.6544683e+01	   2.5836026e+01	   2.4847728e+01	   2.3705379e+01	   2.2253851e+01	   2.0739460e+01	   1.9351771e+01	   1.7901238e+01	   1.6561726e+01	
             NaN	             NaN	             NaN	             NaN	             NaN	             NaN	   4.9735239e+01	   4.6084832e+01	   4.2118425e+01	   3.8946772e+01	   3.6198990e+01	   3.3980014e+01	   3.2519870e+01	   3.1623208e+01	   3.0783734e+01	   2.9992589e+01	   2.9314474e+01	   2.9074805e+01	   2.8715873e+01	   2.8415880e+01	   2.8137758e+01	   2.7540725e+01	   2.7057768e+01	   2.6405477e+01	   2.6081474e+01	   2.5425268e+01	   2.4495021e+01	   2.3344722e+01	   2.1973967e+01	   2.0526155e+01	   1.9125727e+01	   1.7776233e+01	   1.6471526e+01	
             NaN	             NaN	             NaN	             NaN	             NaN	             NaN	   4.8896431e+01	   4.5269399e+01	   4.1520849e+01	   3.8262900e+01	   3.5565187e+01	   3.3417378e+01	   3.2003480e+01	   3.1254148e+01	   3.0263761e+01	   2.9420852e+01	   2.8696979e+01	   2.8325770e+01	   2.8161440e+01	   2.7850804e+01	   2.7511859e+01	   2.7093124e+01	   2.6489310e+01	   2.5894749e+01	   2.5547619e+01	   2.5003248e+01	   2.4080601e+01	   2.2915579e+01	   2.1691693e+01	   2.0278096e+01	   1.8945318e+01	   1.7552495e+01	   1.6410532e+01	
   0.0000000e+00	             NaN	             NaN	             NaN	             NaN	             NaN	   4.7867942e+01	   4.4404058e+01	   4.0841896e+01	   3.7611429e+01	   3.5116781e+01	   3.2840285e+01	   3.1464166e+01	   3.0457700e+01	   2.9733387e+01	   2.8903777e+01	   2.8245922e+01	   2.7808401e+01	   2.7483890e+01	   2.7308351e+01	   2.6866920e+01	   2.6449583e+01	   2.5909845e+01	   2.5388903e+01	   2.4990421e+01	   2.4477915e+01	   2.3681391e+01	   2.2604562e+01	   2.1324625e+01	   2.0037152e+01	   1.8616197e+01	   1.7361294e+01	   1.6143922e+01	
   0.0000000e+00	             NaN	             NaN	             NaN	             NaN	             NaN	   4.7114406e+01	   4.3896399e+01	   4.0221707e+01	   3.6917120e+01	   3.4314549e+01	   3.2375498e+01	   3.1056941e+01	   2.9815546e+01	   2.9116162e+01	   2.8275257e+01	   2.7684224e+01	   2.7188905e+01	   2.6962505e+01	   2.6662899e+01	   2.6289789e+01	   2.5990084e+01	   2.5384844e+01	   2.4856878e+01	   2.4447388e+01	   2.4031583e+01	   2.3224701e+01	   2.2284415e+01	   2.0942744e+01	   1.9674719e+01	   1.8433180e+01	   1.7156706e+01	   1.6040504e+01	
   0.0000000e+00	             NaN	             NaN	             NaN	             NaN	             NaN	   4.6203296e+01	   4.3019418e+01	   3.9453581e+01	   3.6521862e+01	   3.4023926e+01	   3.2083592e+01	   3.0275509e+01	   2.9295978e+01	   2.8496478e+01	   2.7773143e+01	   2.7209864e+01	   2.6810592e+01	   2.6435789e+01	   2.6104266e+01	   2.5745654e+01	   2.5332999e+01	   2.4857398e+01	   2.4353988e+01	   2.4020120e+01	   2.3548744e+01	   2.2842733e+01	   2.1795528e+01	   2.0629086e+01	   1.9385629e+01	   1.8200205e+01	   1.6988661e+01	   1.5697769e+01	
   0.0000000e+00	             NaN	             NaN	             NaN	             NaN	             NaN	             NaN	   4.2116184e+01	   3.8989530e+01	   3.5895727e+01	   3.3403980e+01	   3.1459494e+01	   2.9848681e+01	   2.8954159e+01	   2.8055662e+01	   2.7244051e+01	   2.6661080e+01	   2.6100429e+01	   2.5780783e+01	   2.5523620e+01	   2.5230241e+01	   2.4792780e+01	   2.4374963e+01	   2.3883836e+01	   2.3612168e+01	   2.3050382e+01	   2.2320083e+01	   2.1387446e+01	   2.0235152e+01	   1.9139368e+01	   1.7881864e+01	   1.6725430e+01	   1.5581450e+01	
   0.0000000e+00	             NaN	             NaN	             NaN	             NaN	             NaN	             NaN	   4.1603405e+01	   3.8205607e+01	   3.5304517e+01	   3.2837578e+01	   3.0796351e+01	   2.9231442e+01	   2.8389113e+01	   2.7553290e+01	   2.6799076e+01	   2.6028730e+01	   2.5467916e+01	   2.5211207e+01	   2.4907198e+01	   2.4691153e+01	   2.4246804e+01	   2.3808795e+01	   2.3453224e+01	   2.3112965e+01	   2.2745838e+01	   2.1981345e+01	   2.0978051e+01	   1.9939135e+01	   1.8712578e+01	   1.7587695e+01	   1.6544228e+01	   1.5399713e+01	
   0.0000000e+00	   0.0000000e+00	             NaN	             NaN	             NaN	             NaN	             NaN	   4.0891447e+01	   3.7381141e+01	   3.4864673e+01	   3.2300998e+01	   3.0343909e+01	   2.8645707e+01	   2.7601144e+01	   2.6892979e+01	   2.6086812e+01	   2.5455400e+01	   2.5044645e+01	   2.4677036e+01	   2.4387364e+01	   2.4198610e+01	   2.3716177e+01	   2.3335558e+01	   2.2885382e+01	   2.2624446e+01	   2.2050123e+01	   2.1462290e+01	   2.0633670e+01	   1.9456443e+01	   1.8411826e+01	   1.7342315e+01	   1.6190329e+01	   1.5145594e+01	
   0.0000000e+00	   0.0000000e+00	             NaN	             NaN	             NaN	             NaN	             NaN	   4.0006925e+01	   3.7014285e+01	   3.3952794e+01	   3.1478738e+01	   2.9765138e+01	   2.8176395e+01	   2.7470015e+01	   2.6346541e+01	   2.5547434e+01	   2.4865457e+01	   2.4451782e+01	   2.4201493e+01	   2.3851270e+01	   2.3532263e+01	   2.3257063e+01	   2.2605076e+01	   2.2392300e+01	   2.2055256e+01	   2.1723832e+01	   2.1039697e+01	   2.0198719e+01	   1.9097851e+01	   1.8100897e+01	   1.6962913e+01	   1.5907145e+01	   1.4990634e+01	
   0.0000000e+00	   0.0000000e+00	             NaN	             NaN	             NaN	             NaN	             NaN	   3.9069246e+01	   3.5758807e+01	   3.3315117e+01	   3.0952096e+01	   2.8998342e+01	   2.7590182e+01	   2.6583927e+01	   2.5761073e+01	   2.4861579e+01	   2.4233932e+01	   2.3724694e+01	   2.3493673e+01	   2.3380532e+01	   2.2943143e+01	   2.2624056e+01	   2.2223598e+01	   2.1578637e+01	   2.1513590e+01	   2.1148410e+01	   2.0441137e+01	   1.9694774e+01	   1.8679792e+01	   1.7645027e+01	   1.6574169e+01	   1.5620593e+01	   1.4633298e+01	
   0.0000000e+00	   0.0000000e+00	             NaN	             NaN	             NaN	             NaN	             NaN	             NaN	   3.5029510e+01	   3.2716185e+01	   3.0213132e+01	   2.8366661e+01	   2.7009764e+01	   2.6096277e+01	   2.5189063e+01	   2.4357373e+01	   2.3748715e+01	   2.3159066e+01	   2.2832689e+01	   2.2726933e+01	   2.2346835e+01	   2.1994754e+01	   2.1612673e+01	   2.1201256e+01	   2.0954195e+01	   2.0649069e+01	   1.9996229e+01	   1.9220533e+01	   1.8303617e+01	   1.7257999e+01	   1.6224687e+01	   1.5331007e+01	   1.4392856e+01	
   0.0000000e+00	   0.0000000e+00	             NaN	             NaN	             NaN	             NaN	             NaN	             NaN	   3.4351540e+01	   3.1822778e+01	   2.9544340e+01	   2.7699671e+01	   2.6414979e+01	   2.5551975e+01	   2.4533793e+01	   2.3667038e+01	   2.3083685e+01	   2.2534683e+01	   2.2209453e+01	   2.1998539e+01	   2.1783961e+01	   2.1381847e+01	   2.0915786e+01	   2.0611352e+01	   2.0349770e+01	   1.9983954e+01	   1.9505789e+01	   1.8815635e+01	   1.7813187e+01	   1.6852991e+01	   1.5883605e+01	   1.4956787e+01	   1.4097450e+01	
   0.0000000e+00	   0.0000000e+00	   0.0000000e+00	             NaN	             NaN	             NaN	             NaN	             NaN	   3.4098341e+01	   3.1387514e+01	   2.9015278e+01	   2.7464574e+01	   2.5951174e+01	   2.5023047e+01	   2.4187677e+01	   2.3518185e+01	   2.2556596e+01	   2.2135542e+01	   2.1865383e+01	   2.1614021e+01	   2.1400701e+01	   2.0979496e+01	   2.0558865e+01	   2.0145253e+01	   1.9975780e+01	   1.9783297e+01	   1.9226538e+01	   1.8464391e+01	   1.7642817e+01	   1.6583034e+01	   1.5690807e+01	   1.4826196e+01	   1.3962651e+01	
   0.0000000e+00	   0.0000000e+00	   0.0000000e+00	             NaN	             NaN	             NaN	             NaN	             NaN	   3.3134805e+01	   3.0609024e+01	   2.8673756e+01	   2.6881104e+01	   2.5425085e+01	   2.4628019e+01	   2.3598267e+01	   2.2875786e+01	   2.2145093e+01	   2.1731333e+01	   2.1334083e+01	   2.1041417e+01	   2.0823930e+01	   2.0424903e+01	   2.0084210e+01	   1.9704301e+01	   1.9540867e+01	   1.9248435e+01	   1.8703602e+01	   1.8035012e+01	   1.7213346e+01	   1.6217175e+01	   1.5323303e+01	   1.4439678e+01	   1.3730714e+01	
   0.0000000e+00	   0.0000000e+00	   0.0000000e+00	             NaN	             NaN	             NaN	             NaN	             NaN	   3.2417737e+01	   3.0042152e+01	   2.8166326e+01	   2.6349285e+01	   2.5011255e+01	   2.4080143e+01	   2.3061568e+01	   2.2275858e+01	   2.1645635e+01	   2.1162637e+01	   2.0797418e+01	   2.0608144e+01	   2.0355923e+01	   1.9945853e+01	   1.9595601e+01	   1.9167625e+01	   1.9044777e+01	   1.8864262e+01	   1.8341966e+01	   1.7573042e+01	   1.6870377e+01	   1.5903264e+01	   1.5065168e+01	   1.4149175e+01	   1.3386603e+01	
   0.0000000e+00	   0.0000000e+00	   0.0000000e+00	             NaN	             NaN	             NaN	             NaN	             NaN	   3.1858793e+01	   2.9433068e+01	   2.7347042e+01	   2.5817623e+01	   2.4317926e+01	   2.3443908e+01	   2.2645148e+01	   2.1653260e+01	   2.1152244e+01	   2.0636855e+01	   2.0376636e+01	   2.0122753e+01	   1.9857432e+01	   1.9370725e+01	   1.9131211e+01	   1.8817591e+01	   1.8677133e+01	   1.8351751e+01	   1.7798523e+01	   1.7162931e+01	   1.6426395e+01	   1.5547869e+01	   1.4711404e+01	   1.3905772e+01	   1.3112746e+01	
   0.0000000e+00	   0.0000000e+00	   0.0000000e+00	             NaN	             NaN	             NaN	             NaN	             NaN	             NaN	   2.8834426e+01	   2.6834131e+01	   2.5161061e+01	   2.3925226e+01	   2.2687804e+01	   2.2059309e+01	   2.1254435e+01	   2.0701849e+01	   2.0184028e+01	   1.9805676e+01	   1.9637534e+01	   1.9352893e+01	   1.8917897e+01	   1.8722524e+01	   1.8350903e+01	   1.8237554e+01	   1.7931873e+01	   1.7493603e+01	   1.6825671e+01	   1.5962085e+01	   1.5194766e+01	   1.4361608e+01	   1.3599729e+01	   1.2885079e+01	
   0.0000000e+00	   0.0000000e+00	   0.0000000e+00	   0.0000000e+00	             NaN	             NaN	             NaN	             NaN	             NaN	   2.8028073e+01	   2.6097627e+01	   2.4627780e+01	   2.3305694e+01	   2.2279698e+01	   2.1526395e+01	   2.0804660e+01	   2.0224387e+01	   1.9613486e+01	   1.9267287e+01	   1.9099435e+01	   1.8758823e+01	   1.8503479e+01	   1.8118074e+01	   1.7909511e+01	   1.7678519e+01	   1.7489700e+01	   1.6975657e+01	   1.6356387e+01	   1.5650374e+01	   1.4867252e+01	   1.4098049e+01	   1.3303928e+01	   1.2527983e+01	
   0.0000000e+00	   0.0000000e+00	   0.0000000e+00	   0.0000000e+00	             NaN	             NaN	             NaN	             NaN	             NaN	   2.7449655e+01	   2.5644433e+01	   2.3844886e+01	   2.2754463e+01	   2.1740317e+01	   2.0980415e+01	   2.0275212e+01	   1.9646891e+01	   1.9182557e+01	   1.8780274e+01	   1.8591919e+01	   1.8258112e+01	   1.7983137e+01	   1.7635986e+01	   1.7360975e+01	   1.7134161e+01	   1.6925152e+01	   1.6456888e+01	   1.5941334e+01	   1.5148626e+01	   1.4380715e+01	   1.3661079e+01	   1.2975838e+01	   1.2326226e+01	
   0.0000000e+00	   0.0000000e+00	   0.0000000e+00	   0.0000000e+00	             NaN	             NaN	             NaN	             NaN	             NaN	   2.6879515e+01	   2.4856068e+01	   2.3421760e+01	   2.2183779e+01	   2.1398927e+01	   2.0404972e+01	   1.9773263e+01	   1.9150280e+01	   1.8625907e+01	   1.8312289e+01	   1.8088094e+01	   1.7771624e+01	   1.7537338e+01	   1.7207943e+01	   1.6839209e+01	   1.6710980e+01	   1.6560926e+01	   1.5995314e+01	   1.5525977e+01	   1.4776973e+01	   1.4086856e+01	   1.3407159e+01	   1.2718904e+01	   1.2000793e+01	
   0.0000000e+00	   0.0000000e+00	   0.0000000e+00	   0.0000000e+00	             NaN	             NaN	             NaN	             NaN	             NaN	   2.6305913e+01	   2.4333120e+01	   2.2823996e+01	   2.1778157e+01	   2.0755771e+01	   1.9997471e+01	   1.9297026e+01	   1.8679796e+01	   1.8173147e+01	   1.7823379e+01	   1.7603846e+01	   1.7398598e+01	   1.7019488e+01	   1.6693631e+01	   1.6413491e+01	   1.6265116e+01	   1.6030563e+01	   1.5750480e+01	   1.5156329e+01	   1.4522339e+01	   1.3765387e+01	   1.3022303e+01	   1.2372493e+01	   1.1734749e+01	
   0.0000000e+00	   0.0000000e+00	   0.0000000e+00	   0.0000000e+00	             NaN	             NaN	             NaN	             NaN	             NaN	             NaN	   2.3834230e+01	   2.2197424e+01	   2.1190662e+01	   2.0275951e+01	   1.9564227e+01	   1.8693830e+01	   1.8148636e+01	   1.7743490e+01	   1.7365864e+01	   1.7113604e+01	   1.6899157e+01	   1.6488350e+01	   1.6310760e+01	   1.6007393e+01	   1.5849584e+01	   1.5636472e+01	   1.5241302e+01	   1.4725942e+01	   1.4135125e+01	   1.3403049e+01	   1.2710976e+01	   1.2069383e+01	   1.1438628e+01	
   0.0000000e+00	   0.0000000e+00	   0.0000000e+00	   0.0000000e+00	             NaN	             NaN	             NaN	             NaN	             NaN	             NaN	   2.3238135e+01	   2.1703713e+01	   2.0622615e+01	   1.9854226e+01	   1.8945166e+01	   1.8256611e+01	   1.7705090e+01	   1.7229664e+01	   1.6910489e+01	   1.6701460e+01	   1.6419392e+01	   1.6126798e+01	   1.5807160e+01	   1.5535297e+01	   1.5355451e+01	   1.5210564e+01	   1.4797898e+01	   1.4443091e+01	   1.3642044e+01	   1.3127937e+01	   1.2402893e+01	   1.1773538e+01	   1.1147081e+01	
   0.0000000e+00	   0.0000000e+00	   0.0000000e+00	   0.0000000e+00	   0.0000000e+00	             NaN	             NaN	             NaN	             NaN	             NaN	   2.2691067e+01	   2.1090822e+01	   2.0063253e+01	   1.9256130e+01	   1.8455907e+01	   1.7877116e+01	   1.7080074e+01	   1.6700982e+01	   1.6496263e+01	   1.6309912e+01	   1.5865988e+01	   1.5706329e+01	   1.5281473e+01	   1.5045356e+01	   1.4973299e+01	   1.4854995e+01	   1.4439338e+01	   1.3958496e+01	   1.3374180e+01	   1.2781146e+01	   1.2059215e+01	   1.1461279e+01	   1.0905914e+01	
   0.0000000e+00	   0.0000000e+00	   0.0000000e+00	   0.0000000e+00	   0.0000000e+00	             NaN	             NaN	             NaN	             NaN	             NaN	   2.2106215e+01	   2.0728486e+01	   1.9711000e+01	   1.8742896e+01	   1.7945993e+01	   1.7241603e+01	   1.6732927e+01	   1.6372556e+01	   1.5938173e+01	   1.5861453e+01	   1.5561170e+01	   1.5227224e+01	   1.4923645e+01	   1.4643681e+01	   1.4559243e+01	   1.4467162e+01	   1.4113782e+01	   1.3527401e+01	   1.2990742e+01	   1.2361108e+01	   1.1766169e+01	   1.1158535e+01	   1.0619713e+01	
   0.0000000e+00	   0.0000000e+00	   0.0000000e+00	   0.0000000e+00	   0.0000000e+00	             NaN	             NaN	             NaN	             NaN	             NaN	   2.1521343e+01	   2.0099771e+01	   1.9071223e+01	   1.8301171e+01	   1.7522171e+01	   1.6807103e+01	   1.6353140e+01	   1.5840333e+01	   1.5517961e+01	   1.5307689e+01	   1.5094713e+01	   1.4786650e+01	   1.4462390e+01	   1.4280417e+01	   1.4130665e+01	   1.4020275e+01	   1.3656427e+01	   1.3201572e+01	   1.2579672e+01	   1.2000332e+01	   1.1386716e+01	   1.0925487e+01	   1.0396285e+01	
   0.0000000e+00	   0.0000000e+00	   0.0000000e+00	   0.0000000e+00	   0.0000000e+00	             NaN	             NaN	             NaN	             NaN	             NaN	             NaN	   1.9721719e+01	   1.8668094e+01	   1.7900106e+01	   1.7260276e+01	   1.6442586e+01	   1.5900530e+01	   1.5552548e+01	   1.5082393e+01	   1.4968512e+01	   1.4764255e+01	   1.4331263e+01	   1.4136808e+01	   1.3888310e+01	   1.3796658e+01	   1.3532865e+01	   1.3234083e+01	   1.2907299e+01	   1.2281870e+01	   1.1710163e+01	   1.1076292e+01	   1.0570130e+01	   1.0085433e+01	
   0.0000000e+00	   0.0000000e+00	   0.0000000e+00	   0.0000000e+00	   0.0000000e+00	             NaN	             NaN	             NaN	             NaN	             NaN	             NaN	   1.8898002e+01	   1.8000106e+01	   1.7341005e+01	   1.6710946e+01	   1.6126690e+01	   1.5563688e+01	   1.5087720e+01	   1.4759915e+01	   1.4595240e+01	   1.4240879e+01	   1.3871458e+01	   1.3734272e+01	   1.3452874e+01	   1.3295923e+01	   1.3185565e+01	   1.2866513e+01	   1.2460446e+01	   1.1865845e+01	   1.1366984e+01	   1.0801533e+01	   1.0329205e+01	   9.8009899e+00	
   0.0000000e+00	   0.0000000e+00	   0.0000000e+00	   0.0000000e+00	   0.0000000e+00	   0.0000000e+00	             NaN	             NaN	             NaN	             NaN	             NaN	   1.8599724e+01	   1.7664808e+01	   1.7029123e+01	   1.6232828e+01	   1.5469931e+01	   1.5020613e+01	   1.4585449e+01	   1.4218510e+01	   1.4003341e+01	   1.3742862e+01	   1.3597529e+01	   1.3356723e+01	   1.3101377e+01	   1.2953945e+01	   1.2832617e+01	   1.2497191e+01	   1.2066473e+01	   1.1546910e+01	   1.1065600e+01	   1.0534413e+01	   1.0042684e+01	   9.5702447e+00	
   0.0000000e+00	   0.0000000e+00	   0.0000000e+00	   0.0000000e+00	   0.0000000e+00	   0.0000000e+00	             NaN	             NaN	             NaN	             NaN	             NaN	   1.8282556e+01	   1.7092411e+01	   1.6352573e+01	   1.5886926e+01	   1.5084103e+01	   1.4644586e+01	   1.4328993e+01	   1.3935399e+01	   1.3704400e+01	   1.3497754e+01	   1.3104510e+01	   1.2848437e+01	   1.2714486e+01	   1.2632332e+01	   1.2379787e+01	   1.2116789e+01	   1.1826148e+01	   1.1202015e+01	   1.0728132e+01	   1.0249392e+01	   9.7416632e+00	   9.3374475e+00	
   0.0000000e+00	   0.0000000e+00	   0.0000000e+00	   0.0000000e+00	   0.0000000e+00	   0.0000000e+00	             NaN	             NaN	             NaN	             NaN	             NaN	   1.7693750e+01	   1.6812169e+01	   1.6073682e+01	   1.5388051e+01	   1.4606601e+01	   1.4191863e+01	   1.3737022e+01	   1.3605590e+01	   1.3339231e+01	   1.3104604e+01	   1.2806706e+01	   1.2544798e+01	   1.2335305e+01	   1.2164893e+01	   1.2084688e+01	   1.1769954e+01	   1.1425177e+01	   1.0950582e+01	   1.0456383e+01	   1.0044901e+01	   9.4628585e+00	   9.1347003e+00	
   0.0000000e+00	   0.0000000e+00	   0.0000000e+00	   0.0000000e+00	   0.0000000e+00	   0.0000000e+00	             NaN	             NaN	             NaN	             NaN	             NaN	             NaN	   1.6355055e+01	   1.5650322e+01	   1.4909607e+01	   1.4271271e+01	   1.3906169e+01	   1.3470883e+01	   1.3055897e+01	   1.2839478e+01	   1.2724121e+01	   1.2338989e+01	   1.2178067e+01	   1.2001739e+01	   1.1825588e+01	   1.1633975e+01	   1.1493570e+01	   1.1079426e+01	   1.0664544e+01	   1.0119567e+01	   9.6335474e+00	   9.2776128e+00	   8.8197543e+00	
   0.0000000e+00	   0.0000000e+00	   0.0000000e+00	   0.0000000e+00	   0.0000000e+00	   0.0000000e+00	             NaN	             NaN	             NaN	             NaN	             NaN	             NaN	   1.5768742e+01	   1.5117785e+01	   1.4534365e+01	   1.3888726e+01	   1.3356102e+01	   1.2885858e+01	   1.2785534e+01	   1.2464782e+01	   1.2289635e+01	   1.2110355e+01	   1.1781732e+01	   1.1537819e+01	   1.1497232e+01	   1.1388864e+01	   1.1052125e+01	   1.0739977e+01	   1.0325993e+01	   9.8977712e+00	   9.4460430e+00	   8.9658786e+00	   8.5740196e+00	
   0.0000000e+00	   0.0000000e+00	   0.0000000e+00	   0.0000000e+00	   0.0000000e+00	   0.0000000e+00	   0.0000000e+00	             NaN	             NaN	             NaN	             NaN	             NaN	   1.5434232e+01	   1.4696250e+01	   1.4201183e+01	   1.3550768e+01	   1.3056186e+01	   1.2621409e+01	   1.2372869e+01	   1.2249917e+01	   1.1845186e+01	   1.1721832e+01	   1.1537890e+01	   1.1197633e+01	   1.1176355e+01	   1.1032995e+01	   1.0797545e+01	   1.0459034e+01	   1.0011494e+01	   9.5447219e+00	   9.0827757e+00	   8.7098248e+00	   8.2669532e+00	
   0.0000000e+00	   0.0000000e+00	   0.0000000e+00	   0.0000000e+00	   0.0000000e+00	   0.0000000e+00	   0.0000000e+00	             NaN	             NaN	             NaN	             NaN	             NaN	   1.4970595e+01	   1.4234892e+01	   1.3617231e+01	   1.3120091e+01	   1.2734136e+01	   1.2249568e+01	   1.1982996e+01	   1.1734909e+01	   1.1571252e+01	   1.1173887e+01	   1.1153676e+01	   1.0824280e+01	   1.0730113e+01	   1.0603231e+01	   1.0466701e+01	   1.0106218e+01	   9.6655246e+00	   9.2437292e+00	   8.8550845e+00	   8.4153662e+00	   8.0864967e+00	
   0.0000000e+00	   0.0000000e+00	   0.0000000e+00	   0.0000000e+00	   0.0000000e+00	   0.0000000e+00	   0.0000000e+00	             NaN	             NaN	             NaN	             NaN	             NaN	   1.4574634e+01	   1.3841633e+01	   1.3467004e+01	   1.2700891e+01	   1.2269553e+01	   1.1956178e+01	   1.1586656e+01	   1.1431418e+01	   1.1234703e+01	   1.1075834e+01	   1.0813882e+01	   1.0583974e+01	   1.0434852e+01	   1.0336786e+01	   1.0118285e+01	   9.8085829e+00	   9.3832354e+00	   8.9549756e+00	   8.5888921e+00	   8.1708948e+00	   7.8821502e+00	
   0.0000000e+00	   0.0000000e+00	   0.0000000e+00	   0.0000000e+00	   0.0000000e+00	   0.0000000e+00	   0.0000000e+00	             NaN	             NaN	             NaN	             NaN	             NaN	             NaN	   1.3518081e+01	   1.2847949e+01	   1.2486519e+01	   1.2005899e+01	   1.1600245e+01	   1.1343313e+01	   1.1070851e+01	   1.0808290e+01	   1.0578093e+01	   1.0219286e+01	   1.0216994e+01	   1.0096509e+01	   1.0025440e+01	   9.7466445e+00	   9.4231700e+00	   9.0525426e+00	   8.6567931e+00	   8.2654266e+00	   7.9249638e+00	   7.5674210e+00	
   0.0000000e+00	   0.0000000e+00	   0.0000000e+00	   0.0000000e+00	   0.0000000e+00	   0.0000000e+00	   0.0000000e+00	             NaN	             NaN	             NaN	             NaN	             NaN	             NaN	   1.3089525e+01	   1.2551214e+01	   1.1957836e+01	   1.1513872e+01	   1.1073367e+01	   1.0845997e+01	   1.0725295e+01	   1.0388029e+01	   1.0318278e+01	   9.9626978e+00	   9.8178793e+00	   9.8274325e+00	   9.6913873e+00	   9.5155123e+00	   9.0580314e+00	   8.7502478e+00	   8.4765760e+00	   8.0271295e+00	   7.6652373e+00	   7.3483802e+00	
   0.0000000e+00	   0.0000000e+00	   0.0000000e+00	   0.0000000e+00	   0.0000000e+00	   0.0000000e+00	   0.0000000e+00	   0.0000000e+00	             NaN	             NaN	             NaN	             NaN	             NaN	   1.2629110e+01	   1.2108692e+01	   1.1591605e+01	   1.1209474e+01	   1.0923213e+01	   1.0531135e+01	   1.0460340e+01	   1.0088744e+01	   9.9052337e+00	   9.7353670e+00	   9.5471313e+00	   9.3292859e+00	   9.2643524e+00	   9.1461216e+00	   8.8535798e+00	   8.5580538e+00	   8.0682143e+00	   7.7384670e+00	   7.4327404e+00	   7.1222203e+00	
   0.0000000e+00	   0.0000000e+00	   0.0000000e+00	   0.0000000e+00	   0.0000000e+00	   0.0000000e+00	   0.0000000e+00	   0.0000000e+00	             NaN	             NaN	             NaN	             NaN	             NaN	   1.2380914e+01	   1.1724701e+01	   1.1369515e+01	   1.0874305e+01	   1.0445083e+01	   1.0269172e+01	   1.0097913e+01	   9.8130782e+00	   9.6656660e+00	   9.3950839e+00	   9.2771134e+00	   9.1696996e+00	   9.0988336e+00	   8.8720981e+00	   8.6406027e+00	   8.2723428e+00	   7.9553862e+00	   7.6078915e+00	   7.1945900e+00	   6.9109235e+00	
   0.0000000e+00	   0.0000000e+00	   0.0000000e+00	   0.0000000e+00	   0.0000000e+00	   0.0000000e+00	   0.0000000e+00	   0.0000000e+00	             NaN	             NaN	             NaN	             NaN	             NaN	   1.2022732e+01	   1.1382033e+01	   1.1010093e+01	   1.0587676e+01	   1.0093130e+01	   9.9627687e+00	   9.7806646e+00	   9.4349073e+00	   9.3743068e+00	   9.1093065e+00	   8.9039756e+00	   8.8237067e+00	   8.7761886e+00	   8.5796845e+00	   8.3599882e+00	   7.9751601e+00	   7.6840241e+00	   7.3206108e+00	   6.9843959e+00	   6.7109244e+00	
   0.0000000e+00	   0.0000000e+00	   0.0000000e+00	   0.0000000e+00	   0.0000000e+00	   0.0000000e+00	   0.0000000e+00	   0.0000000e+00	             NaN	             NaN	             NaN	             NaN	             NaN	             NaN	   1.1049613e+01	   1.0679607e+01	   1.0263015e+01	   9.9333852e+00	   9.7298946e+00	   9.3994007e+00	   9.2821245e+00	   9.0465307e+00	   8.8822663e+00	   8.7107628e+00	   8.6874621e+00	   8.4837655e+00	   8.3186375e+00	   8.0014916e+00	   7.7259563e+00	   7.3605576e+00	   7.0967072e+00	   6.7752396e+00	   6.4693632e+00	
   0.0000000e+00	   0.0000000e+00	   0.0000000e+00	   0.0000000e+00	   0.0000000e+00	   0.0000000e+00	   0.0000000e+00	   0.0000000e+00	             NaN	             NaN	             NaN	             NaN	             NaN	             NaN	   1.0712080e+01	   1.0305677e+01	   9.9255825e+00	   9.5899566e+00	   9.3244854e+00	   9.1474909e+00	   8.9645570e+00	   8.7876446e+00	   8.5509505e+00	   8.4741997e+00	   8.3222244e+00	   8.2380427e+00	   8.0010038e+00	   7.7348561e+00	   7.4937354e+00	   7.1324525e+00	   6.8416702e+00	   6.5340234e+00	   6.3239288e+00	
   0.0000000e+00	   0.0000000e+00	   0.0000000e+00	   0.0000000e+00	   0.0000000e+00	   0.0000000e+00	   0.0000000e+00	   0.0000000e+00	   0.0000000e+00	             NaN	             NaN	             NaN	             NaN	             NaN	   1.0404206e+01	   1.0172532e+01	   9.6556061e+00	   9.3992880e+00	   9.0398331e+00	   8.9561707e+00	   8.6832086e+00	   8.4168440e+00	   8.2856103e+00	   8.1501111e+00	   8.0729968e+00	   8.0104449e+00	   7.8147843e+00	   7.5874783e+00	   7.2229633e+00	   6.9121568e+00	   6.5600194e+00	   6.3836960e+00	   6.0601659e+00	
   0.0000000e+00	   0.0000000e+00	   0.0000000e+00	   0.0000000e+00	   0.0000000e+00	   0.0000000e+00	   0.0000000e+00	   0.0000000e+00	   0.0000000e+00	             NaN	             NaN	             NaN	             NaN	             NaN	   1.0286367e+01	   9.7628474e+00	   9.3970535e+00	   9.0964481e+00	   8.8904800e+00	   8.6694539e+00	   8.4831073e+00	   8.1551548e+00	   8.0375413e+00	   7.9158888e+00	   7.8892359e+00	   7.7498239e+00	   7.5355430e+00	   7.3552104e+00	   6.9699698e+00	   6.6729627e+00	   6.4337798e+00	   6.2074608e+00	   5.9077856e+00	
   0.0000000e+00	   0.0000000e+00	   0.0000000e+00	   0.0000000e+00	   0.0000000e+00	   0.0000000e+00	   0.0000000e+00	   0.0000000e+00	   0.0000000e+00	             NaN	             NaN	             NaN	             NaN	             NaN	   9.8132612e+00	   9.4421081e+00	   9.0914298e+00	   8.8661613e+00	   8.4842897e+00	   8.3830158e+00	   8.2225927e+00	   8.0518023e+00	   7.7579644e+00	   7.6137095e+00	   7.5418276e+00	   7.4300763e+00	   7.2517846e+00	   7.1249420e+00	   6.8327369e+00	   6.5234211e+00	   6.2588576e+00	   5.9393304e+00	   5.7134344e+00	
   0.0000000e+00	   0.0000000e+00	   0.0000000e+00	   0.0000000e+00	   0.0000000e+00	   0.0000000e+00	   0.0000000e+00	   0.0000000e+00	   0.0000000e+00	             NaN	             NaN	             NaN	             NaN	             NaN	             NaN	   9.1756838e+00	   8.7419384e+00	   8.4199886e+00	   8.1723607e+00	   8.0128085e+00	   7.9207111e+00	   7.6954514e+00	   7.5156551e+00	   7.4362559e+00	   7.2902229e+00	   7.2160379e+00	   7.0508033e+00	   6.8385142e+00	   6.5341634e+00	   6.2571686e+00	   6.0048667e+00	   5.7664174e+00	   5.5232380e+00	
   0.0000000e+00	   0.0000000e+00	   0.0000000e+00	   0.0000000e+00	   0.0000000e+00	   0.0000000e+00	   0.0000000e+00	   0.0000000e+00	   0.0000000e+00	             NaN	             NaN	             NaN	             NaN	             NaN	             NaN	   8.8953294e+00	   8.4809803e+00	   8.1961946e+00	   8.0309883e+00	   7.8031613e+00	   7.5304779e+00	   7.4616488e+00	   7.2538020e+00	   7.1532416e+00	   7.0443022e+00	   6.9852017e+00	   6.7687174e+00	   6.6130447e+00	   6.2928247e+00	   6.0636731e+00	   5.7958592e+00	   5.6653452e+00	   5.3303527e+00	
   0.0000000e+00	   0.0000000e+00	   0.0000000e+00	   0.0000000e+00	   0.0000000e+00	   0.0000000e+00	   0.0000000e+00	   0.0000000e+00	   0.0000000e+00	   0.0000000e+00	             NaN	             NaN	             NaN	             NaN	             NaN	   8.5817291e+00	   8.2304249e+00	   7.8681764e+00	   7.7225697e+00	   7.6320416e+00	   7.4257581e+00	   7.2483997e+00	   6.9739389e+00	   6.9274559e+00	   6.8233857e+00	   6.7405818e+00	   6.5836072e+00	   6.3972254e+00	   6.1569676e+00	   5.8914661e+00	   5.6202709e+00	   5.4150052e+00	   5.2046126e+00	
